maxid,minid,maxig,minig,iterationtime,PDEError,FCError,PetscTotal,PetscNormRes
0.1166499665998664,0.11493558776167465,0.1166499665998664,0.11493558776167465,0.21884608268737793,0.008107539579994948,0.008107134111146053,0.1240682601928711,1.247899105712353e-19
0.11656621001531671,0.11480711810549496,0.1165662154865341,0.11480714450886334,0.12203598022460938,0.00812682012153353,0.008126413689168999,0.06306576728820801,1.2469820509233803e-19
0.11648286681610494,0.11467928714611865,0.1164828831833507,0.11467936581205893,0.11906027793884277,0.008145882162187637,0.008145474777165873,0.06416201591491699,1.2460595952055837e-19
0.11639993495392655,0.1145520917454749,0.11639996759607428,0.11455224800501909,0.11533761024475098,0.008164728303270407,0.008164319976433632,0.06340146064758301,1.2451318831301624e-19
0.11631741239048732,0.11442552877942982,0.11631746664093646,0.114425787450742,0.11942076683044434,0.008183361111008897,0.008182951852919729,0.06517791748046875,1.2441990559376585e-19
0.11623529709745649,0.11429959513779601,0.11623537824459008,0.11429998054082618,0.12108016014099121,0.008201783117115714,0.008201372938110296,0.07272195816040039,1.2432612543648522e-19
0.11615358705642027,0.11417428772433719,0.11615370034405702,0.11417482369486305,0.1186683177947998,0.00821999681934395,0.00821958573000714,0.06588530540466309,1.2423186047901992e-19
0.11607228025883537,0.11404960345676851,0.11607243088667629,0.1140503133598595,0.1163790225982666,0.00823800468203473,0.008237592692861284,0.06461167335510254,1.2413712534541439e-19
0.1159913747059828,0.11392553926675295,0.11599156783005247,0.11392644600968883,0.11805868148803711,0.008255809136654189,0.0082553962577947,0.06479954719543457,1.2404193296644184e-19
0.1159108684089218,0.11380209209989373,0.11591110914200432,0.1138032181445679,0.11039185523986816,0.008273412582315794,0.0082729988237773,0.06251835823059082,1.2394629601582448e-19
0.11583075938844394,0.11367925891572354,0.11583105280051366,0.11368062629055847,0.11572551727294922,0.008290817386297899,0.008290402757715754,0.06360530853271484,1.238502284050919e-19
0.1157510456750275,0.11355703668769039,0.11575139679367456,0.11355866699909159,0.11296415328979492,0.008308025884544145,0.008307610395963394,0.06357455253601074,1.2375374136646444e-19
0.11567172530879198,0.11343542240314058,0.11567213911964273,0.11343733684651318,0.11793708801269531,0.008325040382156507,0.008324624043165585,0.06594395637512207,1.2365685023582896e-19
0.11559279633945262,0.11331441306329885,0.1155932777865852,0.11331663243364946,0.12166476249694824,0.008341863153888383,0.008341445974391348,0.06667375564575195,1.235595645779666e-19
0.11551425682627531,0.11319400568324621,0.11551481081263017,0.11319655038539109,0.11672568321228027,0.008358496444607245,0.008358078433801097,0.06579947471618652,1.234618978264451e-19
0.11543610483803166,0.11307419729189512,0.11543673622581727,0.11307708735029477,0.11511707305908203,0.008374942469771595,0.008374523637399989,0.06487011909484863,1.2336386234198208e-19
0.1153583384529542,0.11295498493196275,0.11535905206404791,0.11295824000020116,0.11382508277893066,0.008391203415881277,0.008390783770462207,0.06299519538879395,1.2326547011442705e-19
0.11528095575869178,0.11283636565994208,0.11528175637503597,0.11284000502986828,0.1157686710357666,0.008407281440927372,0.008406860991794218,0.06519603729248047,1.2316673245491406e-19
0.11520395485226494,0.11271833654607112,0.11520484721625872,0.11272237915661928,0.11352086067199707,0.008423178674832069,0.008422757431247874,0.06342101097106934,1.2306766043781749e-19
0.11512733384002191,0.11260089467430048,0.11512832265490792,0.11260535912000386,0.12243151664733887,0.008438897219879293,0.008438475190963857,0.06838202476501465,1.2296826624829735e-19
0.11505109083759436,0.11248403714225925,0.11505218076784128,0.11248894168147233,0.11009597778320312,0.008454439151136039,0.008454016345194049,0.06250619888305664,1.2286856116666305e-19
0.11497522396985352,0.11236776106121937,0.1149764196415341,0.11237312362406202,0.11819314956665039,0.008469806516869492,0.008469382943054882,0.06611061096191406,1.2276855534497272e-19
0.11489973137086651,0.1122520635560587,0.11490103737203113,0.11225790175209475,0.11032390594482422,0.008485001338952433,0.008484577005862803,0.06301617622375488,1.2266826127074419e-19
0.1148246111838528,0.11213694176522267,0.1148260320648987,0.11214327289088519,0.11878323554992676,0.008500025613267376,0.00849960052908827,0.0663297176361084,1.2256768784050312e-19
0.11474986156114073,0.11202239284068488,0.11475140183517712,0.1120292338864593,0.11325621604919434,0.008514881310091118,0.008514455483599193,0.06473827362060547,1.2246684665318287e-19
0.11467548066412443,0.11190841394790643,0.11467714480733325,0.11191578160528247,0.12050580978393555,0.008529570374484183,0.00852914381379577,0.06629157066345215,1.223657482931235e-19
0.11460146666322082,0.11179500226579436,0.11460325911521335,0.11180291293399647,0.12187933921813965,0.0085440947266691,0.008543667440363834,0.06330728530883789,1.2226440301029898e-19
0.1145278177378267,0.11168215498665901,0.11452974290199618,0.11169062477916528,0.12075138092041016,0.008558456262397823,0.008558028257965589,0.06535959243774414,1.2216282122851285e-19
0.11445453207627619,0.11156986931617059,0.11445659432014628,0.11157891406702894,0.11303281784057617,0.00857265685332137,0.008572228139502869,0.06261205673217773,1.22061011817251e-19
0.11438160787579814,0.1114581424733149,0.11438381153136756,0.11146777774326497,0.12166094779968262,0.008586698347337175,0.008586268931587426,0.06606197357177734,1.2195898573502333e-19
0.11430904334247396,0.11134697169034823,0.11431139270655706,0.11135721277275733,0.11374068260192871,0.008600582568953033,0.008600152459514732,0.06334161758422852,1.2185675158409423e-19
0.11423683669119537,0.11123635421275165,0.11423933602575895,0.11124721613937215,0.12147140502929688,0.008614311319620763,0.008613880523800077,0.06470632553100586,1.217543196807298e-19
0.11416498614562255,0.11112628729918461,0.11416763967811878,0.11113778484574015,0.12483954429626465,0.008627886378081342,0.008627454903820109,0.07237696647644043,1.2165169917241945e-19
0.11409348993814233,0.11101676822143793,0.11409630186183797,0.11102891591304534,0.12250781059265137,0.008641309500692522,0.00864087735603647,0.06601357460021973,1.2154889999689768e-19
0.11402234630982669,0.11090779426438617,0.1140253207841285,0.1109206063808197,0.11400842666625977,0.008654582421757335,0.008654149613374074,0.06255459785461426,1.2144593029666985e-19
0.11395155351039121,0.11079936272593971,0.11395469466116781,0.11081285330674352,0.12113118171691895,0.008667706853847164,0.008667273389839636,0.06482934951782227,1.213427992492644e-19
0.11388110979815398,0.1106914709169961,0.113884421718054,0.11070565376645114,0.11888360977172852,0.008680684488111618,0.008680250375459053,0.06459760665893555,1.21239516560844e-19
0.11381101343999442,0.11058411616139108,0.11381450018876117,0.11059900485334187,0.11758136749267578,0.008693516994593264,0.008693082240363026,0.06378579139709473,1.2113609023218493e-19
0.11374126271131234,0.11047729579584929,0.11374492831609503,0.11049290367839602,0.11855864524841309,0.00870620602252579,0.008705770634165333,0.06500053405761719,1.2103252877555496e-19
0.11367185589598737,0.11037100716993452,0.11367570435164873,0.11038734736999538,0.12134885787963867,0.008718753200640136,0.00871831718560756,0.06625032424926758,1.2092884076167533e-19
0.11360279128633846,0.11026524764599964,0.11360682655575888,0.11028233307374834,0.11309671401977539,0.00873116013744797,0.008730723502292648,0.06211137771606445,1.2082503408599954e-19
0.1135340671830835,0.11016001459913626,0.11353829319746185,0.11017785795231916,0.12108206748962402,0.008743428421540802,0.008742991173171788,0.06501197814941406,1.20721117807681e-19
0.11346568189529889,0.11005530541712409,0.11347010255445024,0.11007391918526169,0.1183786392211914,0.008755559621867852,0.008755121767123342,0.06506037712097168,1.206170993098059e-19
0.11339763374037982,0.10995111750038009,0.11340225291302956,0.1099705139688566,0.11704421043395996,0.008767555288013233,0.00876711683366338,0.06419038772583008,1.20512986967989e-19
0.11332992104400033,0.10984744826190736,0.11333474256807517,0.10986763951595259,0.11597180366516113,0.008779416950475266,0.008778977903300955,0.06441903114318848,1.2040878826798813e-19
0.11326254214007364,0.10974429512724387,0.11326756982298943,0.10976529305581144,0.12023091316223145,0.008791146120927601,0.008790706487804556,0.06424164772033691,1.203045105853816e-19
0.11319549537071263,0.10964165553441103,0.11320073298965895,0.10966347183395611,0.12141704559326172,0.00880274429249172,0.008802304079669199,0.06257796287536621,1.202001620120086e-19
0.11312877908619058,0.10953952693386197,0.1131342303884123,0.10956217311202227,0.12032628059387207,0.008814212939994952,0.008813772153981603,0.06490278244018555,1.2009575003828479e-19
0.11306239164490194,0.1094379067884299,0.11306806034797769,0.10946139416761318,0.11626839637756348,0.008825553520221468,0.008825112167265559,0.06340146064758301,1.1999128172153608e-19
0.1129963314133234,0.10933679257327625,0.11300222120544093,0.10936113229415755,0.1169273853302002,0.008836767472174111,0.008836325558725378,0.06399941444396973,1.1988676381508405e-19
0.11293059676597507,0.10923618177583855,0.11293671130620372,0.10926138480077027,0.11931252479553223,0.008847856217308816,0.008847413750068256,0.06416583061218262,1.1978220478668713e-19
0.11286518608538189,0.10913607189577856,0.112871529003942,0.10916214901211614,0.11600923538208008,0.008858821159786081,0.008858378144260826,0.06312942504882812,1.1967761004714281e-19
0.1128000977620351,0.10903646044493007,0.11280667266056453,0.10906342226827605,0.12245345115661621,0.008869663686709038,0.008869220129170685,0.06590580940246582,1.1957298713956174e-19
0.11273533019435397,0.10893734494724674,0.11274214064617177,0.10896520192461594,0.12126564979553223,0.008880385168357418,0.008879941075168318,0.06440520286560059,1.1946834268561598e-19
0.11267088178864769,0.10883872293874995,0.11267793133901488,0.10886748535165838,0.1184701919555664,0.008890986958419906,0.00889054233530473,0.0631103515625,1.1936368412100866e-19
0.11260675095907738,0.10874059196747646,0.11261404312545495,0.10877026993495639,0.11937808990478516,0.008901470394220505,0.00890102524717662,0.06325173377990723,1.192590162894296e-19
0.11254293612761833,0.10864294959342626,0.11255047439992243,0.10867355307496969,0.12402200698852539,0.008911836796941955,0.008911391131771751,0.06527495384216309,1.191543468025629e-19
0.11247943572402233,0.10854579338851028,0.1124872235648768,0.10857733218694315,0.11575579643249512,0.008922087471850061,0.008921641294445948,0.0618593692779541,1.1904968208766282e-19
0.11241624818578025,0.10844912093649822,0.11242428903076636,0.1084816047007874,0.1233971118927002,0.0089322237085043,0.008931777024745458,0.06559348106384277,1.1894502749264785e-19
0.11235337195808479,0.10835292983296622,0.11236166921598832,0.10838636806096165,0.126678466796875,0.008942246780975178,0.008941799596140498,0.06238889694213867,1.1884039015500077e-19
0.11229080549379324,0.10825721768524478,0.11229936254684901,0.10829161972635849,0.12724924087524414,0.008952157948053012,0.008951710267979252,0.06566929817199707,1.1873577546988516e-19
0.11222854725339063,0.10816198211236654,0.11223736745752433,0.10819735717019058,0.11823868751525879,0.00896195845345435,0.008961510283533869,0.06398892402648926,1.186311890049099e-19
0.11216659570495294,0.10806722074501421,0.11217568239002039,0.1081035778798793,0.12499833106994629,0.008971649526024595,0.00897120087177683,0.06494832038879395,1.185266368432901e-19
0.11210494932411043,0.10797293122546855,0.11211430579413435,0.10801027935694524,0.12004852294921875,0.008981232379937453,0.008980783246670399,0.06537914276123047,1.184221246105528e-19
0.11204360659401116,0.10787911120755635,0.11205323612741543,0.10791745911690037,0.12037515640258789,0.00899070821489324,0.00899025860814362,0.06337332725524902,1.183176584904119e-19
0.11198256600528472,0.10778575835659854,0.11199247185512615,0.10782511468914205,0.125718355178833,0.009000078216309626,0.008999628141470595,0.06513166427612305,1.182132433070357e-19
0.11192182605600608,0.10769287034935834,0.11193201145020376,0.10773324361684854,0.12120604515075684,0.009009343555515588,0.00900889301727048,0.06379389762878418,1.1810888469473708e-19
0.11186138525165962,0.10760044487398956,0.11187185339322188,0.10764184345687632,0.12599730491638184,0.009018505389936555,0.009018054394260844,0.0662846565246582,1.180045883993243e-19
0.11180124210510337,0.1075084796299849,0.1118119961723522,0.10755091177965871,0.11687064170837402,0.009027564863279366,0.009027113414905585,0.06324934959411621,1.179003585312121e-19
0.11174139513653328,0.10741697232812439,0.1117524382833266,0.10746044616910631,0.12601876258850098,0.009036523105716062,0.009036071209411745,0.06845951080322266,1.1779620123895167e-19
0.11168184287344782,0.10732592069042397,0.11169317822939927,0.10737044422250848,0.11859416961669922,0.009045381234058793,0.009044928895018955,0.06389331817626953,1.1769212142092498e-19
0.11162258385061256,0.10723532245008414,0.1116342145213091,0.10728090355043665,0.12335324287414551,0.009054140351940672,0.009053687575111269,0.06546306610107422,1.1758812318198282e-19
0.11156361661002509,0.10714517535143869,0.11157554567724226,0.107191821776649,0.12954473495483398,0.009062801549985643,0.009062348340371784,0.06395506858825684,1.1748421272388642e-19
0.11150493970087993,0.10705547714990361,0.11151717022279492,0.10710319653799598,0.12361264228820801,0.009071365905979983,0.00907091226833856,0.06622624397277832,1.1738039303445068e-19
0.11144655167953384,0.1069662256119261,0.1114590866909362,0.10701502548432774,0.12203288078308105,0.009079834485041172,0.009079380424470429,0.06680107116699219,1.1727667117066438e-19
0.11138845110947097,0.10687741851493368,0.1114012936219713,0.10692730627840245,0.11948800086975098,0.009088208339782217,0.009087753860637093,0.06388306617736816,1.1717304995670697e-19
0.1113306365612683,0.1067890536472835,0.11134378956350485,0.106840036595796,0.12774229049682617,0.009096488510478161,0.009096033617250754,0.06856727600097656,1.1706953370713097e-19
0.11127310661256146,0.10670112880821168,0.11128657307040431,0.10675321412481269,0.11900877952575684,0.009104676025223357,0.009104220722910839,0.06414461135864258,1.1696612826377986e-19
0.11121585984801034,0.1066136418077829,0.11122964270476371,0.10666683656639742,0.13271069526672363,0.009112771900088662,0.009112316193338188,0.07154560089111328,1.1686283705572077e-19
0.1111588948592651,0.10652659046684004,0.11117299703586751,0.1065809016340487,0.11765909194946289,0.009120777139279775,0.009120321032263234,0.06417274475097656,1.167596646307021e-19
0.11110221024493228,0.106439972616954,0.11111663464015457,0.10649540705373299,0.12442398071289062,0.009128692735289538,0.009128236232758269,0.06627607345581055,1.1665661501575096e-19
0.11104580461054102,0.10635378610037369,0.11106055410118247,0.10641035056379988,0.126082181930542,0.009136519669050496,0.009136062775194631,0.06743240356445312,1.1655369209344814e-19
0.1109896765685094,0.10626802876997613,0.11100475400959181,0.10632572991489861,0.11880826950073242,0.009144258910081556,0.00914380162928552,0.06329631805419922,1.1645090031464252e-19
0.11093382473811117,0.10618269848921674,0.11094923296307085,0.10624154286989532,0.12746000289916992,0.009151911416635598,0.009151453753641903,0.06876611709594727,1.1634824386337128e-19
0.11087824774544235,0.1060977931320798,0.11089398956632024,0.10615778720379129,0.12549853324890137,0.009159478135843422,0.009159020094440251,0.07192349433898926,1.1624572566034409e-19
0.11082294422338808,0.10601331058302896,0.11083902243101791,0.10607446070364247,0.12343072891235352,0.00916696000385818,0.009166501588531162,0.06614899635314941,1.161433505368942e-19
0.1107679128115897,0.10592924873695803,0.11078433017578426,0.10599156116847971,0.10978174209594727,0.009174357945993715,0.009173899161041277,0.06182599067687988,1.1604112183662528e-19
0.11071315215641192,0.10584560549914189,0.11072991142614735,0.10590908640922986,0.12088179588317871,0.009181672876861568,0.009181213726439097,0.06637692451477051,1.159390432721901e-19
0.1106586609109101,0.10576237878518756,0.1106757648145084,0.10582703424863782,0.11349773406982422,0.009188905700508574,0.009188446188712618,0.06409215927124023,1.1583711881110157e-19
0.11060443773479772,0.10567956652098544,0.1106218889801074,0.10574540252118964,0.11980938911437988,0.009196057310552444,0.00919559744136933,0.06499147415161133,1.1573535068627533e-19
0.11055048129441404,0.1055971666426607,0.1105682825689889,0.10566418907303624,0.12146186828613281,0.009203128590312762,0.009202668367791489,0.06725001335144043,1.1563374320746808e-19
0.1104967902626919,0.10551517709652486,0.11051494423396802,0.10558339176191804,0.12703633308410645,0.00921012041293929,0.009209659840969664,0.07305788993835449,1.1553230009282833e-19
0.11044336331912556,0.1054335958390276,0.11046187263459653,0.1055030084570905,0.1253652572631836,0.009217033641543419,0.009216572723946825,0.06886005401611328,1.1543102397326669e-19
0.11039019914973885,0.10535242083670858,0.11040906643712921,0.1054230370392503,0.11738204956054688,0.009223869129322899,0.009223407870262434,0.06428718566894531,1.153299190689823e-19
0.11033729644705333,0.10527165006614961,0.11035652431449026,0.10534347540046243,0.1269512176513672,0.009230627719685748,0.009230166122797812,0.06836676597595215,1.1522898772256582e-19
0.11028465391005667,0.10519128151392687,0.11030424494624003,0.10526432144408804,0.11784577369689941,0.009237310246375002,0.009236848315463675,0.06422662734985352,1.1512823315789269e-19
0.11023227024417119,0.1051113131765634,0.11025222701854173,0.10518557308471305,0.12706971168518066,0.009243917533589923,0.009243455272578416,0.06892228126525879,1.1502771496599482e-19
0.11018014416122254,0.10503174306048169,0.11020046922412853,0.1051072282480773,0.11771512031555176,0.009250450396103359,0.00924998780842401,0.06573057174682617,1.149274897557972e-19
0.11012827437940842,0.1049525691819565,0.11014897026227059,0.10502928487100471,0.1268918514251709,0.009256909639382756,0.009256446729022372,0.06636548042297363,1.1482745170813507e-19
0.11007665962326758,0.10487378956706785,0.11009772883874244,0.10495174090133381,0.12125182151794434,0.009263296059701397,0.009262832830003731,0.06653761863708496,1.147276041081113e-19
0.11002529862364901,0.10479540225165411,0.11004674366579037,0.10487459429784933,0.12050676345825195,0.009269610444256827,0.009269146899182346,0.06566071510314941,1.1462794985813053e-19
0.10997419011768107,0.10471740528126544,0.10999601346210015,0.1047978430302142,0.12620091438293457,0.009275853571280036,0.00927538971424724,0.06885552406311035,1.145284907842411e-19
0.10992333284874087,0.10463979671111724,0.1099455369527648,0.10472148507890222,0.11682629585266113,0.009282026210152302,0.009281562044893832,0.06480526924133301,1.1442923033302596e-19
0.10987272556642377,0.1045625746060439,0.10989531286925248,0.10464551843513163,0.1279466152191162,0.009288129121508844,0.009287664651225214,0.06798434257507324,1.1433017104999738e-19
0.10982236702651317,0.10448573704045265,0.10984533994937475,0.10456994110079901,0.11504077911376953,0.009294163057350244,0.009293698285528507,0.06392669677734375,1.1423131446853605e-19
0.1097722559909502,0.10440928209827766,0.10979561693725468,0.10449475108841381,0.13148117065429688,0.009300128761148298,0.009299663690942594,0.0720369815826416,1.1413266501114885e-19
0.10972239122780375,0.10433320787293426,0.10974614258329538,0.10441994642103386,0.12852692604064941,0.009306026967948945,0.009305561603056844,0.06919121742248535,1.1403422374081367e-19
0.10967277151124062,0.10425751246727348,0.10969691564414859,0.104345525132201,0.1144721508026123,0.009311858404478618,0.009311392748401204,0.06265997886657715,1.1393599309747878e-19
0.10962339562149549,0.10418219399353648,0.1096479348826834,0.10427148526587762,0.12284302711486816,0.009317623789245725,0.009317157844535018,0.06459498405456543,1.1383797602190777e-19
0.1095742623448416,0.10410725057330956,0.10959919906795516,0.10419782487638372,0.12125563621520996,0.009323323832643109,0.009322857603422108,0.06594014167785645,1.137401742278495e-19
0.10952537047356115,0.10403268033747906,0.10955070697517459,0.10412454202833442,0.11673474311828613,0.009328959237040375,0.009328492726368154,0.0635993480682373,1.1364259085747754e-19
0.10947671880591583,0.10395848142618651,0.1095024573856769,0.10405163479657804,0.12629079818725586,0.009334530696889906,0.009334063907306955,0.06637382507324219,1.1354522652245869e-19
0.10942830614611779,0.10388465198878406,0.10945444908689127,0.10397910126613505,0.11740303039550781,0.009340038898822381,0.009339571833955063,0.06465840339660645,1.134480855743174e-19
0.10938013130430044,0.10381119018379001,0.10940668087231029,0.10390693953213695,0.12546563148498535,0.00934548452173633,0.00934501718479197,0.06338381767272949,1.1335116815465507e-19
0.10933219309648957,0.1037380941788445,0.10935915154145966,0.10383514769976637,0.11754345893859863,0.009350868236897332,0.00935040063101411,0.06320452690124512,1.1325447712410538e-19
0.10928449034457462,0.10366536215066549,0.10931185989986804,0.10376372388419712,0.12710046768188477,0.009356190708027425,0.009355722836268399,0.06812000274658203,1.1315801374347489e-19
0.1092370218762798,0.10359299228500488,0.10926480475903701,0.10369266621053508,0.1149148941040039,0.009361452591401937,0.009360984456474597,0.06375288963317871,1.1306178168639902e-19
0.10918978652513575,0.10352098277660475,0.1092179849364112,0.10362197281375946,0.11825966835021973,0.009366654535933288,0.00936618614133522,0.06314945220947266,1.129657811614799e-19
0.10914278313045109,0.10344933182915386,0.10917139925534859,0.1035516418386646,0.12829065322875977,0.009371797183263381,0.009371328531848633,0.06706762313842773,1.1287001425161584e-19
0.10909601053728411,0.10337803765524436,0.10912504654509089,0.10348167143980214,0.11549615859985352,0.009376881167850555,0.009376412262351863,0.06438374519348145,1.127744834775246e-19
0.10904946759641475,0.10330709847632857,0.10907892564073413,0.10341205978142394,0.12488317489624023,0.00938190711705696,0.009381437960165329,0.06719565391540527,1.1267918969958195e-19
0.10900315316431651,0.10323651252267606,0.10903303538319942,0.10334280503742528,0.11862611770629883,0.009386875651232859,0.009386406245948109,0.06343531608581543,1.1258413547261147e-19
0.10895706610312862,0.10316627803333087,0.10898737461920378,0.10327390539128846,0.11970043182373047,0.009391787383800384,0.009391317733431492,0.061893463134765625,1.1248932248847635e-19
0.10891120528062825,0.10309639325606894,0.10894194220123118,0.10320535903602701,0.12311148643493652,0.009396642921338969,0.009396173027820254,0.06542325019836426,1.1239475142569012e-19
0.108865569570203,0.10302685644735567,0.10889673698750367,0.1031371641741302,0.11542892456054688,0.009401442863665675,0.009400972730500001,0.0633234977722168,1.1230042455907793e-19
0.10882015785082343,0.1029576658723037,0.10885175784195271,0.10306931901750818,0.11914515495300293,0.009406187803915484,0.009405717433441652,0.06374144554138184,1.122063433797951e-19
0.10877496900701561,0.10288881980463097,0.10880700363419062,0.10300182178743737,0.12625598907470703,0.009410878328623836,0.009410407723997594,0.06714367866516113,1.121125094165559e-19
0.10873000192883396,0.10282031652661866,0.10876247323948211,0.10293467071450635,0.11670398712158203,0.009415515017799959,0.009415044181348975,0.06611084938049316,1.1201892357399778e-19
0.10868525551183425,0.10275215432906977,0.1087181655387161,0.10286786403856235,0.11630392074584961,0.009420098445010575,0.009419627379614326,0.0646357536315918,1.1192558814783358e-19
0.10864072865704652,0.10268433151126749,0.10867407941837755,0.10280140000865783,0.13034391403198242,0.009424629177456081,0.009424157885629114,0.07190179824829102,1.1183250382891135e-19
0.10859642027094832,0.10261684638093392,0.10863021377051944,0.10273527688299762,0.1246185302734375,0.009429107776040037,0.009428636260278012,0.06639337539672852,1.1173967265230946e-19
0.10855232926543809,0.10254969725418903,0.10858656749273501,0.10266949292888668,0.12280392646789551,0.009433534795452848,0.00943306305867253,0.06843709945678711,1.1164709493802154e-19
0.10850845455780844,0.10248288245550963,0.10854313948812998,0.10260404642267781,0.11380243301391602,0.00943791078423723,0.009437438828552303,0.06419086456298828,1.1155477225885585e-19
0.10846479507071977,0.10241640031768869,0.108499928665295,0.1025389356497202,0.13953232765197754,0.009442236284866803,0.009441764113127249,0.07643699645996094,1.1146270649316415e-19
0.10842134973217397,0.10235024918179475,0.10845693393827821,0.1024741589043081,0.12547945976257324,0.00944651183381312,0.00944603944823541,0.06929373741149902,1.113708982406242e-19
0.10837811747548824,0.10228442739713157,0.10841415422655802,0.10240971448962988,0.1137845516204834,0.009450737961620902,0.009450265365007482,0.06574034690856934,1.112793486632821e-19
0.10833509723926901,0.1022189333211979,0.10837158845501585,0.10234560071771769,0.11406207084655762,0.0094549151929756,0.009454442387824002,0.06313586235046387,1.1118810546349491e-19
0.10829228796738587,0.1021537653196474,0.10832923555390918,0.1022818159093972,0.1274869441986084,0.009459044046772083,0.009458571035292351,0.07219743728637695,1.1109729246725914e-19
0.10824968860894593,0.10208892176624895,0.10828709445884463,0.10221835839423792,0.12039470672607422,0.009463125036184334,0.009462651821134926,0.06528401374816895,1.1100674156034436e-19
0.10820729811826801,0.1020244010428469,0.1082451641107512,0.10215522651050385,0.12229442596435547,0.009467158668731077,0.00946668525152461,0.0690157413482666,1.1091645550232332e-19
0.1081651154548571,0.10196020153932156,0.10820344345585373,0.10209241860510442,0.11357951164245605,0.009471145446344514,0.009470671830058564,0.06494832038879395,1.1082643362539697e-19
0.10812313958337899,0.10189632165354999,0.1081619314456463,0.10202993303354578,0.11328458786010742,0.009475085865431538,0.009474612052073894,0.06277966499328613,1.1073667856410584e-19
0.10808136947363475,0.1018327597913668,0.10812062703686598,0.10196776815988252,0.12200617790222168,0.009478980416942546,0.009478506408910903,0.06376385688781738,1.1064718963947144e-19
0.10803980410053565,0.10176951436652527,0.10807952919146654,0.10190592235666975,0.12378668785095215,0.00948282958643403,0.00948235538622555,0.06914854049682617,1.1055796920894246e-19
0.1079984424440781,0.10170658380065856,0.10803863687659244,0.1018443940049153,0.11478972434997559,0.009486633854128804,0.009486159463722998,0.06512284278869629,1.1046901644003722e-19
0.1079572834893185,0.10164396652324109,0.10799794906455276,0.10178318149403262,0.1197812557220459,0.009490393694984937,0.009489919117022794,0.06320643424987793,1.1038033279452496e-19
0.10791632622634867,0.10158166097155025,0.10795746473279547,0.10172228322179376,0.12159013748168945,0.009494109578747627,0.009493634814816687,0.06293821334838867,1.1029192015089603e-19
0.10787556965027084,0.10151966559062806,0.10791718286388167,0.1016616975942827,0.12161922454833984,0.00949778197001815,0.00949730702295426,0.06416201591491699,1.1020377793921177e-19
0.10783501276117319,0.10145797883324313,0.10787710244546012,0.10160142302584908,0.12190747261047363,0.009501411328310784,0.009500936199380305,0.06873011589050293,1.1011590726899103e-19
0.10779465456410532,0.10139659915985279,0.10783722247024162,0.10154145793906216,0.11456894874572754,0.009504998108111071,0.009504522800352078,0.06507277488708496,1.1002830845816825e-19
0.10775449406905385,0.10133552503856545,0.10779754193597388,0.10148180076466527,0.1146993637084961,0.009508542758931938,0.009508067273689136,0.06291651725769043,1.0994098337355375e-19
0.10771453029091818,0.10127475494510299,0.10775805984541618,0.10142244994153038,0.12006664276123047,0.009512045725378811,0.009511570065345865,0.06389546394348145,1.098539313365229e-19
0.10767476224948634,0.10121428736276343,0.10771877520631445,0.10136340391661301,0.12503576278686523,0.009515507447196347,0.009515031613993585,0.06769418716430664,1.0976715334437897e-19
0.10763518896941095,0.10115412078238373,0.10767968703137624,0.10130466114490769,0.11571669578552246,0.009518928359334463,0.009518452355283813,0.06659507751464844,1.0968064998995845e-19
0.10759580948018528,0.10109425370230284,0.1076407943382459,0.10124622008940339,0.1263895034790039,0.009522308891996885,0.009521832719094903,0.0651702880859375,1.0959442266350974e-19
0.10755662281611952,0.10103468462832481,0.10760209614947992,0.10118807922103941,0.11460542678833008,0.009525649470698075,0.009525173130864317,0.06281518936157227,1.095084709107169e-19
0.10751762801631704,0.10097541207368214,0.1075635914925224,0.1011302370186616,0.11977410316467285,0.009528950516317662,0.009528474011322174,0.06401658058166504,1.0942279486997323e-19
0.10747882412465075,0.10091643455899933,0.10752527939968054,0.10107269196897878,0.12391042709350586,0.009532212445154316,0.009531735777468242,0.06788325309753418,1.093373953529242e-19
0.10744021018973983,0.10085775061225646,0.10748715890810039,0.10101544256651952,0.11444520950317383,0.009535435668975892,0.009534958840262675,0.06575369834899902,1.0925227388338312e-19
0.10740178526492626,0.10079935876875312,0.10744922905974258,0.10095848731358922,0.11642265319824219,0.009538620595073264,0.009538143606935279,0.06414222717285156,1.0916742970181656e-19
0.10736354840825156,0.1007412575710724,0.10741148890135829,0.10090182472022735,0.12050604820251465,0.00954176762631287,0.009541290481163145,0.06386995315551758,1.090828636063073e-19
0.10732549868243371,0.10068344556904506,0.1073739374844653,0.10084545330416521,0.1252729892730713,0.00954487716118504,0.00954439986067257,0.06830310821533203,1.0899857547840092e-19
0.10728763515484417,0.10062592131971389,0.10733657386532412,0.10078937159078373,0.12495136260986328,0.00954794959385517,0.009547472139814772,0.07288956642150879,1.0891456638045645e-19
0.10724995689748487,0.10056868338729827,0.10729939710491428,0.10073357811307161,0.11560893058776855,0.009550985314214278,0.009550507708322442,0.06540513038635254,1.088308365225983e-19
0.1072124629869655,0.10051173034315881,0.10726240626891073,0.10067807141158384,0.11598610877990723,0.009553984707925694,0.009553506952020285,0.06428098678588867,1.0874738603605639e-19
0.1071751525044809,0.10045506076576223,0.10722560042766043,0.10062285003440036,0.12230181694030762,0.009556948156473974,0.009556470252736204,0.06443047523498535,1.086642145781212e-19
0.10713802453578829,0.10039867324064639,0.10718897865615885,0.10056791253708514,0.12397456169128418,0.009559876037212799,0.009559397986969032,0.0682988166809082,1.0858132393391366e-19
0.10710107817118505,0.10034256636038541,0.10715254003402686,0.10051325748264527,0.11444854736328125,0.009562768723414784,0.009562290528464246,0.06527042388916016,1.0849871191293793e-19
0.10706431250548616,0.10028673872455507,0.10711628364548748,0.10045888344149055,0.11551904678344727,0.009565626584312273,0.009565148246881705,0.06334495544433594,1.0841638142980708e-19
0.10702772663800199,0.10023118893969836,0.10708020857934297,0.10040478899139336,0.1211860179901123,0.009568449985146629,0.00956797150646338,0.06438827514648438,1.0833445240137441e-19
0.10699131967251628,0.10017591561929111,0.10704431392895188,0.10035097271744857,0.12320184707641602,0.009571239287214255,0.009570760669230793,0.06650567054748535,1.082529223303072e-19
0.10695509071726399,0.10012091738370782,0.10700859879220624,0.10029743321203377,0.1243429183959961,0.009573994847912397,0.009573516092320489,0.06842756271362305,1.0817167448881777e-19
0.10691903888490935,0.10006619286018768,0.10697306227150895,0.10024416907476999,0.11440920829772949,0.009576717020778181,0.009576238128961023,0.06467366218566895,1.0809070761940685e-19
0.10688316329252423,0.10001174068280075,0.10693770347375117,0.1001911789124823,0.11480116844177246,0.009579406155536818,0.009578927129627601,0.06365394592285156,1.0801002334832874e-19
0.10684746306156616,0.09995755949241424,0.10690252151028992,0.10013846133916093,0.12222695350646973,0.009582062598143074,0.009581583439377539,0.06383538246154785,1.0792962028133184e-19
0.10681193731785689,0.09990364793665901,0.10686751549692569,0.10008601497592264,0.12665987014770508,0.00958468669082558,0.009584207401225342,0.06891131401062012,1.0784949994428139e-19
0.10677658519156084,0.0998500046698963,0.10683268455388029,0.1000338384509721,0.1142737865447998,0.009587278772125524,0.009586799352856445,0.06495928764343262,1.0776966126827956e-19
0.10674140581716372,0.09979662835318437,0.10679802780577467,0.09998193039956373,0.11492633819580078,0.009589839176943343,0.00958935962964702,0.06392955780029297,1.0769010405035151e-19
0.10670639833345123,0.09974351765424558,0.10676354438160701,0.09993028946396361,0.12971854209899902,0.00959236823657438,0.009591888562976436,0.07186126708984375,1.0761082913788278e-19
0.10667156188348777,0.09969067124743348,0.1067292334147307,0.09987891429341188,0.12383699417114258,0.009594866278753219,0.00959438648013844,0.06623363494873047,1.0753183665156043e-19
0.1066368956145954,0.09963808781370011,0.1066950940428327,0.0998278035440851,0.12251043319702148,0.009597333627691074,0.00959685370629515,0.06865072250366211,1.0745312561875946e-19
0.1066023986783329,0.09958576604056335,0.10666112540791177,0.09977695587905894,0.11434197425842285,0.009599770604118771,0.00959929056074671,0.06448960304260254,1.0737469668930632e-19
0.10656807023047483,0.09953370462207459,0.10662732665625696,0.0997263699682712,0.11456108093261719,0.00960217752532528,0.009601697361372175,0.06272292137145996,1.0729655010036726e-19
0.10653390943099078,0.09948190225878642,0.10659369693842613,0.09967604448848491,0.12263011932373047,0.009604554705191256,0.009604074422764342,0.06527519226074219,1.0721868494467615e-19
0.10649991544402468,0.0994303576577206,0.10656023540922463,0.09962597812325184,0.12363386154174805,0.0096069024542323,0.009606422054275754,0.06861615180969238,1.0714110162136273e-19
0.10646608743787407,0.099379069532336,0.10652694122768402,0.09957616956287595,0.11422109603881836,0.009609221079638887,0.009608740563926688,0.06453847885131836,1.070637997859931e-19
0.10643242458496983,0.0993280366024969,0.10649381355704099,0.09952661750437733,0.1206519603729248,0.009611510885305853,0.009611030255207709,0.0637049674987793,1.0698677945148913e-19
0.10639892606185568,0.09927725759444128,0.10646085156471627,0.09947732065145616,0.12292861938476562,0.009613772171874549,0.009613291428678394,0.06412124633789062,1.0691004062686995e-19
0.10636559104916785,0.09922673124074942,0.10642805442229374,0.09942827771445714,0.12472796440124512,0.009616005236771724,0.009615524382766694,0.0662391185760498,1.0683358265857825e-19
0.10633241873161489,0.09917645628031244,0.1063954213054996,0.0993794874103339,0.12335348129272461,0.009618210374237353,0.009617729409505671,0.06774425506591797,1.0675740632559696e-19
0.10629940829795781,0.09912643145830123,0.1063629513941817,0.0993309484626137,0.1148531436920166,0.009620387875369497,0.009619906801905387,0.06347060203552246,1.0668151066781992e-19
0.10626655894098963,0.09907665552613529,0.10633064387228885,0.09928265960136246,0.12000203132629395,0.009622538028152838,0.00962205684729156,0.06349635124206543,1.0660589578206502e-19
0.10623386985751587,0.09902712724145193,0.10629849792785041,0.09923461956314968,0.12636566162109375,0.009624661117493579,0.00962417983050301,0.06643271446228027,1.0653056135208297e-19
0.10620134024833455,0.0989778453680755,0.10626651275295577,0.09918682709101395,0.11907482147216797,0.009626757425259452,0.009626276033181114,0.06698060035705566,1.0645550664936082e-19
0.10616896931821662,0.09892880867598679,0.10623468754373416,0.09913928093442848,0.11416077613830566,0.009628827230305744,0.00962834573519089,0.06324148178100586,1.0638073263534446e-19
0.10613675627588624,0.0988800159412926,0.10620302150033435,0.09909197984926682,0.1297903060913086,0.009630870808514116,0.009630389211157109,0.0651862621307373,1.06306238598329e-19
0.10610470033400132,0.09883146594619545,0.10617151382690464,0.0990449225977689,0.12413358688354492,0.00963288843282578,0.009632406734905175,0.06423163414001465,1.0623202324527007e-19
0.10607280070913398,0.09878315747896338,0.10614016373157277,0.09899810794850707,0.1260693073272705,0.009634880373270236,0.009634398575730785,0.06913638114929199,1.0615808727647302e-19
0.1060410566217514,0.09873508933389996,0.10610897042642611,0.09895153467635255,0.11516141891479492,0.009636846897001436,0.009636365001064462,0.06490635871887207,1.060844676919499e-19
0.10600946729619638,0.09868726031131447,0.10607793312749178,0.09890520156244204,0.11527323722839355,0.009638788268328372,0.00963830627540574,0.06308650970458984,1.060113394519978e-19
0.10597803196066849,0.09863966921749216,0.10604705105471701,0.09885910739414433,0.1224522590637207,0.00964070474874468,0.009640222660234343,0.06376528739929199,1.0593849064008483e-19
0.1059467498472047,0.09859231486466463,0.10601632343194949,0.0988132509650274,0.1266634464263916,0.009642596596963201,0.009642114413921377,0.0688788890838623,1.0586592023928435e-19
0.10591562019166069,0.09854519607098045,0.1059857494869179,0.09876763107482549,0.11586332321166992,0.009644464068945471,0.009643981792351042,0.06440043449401855,1.057936276177955e-19
0.10588464223369176,0.09849831166047586,0.10595532845121249,0.09872224652940653,0.12713980674743652,0.009646307417930837,0.009645825049364731,0.0641026496887207,1.0572161256876638e-19
0.1058538152167342,0.09845166046304564,0.10592505956026574,0.09867709614073966,0.1162259578704834,0.009648126894467158,0.00964764443498467,0.06303262710571289,1.0564987557965389e-19
0.10582313838798656,0.09840524131441405,0.10589494205333322,0.0986321787268628,0.12486124038696289,0.009649922746442075,0.009649440197190273,0.06635499000549316,1.0557841570115726e-19
0.10579261099839116,0.09835905305610604,0.10586497517347442,0.09858749311185089,0.12384486198425293,0.009651695219111172,0.009651212581918145,0.06804156303405762,1.0550723202641562e-19
0.10576223230261546,0.09831309453541844,0.1058351581675337,0.09854303812578363,0.11528992652893066,0.009653444555123248,0.009652961830042273,0.06366229057312012,1.0543632496208848e-19
0.10573200155903369,0.09826736460539146,0.10580549028612143,0.09849881260471408,0.11889886856079102,0.009655170994558173,0.009654688183147186,0.06435203552246094,1.0536569336145576e-19
0.10570191802970852,0.09822186212478015,0.10577597078359514,0.09845481539063694,0.12461686134338379,0.009656874774947154,0.009656391878465342,0.0665583610534668,1.0529533752203223e-19
0.10567198098037286,0.09817658595802621,0.10574659891804074,0.09841104533145731,0.12128496170043945,0.009658556131302664,0.009658073150564661,0.06728243827819824,1.0522525682323174e-19
0.1056421896804117,0.09813153497522971,0.10571737395125391,0.09836750128095946,0.12283921241760254,0.00966021529615065,0.009659732233213703,0.06736516952514648,1.0515545059488322e-19
0.10561254340284414,0.09808670805212108,0.10568829514872156,0.09832418209877601,0.11420345306396484,0.009661852499547385,0.009661369354585503,0.06336092948913574,1.0508591892388453e-19
0.10558304142430526,0.09804210407003328,0.10565936177960335,0.09828108665035698,0.11910796165466309,0.009663467969119667,0.009662984743386005,0.06432461738586426,1.0501666005619114e-19
0.10555368302502835,0.09799772191587393,0.10563057311671331,0.09823821380693921,0.12662529945373535,0.009665061930081782,0.009664578624501985,0.06650829315185547,1.049476752827762e-19
0.10552446748882716,0.09795356048209779,0.10560192843650161,0.09819556244551589,0.11910200119018555,0.009666634605266282,0.009666151221399133,0.06664800643920898,1.0487896348356818e-19
0.10549539410307807,0.09790961866667916,0.10557342701903634,0.09815313144880622,0.11409544944763184,0.009668186215148394,0.009667702753546337,0.06309247016906738,1.0481052311526849e-19
0.10546646215870258,0.0978658953730846,0.10554506814798545,0.09811091970522555,0.11858701705932617,0.009669716977874639,0.00966923344014603,0.06298327445983887,1.0474235523057846e-19
0.10543767095014964,0.09782238951024569,0.10551685111059872,0.09806892610885524,0.12451362609863281,0.00967122710928319,0.00967074349613739,0.06619477272033691,1.0467445828617188e-19
0.10540901977537842,0.09777909999253191,0.10548877519768986,0.09802714955941301,0.1224820613861084,0.009672716822934057,0.009672233135216146,0.06724953651428223,1.0460683236945164e-19
0.10538050793584083,0.0977360257397237,0.10546083970361869,0.09798558896222336,0.12202048301696777,0.009674186330132452,0.00967370256876876,0.06648755073547363,1.0453947647609932e-19
0.10535213473646424,0.09769316567698562,0.1054330439262734,0.09794424322818801,0.11475467681884766,0.009675635839952054,0.009675152006405341,0.06311273574829102,1.0447239124905313e-19
0.1053238994856342,0.09765051873483965,0.10540538716705292,0.09790311127375692,0.11842465400695801,0.009677065559259934,0.009676581654449734,0.06403803825378418,1.0440557383450393e-19
0.10529580149517745,0.09760808384913863,0.10537786873084934,0.09786219202089899,0.12581610679626465,0.009678475692742385,0.009677991717271794,0.06627321243286133,1.0433902655909097e-19
0.10526784008034491,0.09756585996103982,0.1053504879260305,0.09782148439707318,0.11959314346313477,0.00967986644292726,0.009679382397909109,0.0666496753692627,1.0427274699376808e-19
0.10524001455979462,0.09752384601697855,0.1053232440644225,0.09778098733519985,0.11535358428955078,0.009681238010207632,0.00968075389664591,0.06316161155700684,1.0420673488403871e-19
0.10521232425557497,0.09748204096864212,0.10529613646129256,0.09774069977363212,0.11844778060913086,0.009682590592863253,0.009682106411812441,0.06279730796813965,1.0414115000783641e-19
0.10518476849310801,0.09744044377294364,0.10526916443533166,0.0977006206561275,0.12984037399291992,0.009683924387087789,0.009683440139518495,0.07091498374938965,1.0407592287034515e-19
0.1051573466011726,0.0973990533919962,0.10524232730863751,0.09766074893181952,0.12614750862121582,0.009685239587008265,0.009684755273919876,0.06696128845214844,1.0401096255042349e-19
0.10513005791188783,0.09735786879308701,0.10521562440669749,0.09762108355518977,0.11894750595092773,0.009686536384707994,0.009686052006863122,0.06692266464233398,1.0394626739279716e-19
0.10510290176069657,0.09731688894865179,0.1051890550583717,0.09758162348603976,0.11459708213806152,0.009687814970249514,0.009687330528329596,0.06325268745422363,1.0388183733840702e-19
0.1050758774863489,0.09727611283624911,0.10516261859587611,0.09754236768946327,0.12067198753356934,0.00968907553169738,0.00968859102679076,0.06360006332397461,1.0381767190260548e-19
0.10504898443088583,0.09723553943853507,0.10513631435476577,0.09750331513581872,0.12839388847351074,0.009690318255136289,0.009689833688497629,0.0678865909576416,1.0375377065775674e-19
0.10502222193962295,0.09719516774323798,0.10511014167391806,0.09746446480070166,0.11852359771728516,0.009691543324695812,0.009691058696770227,0.06664443016052246,1.0369013236667976e-19
0.10499558936113423,0.09715499674313313,0.10508409989551619,0.09742581566491741,0.1171884536743164,0.009692750922571054,0.009692266234129221,0.0641927719116211,1.0362675741548295e-19
0.10496908604723597,0.0971150254360178,0.10505818836503256,0.09738736671445387,0.12950754165649414,0.009693941229045525,0.009693456481407736,0.07227087020874023,1.0356364371236156e-19
0.10494271135297065,0.09707525282468628,0.10503240643121237,0.09734911694045462,0.12249350547790527,0.00969511442250453,0.009694629615886186,0.06414127349853516,1.0350079153138489e-19
0.10491646463659098,0.09703567791690512,0.10500675344605723,0.09731106533919202,0.1255481243133545,0.009696270679465505,0.009695785815200253,0.06916284561157227,1.0343820123125806e-19
0.10489034525954401,0.0969962997253884,0.10498122876480892,0.09727321091204048,0.11602449417114258,0.009697410174591548,0.00969692525334409,0.06460046768188477,1.0337587014899245e-19
0.10486435258645528,0.09695711726777313,0.10495583174593313,0.09723555266544982,0.11761140823364258,0.009698533080712824,0.009698048103512491,0.06321024894714355,1.0331379837632484e-19
0.1048384859851132,0.09691812956659493,0.10493056175110335,0.09719808961091889,0.12468910217285156,0.009699639568847743,0.009699154536413346,0.06551456451416016,1.0325198675794138e-19
0.10481274482645321,0.09687933564926358,0.10490541814518489,0.09716082076496939,0.12400579452514648,0.00970072980822218,0.00970024472142228,0.06898736953735352,1.0319043269809405e-19
0.1047871284845423,0.09684073454803888,0.10488040029621884,0.09712374514911958,0.11499691009521484,0.009701803966287486,0.009701318826049743,0.06459188461303711,1.0312913588745296e-19
0.10476163633656346,0.09680232530000649,0.10485550757540621,0.09708686178985841,0.12511801719665527,0.009702862208741309,0.009702377015408103,0.06700325012207031,1.0306809663967247e-19
0.10473626776280025,0.09676410694705409,0.10483073935709217,0.09705016971861961,0.12090110778808594,0.009703904699545993,0.00970341945460973,0.06352853775024414,1.0300731331877497e-19
0.10471102214662154,0.09672607853584743,0.1048060950187503,0.09701366797175616,0.12749242782592773,0.00970493160094536,0.009704446304326098,0.0668642520904541,1.0294678609645326e-19
0.10468589887446608,0.09668823911780658,0.10478157394096692,0.09697735559051454,0.11872076988220215,0.009705943073488777,0.00970545772620568,0.06672000885009766,1.0288651353492227e-19
0.10466089733582738,0.09665058774908238,0.10475717550742557,0.09694123162100939,0.1149299144744873,0.009706939276041656,0.009706453879054777,0.06355786323547363,1.0282649556451548e-19
0.10463601692323844,0.0966131234905329,0.10473289910489149,0.09690529511419822,0.11901044845581055,0.009707920365809235,0.009707434919903335,0.06343650817871094,1.0276673071832433e-19
0.10461125703225695,0.09657584540770009,0.10470874412319624,0.0968695451258563,0.1252281665802002,0.009708886498351573,0.009708401004182576,0.0665445327758789,1.0270721944901943e-19
0.10458661706144996,0.09653875257078642,0.10468470995522235,0.0968339807165517,0.12137627601623535,0.009709837827603873,0.009709352286080275,0.0672147274017334,1.0264796009257397e-19
0.1045620964123793,0.09650184405463183,0.10466079599688805,0.09679860095162038,0.11472892761230469,0.009710774505891284,0.00971028891711967,0.06349563598632812,1.0258895228758798e-19
0.10453769448958654,0.09646511893869064,0.10463700164713209,0.09676340490114159,0.12615227699279785,0.009711696683948097,0.009711211049712176,0.06294846534729004,1.0253024863674074e-19
0.10451341070057829,0.09642857630700857,0.1046133263078987,0.096728391639913,0.1187901496887207,0.009712604510932298,0.009712118830762506,0.06326699256896973,1.0247198703437162e-19
0.10448924445581147,0.09639221524820002,0.10458976938412247,0.0966935602474265,0.12549114227294922,0.009713498134448117,0.009713012410195176,0.06589865684509277,1.0241397579412545e-19
0.10446519516867869,0.0963560348554253,0.10456633028371344,0.09665890980784397,0.11875033378601074,0.009714377700555252,0.009713891932072727,0.06649351119995117,1.0235621337686081e-19
0.10444126225549374,0.09632003422636803,0.10454300841754224,0.0966244394099728,0.11455869674682617,0.00971524335378951,0.009714757542234054,0.0629727840423584,1.0229869950602814e-19
0.1044174451354771,0.09628421246321271,0.10451980319942526,0.09659014814724202,0.11864542961120605,0.009716095237178608,0.009715609383142976,0.06318354606628418,1.022414329510383e-19
0.10439374323074141,0.0962485686726223,0.10449671404610991,0.09655603511767838,0.1266922950744629,0.009716933492260355,0.009716447595842226,0.06613516807556152,1.0218441306171857e-19
0.10437015596627737,0.09621310196571597,0.10447374037726001,0.0965220994238825,0.11989808082580566,0.009717758259096626,0.00971727232208508,0.0665578842163086,1.021276399440264e-19
0.10434668276993928,0.09617781145804696,0.10445088161544115,0.09648834017300532,0.1236104965209961,0.00971856967628398,0.009718083699006286,0.06604719161987305,1.0207111260488969e-19
0.10432332307243085,0.09614269626958054,0.10442813718610619,0.09645475647672444,0.11393952369689941,0.00971936788098031,0.009718881863207685,0.06271696090698242,1.0201482898699202e-19
0.10430007630729121,0.09610775552467202,0.10440550651758089,0.09642134745122086,0.11867594718933105,0.009720153008913565,0.009719666952534567,0.06278419494628906,1.0195878945535532e-19
0.10427694191088065,0.09607298835204499,0.10438298904104946,0.09638811221715558,0.12701630592346191,0.009720925194396178,0.009720439098970246,0.06747269630432129,1.0190299364168668e-19
0.10425391932236679,0.09603839388476959,0.1043605841905403,0.09635504989964645,0.1192936897277832,0.009721684570341189,0.009721198437340206,0.06601738929748535,1.0184744005304114e-19
0.10423100798371066,0.09600397126024086,0.10433829140291177,0.0963221596282453,0.11596250534057617,0.009722431268280375,0.009721945097673768,0.06414079666137695,1.0179212889973489e-19
0.10420820733965275,0.09596971962015728,0.10431611011783808,0.09628944053691488,0.12134075164794922,0.009723165418374204,0.009722679211243701,0.06492996215820312,1.0173705829134627e-19
0.10418551683769928,0.09593563811049932,0.10429403977779513,0.09625689176400624,0.12807559967041016,0.009723887149430122,0.009723400906480606,0.06757354736328125,1.016822278964227e-19
0.10416293592810846,0.09590172588150817,0.10427207982804658,0.09622451245223597,0.12543201446533203,0.00972459658891491,0.009724110310571632,0.07104945182800293,1.016276372624083e-19
0.10414046406387685,0.09586798208766457,0.10425022971662987,0.09619230174866365,0.11671614646911621,0.009725293862970762,0.009724807549638115,0.0665287971496582,1.0157328567595205e-19
0.10411810070072584,0.0958344058876677,0.10422848889434234,0.09616025880466966,0.11728477478027344,0.009725979096427265,0.009725492748913211,0.06393218040466309,1.0151917173123969e-19
0.10409584529708797,0.09580099644441419,0.10420685681472747,0.09612838277593254,0.12324285507202148,0.00972665241281675,0.009726166031498451,0.06426334381103516,1.0146529603000947e-19
0.10407369731409365,0.09576775292497727,0.1041853329340611,0.09609667282240715,0.12528300285339355,0.009727313934388197,0.009726827520317727,0.0692141056060791,1.0141165610431323e-19
0.10405165621555772,0.09573467450058598,0.1041639167113378,0.09606512810830249,0.11514782905578613,0.00972796378211906,0.009727477335452761,0.06483030319213867,1.0135825227800565e-19
0.10402972146796607,0.0957017603466045,0.10414260760825729,0.09603374780205987,0.11607003211975098,0.009728602075732631,0.009728115597340548,0.0629417896270752,1.0130508383894664e-19
0.10400789254046251,0.09566900964251158,0.10412140508921086,0.09600253107633093,0.12346982955932617,0.00972922893370649,0.009728742424108816,0.06429290771484375,1.0125214970283998e-19
0.10398616890483546,0.09563642157188006,0.10410030862126794,0.09597147710795613,0.12477636337280273,0.009729844473289414,0.009729357933174754,0.0662391185760498,1.0119944848829312e-19
0.10396455003550488,0.0956039953223565,0.10407931767416272,0.09594058507794313,0.12580370903015137,0.009730448810513624,0.00972996224017919,0.0691068172454834,1.011469811633045e-19
0.10394303540950924,0.09557173008564093,0.10405843172028081,0.09590985417144528,0.11565327644348145,0.009731042060206618,0.009730555460052415,0.06498146057128906,1.0109484652937668e-19
0.10392162450649245,0.09553962505746667,0.104037650234646,0.09587928357774032,0.11631417274475098,0.009731624336004874,0.00973113770701417,0.0628666877746582,1.0104307759672535e-19
0.10390031680869108,0.09550767943758026,0.10401697269490705,0.0958488724902092,0.12457537651062012,0.009732195750366785,0.009731709092797303,0.06467127799987793,1.0099153875140072e-19
0.10387911180092123,0.09547589242972152,0.10399639858132453,0.09581862010631483,0.12404751777648926,0.00973275641458317,0.009732269728957021,0.06920361518859863,1.0094022999378144e-19
0.103858008970566,0.09544426324160363,0.10397592737675786,0.09578852562758125,0.11536455154418945,0.009733306438792338,0.009732819725805086,0.06479644775390625,1.008891510142283e-19
0.10383700780756266,0.0954127910848934,0.1039555585666522,0.09575858825957272,0.11515498161315918,0.009733845931991138,0.0097333591918769,0.06291770935058594,1.0083830010937243e-19
0.10381610780438989,0.09538147517519155,0.10393529163902562,0.0957288072118729,0.13019227981567383,0.009734375002045995,0.009733888235352595,0.07244038581848145,1.007876762801102e-19
0.10379530845605528,0.09535031473201319,0.10391512608445615,0.09569918169806421,0.1251509189605713,0.009734893755707607,0.009734406963346487,0.06689310073852539,1.0073728082407823e-19
0.1037746092600827,0.0953193089787683,0.10389506139606904,0.09566971093570724,0.11625266075134277,0.00973540229861918,0.00973491548066363,0.06279850006103516,1.0068711066641988e-19
0.10375400971649977,0.09528845714274231,0.10387509706952397,0.09564039414632029,0.12537527084350586,0.009735900735331314,0.009735413892641986,0.0670478343963623,1.006371657000992e-19
0.1037335093278256,0.09525775845507693,0.10385523260300245,0.09561123055535915,0.11374878883361816,0.009736389169311289,0.009735902302310251,0.06376194953918457,1.0058744595344108e-19
0.10371310759905829,0.09522721215075082,0.10383546749719513,0.0955822193921969,0.1177968978881836,0.00973686770295696,0.009736380812164214,0.06390237808227539,1.0053795036384964e-19
0.10369280403766262,0.0951968174685606,0.10381580125528933,0.09555335989010351,0.12434720993041992,0.009737336437602911,0.009736849523278579,0.0644681453704834,1.0048867716192115e-19
0.10367259815355785,0.09516657365110175,0.10379623338295649,0.09552465128622628,0.12495732307434082,0.009737795473541117,0.009737308536728051,0.06913065910339355,1.0043962642692185e-19
0.10365248945910548,0.09513647994474977,0.10377676338833976,0.09549609282156955,0.11673998832702637,0.009738244910020307,0.009737757950922798,0.06563878059387207,1.0039079768225082e-19
0.10363247746909723,0.09510653559964134,0.10375739078204169,0.09546768374097508,0.11430549621582031,0.009738684845267177,0.009738197864095355,0.06334924697875977,1.0034218936210354e-19
0.10361256170074286,0.09507673986965558,0.10373811507711186,0.09543942329310248,0.12554574012756348,0.009739115376491744,0.009738628373057168,0.0633242130279541,1.0029380107286318e-19
0.10359274167365816,0.09504709201239546,0.10371893578903472,0.09541131073040923,0.11919045448303223,0.009739536599899252,0.009739049575863135,0.06396842002868652,1.0024563264612614e-19
0.10357301690985307,0.09501759128916921,0.10369985243571736,0.09538334530913167,0.12562251091003418,0.009739948610700017,0.009739461566127261,0.06399703025817871,1.0019768226993474e-19
0.1035533869337198,0.09498823696497191,0.10368086453747741,0.09535552628926529,0.12543916702270508,0.009740351503119943,0.009739864438529366,0.06781673431396484,1.0014994998974628e-19
0.10353385127202097,0.09495902830846711,0.10366197161703097,0.09532785293454575,0.11740589141845703,0.009740745370413684,0.009740258286683456,0.06686210632324219,1.0010243466353937e-19
0.10351440945387776,0.09492996459196858,0.1036431731994807,0.09530032451242941,0.1140143871307373,0.009741130304870692,0.009740643201539001,0.06336212158203125,1.0005513524546343e-19
0.10349506101075831,0.09490104509142211,0.10362446881230375,0.09527294029407452,0.11645054817199707,0.009741506397829957,0.009741019275644192,0.06250691413879395,1.000080514238981e-19
0.10347580547646604,0.09487226908638748,0.10360585798533999,0.09524569955432201,0.12149286270141602,0.00974187373968507,0.009741386599593227,0.0643768310546875,9.996118219808721e-20
0.10345664238712804,0.09484363586002038,0.10358734025078016,0.09521860157167683,0.13045835494995117,0.009742232419898316,0.009741745261671042,0.07185578346252441,9.991452717233709e-20
0.1034375712811835,0.0948151446990546,0.10356891514315412,0.09519164562828898,0.12507295608520508,0.009742582527007274,0.009742095351228386,0.0666036605834961,9.986809305861285e-20
0.10341859169937226,0.09478679489378412,0.10355058219931917,0.09516483100993513,0.12392354011535645,0.009742924148638591,0.009742436955662015,0.0680842399597168,9.982207507976358e-20
0.10339970318472336,0.09475858573804544,0.10353234095844836,0.0951381570059998,0.11616396903991699,0.00974325737151277,0.009742770161658143,0.06686210632324219,9.977627734232605e-20
0.10338090528254364,0.09473051652919989,0.10351419096201898,0.09511162290945702,0.11568307876586914,0.009743582281456685,0.00974309505608062,0.06464195251464844,9.973069100071127e-20
0.10336219754040647,0.09470258656811614,0.10349613175380097,0.09508522801685187,0.11498594284057617,0.00974389896341072,0.009743411721530038,0.06336212158203125,9.968531408567125e-20
0.10334357950814052,0.0946747951591527,0.10347816287984554,0.09505897162828238,0.11648154258728027,0.009744207501443548,0.009743720244514975,0.06278038024902344,9.96401470794021e-20
0.10332505073781847,0.0946471416101405,0.10346028388847366,0.09503285304738104,0.12012219429016113,0.009744507978753866,0.009744020707103118,0.063751220703125,9.959518867215062e-20
0.10330661078374594,0.09461962523236564,0.10344249433026478,0.09500687158129707,0.12301468849182129,0.009744800477682067,0.009744313191362153,0.06420183181762695,9.955043850833544e-20
0.10328825920245036,0.09459224534055219,0.10342479375804554,0.0949810265406782,0.12630391120910645,0.00974508507972426,0.009744597779004494,0.06855916976928711,9.950589456103969e-20
0.1032699955526699,0.09456500125284502,0.10340718172687849,0.0949553172396529,0.1260383129119873,0.00974536186553529,0.00974487455156492,0.06652212142944336,9.946155735182824e-20
0.10325181939534249,0.09453789229079279,0.10338965779405095,0.09492974299581247,0.12476706504821777,0.009745630914937726,0.009745143587025495,0.06831598281860352,9.941742584235559e-20
0.10323373029359499,0.09451091777933097,0.10337222151906383,0.09490430313019348,0.11776185035705566,0.009745892306935622,0.00974540496656573,0.06747031211853027,9.937349904832259e-20
0.10321572781273221,0.09448407704676504,0.10335487246362067,0.09487899696726002,0.11534810066223145,0.009746146119715185,0.009745658766036058,0.06547999382019043,9.932977666824284e-20
0.10319781152022603,0.09445736942475358,0.10333761019161648,0.09485382383488628,0.11440157890319824,0.009746392430662438,0.009745905065017268,0.06434845924377441,9.928625681596849e-20
0.1031799809857048,0.09443079424829169,0.1033204342691269,0.09482878306433909,0.11468315124511719,0.009746631316362686,0.00974614393882689,0.06325817108154297,9.924294017625244e-20
0.10316223578094254,0.09440435085569425,0.10330334426439726,0.09480387399026068,0.11636829376220703,0.009746862852617114,0.009746375463670631,0.06330132484436035,9.919982484214762e-20
0.1031445754798482,0.0943780385885795,0.10328633974783172,0.09477909595065123,0.11922621726989746,0.009747087114444742,0.00974659971415548,0.06305670738220215,9.915691068108141e-20
0.10312699965845519,0.0943518567918525,0.10326942029198245,0.09475444828685183,0.13035845756530762,0.009747304176093282,0.009746816765598965,0.06945013999938965,9.911419676887085e-20
0.10310950789491065,0.09432580481368878,0.10325258547153897,0.09472993034352756,0.11630439758300781,0.00974751411104684,0.009747026689588267,0.06300091743469238,9.907168220457996e-20
0.1030920997694652,0.09429988200551803,0.10323583486331736,0.09470554146865023,0.12203860282897949,0.009747716992037202,0.009747229560730375,0.062459707260131836,9.902936670694086e-20
0.10307477486446222,0.09427408772200792,0.10321916804624973,0.09468128101348182,0.12253880500793457,0.009747912891042527,0.009747425450079561,0.0636746883392334,9.898724897814794e-20
0.10305753276432753,0.09424842132104796,0.10320258460137352,0.09465714833255752,0.12547993659973145,0.00974810187930461,0.009747614429223006,0.06632614135742188,9.89453284428001e-20
0.10304037305555909,0.09422288216373338,0.10318608411182113,0.09463314278366898,0.12319731712341309,0.0097482840273339,0.009747796567616263,0.0679020881652832,9.890360486243504e-20
0.10302329532671668,0.09419746961434923,0.1031696661628093,0.09460926372784778,0.12075924873352051,0.009748459404915711,0.009747971936668876,0.0691070556640625,9.886207609896068e-20
0.10300629916841164,0.09417218304035448,0.10315333034162874,0.0945855105293489,0.11725306510925293,0.009748628081116597,0.009748140604237676,0.06793856620788574,9.882074283881994e-20
0.10298938417329666,0.09414702181236613,0.10313707623763377,0.09456188255563419,0.11693716049194336,0.009748790124296934,0.009748302639955853,0.06670522689819336,9.87796048216217e-20
0.10297254993605569,0.09412198530414362,0.10312090344223201,0.09453837917735611,0.11625337600708008,0.009748945602111935,0.009748458109548608,0.06597161293029785,9.873880240464798e-20
0.10295579605339374,0.094097072892573,0.10310481154887409,0.09451499976834132,0.1259772777557373,0.009749094581524414,0.009748607081760952,0.07149910926818848,9.869825280768274e-20
0.10293912212402688,0.09407228395765145,0.10308880015304343,0.09449174370557471,0.11880135536193848,0.009749237128808087,0.009748749621962816,0.06937289237976074,9.865789492622674e-20
0.1029225277486723,0.09404761788247175,0.1030728688522461,0.09446861036918315,0.11731362342834473,0.009749373309557696,0.009748885795701767,0.0674126148223877,9.861772865631463e-20
0.10290601253003825,0.09402307405320685,0.10305701724600068,0.0944455991424196,0.11640596389770508,0.009749503188694757,0.00974901566870301,0.06679725646972656,9.857775292845265e-20
0.10288957607281422,0.09399865185909455,0.10304124493582822,0.09442270941164688,0.1157529354095459,0.00974962683047387,0.00974913930402721,0.0657491683959961,9.853796666127218e-20
0.10287321798366113,0.09397435069242215,0.10302555152524222,0.09439994056632227,0.11692690849304199,0.009749744298491318,0.00974925676668903,0.06547164916992188,9.849836952581525e-20
0.10285693787120137,0.09395016994851133,0.10300993661973865,0.09437729199898137,0.11562824249267578,0.00974985565568922,0.009749368118150414,0.06496047973632812,9.845896032347472e-20
0.10284073534600918,0.09392610902570296,0.10299439982678607,0.09435476310522263,0.11571955680847168,0.009749960964366953,0.009749473421649668,0.06503701210021973,9.841973908296721e-20
0.10282461002060077,0.09390216732534214,0.10297894075581573,0.09433235328369148,0.11456036567687988,0.009750060286183644,0.009749572737938195,0.0645759105682373,9.838070485565667e-20
0.10280856150942493,0.0938783442517631,0.10296355901821179,0.09431006193606518,0.11554241180419922,0.009750153682167194,0.009749666130076662,0.06414651870727539,9.834185610712063e-20
0.10279258942885322,0.09385463921227441,0.10294825422730151,0.09428788846703712,0.12450861930847168,0.009750241212716502,0.009749753655974303,0.06907939910888672,9.830319302338775e-20
0.10277669339717051,0.09383105161714411,0.10293302599834563,0.09426583228430162,0.11842632293701172,0.00975032293761624,0.009749835376915428,0.06838583946228027,9.82647143162687e-20
0.10276087303456533,0.09380758087958495,0.10291787394852855,0.09424389279853851,0.1169741153717041,0.009750398916034417,0.009749911351697449,0.06771087646484375,9.822641942161461e-20
0.10274512796312062,0.09378422641573973,0.10290279769694885,0.09422206942339803,0.1168515682220459,0.00975046920653564,0.009749981638051963,0.06729292869567871,9.818830737564276e-20
0.10272945780680409,0.0937609876446667,0.10288779686460964,0.09420036157548563,0.11724233627319336,0.009750533867085614,0.00975004629566456,0.06701922416687012,9.815037832741577e-20
0.10271386219145898,0.09373786398832497,0.10287287107440908,0.09417876867434691,0.11752104759216309,0.009750592955052144,0.009750105380845753,0.06727766990661621,9.811263052789643e-20
0.10269834074479463,0.09371485487156013,0.10285801995113088,0.09415729014245292,0.1176137924194336,0.009750646527217351,0.009750158950261323,0.0671842098236084,9.807506371364878e-20
0.10268289309637733,0.0936919597220898,0.10284324312143488,0.09413592540518488,0.11648797988891602,0.009750694639782544,0.009750207060932325,0.06723213195800781,9.803767719204934e-20
0.10266751887762092,0.0936691779704893,0.10282854021384764,0.09411467389081964,0.11699080467224121,0.009750737348372205,0.009750249767748187,0.06696009635925293,9.800047012466682e-20
0.10265221772177764,0.09364650905017752,0.10281391085875317,0.09409353503051487,0.11789798736572266,0.009750774708043614,0.009750287124887791,0.06713533401489258,9.796344167930829e-20
0.10263698926392918,0.09362395239740258,0.10279935468838358,0.09407250825829441,0.12232542037963867,0.009750806773290545,0.00975031918901692,0.07009077072143555,9.792659121833086e-20
0.10262183314097727,0.09360150745122782,0.10278487133680987,0.09405159301103372,0.12159419059753418,0.009750833598045247,0.009750346012360467,0.06684064865112305,9.788991805740713e-20
0.10260674899163486,0.09357917365351777,0.10277046043993275,0.09403078872844536,0.12020659446716309,0.009750855235693596,0.00975036764927495,0.0676572322845459,9.785342176402239e-20
0.10259173645641705,0.09355695044892412,0.10275612163547344,0.09401009485306452,0.12033915519714355,0.009750871739070974,0.009750384151807623,0.06795907020568848,9.781710120574084e-20
0.10257679517763205,0.09353483728487186,0.10274185456296463,0.09398951083023473,0.11990904808044434,0.009750883160476035,0.00975039557253865,0.06769680976867676,9.778103496029121e-20
0.10256192479937232,0.0935128336115455,0.10272765886374133,0.09396903610809354,0.1206209659576416,0.009750889551669417,0.009750401963515287,0.06786179542541504,9.774524867438654e-20
0.10254712496750572,0.09349093888187522,0.10271353418093199,0.09394867013755846,0.12005043029785156,0.009750890963882196,0.009750403375186067,0.06791114807128906,9.770963597014823e-20
0.10253239532966657,0.09346915255152326,0.10269948015944941,0.09392841237231263,0.11919188499450684,0.009750887447825443,0.009750399860131154,0.06775283813476562,9.767419662482714e-20
0.102517735535247,0.09344747407887022,0.10268549644598188,0.0939082622687908,0.11961126327514648,0.009750879053686125,0.009750391465779273,0.06809735298156738,9.76389291396207e-20
0.10250314523538806,0.09342590292500157,0.10267158268898428,0.09388821928616552,0.12009549140930176,0.00975086583114496,0.009750378243644775,0.0679018497467041,9.760383345771665e-20
0.10248862408297114,0.09340443855369411,0.10265773853866927,0.09386828288633299,0.1212158203125,0.009750847829370302,0.009750360243643286,0.06919145584106445,9.756890878625526e-20
0.1024741717326092,0.0933830804314026,0.1026439636469985,0.09384845253389937,0.12089133262634277,0.009750825097027082,0.009750337512137719,0.06319689750671387,9.753415416401507e-20
0.10245978784063828,0.09336182802724637,0.10263025766767382,0.09382872769616707,0.12014484405517578,0.009750797682288167,0.009750310098866066,0.06287002563476562,9.749956875115025e-20
0.1024454720651088,0.09334068081299603,0.10261662025612862,0.09380910784312092,0.1199648380279541,0.009750765632827793,0.009750278051612327,0.06202411651611328,9.746515301745888e-20
0.10243122406577714,0.09331963826306028,0.10260305106951918,0.09378959244741458,0.11846661567687988,0.009750728995837201,0.009750241415851235,0.06196093559265137,9.743090448437159e-20
0.10241704350409707,0.09329869985447273,0.10258954976671603,0.093770180984357,0.11969423294067383,0.009750687818027608,0.00975020024025497,0.06160879135131836,9.739682375076906e-20
0.10240293004321133,0.09327786506687881,0.10257611600829536,0.09375087293189892,0.11940240859985352,0.009750642145630005,0.009750154569942993,0.06200289726257324,9.736290974001273e-20
0.1023888833479432,0.09325713338252274,0.10256274945653053,0.09373166777061956,0.12006068229675293,0.009750592024403915,0.009750104451811126,0.062314510345458984,9.73291617567803e-20
0.10237490308478822,0.0932365042862346,0.10254944977538359,0.09371256498371323,0.11691713333129883,0.009750537499639576,0.009750049929380111,0.06216597557067871,9.729557864919034e-20
0.10236098892190569,0.09321597726541742,0.10253621663049681,0.09369356405697592,0.11746358871459961,0.009750478616170528,0.009749991048657591,0.0631263256072998,9.726216044745397e-20
0.10234714052911056,0.09319555181003426,0.10252304968918426,0.09367466447879222,0.11531496047973633,0.009750415418368368,0.009749927854230123,0.06219291687011719,9.722890652570101e-20
0.10233335757786508,0.09317522741259558,0.1025099486204235,0.0936558657401222,0.12387275695800781,0.009750347950150765,0.009749860389263176,0.06792950630187988,9.719581529695367e-20
0.10231963974127069,0.09315500356814649,0.10249691309484722,0.0936371673344883,0.1187582015991211,0.009750276254991806,0.009749788698165673,0.06704854965209961,9.716288702792058e-20
0.10230598669405984,0.09313487977425404,0.10248394278473502,0.09361856875796233,0.11749434471130371,0.009750200375917811,0.009749712822859635,0.067626953125,9.713011989358653e-20
0.10229239811258785,0.0931148555309947,0.10247103736400509,0.09360006950915255,0.12058329582214355,0.009750120355519044,0.009749632806155262,0.06611824035644531,9.709751471351366e-20
0.1022788736748248,0.09309493034094188,0.10245819650820609,0.09358166908919081,0.11934494972229004,0.009750036235949906,0.009749548691573295,0.06638908386230469,9.706507012052464e-20
0.10226541306034756,0.09307510370915338,0.10244541989450895,0.09356336700171972,0.12126946449279785,0.009749948058933906,0.009749460518726494,0.06425094604492188,9.703278477264006e-20
0.10225201595033168,0.09305537514315908,0.10243270720169881,0.0935451627528798,0.11920404434204102,0.009749855865772126,0.009749368330425057,0.06358599662780762,9.700065901124634e-20
0.10223868202754358,0.09303574415294856,0.10242005811016688,0.09352705585129709,0.1206204891204834,0.00974975969734315,0.009749272166459377,0.06343555450439453,9.696869148551367e-20
0.10222541097633255,0.09301621025095884,0.1024074723019025,0.0935090458080704,0.12173128128051758,0.009749659594108324,0.009749172068396206,0.0631561279296875,9.693689241435751e-20
0.10221220248262287,0.0929967729520622,0.10239494946048505,0.09349113213675866,0.12034344673156738,0.009749555596115938,0.009749068075493028,0.0627906322479248,9.690540049994594e-20
0.10219905623390596,0.09297743177355401,0.10238248927107606,0.09347331435336867,0.12017178535461426,0.009749447743007976,0.009748960227895509,0.06223106384277344,9.687406993954241e-20
0.10218597191923257,0.0929581862351406,0.10237009142041127,0.0934555919763425,0.12821364402770996,0.009749336074020341,0.009748848564861134,0.06299614906311035,9.684289485155773e-20
0.10217294922920503,0.09293903585892734,0.1023577555967928,0.09343796452654525,0.12520933151245117,0.009749220627988761,0.009748733124581577,0.06662511825561523,9.681187553936813e-20
0.1021599878559696,0.09291998016940654,0.1023454814900813,0.09342043152725273,0.1212320327758789,0.009749101443358058,0.009748613945603779,0.06647610664367676,9.678101037226724e-20
0.10214708749320858,0.09290101869344569,0.1023332687916881,0.09340299250413922,0.1144254207611084,0.009748978558176752,0.009748491067185228,0.0634164810180664,9.675029872256237e-20
0.10213424783613294,0.09288215096027547,0.10232111719456753,0.09338564698526541,0.11979079246520996,0.009748852010105615,0.009748364525385966,0.06420254707336426,9.671974052640255e-20
0.10212146858147444,0.09286337650147802,0.1023090263932092,0.09336839450106617,0.12799429893493652,0.009748721836424685,0.009748234358220031,0.0682222843170166,9.668933489819349e-20
0.10210874942747829,0.09284469485097523,0.10229699608363026,0.09335123458433864,0.11382365226745605,0.00974858807403264,0.009748100602813281,0.06405496597290039,9.665908119793611e-20
0.10209609007389539,0.09282610554501707,0.10228502596336783,0.09333416677023013,0.12120389938354492,0.009748450759453077,0.009747963295048123,0.0627281665802002,9.662897869596705e-20
0.10208349022197502,0.0928076081221699,0.1022731157314714,0.09331719059622637,0.12408185005187988,0.009748309928836735,0.009747822471695144,0.06324362754821777,9.6599026423109e-20
0.10207094957445738,0.092789202123305,0.10226126508849517,0.09330030560213964,0.1246490478515625,0.009748165617967042,0.009747678167748575,0.06584453582763672,9.656922460416416e-20
0.1020584678355659,0.09277088709158705,0.10224947373649067,0.0932835113300969,0.12200379371643066,0.009748017862263498,0.009747530418913186,0.06740427017211914,9.653957208441606e-20
0.10204604471100019,0.09275266257246265,0.10223774137899916,0.0932668073245281,0.11440515518188477,0.009747866696786157,0.00974737926178193,0.06351852416992188,9.651006744897903e-20
0.10203367990792847,0.09273452811364893,0.10222606772104423,0.09325019313215449,0.11939024925231934,0.009747712156234713,0.009747224728506865,0.06403779983520508,9.648071159162484e-20
0.10202137313498037,0.0927164832651223,0.10221445246912439,0.093233668301977,0.1257946491241455,0.00974755427496077,0.009747066855680941,0.0662240982055664,9.64515026810216e-20
0.1020091241022396,0.09269852757910711,0.10220289533120569,0.0932172323852649,0.12225556373596191,0.009747393086959141,0.009746905675456219,0.06832480430603027,9.642244062094382e-20
0.10199693252123666,0.09268066061006444,0.10219139601671434,0.09320088493554407,0.11527276039123535,0.009747228625886329,0.009746741223004562,0.06453299522399902,9.639352443734992e-20
0.10198479810494172,0.09266288191468096,0.1021799542365295,0.09318462550858564,0.12587475776672363,0.00974706092505197,0.009746573530300395,0.0633234977722168,9.636475401460917e-20
0.1019727205677574,0.0926451910518578,0.1021685697029759,0.09316845366239465,0.11742305755615234,0.009746890017429743,0.009746402631272133,0.06326603889465332,9.633612777878511e-20
0.10196069962551167,0.09262758758269952,0.10215724212981674,0.0931523689571987,0.12309908866882324,0.009746715935656581,0.00974622855824947,0.06373715400695801,9.630764639195195e-20
0.10194873499545076,0.09261007107050313,0.10214597123224638,0.09313637095543693,0.12785983085632324,0.009746538712035813,0.009746051343562101,0.06774282455444336,9.627930796437542e-20
0.10193682639623204,0.09259264108074712,0.10213475672688326,0.09312045922174848,0.11717486381530762,0.009746358378545667,0.009745871019006813,0.06670904159545898,9.62511132368319e-20
0.10192497354791705,0.09257529718108057,0.10212359833176274,0.09310463332296154,0.11561417579650879,0.009746174966837724,0.009745687616913301,0.06393265724182129,9.622306019632746e-20
0.1019131761719644,0.09255803894131234,0.10211249576633002,0.09308889282808223,0.117828369140625,0.009745988508239205,0.00974550116712436,0.06281495094299316,9.619514967569796e-20
0.10190143399122295,0.0925408659334003,0.10210144875143314,0.09307323730828364,0.12499380111694336,0.009745799033764902,0.00974531170250259,0.06586122512817383,9.61674423164001e-20
0.10188974672992486,0.09252377773144059,0.10209045700931588,0.09305766633689486,0.1237642765045166,0.009745606574108487,0.009745119252535517,0.06617450714111328,9.613995806191938e-20
0.10187811411367856,0.09250677391165693,0.10207952026361085,0.09304217948938992,0.12405896186828613,0.00974541115965466,0.009744923847954112,0.06755757331848145,9.611261413237415e-20
0.10186653586946204,0.09248985405239006,0.10206863823933252,0.09302677634337717,0.11722517013549805,0.009745212820479597,0.009744725518956443,0.06670188903808594,9.608540901693036e-20
0.10185501172561602,0.09247301773408712,0.10205781066287031,0.09301145647858831,0.11536908149719238,0.00974501158635207,0.009744524294852397,0.06330537796020508,9.605834212816601e-20
0.10184354141183707,0.09245626453929115,0.10204703726198172,0.09299621947686772,0.1178898811340332,0.009744807486739428,0.009744320205484769,0.06276917457580566,9.603141376436974e-20
0.10183212465917088,0.09243959405263065,0.10203631776578548,0.09298106492216172,0.12167596817016602,0.009744600550810376,0.009744113279808175,0.06342220306396484,9.600462310045639e-20
0.10182076120000563,0.09242300586080918,0.10202565190475474,0.09296599240050807,0.1269996166229248,0.009744390807436727,0.009743903546777233,0.06664490699768066,9.597796887508578e-20
0.10180945076806519,0.09240649955259496,0.10201503941071033,0.09295100150002523,0.12123441696166992,0.009744178285196971,0.00974369103570183,0.06848025321960449,9.595145107215429e-20
0.1017981930984025,0.09239007471881058,0.10200448001681398,0.09293609181090194,0.11559700965881348,0.009743963012377694,0.009743475773404953,0.06467103958129883,9.592506803790266e-20
0.10178698792739307,0.0923737309523228,0.10199397345756163,0.09292126292538673,0.12502455711364746,0.009743745016982434,0.009743257789018855,0.0669698715209961,9.589882045116635e-20
0.10177583499272816,0.09235746784803228,0.1019835194687768,0.09290651443777752,0.11553025245666504,0.009743524326726188,0.009743037109721797,0.06503057479858398,9.587270743957671e-20
0.10176473403340841,0.09234128500286347,0.1019731177876039,0.09289184594441122,0.11418294906616211,0.009743300969045687,0.009742813763224945,0.06331086158752441,9.584672770877913e-20
0.10175368478973729,0.09232518201575445,0.1019627681525016,0.0928772570436534,0.11713767051696777,0.009743074971097816,0.009742587776351286,0.06257152557373047,9.582088139591337e-20
0.10174268700331442,0.092309158487647,0.10195247030323634,0.09286274733588817,0.12099266052246094,0.00974284635976317,0.009742359176989623,0.06428742408752441,9.579516833647961e-20
0.10173174041702934,0.09229321402147644,0.10194222398087574,0.09284831642350778,0.12451744079589844,0.009742615161649301,0.009742127990186589,0.06401300430297852,9.576958632159692e-20
0.10172084477505504,0.09227734822216184,0.10193202892778211,0.09283396391090268,0.12340831756591797,0.009742381403095725,0.009741894243475713,0.0675652027130127,9.574413627843963e-20
0.10170999982284146,0.09226156069659602,0.10192188488760595,0.09281968940445127,0.12066268920898438,0.009742145110173177,0.009741657962258898,0.0679776668548584,9.5718816883623e-20
0.10169920530710927,0.09224585105363572,0.10191179160527955,0.09280549251251001,0.11619186401367188,0.009741906308689183,0.009741419172470955,0.06549692153930664,9.569362768258265e-20
0.10168846097584344,0.0922302189040918,0.10190174882701054,0.09279137284540305,0.12445759773254395,0.009741665024186587,0.009741177900757236,0.06879162788391113,9.566856842937234e-20
0.10167776657828687,0.09221466386071951,0.10189175630027557,0.09277733001541283,0.11810588836669922,0.009741421281951445,0.009740934170743287,0.06744742393493652,9.564363811767004e-20
0.10166712186493436,0.09219918553820872,0.10188181377381386,0.0927633636367698,0.11449766159057617,0.009741175107013379,0.009740688007831011,0.06445908546447754,9.561883634774254e-20
0.10165652658752612,0.09218378355317433,0.10187192099762103,0.0927494733256427,0.11520051956176758,0.009740926524148685,0.00974043943742231,0.06344270706176758,9.559416269771333e-20
0.10164598049904176,0.09216845752414664,0.10186207772294269,0.09273565870012873,0.11612415313720703,0.009740675557879951,0.00974018848403091,0.06276679039001465,9.556961624775723e-20
0.10163548335369393,0.09215320707156177,0.10185228370226825,0.09272191938024378,0.11757206916809082,0.00974042223248244,0.00973993517145999,0.06273555755615234,9.554519673648626e-20
0.10162503490692225,0.09213803181775218,0.10184253868932469,0.09270825498791295,0.12116336822509766,0.009740166571986007,0.009739679523512734,0.06336259841918945,9.552090445952759e-20
0.1016146349153873,0.09212293138693721,0.10183284243907041,0.09269466514696058,0.12250232696533203,0.009739908600176546,0.009739421564347595,0.06389999389648438,9.549680557743412e-20
0.10160428313696444,0.09210790540521359,0.10182319470768902,0.09268114948310102,0.12723231315612793,0.009739648340597425,0.009739161318123024,0.06676292419433594,9.547288922524232e-20
0.10159397933073766,0.09209295350054615,0.10181359525258321,0.0926677076239287,0.11866092681884766,0.009739385816553946,0.009738898807398755,0.06619119644165039,9.544909749120088e-20
0.10158372325699372,0.09207807530275845,0.10180404383236868,0.09265433919890893,0.12568116188049316,0.009739121051117242,0.009738634055267426,0.06665539741516113,9.542543012582598e-20
0.10157351467721613,0.09206327044352354,0.1017945402068681,0.09264104383936839,0.12306332588195801,0.009738854067121626,0.009738367084466404,0.06809616088867188,9.540188563417229e-20
0.10156335335407908,0.09204853855635466,0.101785084137105,0.09262782117848559,0.1198880672454834,0.009738584887172115,0.009738097918088329,0.06910181045532227,9.53784642656136e-20
0.10155323905144159,0.0920338792765961,0.10177567538529786,0.09261467085128167,0.11658167839050293,0.009738313533643074,0.009737826578160025,0.06683683395385742,9.53551652954603e-20
0.10154317153434166,0.0920192922414141,0.10176631371485403,0.09260159249461103,0.11740946769714355,0.009738040028683694,0.009737553087241224,0.06705784797668457,9.533198733912201e-20
0.10153315056899023,0.09200477708978767,0.1017569988903639,0.09258858574715204,0.11558413505554199,0.009737764394217542,0.009737277466292937,0.06522679328918457,9.530893183243012e-20
0.10152317592276545,0.09199033346249962,0.10174773067759486,0.09257565024939807,0.11496925354003906,0.009737486651946648,0.009736999738052532,0.06508207321166992,9.528599627557298e-20
0.10151324736420686,0.09197596100212746,0.10173850884348556,0.09256278564364795,0.11542463302612305,0.009737206823353387,0.009736719923658654,0.06412386894226074,9.526318082563549e-20
0.10150336466300959,0.09196165935303455,0.10172933315613993,0.09254999157399714,0.11533474922180176,0.009736924929700835,0.009736438043539408,0.06322002410888672,9.524048520429229e-20
0.1014935275900185,0.0919474281613611,0.10172020338482138,0.09253726768632851,0.1248021125793457,0.00973664099203989,0.009736154120254525,0.06701231002807617,9.521790799504294e-20
0.10148373591722257,0.09193326707501535,0.10171111929994704,0.09252461362830343,0.11650228500366211,0.009736355031206649,0.00973586817423211,0.06689095497131348,9.519545002568246e-20
0.10147398941774924,0.09191917574366473,0.101702080673082,0.09251202904935278,0.11594939231872559,0.009736067067824063,0.009735580225012086,0.0657033920288086,9.517310949233715e-20
0.10146428786585858,0.09190515381872705,0.10169308727693346,0.092499513600668,0.11597204208374023,0.009735777122309906,0.009735290294443644,0.06479716300964355,9.515088672422324e-20
0.10145463103693769,0.09189120095336178,0.10168413888534521,0.09248706693519207,0.11578965187072754,0.009735485214872422,0.009734998401711437,0.0646212100982666,9.512878129041223e-20
0.10144501870749517,0.0918773168024614,0.10167523527329175,0.09247468870761084,0.11513471603393555,0.00973519136551644,0.009734704566533026,0.06477737426757812,9.510679209679298e-20
0.10143545065515547,0.09186350102264265,0.10166637621687276,0.09246237857434421,0.1150510311126709,0.00973489559404622,0.009734408810402329,0.06466937065124512,9.508491758259501e-20
0.10142592665865333,0.09184975327223802,0.10165756149330742,0.09245013619353745,0.1163475513458252,0.009734597920059415,0.009734111150727642,0.06479763984680176,9.506315906144495e-20
0.10141644649782817,0.09183607321128712,0.10164879088092885,0.0924379612250522,0.1168832778930664,0.009734298362963183,0.009733811609002885,0.06503868103027344,9.504151556417699e-20
0.10140700995361876,0.0918224605015282,0.1016400641591785,0.09242585333045816,0.11546993255615234,0.009733996941962064,0.009733510203524531,0.06459522247314453,9.501998610773288e-20
0.10139761680805762,0.09180891480638964,0.10163138110860066,0.09241381217302437,0.12304401397705078,0.009733693676069249,0.009733206952411422,0.06950044631958008,9.499857052781943e-20
0.10138826684426551,0.0917954357909815,0.10162274151083689,0.09240183741771052,0.11937594413757324,0.009733388584106772,0.009732901875381117,0.06892967224121094,9.49772681635885e-20
0.1013789598464462,0.09178202312208718,0.10161414514862055,0.09238992873115849,0.11983752250671387,0.009733081684704395,0.00973259499161827,0.06952404975891113,9.495607851495123e-20
0.1013696955998808,0.091768676468155,0.10160559180577136,0.09237808578168387,0.11970305442810059,0.009732772996300581,0.009732286318708816,0.06926918029785156,9.493500150487436e-20
0.10136047389092255,0.09175539549928993,0.10159708126718997,0.09236630823926759,0.11850643157958984,0.009732462537152063,0.009731975875482135,0.06874465942382812,9.491407168289296e-20
0.1013512945069916,0.09174217988724531,0.10158861331885251,0.09235459577554744,0.11846733093261719,0.009732150325327139,0.009731663678991254,0.0693659782409668,9.489332507545548e-20
0.10134215723656938,0.09172902930541463,0.10158018774780526,0.09234294806380976,0.11864852905273438,0.009731836378715419,0.009731349748598461,0.06817626953125,9.4872688504935e-20
0.10133306186919354,0.09171594342882326,0.1015718043421593,0.09233136477898106,0.11796355247497559,0.009731520715020479,0.009731034099935698,0.06783652305603027,9.485216258535272e-20
0.10132400819545262,0.09170292193412044,0.10156346289108514,0.09231984559761977,0.11854743957519531,0.009731203351772695,0.00973071675289816,0.06816816329956055,9.483174625833794e-20
0.10131499600698084,0.09168996449957109,0.10155516318480748,0.09230839019790807,0.11826801300048828,0.009730884306319824,0.009730397723473061,0.06936001777648926,9.481143940151413e-20
0.10130602509645285,0.09167707080504771,0.10154690501459988,0.09229699825964355,0.11838865280151367,0.009730563595835783,0.009730077028713424,0.06610918045043945,9.479124038131893e-20
0.10129709525757857,0.09166424053202245,0.10153868817277958,0.09228566946423129,0.1231534481048584,0.009730241237324123,0.009729754686915726,0.06707239151000977,9.47711501478053e-20
0.101288206285098,0.09165147336355904,0.10153051245270221,0.09227440349467561,0.1234891414642334,0.009729917247610227,0.009729430713711906,0.06722259521484375,9.475116730402177e-20
0.10127935797477604,0.09163876898430487,0.10152237764875667,0.09226320003557208,0.12178897857666016,0.009729591643355009,0.009729105125622084,0.06721663475036621,9.473129140287584e-20
0.10127055012339739,0.0916261270804831,0.1015142835563599,0.09225205877309943,0.12126970291137695,0.009729264441048211,0.009728777939344013,0.06748437881469727,9.471152262811632e-20
0.10126178252876163,0.09161354733988475,0.1015062299719518,0.0922409793950117,0.12045717239379883,0.009728935657014852,0.009728449172285991,0.068023681640625,9.469185961627143e-20
0.10125305498967793,0.09160102945186091,0.10149821669299006,0.09222996159063006,0.120574951171875,0.009728605307411466,0.00972811883919178,0.0684041976928711,9.467230231444667e-20
0.10124436730596015,0.09158857310731497,0.10149024351794507,0.09221900505083504,0.12117147445678711,0.0097282734082338,0.009727786956226225,0.06848764419555664,9.465285054510318e-20
0.10123571927842175,0.09157617799869477,0.10148231024629495,0.09220810946805884,0.12121129035949707,0.009727939975316851,0.009727453540442355,0.06833934783935547,9.46335033579266e-20
0.10122711070887098,0.09156384381998502,0.10147441667852039,0.0921972745362772,0.12100815773010254,0.009727605024334266,0.009727118606406293,0.06741142272949219,9.46142602837971e-20
0.10121854140010575,0.09155157026669952,0.1014665626160997,0.09218649995100185,0.12207579612731934,0.00972726857079929,0.009726782169749981,0.07016372680664062,9.459512143758723e-20
0.10121001115590865,0.0915393570358736,0.10145874786150381,0.09217578540927258,0.12126755714416504,0.00972693063007313,0.009726444245572452,0.06349420547485352,9.45760848551303e-20
0.10120151978104214,0.0915272038260564,0.10145097221819133,0.0921651306096498,0.12087416648864746,0.009726591217358107,0.009726104849860917,0.0628662109375,9.45571514120928e-20
0.10119306708124375,0.09151511033730352,0.10144323549060355,0.09215453525220672,0.11815977096557617,0.009726250347703838,0.009725763997181502,0.06600570678710938,9.453832022423236e-20
0.10118465286322102,0.09150307627116927,0.10143553748415961,0.09214399903852168,0.12745165824890137,0.00972590803600799,0.009725421702988513,0.06925296783447266,9.451959184753775e-20
0.10117627693464681,0.09149110133069935,0.10142787800525152,0.09213352167167066,0.1178889274597168,0.009725564297016081,0.009725077981137531,0.06403851509094238,9.450096349632466e-20
0.10116793910415439,0.09147918522042331,0.10142025686123937,0.09212310285621966,0.12791705131530762,0.009725219145328319,0.00972473284672759,0.06908464431762695,9.448243697096184e-20
0.10115963918133267,0.0914673276463472,0.10141267386044646,0.09211274229821724,0.11891317367553711,0.009724872595394451,0.009724386314324818,0.06402420997619629,9.446401038972837e-20
0.10115137697672151,0.09145552831594615,0.1014051288121545,0.09210243970518707,0.1272265911102295,0.009724524661518925,0.009724038397962431,0.06801223754882812,9.444568417379192e-20
0.10114315230180694,0.09144378693815705,0.10139762152659876,0.09209219478612053,0.12708115577697754,0.00972417535786305,0.00972368911167365,0.06381607055664062,9.442745709809455e-20
0.10113496496901639,0.09143210322337127,0.10139015181496337,0.09208200725146919,0.1263113021850586,0.009723824698444107,0.009723338469314058,0.06696724891662598,9.440933277617806e-20
0.10112681479171419,0.09142047688342736,0.10138271948937656,0.09207187681313742,0.11767101287841797,0.00972347269713806,0.009722986486160323,0.06492018699645996,9.439136580676726e-20
0.10111870158419647,0.09140890763160388,0.10137532436290592,0.09206180318447539,0.1266474723815918,0.009723119367679023,0.009722633174114037,0.06696510314941406,9.437352459037505e-20
0.1011106251616869,0.09139739518261211,0.1013679662495537,0.09205178608027147,0.11815667152404785,0.009722764723665836,0.009722278548274232,0.06484222412109375,9.435578159570017e-20
0.10110258534033191,0.09138593925258902,0.10136064496425218,0.09204182521674509,0.12666010856628418,0.009722408778558357,0.009721922620720136,0.06697416305541992,9.433813566356867e-20
0.10109458193719618,0.09137453955909004,0.10135336032285897,0.09203192031153955,0.11818265914916992,0.009722051545679832,0.009721565405484967,0.06540942192077637,9.432058658476228e-20
0.10108661477025793,0.09136319582108204,0.10134611214215239,0.09202207108371493,0.12915563583374023,0.009721693038219662,0.009721206916424308,0.06426429748535156,9.430313404846427e-20
0.10107868365840444,0.09135190775893627,0.1013389002398269,0.09201227725374081,0.12842464447021484,0.0097213332692322,0.009720847164906843,0.06905817985534668,9.428577683991874e-20
0.10107078842142761,0.09134067509442134,0.10133172443448851,0.09200253854348903,0.11796808242797852,0.009720972251644698,0.009720486166031606,0.06436014175415039,9.42685150230915e-20
0.10106292888001925,0.0913294975506962,0.10132458454565019,0.09199285467622706,0.1274416446685791,0.009720609998248963,0.009720123930634372,0.06860709190368652,9.425134855612643e-20
0.1010551048557667,0.0913183748523033,0.10131748039372734,0.09198322537661067,0.11820173263549805,0.009720246521710598,0.009719760472925998,0.06426739692687988,9.423427657083647e-20
0.10104731617114837,0.09130730672516157,0.10131041180003333,0.09197365037067708,0.1272566318511963,0.009719881834565559,0.009719395803386988,0.06881856918334961,9.421729849357329e-20
0.10103956264952921,0.09129629289655963,0.10130337858677495,0.09196412938583778,0.12477636337280273,0.009719515949226152,0.00971902993605056,0.07276439666748047,9.42004141936775e-20
0.10103184411515648,0.09128533309514887,0.10129638057704797,0.09195466215087182,0.1270003318786621,0.009719148877978043,0.009718662883706486,0.06697630882263184,9.418362271598303e-20
0.10102416039315504,0.09127442705093673,0.10128941759483269,0.09194524839591887,0.11856460571289062,0.009718780632980718,0.009718294657012905,0.06487369537353516,9.416692417850086e-20
0.10101651130952331,0.09126357449527985,0.10128248946498952,0.09193588785247243,0.12251472473144531,0.009718411226273614,0.009717925268759586,0.06573319435119629,9.415031778217856e-20
0.10100889669112872,0.09125277516087738,0.10127559601325459,0.09192658025337289,0.12295007705688477,0.009718040669774226,0.009717554731381028,0.06726765632629395,9.41338034229804e-20
0.10100131636570336,0.09124202878176427,0.10126873706623533,0.09191732533280075,0.12127113342285156,0.00971766897527812,0.009717183055535372,0.06609511375427246,9.411738088651585e-20
0.1009937701618397,0.09123133509330457,0.10126191245140617,0.09190812282627002,0.12465620040893555,0.009717296154464016,0.009716810252591301,0.06701493263244629,9.410104877557086e-20
0.10098625790898634,0.09122069383218481,0.10125512199710417,0.09189897247062152,0.12934017181396484,0.00971692221889417,0.009716436335871492,0.0735788345336914,9.408480758883107e-20
0.10097877943744368,0.09121010473640745,0.1012483655325247,0.09188987400401598,0.1284775733947754,0.009716547180010707,0.00971606131585645,0.06841158866882324,9.406865675238872e-20
0.10097133457835977,0.09119956754528417,0.10124164288771718,0.09188082716592755,0.11461520195007324,0.00971617104914116,0.00971568520427013,0.06337261199951172,9.405259567801628e-20
0.10096392316372602,0.09118908199942949,0.1012349538935808,0.09187183169713711,0.12617897987365723,0.009715793837499,0.009715308011415402,0.06807279586791992,9.403662362922521e-20
0.10095654502637294,0.09117864784075412,0.10122829838186022,0.09186288733972592,0.11798572540283203,0.009715415556185828,0.009714929748838586,0.0645902156829834,9.40207406537353e-20
0.10094919999996603,0.0911682648124586,0.10122167618514143,0.09185399383706881,0.127089262008667,0.009715036216191568,0.009714550428263635,0.06735610961914062,9.400494624553521e-20
0.10094188791900154,0.09115793265902679,0.10121508713684747,0.09184515093382768,0.12180376052856445,0.009714655828392581,0.009714170058749971,0.06637692451477051,9.39892400426615e-20
0.10093460861880241,0.09114765112621948,0.10120853107123431,0.09183635837594516,0.12847542762756348,0.009714274403559668,0.009713788653797906,0.07395124435424805,9.397362139229877e-20
0.10092736193551406,0.09113741996106803,0.10120200782338662,0.09182761591063811,0.1262960433959961,0.009713891952349195,0.00971340622157868,0.06703329086303711,9.395809280037042e-20
0.10092014770610039,0.09112723891186798,0.10119551722921365,0.0918189232863913,0.11821985244750977,0.009713508485315917,0.009713022773283342,0.06540632247924805,9.394269666166756e-20
0.10091296576833955,0.09111710772817279,0.10118905912544512,0.09181028025295092,0.1189432144165039,0.009713124012905597,0.009712638320813483,0.06424641609191895,9.392741282848054e-20
0.10090581596082007,0.0911070261607875,0.10118263334962714,0.0918016865613181,0.1286168098449707,0.0097127385454578,0.009712252871985072,0.06930279731750488,9.391221504341071e-20
0.10089869812293657,0.09109699396176252,0.10117623974011804,0.09179314196374297,0.11676526069641113,0.009712352093210082,0.00971186643958788,0.06464433670043945,9.389710315438104e-20
0.10089161209488598,0.09108701088438742,0.10116987813608441,0.09178464621371808,0.12606239318847656,0.00971196466629488,0.009711479031970782,0.06705880165100098,9.388207641569347e-20
0.10088455771766346,0.09107707668318467,0.10116354837749701,0.09177619906597217,0.11960434913635254,0.009711576274744447,0.009711090660502464,0.06638693809509277,9.386713460649165e-20
0.10087753483305832,0.09106719111390357,0.10115725030512673,0.09176780027646404,0.1269850730895996,0.00971118692848673,0.009710701333354166,0.06331896781921387,9.385227672697539e-20
0.10087054328365017,0.09105735393351409,0.10115098376054066,0.09175944960237634,0.12701058387756348,0.009710796637353528,0.0097103110615393,0.06556153297424316,9.383750322152502e-20
0.10086358291280491,0.09104756490020072,0.10114474858609801,0.0917511468021095,0.12304997444152832,0.009710405411075661,0.009709919855538374,0.06738138198852539,9.382281344529255e-20
0.1008566535646708,0.09103782377335645,0.10113854462494622,0.09174289163527537,0.11847209930419922,0.009710013259285933,0.009709527723522626,0.06513023376464844,9.380820649707367e-20
0.10084975508417468,0.09102813031357677,0.10113237172101702,0.09173468386269135,0.12384867668151855,0.00970962019151915,0.009709134674729114,0.06698775291442871,9.37936830796755e-20
0.10084288731701792,0.0910184842826536,0.10112622971902248,0.09172652324637423,0.12197566032409668,0.009709226217216831,0.009708740719993614,0.06716084480285645,9.377924164838235e-20
0.10083605010967266,0.09100888544356936,0.10112011846445108,0.09171840954953416,0.11629915237426758,0.009708831345722478,0.009708345868553181,0.06418037414550781,9.376488234379715e-20
0.10082924330937795,0.09099933356049097,0.10111403780356393,0.09171034253656865,0.13115835189819336,0.00970843558628616,0.009707950128756693,0.07269454002380371,9.375060485253523e-20
0.10082246676413589,0.090989828398764,0.10110798758339079,0.09170232197305662,0.1264052391052246,0.009708038948066586,0.009707553510729383,0.06728935241699219,9.373640812225143e-20
0.10081572032270779,0.09098036972490671,0.10110196765172631,0.09169434762575243,0.11817646026611328,0.009707641440127037,0.009707156022287222,0.06685018539428711,9.372229264504428e-20
0.10080900383461043,0.09097095730660422,0.10109597785712617,0.09168641926257999,0.11565303802490234,0.009707243071442578,0.009706757673910715,0.06422019004821777,9.370825782616093e-20
0.10080231715011242,0.09096159091270273,0.10109001804890323,0.091678536652627,0.12655115127563477,0.009706843850894143,0.009706358473238197,0.06475949287414551,9.369430239867695e-20
0.10079566012023017,0.09095227031320367,0.10108408807712388,0.09167069956613881,0.12450122833251953,0.009706443787278009,0.009705958429151451,0.06904268264770508,9.368042767022059e-20
0.10078903259672436,0.09094299527925795,0.10107818779260411,0.09166290777451283,0.11475038528442383,0.009706042889300721,0.009705557551953348,0.0637502670288086,9.366663174895206e-20
0.10078243443209622,0.09093376558316017,0.10107231704690586,0.09165516105029267,0.11759138107299805,0.009705641165576854,0.009705155848394043,0.0635979175567627,9.365291487254656e-20
0.1007758654795837,0.09092458099834301,0.1010664756923333,0.09164745916716242,0.12831687927246094,0.009705238624637933,0.009704753327710591,0.07000946998596191,9.363927699088205e-20
0.10076932559315793,0.09091544129937139,0.10106066358192906,0.09163980189994074,0.12799668312072754,0.009704835274928785,0.009704349998074235,0.06809854507446289,9.362571693536594e-20
0.1007628146275195,0.09090634626193697,0.10105488056947054,0.09163218902457537,0.1176755428314209,0.009704431124810052,0.009703945867656216,0.06650376319885254,9.361223481213603e-20
0.1007563324380948,0.09089729566285244,0.10104912650946629,0.0916246203181374,0.11811661720275879,0.009704026182558513,0.009703540946226497,0.06457066535949707,9.359883079044256e-20
0.1007498788810324,0.09088828928004591,0.10104340125715232,0.09161709555881557,0.12231993675231934,0.009703620456363698,0.009703135240357597,0.06360983848571777,9.358550318756337e-20
0.10074345381319963,0.09087932689255539,0.10103770466848845,0.09160961452591067,0.12599730491638184,0.009703213954336785,0.009702728758753665,0.06822562217712402,9.35722532366676e-20
0.10073705709217862,0.0908704082805232,0.10103203660015474,0.09160217699982993,0.11635732650756836,0.009702806684505835,0.009702321509230671,0.06461429595947266,9.355908861462307e-20
0.10073068857626306,0.09086153322519049,0.10102639690954783,0.09159478276208151,0.1169126033782959,0.009702398654819578,0.009701913500315129,0.06342840194702148,9.354605095340508e-20
0.10072434812445463,0.09085270150889173,0.10102078545477738,0.09158743159526889,0.13016510009765625,0.009701989873143687,0.009701504739112465,0.07173466682434082,9.353308817335449e-20
0.1007180355964592,0.09084391291504922,0.10101520209466253,0.09158012328308547,0.12359094619750977,0.009701580347266056,0.00970109523343865,0.06426620483398438,9.3520201128749e-20
0.10071175085268363,0.09083516722816772,0.10100964668872832,0.091572857610309,0.1242368221282959,0.009701170084898233,0.009700684991820197,0.06789255142211914,9.350738910431138e-20
0.10070549375423203,0.090826464233829,0.10100411909720215,0.0915656343627962,0.11619901657104492,0.009700759093672394,0.009700274021184896,0.06510162353515625,9.349465131663976e-20
0.10069926416290241,0.09081780371868645,0.10099861918101033,0.09155845332747735,0.11698460578918457,0.009700347381143226,0.009699862328815811,0.06503081321716309,9.348198808425081e-20
0.10069306194118319,0.09080918547045977,0.10099314680177451,0.09155131429235074,0.1190500259399414,0.009699934954790521,0.009699449923417092,0.0635995864868164,9.346939859555704e-20
0.1006868869522497,0.09080060927792961,0.10098770182180826,0.09154421704647749,0.12623000144958496,0.009699521822017934,0.00969903681102835,0.06644988059997559,9.345688242501553e-20
0.10068073905996094,0.09079207493093228,0.10098228410411358,0.0915371613799761,0.12162566184997559,0.009699107990156396,0.009698622999998463,0.06893324851989746,9.344444037417634e-20
0.10067461812885596,0.09078358222035446,0.10097689351237746,0.09153014708401708,0.11593103408813477,0.00969869346645969,0.009698208497255223,0.0645749568939209,9.343206997499197e-20
0.1006685240241504,0.09077513093812797,0.10097152991096846,0.09152317395081788,0.12773799896240234,0.009698278258111316,0.009697793310081693,0.06490159034729004,9.341977262778246e-20
0.1006624566117334,0.09076672087722455,0.10096619316493333,0.0915162417736374,0.11651897430419922,0.009697862372220378,0.009697377444872757,0.0650627613067627,9.340754750727802e-20
0.10065641575816406,0.09075835183165065,0.10096088313999355,0.09150935034677087,0.12089419364929199,0.009697445815827956,0.00969696090926675,0.06399679183959961,9.339539384251175e-20
0.1006504013306681,0.0907500235964423,0.10095559970254202,0.09150249946554458,0.12474751472473145,0.009697028595900846,0.009696543709658556,0.06658458709716797,9.338331192656884e-20
0.10064441319713467,0.0907417359676599,0.1009503427196397,0.09149568892631092,0.12378597259521484,0.009696610719339476,0.009696125855107596,0.06947040557861328,9.337130126908009e-20
0.10063845122611281,0.09073348874238317,0.10094511205901222,0.0914889185264429,0.11594986915588379,0.00969619219296899,0.009695707349344218,0.0653696060180664,9.335936128668071e-20
0.10063251528680826,0.09072528171870597,0.1009399075890466,0.09148218806432913,0.11431527137756348,0.009695773023551155,0.009695288201072572,0.06261610984802246,9.334749207767509e-20
0.10062660524908025,0.09071711469573136,0.10093472917878793,0.09147549733936877,0.11655068397521973,0.009695353217778199,0.009694868416154634,0.06264734268188477,9.333569208447237e-20
0.10062072098343813,0.09070898747356644,0.10092957669793606,0.0914688461519665,0.12877655029296875,0.009694932782274769,0.009694448001340561,0.07147336006164551,9.33239619981897e-20
0.10061486236103821,0.09070089985331738,0.10092445001684239,0.09146223430352739,0.12295722961425781,0.009694511723599893,0.009694026964091051,0.06365633010864258,9.331230183841044e-20
0.10060902925368051,0.09069285163708446,0.10091934900650652,0.09145566159645178,0.12611842155456543,0.009694090048242593,0.009693605309912812,0.06633663177490234,9.330071089654319e-20
0.10060322153380549,0.09068484262795709,0.1009142735385731,0.0914491278341306,0.12351846694946289,0.009693667762632184,0.009693183045378362,0.06859016418457031,9.328918799731837e-20
0.10059743907449092,0.0906768726300088,0.10090922348532853,0.0914426328209401,0.11627197265625,0.009693244873129812,0.009692760176704951,0.06662511825561523,9.327773389965179e-20
0.10059168174944869,0.09066894144829242,0.10090419871969782,0.09143617636223693,0.11496567726135254,0.009692821386033931,0.009692336711175642,0.06441068649291992,9.326634812770951e-20
0.10058594943302157,0.09066104888883508,0.10089919911524131,0.09142975826435326,0.11700129508972168,0.00969239730757865,0.00969191265394187,0.06482839584350586,9.325503025459901e-20
0.10058024200018015,0.09065319475863348,0.10089422454615157,0.09142337833459195,0.11778402328491211,0.00969197264393635,0.009691488010865612,0.06405234336853027,9.324377951344998e-20
0.10057455932651972,0.09064537886564893,0.10088927488725023,0.0914170363812216,0.12108635902404785,0.00969154740121881,0.009691062790295746,0.06475830078125,9.32325958647195e-20
0.10056890128825709,0.09063760101880255,0.10088435001398478,0.0914107322134717,0.13159441947937012,0.009691121585471037,0.009690636995429713,0.07284808158874512,9.322148702964456e-20
0.1005632677622274,0.09062986102797056,0.10087944980242551,0.09140446564152785,0.12316322326660156,0.009690695202683638,0.009690210634616392,0.0640871524810791,9.321048315166658e-20
0.10055765862588126,0.09062215870397938,0.10087457412926233,0.09139823647652688,0.12772655487060547,0.009690268258781656,0.009689783711763766,0.0671091079711914,9.31995460975921e-20
0.1005520737572815,0.09061449385860099,0.10086972287180175,0.09139204453055211,0.12198615074157715,0.009689840759635176,0.0096893562341549,0.06906604766845703,9.318867543141024e-20
0.1005465130351002,0.09060686630454812,0.1008648959079637,0.09138588961662862,0.11685013771057129,0.009689412711051098,0.00968892820640832,0.06714940071105957,9.31778693928109e-20
0.1005409763386156,0.09059927585546963,0.10086009311627855,0.09137977154871849,0.11663484573364258,0.009688984118784008,0.009688499636162362,0.06533098220825195,9.316712929026333e-20
0.10053546354770909,0.0905917223259458,0.10085531437588403,0.09137369014171602,0.11465334892272949,0.0096885549885222,0.009688070528035553,0.06340765953063965,9.315645370906257e-20
0.10052997454286218,0.09058420553148361,0.10085055956652215,0.09136764521144322,0.11630964279174805,0.009688125325901785,0.009687640886468785,0.06299829483032227,9.314584314533473e-20
0.10052450920515353,0.09057672528851225,0.10084582856853624,0.09136163657464508,0.11765313148498535,0.009687695136504113,0.009687210718567485,0.06276869773864746,9.313529642366099e-20
0.100519067416256,0.09056928141437838,0.10084112126286793,0.09135566404898485,0.13165712356567383,0.009687264425850536,0.009686780029660724,0.072113037109375,9.312481397185229e-20
0.10051364905843366,0.09056187372734162,0.1008364375310541,0.09134972745303951,0.12241554260253906,0.009686833199408985,0.00968634882436703,0.06338787078857422,9.311439473217505e-20
0.10050825401453879,0.09055450204656997,0.10083177725522399,0.09134382660629525,0.12596368789672852,0.009686401462591842,0.009685917109081288,0.06692981719970703,9.310403971405517e-20
0.10050288216800891,0.09054716619213525,0.1008271403180962,0.09133796132914276,0.12411904335021973,0.009685969220755304,0.009685484889310203,0.06804418563842773,9.309374672423924e-20
0.10049753340286408,0.09053986598500864,0.1008225266029757,0.09133213144287278,0.11768555641174316,0.009685536479204351,0.009685052169317032,0.06714105606079102,9.308351709066544e-20
0.1004922076037037,0.0905326012470561,0.10081793599375101,0.09132633676967147,0.11640143394470215,0.0096851032431901,0.009684618954963753,0.06493139266967773,9.30733495326792e-20
0.10048690465570381,0.09052537180103398,0.10081336837489113,0.0913205771326161,0.11498737335205078,0.009684669517910223,0.009684185251757071,0.06367778778076172,9.306324499376777e-20
0.10048162444461424,0.09051817747058455,0.10080882363144278,0.09131485235567038,0.11582612991333008,0.009684235308510028,0.00968375106413788,0.06422138214111328,9.305320154083872e-20
0.10047636685675551,0.0905110180802315,0.10080430164902741,0.09130916226368019,0.1184084415435791,0.009683800620083574,0.009683316397435249,0.0625922679901123,9.304322028052199e-20
0.1004711317790162,0.0905038934553757,0.10079980231383842,0.09130350668236899,0.12952780723571777,0.009683365457673744,0.009682881256978249,0.07164978981018066,9.30332996335016e-20
0.10046591909885008,0.09049680342229063,0.10079532551263819,0.09129788543833348,0.12213683128356934,0.009682929826274087,0.009682445647207771,0.06391692161560059,9.302344029884745e-20
0.1004607287042732,0.09048974780811816,0.10079087113275531,0.09129229835903926,0.12564897537231445,0.00968249373082518,0.009682009573985795,0.06462478637695312,9.301364125208158e-20
0.10045556048386113,0.09048272644086414,0.10078643906208175,0.09128674527281642,0.12588977813720703,0.009682057176219335,0.009681573040865032,0.06808328628540039,9.300390268898549e-20
0.10045041432674624,0.09047573914939408,0.10078202918907,0.09128122600885516,0.11817479133605957,0.009681620167300188,0.009681136053529826,0.06803417205810547,9.299422409830337e-20
0.1004452901226148,0.09046878576342891,0.10077764140273031,0.09127574039720152,0.11756134033203125,0.00968118270886323,0.009680698617309247,0.06669163703918457,9.298460578783155e-20
0.1004401877617043,0.09046186611354065,0.10077327559262786,0.09127028826875312,0.11420369148254395,0.009680744805653112,0.009680260735933643,0.06417155265808105,9.297504647509895e-20
0.10043510713480067,0.09045498003114817,0.10076893164888004,0.09126486945525483,0.1181478500366211,0.009680306462369177,0.009679822414732087,0.06457281112670898,9.296554640584287e-20
0.10043004813323547,0.09044812734851299,0.10076460946215363,0.09125948378929462,0.11846518516540527,0.009679867683662947,0.009679383658145468,0.06261587142944336,9.295610559514767e-20
0.10042501064888326,0.09044130789873503,0.10076030892366208,0.09125413110429913,0.1298222541809082,0.009679428474139393,0.009678944470969952,0.07179474830627441,9.294672333880544e-20
0.10041999457415893,0.09043452151574845,0.10075602992516282,0.09124881123452963,0.11873698234558105,0.009678988838356077,0.009678504855692438,0.06318116188049316,9.293740223510599e-20
0.10041499980201485,0.09042776803431746,0.10075177235895443,0.09124352401507774,0.12376141548156738,0.00967854878082849,0.009678064821727617,0.0637516975402832,9.292815586761375e-20
0.10041002622593835,0.09042104729003217,0.10074753611787404,0.0912382692818613,0.12720680236816406,0.009678108306019407,0.009677624368542581,0.06788206100463867,9.291898339231403e-20
0.10040507373994889,0.0904143591193045,0.1007433210952946,0.09123304687162014,0.12224125862121582,0.009677667418354435,0.009677183502709852,0.06905460357666016,9.290986892429068e-20
0.1004001422385955,0.09040770335936403,0.10073912718512218,0.09122785662191214,0.11692190170288086,0.009677226122211741,0.009676742228847957,0.0667421817779541,9.290081152450193e-20
0.10039523161695418,0.09040107984825395,0.10073495428179333,0.09122269837110897,0.11553621292114258,0.00967678442192493,0.009676300550509609,0.06465792655944824,9.289181134961927e-20
0.10039034177062514,0.09039448842482693,0.10073080228027242,0.09121757195839207,0.11580061912536621,0.009676342321784675,0.009675858472846244,0.06411409378051758,9.288286715130407e-20
0.10038547259573027,0.09038792892874116,0.10072667107604905,0.09121247722374859,0.11848282814025879,0.009675899826037074,0.009675415999765846,0.06412744522094727,9.287398013548647e-20
0.10038062398891058,0.09038140120045629,0.10072256056513527,0.09120741400796728,0.12949395179748535,0.009675456938887881,0.009674973133932951,0.07183051109313965,9.286514893301333e-20
0.10037579584732344,0.09037490508122942,0.10071847064406317,0.0912023821526345,0.11792278289794922,0.009675013664499594,0.009674529882097715,0.06274008750915527,9.285637377166355e-20
0.10037098806864016,0.0903684404131111,0.10071440120988215,0.09119738150013022,0.12299585342407227,0.009674570006993446,0.009674086246747038,0.06380248069763184,9.284765391269817e-20
0.10036620055104331,0.0903620070389414,0.10071035216015635,0.09119241189362413,0.12742257118225098,0.009674125970449261,0.00967364223232181,0.0661163330078125,9.283898959547406e-20
0.1003614331932243,0.09035560480234593,0.10070632339296208,0.09118747317707147,0.11941933631896973,0.009673681558905486,0.009673197843440562,0.06796908378601074,9.283037973994924e-20
0.10035668589438072,0.09034923354773196,0.10070231480688534,0.09118256519520931,0.1163945198059082,0.009673236776357641,0.00967275308259019,0.06593537330627441,9.282182548629124e-20
0.10035195855421383,0.09034289312028446,0.10069832630101913,0.09117768779355244,0.11523127555847168,0.00967279162676725,0.009672307955810311,0.06405186653137207,9.281332589987563e-20
0.10034725107292612,0.09033658336596223,0.10069435777496105,0.09117284081838953,0.11389827728271484,0.009672346114048845,0.009671862464877279,0.0630791187286377,9.280487966559049e-20
0.10034256335121873,0.09033030413149408,0.10069040912881067,0.09116802411677938,0.11547517776489258,0.009671900242084234,0.009671416615653072,0.06350111961364746,9.279648805549035e-20
0.10033789529028898,0.09032405526437491,0.10068648026316705,0.09116323753654684,0.12199234962463379,0.009671454014711025,0.00967097041026932,0.06209969520568848,9.278815004205546e-20
0.10033324679182797,0.09031783661286193,0.10068257107912633,0.09115848092627915,0.12415409088134766,0.009671007435730478,0.009670523853877455,0.062378883361816406,9.277986551433015e-20
0.10032861775801794,0.09031164802597084,0.1006786814782791,0.09115375413532197,0.11848258972167969,0.009670560508906245,0.009670076949142015,0.06246685981750488,9.277163415036543e-20
0.10032400809153004,0.09030548935347206,0.10067481136270806,0.09114905701377567,0.11983251571655273,0.009670113237963672,0.009669629700859161,0.06313610076904297,9.276345579213437e-20
0.1003194176955217,0.09029936044588689,0.10067096063498544,0.0911443894124915,0.1266014575958252,0.00966966562658877,0.009669182112048702,0.06559038162231445,9.275533037562078e-20
0.10031484647363423,0.09029326115448386,0.10066712919817067,0.09113975118306789,0.12206363677978516,0.00966921767843373,0.00966873418626335,0.06854915618896484,9.274725700649277e-20
0.10031029432999054,0.09028719133127487,0.10066331695580784,0.09113514217784649,0.11639928817749023,0.009668769397112514,0.009668285927233455,0.06634736061096191,9.27392358661275e-20
0.10030576116919263,0.09028115082901159,0.10065952381192333,0.09113056224990873,0.11469244956970215,0.009668320786205891,0.009667837339044638,0.06500244140625,9.273126668864935e-20
0.10030124689631914,0.09027513950118171,0.1006557496710234,0.09112601125307201,0.11452555656433105,0.009667871849251216,0.009667388424183798,0.06413698196411133,9.272334942931753e-20
0.10029675141692304,0.09026915720200528,0.10065199443809181,0.09112148904188583,0.11415481567382812,0.009667422589757302,0.009666939187624735,0.06299448013305664,9.271548354273988e-20
0.1002922746370293,0.09026320378643102,0.10064825801858736,0.09111699547162834,0.1273517608642578,0.009666973011194596,0.009666489631143804,0.06460428237915039,9.27076689358592e-20
0.10028781646313246,0.09025727911013272,0.10064454031844157,0.09111253039830257,0.11390471458435059,0.009666523117000543,0.009666039760070078,0.06313443183898926,9.269990512400321e-20
0.10028337680219433,0.09025138302950558,0.10064084124405631,0.09110809367863289,0.11645221710205078,0.009666072910575998,0.009665589576002276,0.06336808204650879,9.269219369456865e-20
0.1002789555616416,0.09024551540166265,0.10063716070230146,0.09110368517006127,0.1175384521484375,0.00966562239528981,0.009665139083203655,0.0620875358581543,9.268454256286189e-20
0.10027455264936364,0.09023967608443113,0.10063349860051252,0.09109930473074376,0.12034940719604492,0.00966517157447484,0.009664688285404566,0.06262803077697754,9.267695669825121e-20
0.10027016797371006,0.09023386493634901,0.10062985484648833,0.09109495221954685,0.12407040596008301,0.009664720451430618,0.009664237184736635,0.06516194343566895,9.266941997836907e-20
0.1002658014434885,0.09022808181666131,0.10062622934848875,0.09109062749604394,0.12388134002685547,0.00966426902942686,0.009663785785640755,0.06693100929260254,9.266193392156063e-20
0.10026145296796227,0.09022232658531663,0.10062262201523234,0.09108633042051185,0.11728549003601074,0.009663817311696464,0.009663334089893283,0.0669407844543457,9.265449667108407e-20
0.10025712245684815,0.09021659910296367,0.10061903275589404,0.0910820608539272,0.1156153678894043,0.009663365301443969,0.00966288210282329,0.06438636779785156,9.264710883945047e-20
0.10025280982031402,0.0902108992309477,0.10061546148010295,0.091077818657963,0.12278056144714355,0.009662913001835569,0.009662429825496588,0.06749105453491211,9.26397696708686e-20
0.10024851496897669,0.09020522683130702,0.10061190809794003,0.09107360369498499,0.11677742004394531,0.009662460416012542,0.009661977262709343,0.06574153900146484,9.26324797999407e-20
0.1002442378138997,0.0901995817667696,0.10060837251993583,0.09106941582804831,0.13884782791137695,0.009662007547080144,0.009661524416770817,0.07503747940063477,9.262523826894066e-20
0.10023997826659099,0.09019396390074955,0.10060485465706823,0.09106525492089404,0.11703729629516602,0.009661554398113977,0.009661071289457368,0.06369972229003906,9.261804430944397e-20
0.1002357362390007,0.09018837309734376,0.10060135442076024,0.09106112083794561,0.11684060096740723,0.009661100972160424,0.009660617886986245,0.06334042549133301,9.261089922264152e-20
0.10023151164351894,0.09018280922132843,0.10059787172287776,0.09105701344430557,0.12108397483825684,0.00966064727223042,0.009660164209535083,0.06560039520263672,9.260380140197837e-20
0.10022730439297373,0.0901772721381557,0.10059440647572737,0.09105293260575201,0.12166643142700195,0.009660193301309978,0.009659710261544774,0.06775975227355957,9.25967518535118e-20
0.10022311440062862,0.09017176171395028,0.1005909585920541,0.09104887818873546,0.1182863712310791,0.009659739062352917,0.009659256045324582,0.06890439987182617,9.258974885568365e-20
0.10021894158018065,0.09016627781550607,0.10058752798503925,0.09104485006037517,0.11707043647766113,0.0096592845582836,0.009658801564249586,0.06841611862182617,9.258279367039785e-20
0.10021478584575816,0.09016082031028284,0.10058411456829827,0.09104084808845592,0.12105536460876465,0.009658829791996604,0.009658346820273778,0.06818270683288574,9.25758850460573e-20
0.10021064711191863,0.09015538906640287,0.10058071825587847,0.09103687214142468,0.11368083953857422,0.009658374766357853,0.009657891817482778,0.06451010704040527,9.25690230551787e-20
0.10020652529364653,0.09014998395264769,0.10057733896225694,0.09103292208838716,0.11546468734741211,0.009657919484205534,0.00965743655818585,0.06567931175231934,9.256220735564962e-20
0.10020242030635113,0.09014460483845468,0.10057397660233844,0.09102899779910478,0.12204575538635254,0.009657463948348285,0.00965698104504753,0.06679487228393555,9.255543783426959e-20
0.1001983320658645,0.09013925159391395,0.10057063109145314,0.09102509914399115,0.12279057502746582,0.009657008161563993,0.00965652528126526,0.0672903060913086,9.25487148815825e-20
0.10019426048843928,0.09013392408976492,0.1005673023453546,0.0910212259941089,0.12247586250305176,0.009656552126606597,0.009656069268970668,0.06705307960510254,9.254203709139771e-20
0.10019020549074668,0.0901286221973932,0.1005639902802176,0.09101737822116646,0.12330746650695801,0.00965609584620345,0.009655613011894104,0.06792473793029785,9.253540474967609e-20
0.10018616698987431,0.09012334578882729,0.10056069481263606,0.09101355569751465,0.13219571113586426,0.009655639323047922,0.009655156511456653,0.06514978408813477,9.252881793554959e-20
0.1001821449033241,0.09011809473673536,0.10055741585962091,0.09100975829614366,0.12526655197143555,0.009655182559813886,0.009654699770855757,0.0652151107788086,9.252227653015919e-20
0.1001781391490103,0.09011286891442213,0.10055415333859807,0.09100598589067971,0.12315845489501953,0.009654725559144267,0.009654242793288859,0.06499409675598145,9.251577928043797e-20
0.10017414964525743,0.0901076681958256,0.10055090716740629,0.09100223835538179,0.12460947036743164,0.009654268323656663,0.009653785580177043,0.0650486946105957,9.250932694782861e-20
0.10017017631079805,0.09010249245551392,0.10054767726429513,0.09099851556513876,0.12325835227966309,0.009653810855943157,0.009653328135605932,0.06496787071228027,9.250291928862869e-20
0.10016621906477094,0.09009734156868231,0.10054446354792293,0.09099481739546593,0.1301708221435547,0.009653353158566127,0.009652870461351881,0.06731629371643066,9.249655529437799e-20
0.10016227782671898,0.09009221541114976,0.10054126593735473,0.09099114372250211,0.12422037124633789,0.009652895234067219,0.00965241255954652,0.06749558448791504,9.249023586871985e-20
0.1001583525165871,0.09008711385935605,0.10053808435206024,0.0909874944230063,0.12461996078491211,0.009652437084959407,0.009651954433387289,0.06734776496887207,9.248396232570983e-20
0.10015444305472038,0.09008203679035866,0.10053491871191182,0.09098386937435479,0.12490987777709961,0.009651978713730552,0.009651496085361089,0.06725525856018066,9.247774355586525e-20
0.100150549361862,0.09007698408182956,0.1005317689371825,0.09098026845453784,0.12510347366333008,0.009651520122844768,0.009651037517954819,0.06740617752075195,9.247157301270344e-20
0.10014667135915117,0.09007195561205224,0.10052863494854393,0.09097669154215676,0.13234305381774902,0.009651061314740618,0.009650578731701387,0.07192683219909668,9.246544537751237e-20
0.10014280896812121,0.09006695125991863,0.10052551666706437,0.09097313851642079,0.12175798416137695,0.009650602291835819,0.009650119732818041,0.06834077835083008,9.245936052010925e-20
0.10013896211069756,0.09006197090492607,0.10052241401420679,0.09096960925714397,0.12397646903991699,0.009650143056515468,0.009649660520238967,0.06887149810791016,9.245331872717176e-20
0.10013513070919591,0.09005701442717423,0.10051932691182681,0.09096610364474232,0.1269853115081787,0.00964968361115008,0.009649201097339244,0.06858420372009277,9.244731895027795e-20
0.10013131468632012,0.09005208170736216,0.10051625528217081,0.09096262156023063,0.12411332130432129,0.00964922395808163,0.009648741467671584,0.06827259063720703,9.24413620347711e-20
0.10012751396516038,0.09004717262678529,0.10051319904787391,0.09095916288521948,0.12631773948669434,0.00964876409962842,0.009648281632124167,0.06907176971435547,9.243544682302565e-20
0.10012372846919129,0.09004228706733239,0.10051015813195807,0.09095572750191241,0.12269043922424316,0.009648304038086789,0.009647821593894434,0.06541109085083008,9.242957382363512e-20
0.10011995812226984,0.0900374249114827,0.10050713245783015,0.09095231529310271,0.1217806339263916,0.009647843775727779,0.009647361354936379,0.0654299259185791,9.242374212662977e-20
0.10011620284863355,0.09003258604230288,0.10050412194927995,0.09094892614217073,0.12286591529846191,0.009647383314802818,0.009646900916671086,0.06503772735595703,9.241795223340461e-20
0.10011246257289864,0.09002777034344416,0.10050112653047835,0.09094555993308072,0.1251366138458252,0.009646922657540198,0.00964644028265127,0.06534814834594727,9.241220344343761e-20
0.10010873722005804,0.09002297769913932,0.10049814612597537,0.09094221655037796,0.13237571716308594,0.009646461806143258,0.009645979453942743,0.07374334335327148,9.240649569775262e-20
0.10010502671547954,0.0900182079941999,0.10049518066069826,0.09093889587918588,0.1241157054901123,0.009646000762797846,0.009645518433565314,0.0674142837524414,9.240082886993899e-20
0.10010133098490387,0.09001346111401325,0.10049223005994969,0.09093559780520316,0.1253035068511963,0.00964553952966309,0.009645057223828246,0.06817889213562012,9.239520246614669e-20
0.100097649954443,0.09000873694453959,0.10048929424940574,0.09093232221470082,0.12442708015441895,0.009645078108878047,0.009644595826507896,0.06910347938537598,9.238961672865499e-20
0.1000939835505781,0.09000403537230926,0.10048637315511418,0.09092906899451932,0.12485408782958984,0.00964461650256118,0.009644134242670077,0.06896734237670898,9.238407152707131e-20
0.10009033170015773,0.08999935628441982,0.10048346670349251,0.09092583803206575,0.11960244178771973,0.009644154712810979,0.009643672476222775,0.06723737716674805,9.237856572214918e-20
0.10008669433039614,0.08999469956853322,0.10048057482132615,0.0909226292153111,0.12894868850708008,0.00964369274170215,0.00964321052840944,0.06499886512756348,9.237310020425141e-20
0.10008307136887137,0.08999006511287294,0.1004776974357666,0.09091944243278714,0.12403416633605957,0.00964323059128802,0.009642748401006429,0.06660294532775879,9.236767490937605e-20
0.10007946274352328,0.08998545280622121,0.1004748344743296,0.09091627757358398,0.12487149238586426,0.009642768263604972,0.00964228609650064,0.06865954399108887,9.236228806926086e-20
0.10007586838265191,0.08998086253791629,0.10047198586489332,0.09091313452734699,0.12343645095825195,0.009642305760666641,0.009641823617023704,0.0667872428894043,9.235694097297261e-20
0.10007228821491573,0.08997629419784957,0.10046915153569652,0.09091001318427407,0.12127804756164551,0.009641843084465775,0.009641360963819068,0.06572675704956055,9.235163291822805e-20
0.10006872216932969,0.08997174767646288,0.1004663314153368,0.09090691343511292,0.12997817993164062,0.009641380236976893,0.009640898139373633,0.07264995574951172,9.23463641195549e-20
0.10006517017526355,0.08996722286474572,0.10046352543276874,0.09090383517115834,0.1261157989501953,0.009640917220154666,0.009640435146529569,0.06849980354309082,9.234113368803176e-20
0.10006163216244002,0.08996271965423251,0.10046073351730214,0.09090077828424938,0.11938929557800293,0.009640454035932734,0.009639971984576334,0.06452059745788574,9.233594175175045e-20
0.10005810806093308,0.0899582379369999,0.10045795559860032,0.09089774266676669,0.12056493759155273,0.009639990686226648,0.009639508659020635,0.06473827362060547,9.233078821651287e-20
0.10005459780116621,0.08995377760566405,0.10045519160667822,0.09089472821162982,0.12505793571472168,0.009639527172929693,0.00963904516861902,0.06879734992980957,9.232567271580553e-20
0.10005110131391057,0.08994933855337786,0.10045244147190074,0.09089173481229446,0.11934065818786621,0.009639063497921842,0.00963858151674657,0.06473326683044434,9.232059550382715e-20
0.10004761853028332,0.08994492067382845,0.10044970512498093,0.09088876236274977,0.12699484825134277,0.009638599663060094,0.009638117705002003,0.06778550148010254,9.231555725525066e-20
0.10004414938174597,0.08994052386123429,0.10044698249697831,0.09088581075751562,0.12352323532104492,0.009638135670184497,0.009637653735516949,0.06653428077697754,9.231056099022146e-20
0.10004069380010253,0.0899361480103427,0.10044427351929706,0.09088287989164,0.11978721618652344,0.009637671521114602,0.009637189609712493,0.0643925666809082,9.23056090310935e-20
0.10003725171749785,0.08993179301642718,0.10044157812368439,0.0908799696606965,0.12537431716918945,0.009637207217653501,0.009636725329720264,0.06824398040771484,9.230069358324128e-20
0.10003382306641588,0.08992745877528467,0.10043889624222874,0.09087707996078154,0.11992573738098145,0.009636742761586449,0.009636260896073168,0.06454873085021973,9.229581473358067e-20
0.10003040777967805,0.08992314518323306,0.10043622780735813,0.0908742106885116,0.12087321281433105,0.009636278154680988,0.009635796313034461,0.06561517715454102,9.229097313773543e-20
0.10002700579044159,0.08991885213710857,0.10043357275183841,0.09087136174102109,0.12535429000854492,0.009635813398683975,0.009635331579715967,0.06769752502441406,9.228616811055786e-20
0.10002361703219785,0.08991457953426306,0.10043093100877165,0.09086853301595929,0.12559771537780762,0.009635348495329692,0.00963486670038094,0.06602072715759277,9.228139966757464e-20
0.1000202414387704,0.08991032727256158,0.10042830251159438,0.09086572441148787,0.12384939193725586,0.009634883446328804,0.009634401674318838,0.06730484962463379,9.227666684181841e-20
0.10001687894431369,0.08990609525037976,0.10042568719407594,0.09086293582627843,0.11848568916320801,0.00963441825338144,0.009633936504904739,0.06411170959472656,9.22719709216787e-20
0.10001352948331124,0.08990188336660118,0.10042308499031684,0.09086016715950987,0.1273343563079834,0.009633952918165795,0.009633471193204457,0.06792426109313965,9.226731063304483e-20
0.10001019299057402,0.089897691520615,0.10042049583474709,0.09085741831086595,0.11518669128417969,0.009633487442344938,0.009633005740283807,0.06385922431945801,9.226268644712561e-20
0.1000068694012388,0.08989351961231322,0.10041791966212456,0.09085468918053267,0.12611794471740723,0.009633021827565525,0.009632540149162594,0.06853199005126953,9.225809751213055e-20
0.10000355865076664,0.08988936754208836,0.10041535640753331,0.09085197966919566,0.12485718727111816,0.009632556075458655,0.009632074420018455,0.07296228408813477,9.225354445142319e-20
0.10000026067494105,0.08988523521083083,0.10041280600638201,0.09084928967803792,0.12492656707763672,0.009632090187637367,0.009631608556048832,0.0661475658416748,9.224902600303759e-20
0.09999697540986657,0.08988112251992653,0.10041026839440226,0.0908466191087371,0.11708450317382812,0.009631624165698705,0.009631142556720818,0.06407380104064941,9.224454321505858e-20
0.09999370279196708,0.08987702937125429,0.100407743507647,0.0908439678634632,0.12433767318725586,0.009631158011224843,0.009630676426120033,0.06725239753723145,9.224009491201152e-20
0.09999044275798423,0.08987295566718347,0.10040523128248893,0.09084133584487587,0.11528921127319336,0.009630691725778975,0.009630210164068842,0.06271052360534668,9.223568138193969e-20
0.09998719524497582,0.08986890131057149,0.10040273165561889,0.09083872295612225,0.1241765022277832,0.009630225310912663,0.009629743772521238,0.06719732284545898,9.223130287970609e-20
0.09998396019031419,0.08986486620476136,0.10040024456404423,0.09083612910083433,0.11654853820800781,0.009629758768160314,0.009629277252898305,0.06287789344787598,9.222695808544621e-20
0.09998073753168477,0.0898608502535793,0.1003977699450873,0.09083355418312651,0.12645888328552246,0.009629292099041552,0.00962881060786458,0.06859540939331055,9.222264774721095e-20
0.09997752720708437,0.08985685336133231,0.10039530773638383,0.09083099810759335,0.12553191184997559,0.00962882530505846,0.009628343836531883,0.06713533401489258,9.221837160283073e-20
0.09997432915481977,0.08985287543280573,0.10039285787588137,0.09082846077930695,0.1154778003692627,0.009628358387703139,0.009627876943341107,0.06359601020812988,9.221412912129966e-20
0.09997114331350611,0.08984891637326095,0.10039042030183773,0.09082594210381469,0.12516069412231445,0.009627891348444929,0.009627409927048802,0.06838274002075195,9.220992072007442e-20
0.09996796962206535,0.08984497608843288,0.10038799495281944,0.09082344198713689,0.11454439163208008,0.009627424188744267,0.009626942791207682,0.0635075569152832,9.220574556998877e-20
0.09996480801972464,0.08984105448452771,0.10038558176770021,0.09082096033576426,0.12546634674072266,0.009626956910045427,0.009626475535462475,0.06738495826721191,9.220160387913722e-20
0.09996165844601497,0.0898371514682205,0.10038318068565934,0.09081849705665566,0.11612534523010254,0.009626489513781129,0.009626008162832989,0.06408572196960449,9.219749549503368e-20
0.09995852084076949,0.08983326694665283,0.10038079164618027,0.09081605205723589,0.12907099723815918,0.009626022001364254,0.009625540673674493,0.07177972793579102,9.219342005081809e-20
0.09995539514412219,0.08982940082743052,0.10037841458904904,0.09081362524539309,0.12621331214904785,0.009625554374196463,0.009625073069940981,0.06909799575805664,9.218937776601282e-20
0.09995228129650624,0.08982555301862123,0.10037604945435272,0.09081121652947656,0.11381816864013672,0.009625086633666199,0.009624605352520632,0.06319928169250488,9.21853677351536e-20
0.09994917923865246,0.08982172342875223,0.10037369618247795,0.09080882581829441,0.12434601783752441,0.009624618781146909,0.009624137523722709,0.06667685508728027,9.21813910013933e-20
0.09994608891158793,0.08981791196680805,0.10037135471410946,0.0908064530211113,0.12016940116882324,0.009624150817996575,0.009623669583902483,0.06636309623718262,9.217744709073827e-20
0.09994301025663456,0.0898141185422282,0.10036902499022857,0.09080409804764619,0.11737751960754395,0.00962368274556294,0.009623201535013948,0.0643301010131836,9.217353996223007e-20
0.09993994321540753,0.08981034306490496,0.10036670695211164,0.09080176080806993,0.1271069049835205,0.00962321456517729,0.00962273337794528,0.06889081001281738,9.216966729213642e-20
0.09993688772981388,0.08980658544518098,0.10036440054132871,0.09079944121300308,0.1148226261138916,0.009622746278160179,0.009622265114295203,0.06457662582397461,9.216582519833168e-20
0.09993384374205093,0.08980284559384719,0.10036210569974194,0.09079713917351374,0.12821388244628906,0.009622277885817281,0.00962179674512953,0.06510472297668457,9.2162015382138e-20
0.099930811194605,0.08979912342214043,0.10035982236950416,0.09079485460111511,0.12273812294006348,0.00962180938944217,0.009621328272757523,0.06645989418029785,9.2158237253638e-20
0.09992779003024976,0.08979541884174132,0.1003575504930575,0.0907925874077635,0.12009644508361816,0.009621340790312127,0.009620859697534456,0.06679201126098633,9.215449029125887e-20
0.09992478019204502,0.08979173176477195,0.1003552900131318,0.0907903375058558,0.11623859405517578,0.009620872089695283,0.009620391019993235,0.06389880180358887,9.215077477863938e-20
0.09992178162333516,0.0897880621037938,0.10035304087274331,0.09078810480822758,0.12349271774291992,0.009620403288847886,0.009619922242265488,0.06662464141845703,9.214709064548596e-20
0.0999187942677477,0.08978440977180535,0.10035080301519318,0.09078588922815067,0.11974143981933594,0.009619934389011757,0.009619453366127573,0.06718587875366211,9.214343734369087e-20
0.09991581806919202,0.08978077468224009,0.10034857638406608,0.09078369067933119,0.11529111862182617,0.009619465391414275,0.009618984391579488,0.06409096717834473,9.213981475357459e-20
0.09991285297185777,0.08977715674896422,0.10034636092322871,0.0907815090759072,0.12857842445373535,0.009618996297275684,0.009618515321996313,0.07198452949523926,9.213622285130906e-20
0.09990989892021367,0.08977355588627459,0.10034415657682846,0.09077934433244648,0.12493252754211426,0.009618527107796392,0.00961804615560169,0.06776547431945801,9.213266184031474e-20
0.09990695585900593,0.08976997200889643,0.100341963289292,0.09077719636394463,0.118255615234375,0.0096180578241717,0.009617576895415425,0.06580948829650879,9.212913076634408e-20
0.09990402373325694,0.08976640503198127,0.10033978100532386,0.09077506508582282,0.11590886116027832,0.009617588447583574,0.009617107541970427,0.06303977966308594,9.212563017698229e-20
0.09990110248826387,0.08976285487110484,0.10033760966990503,0.0907729504139255,0.12160944938659668,0.009617118979200005,0.009616638097575958,0.06622171401977539,9.212215981609106e-20
0.09989819206959734,0.0897593214422649,0.10033544922829161,0.09077085226451842,0.12162923812866211,0.009616649420178319,0.009616168561699112,0.06778407096862793,9.21187188481668e-20
0.09989529242310002,0.08975580466187914,0.10033329962601342,0.09076877055428656,0.11350107192993164,0.0096161797716647,0.009615698936471517,0.06323385238647461,9.211530813706929e-20
0.09989240349488535,0.08975230444678313,0.10033116080887265,0.09076670520033189,0.11757922172546387,0.009615710034793435,0.009615229224024802,0.06337404251098633,9.211192705170592e-20
0.09988952523133596,0.08974882071422814,0.10032903272294244,0.0907646561201714,0.12652587890625,0.009615240210685615,0.009614759422760244,0.0677485466003418,9.210857544146269e-20
0.09988665757910263,0.08974535338187914,0.10032691531456558,0.09076262323173502,0.12728619575500488,0.00961477030045548,0.009614289536230558,0.06772089004516602,9.210525298585676e-20
0.09988380048510273,0.08974190236781268,0.10032480853035318,0.09076060645336347,0.11499524116516113,0.009614300305203122,0.009613819564791015,0.0655050277709961,9.210195949622817e-20
0.09988095389651903,0.08973846759051488,0.10032271231718325,0.0907586057038062,0.1144106388092041,0.009613830226015325,0.009613349508974522,0.06327605247497559,9.209869551267165e-20
0.09987811776079829,0.08973504896887932,0.10032062662219943,0.09075662090221948,0.12444376945495605,0.009613360063974117,0.009612879370557437,0.0641481876373291,9.209546066295074e-20
0.0998752920256499,0.08973164642220512,0.10031855139280965,0.09075465196816429,0.12324357032775879,0.009612889820145881,0.009612409150072665,0.06880974769592285,9.209225399950532e-20
0.09987247663904467,0.08972825987019473,0.1003164865766848,0.09075269882160415,0.11579680442810059,0.009612419495588402,0.009611938849118928,0.06551766395568848,9.2089076349685e-20
0.09986967154921342,0.0897248892329521,0.10031443212175739,0.09075076138290326,0.11591029167175293,0.009611949091347174,0.009611468468584405,0.06306028366088867,9.208592741449107e-20
0.09986687670464578,0.08972153443098059,0.1003123879762203,0.09074883957282447,0.13019466400146484,0.009611478608458224,0.009610998009179639,0.07235121726989746,9.208280634480078e-20
0.09986409205408885,0.08971819538518094,0.10031035408852543,0.09074693331252733,0.12321686744689941,0.009611008047947891,0.00961052747250335,0.06623005867004395,9.20797137933924e-20
0.0998613175465459,0.08971487201684936,0.10030833040738242,0.09074504252356597,0.1233060359954834,0.009610537410831071,0.009610056858377902,0.06885457038879395,9.207664917196456e-20
0.09985855313127517,0.08971156424767546,0.10030631688175738,0.09074316712788726,0.11518359184265137,0.009610066698114175,0.009609586169467832,0.0653219223022461,9.207361263517442e-20
0.09985579875778851,0.08970827199974037,0.10030431346087158,0.09074130704782872,0.11619949340820312,0.00960959591079018,0.009609115405950774,0.06416511535644531,9.207060396487687e-20
0.09985305437585001,0.08970499519551473,0.10030232009420019,0.0907394622061167,0.12175941467285156,0.009609125049846205,0.009608644568359637,0.06385588645935059,9.206762478141699e-20
0.09985031993547512,0.08970173375785682,0.10030033673147098,0.09073763252586432,0.12682318687438965,0.009608654116256266,0.00960817365829314,0.06805729866027832,9.20646760289836e-20
0.09984759538692886,0.08969848761001052,0.10029836332266312,0.09073581793056955,0.11784100532531738,0.009608183110986195,0.009607702676639462,0.06720399856567383,9.206175289644534e-20
0.09984488068072504,0.08969525667560342,0.10029639981800585,0.0907340183441133,0.1138617992401123,0.009607712034991547,0.009607231624642054,0.06351804733276367,9.205885755792826e-20
0.09984217576762477,0.08969204087864491,0.10029444616797728,0.09073223369075753,0.1260213851928711,0.009607240889218122,0.00960676050247855,0.06362318992614746,9.20559880851698e-20
0.09983948059863526,0.08968884014352428,0.10029250232330313,0.09073046389514326,0.11590790748596191,0.009606769674603737,0.009606289311214766,0.06283283233642578,9.205314667682668e-20
0.09983679512500873,0.08968565439500883,0.1002905682349555,0.09072870888228887,0.12067937850952148,0.00960629839207622,0.009605818052271786,0.06388020515441895,9.205033164564904e-20
0.0998341192982409,0.08968248355824195,0.10028864385415161,0.09072696857758802,0.12618494033813477,0.009605827042551973,0.009605346726715425,0.068328857421875,9.204754363415354e-20
0.09983145307007003,0.08967932755874122,0.10028672913235262,0.0907252429068077,0.11826705932617188,0.009605355626940563,0.009604875334545682,0.06761360168457031,9.204478193450945e-20
0.09982879639247563,0.08967618632239663,0.10028482402126236,0.09072353179608655,0.11518502235412598,0.009604884146142164,0.009604403877894185,0.06518316268920898,9.204204713565955e-20
0.09982614921767728,0.08967305977546862,0.10028292847282617,0.09072183517193293,0.11497950553894043,0.00960441260104679,0.009603932355872757,0.06271982192993164,9.20393379344868e-20
0.09982351149813336,0.08966994784458626,0.10028104243922965,0.09072015296122311,0.11930251121520996,0.009603940992538444,0.009603460770968297,0.0634925365447998,9.203665533392727e-20
0.09982088318653987,0.08966685045674547,0.10027916587289745,0.09071848509119924,0.13011813163757324,0.009603469321489136,0.009602989123891348,0.07224130630493164,9.203399854928609e-20
0.09981826423582935,0.08966376753930708,0.10027729872649213,0.09071683148946784,0.12363624572753906,0.009602997588761774,0.009602517414641909,0.06466841697692871,9.203136822976548e-20
0.0998156545991695,0.08966069901999509,0.10027544095291292,0.09071519208399773,0.12385892868041992,0.009602525795213715,0.00960204564410816,0.06794095039367676,9.202876313181961e-20
0.09981305422996213,0.08965764482689483,0.10027359250529456,0.09071356680311823,0.11615705490112305,0.009602053941692385,0.009601573814599362,0.06742453575134277,9.202618399047347e-20
0.099810463081842,0.08965460488845109,0.10027175333700614,0.09071195557551748,0.11473894119262695,0.009601582029034885,0.009601101925582611,0.0649728775024414,9.202363018978496e-20
0.09980788110867574,0.08965157913346644,0.10026992340164985,0.09071035833024049,0.11589574813842773,0.009601110058071483,0.009600629978656627,0.06450724601745605,9.20211017574974e-20
0.09980530826456048,0.08964856749109934,0.10026810265305992,0.0907087749966875,0.11797785758972168,0.009600638029623975,0.009600157973643775,0.06390380859375,9.201859902008315e-20
0.09980274450382282,0.08964556989086245,0.1002662910453014,0.09070720550461216,0.11999320983886719,0.009600165944507051,0.009599685912142775,0.06296920776367188,9.201612115671236e-20
0.09980018978101762,0.08964258626262078,0.10026448853266898,0.09070564978411962,0.1235194206237793,0.009599693803524205,0.009599213794508898,0.0664527416229248,9.20136680828442e-20
0.09979764405092699,0.08963961653658997,0.10026269506968592,0.0907041077656649,0.12206745147705078,0.009599221607475488,0.009598741622163232,0.06705045700073242,9.201124080167255e-20
0.09979510726855904,0.0896366606433345,0.10026091061110286,0.09070257938005112,0.12694430351257324,0.00959874935714862,0.009598269395638681,0.06682944297790527,9.200883706985366e-20
0.09979257938914679,0.08963371851376602,0.10025913511189666,0.09070106455842789,0.12151002883911133,0.009598277053325471,0.009597797115290518,0.06914997100830078,9.200645888276179e-20
0.09979006036814701,0.08963079007914154,0.10025736852726932,0.09069956323228935,0.1169118881225586,0.009597804696780395,0.009597324782184558,0.06721997261047363,9.200410512526895e-20
0.09978755016123915,0.08962787527106175,0.10025561081264682,0.09069807533347254,0.11536788940429688,0.009597332288278235,0.009596852397741884,0.06496882438659668,9.200177538499472e-20
0.09978504872432424,0.08962497402146928,0.10025386192367802,0.09069660079415565,0.11448025703430176,0.009596859828578008,0.00959637996142959,0.06399965286254883,9.199947049321684e-20
0.0997825560135237,0.08962208626264699,0.10025212181623354,0.09069513954685637,0.11558318138122559,0.009596387318430022,0.009595907475379306,0.06294894218444824,9.199718948793874e-20
0.09978007198517826,0.08961921192721627,0.10025039044640462,0.0906936915244302,0.11709284782409668,0.00959591475857634,0.009595434938702851,0.0628516674041748,9.199493299861351e-20
0.09977759659584695,0.08961635094813536,0.10024866777050205,0.09069225666006867,0.12127041816711426,0.00959544214975476,0.009594962353887126,0.0633232593536377,9.199269953972622e-20
0.09977512980230603,0.08961350325869769,0.1002469537450551,0.09069083488729769,0.1294243335723877,0.009594969492692229,0.00959448972057686,0.07268500328063965,9.19904905116821e-20
0.09977267156154762,0.08961066879253009,0.10024524832681037,0.09068942613997596,0.11860299110412598,0.009594496788110495,0.009594017040193137,0.06358075141906738,9.198830498090417e-20
0.09977022183077897,0.08960784748359128,0.10024355147273073,0.09068803035229316,0.1214597225189209,0.009594024036722553,0.00959354431184778,0.06495928764343262,9.198614468809575e-20
0.0997677805674213,0.08960503926617013,0.10024186313999424,0.09068664745876835,0.12012743949890137,0.009593551239235243,0.009593071538205322,0.06710100173950195,9.198401010163176e-20
0.09976534772910853,0.08960224407488399,0.10024018328599306,0.09068527739424845,0.12290287017822266,0.009593078396348736,0.009592598718555223,0.06829452514648438,9.198189621184144e-20
0.0997629232736864,0.08959946184467708,0.10023851186833241,0.0906839200939064,0.11967611312866211,0.009592605508756643,0.009592125854496203,0.06925702095031738,9.197980526177816e-20
0.09976050715921142,0.08959669251081888,0.10023684884482945,0.09068257549323969,0.11693191528320312,0.009592132577142925,0.00959165294691644,0.06760215759277344,9.197773696189131e-20
0.09975809934394973,0.08959393600890243,0.1002351941735123,0.09068124352806856,0.11653923988342285,0.009591659602187217,0.009591179996348842,0.06684112548828125,9.19756922599526e-20
0.09975569978637612,0.0895911922748428,0.10023354781261892,0.09067992413453457,0.11600089073181152,0.00959118658455854,0.009590707001549958,0.06520915031433105,9.197367030346333e-20
0.09975330844517293,0.0895884612448754,0.10023190972059606,0.09067861724909886,0.11581563949584961,0.00959071352492589,0.009590233966427775,0.06457114219665527,9.197167094158612e-20
0.09975092527922907,0.08958574285555447,0.10023027985609825,0.09067732280854056,0.11407923698425293,0.00959024042394566,0.009589760888673027,0.06364607810974121,9.196969503800635e-20
0.09974855024763893,0.08958303704375137,0.10022865817798678,0.09067604074995535,0.12508702278137207,0.009589767282271287,0.009589287770594979,0.0674581527709961,9.196774070937932e-20
0.09974618330970132,0.08958034374665311,0.10022704464532857,0.09067477101075369,0.11526107788085938,0.009589294100547215,0.009588814612726537,0.06547808647155762,9.196580943051693e-20
0.09974382442491864,0.0895776629017607,0.10022543921739525,0.09067351352865931,0.11578869819641113,0.009588820879412345,0.009588341414890067,0.0651395320892334,9.196389986662481e-20
0.09974147355299573,0.0895749944468876,0.10022384185366212,0.09067226824170758,0.11430644989013672,0.009588347619500635,0.00958786817903956,0.06351184844970703,9.196201313824063e-20
0.09973913065383877,0.08957233832015815,0.10022225251380704,0.09067103508824412,0.11468172073364258,0.009587874321436953,0.009587394903931568,0.06380987167358398,9.196014799122587e-20
0.09973679568755438,0.08956969446000602,0.1002206711577095,0.09066981400692307,0.11589217185974121,0.00958740098584296,0.009586921592941167,0.06487154960632324,9.195830513628624e-20
0.09973446861444865,0.08956706280517268,0.1002190977454496,0.09066860493670567,0.11424422264099121,0.009586927613328945,0.00958644824393673,0.0628206729888916,9.19564843575715e-20
0.09973214939502609,0.08956444329470586,0.10021753223730707,0.0906674078168586,0.11538076400756836,0.009586454204506269,0.009585974858694613,0.06300139427185059,9.195468503697439e-20
0.09972983798998859,0.089561835867958,0.10021597459376021,0.09066622258695252,0.1159830093383789,0.0095859807599741,0.009585501437747723,0.06272363662719727,9.19529074851515e-20
0.09972753436023452,0.08955924046458476,0.10021442477548492,0.0906650491868606,0.12364602088928223,0.009585507280328948,0.00958502798198424,0.06486773490905762,9.195115162612088e-20
0.09972523846685774,0.08955665702454339,0.10021288274335373,0.0906638875567569,0.12057280540466309,0.009585033766160267,0.00958455449193707,0.06296396255493164,9.194941707301128e-20
0.09972295027114657,0.08955408548809142,0.10021134845843482,0.09066273763711502,0.11725974082946777,0.009584560218049688,0.009584080967428577,0.06336569786071777,9.19477041438356e-20
0.09972066973458288,0.089551525795785,0.10020982188199104,0.09066159936870638,0.1173558235168457,0.00958408663657733,0.009583607409879846,0.06354856491088867,9.194601197965074e-20
0.09971839681884102,0.08954897788847745,0.10020830297547888,0.09066047269259883,0.12032365798950195,0.009583613022314131,0.009583133819290879,0.0630025863647461,9.194434089558899e-20
0.099716131485787,0.08954644170731782,0.10020679170054758,0.09065935755015526,0.11953115463256836,0.009583139375826097,0.00958266019583931,0.06363463401794434,9.194269130728221e-20
0.09971387369747742,0.08954391719374934,0.10020528801903815,0.09065825388303207,0.1242208480834961,0.009582665697676738,0.009582186541834403,0.06583619117736816,9.194106234224975e-20
0.09971162341615858,0.08954140428950798,0.10020379189298236,0.09065716163317762,0.12145709991455078,0.009582191988417359,0.009581712856743252,0.06656336784362793,9.193945459460056e-20
0.0997093806042656,0.089538902936621,0.10020230328460183,0.09065608074283071,0.11956214904785156,0.009581718248597876,0.009581239140210585,0.06811046600341797,9.193786705169732e-20
0.09970714522442123,0.08953641307740554,0.10020082215630711,0.09065501115451942,0.1203460693359375,0.009581244478764399,0.009580765394012758,0.06925320625305176,9.193630016358335e-20
0.09970491723943518,0.089533934654467,0.10019934847069666,0.09065395281105938,0.1180276870727539,0.009580770679453588,0.00958029161868268,0.06815528869628906,9.193475419882068e-20
0.099702696612303,0.08953146761069782,0.10019788219055592,0.09065290565555242,0.12245941162109375,0.009580296851198171,0.009579817814220348,0.0681309700012207,9.193322849853169e-20
0.0997004833062052,0.08952901188927588,0.10019642327885647,0.09065186963138519,0.12036442756652832,0.009579822994526494,0.009579343980625765,0.06920671463012695,9.193172281427374e-20
0.09969827728450648,0.08952656743366318,0.100194971698755,0.09065084468222766,0.11718630790710449,0.009579349109962412,0.009578870120741101,0.06793785095214844,9.193023757051716e-20
0.09969607851075463,0.08952413418760431,0.10019352741359241,0.09064983075203174,0.11691522598266602,0.0095788751980206,0.009578396232434727,0.06722187995910645,9.192877279034599e-20
0.0996938869486796,0.08952171209512515,0.10019209038689292,0.09064882778502989,0.11626386642456055,0.009578401259213517,0.009577922316950094,0.06552600860595703,9.192732850393388e-20
0.09969170256219273,0.0895193011005314,0.10019066058236309,0.09064783572573366,0.11490225791931152,0.009577927294049673,0.009577448376063558,0.06464815139770508,9.192590680641647e-20
0.09968952531538566,0.08951690114840717,0.10018923796389098,0.09064685451893234,0.11407971382141113,0.009577453303029131,0.009576974408709304,0.06384897232055664,9.1924501073471e-20
0.09968735517252963,0.08951451218361366,0.10018782249554523,0.09064588410969153,0.11501622200012207,0.009576979286650408,0.009576500415597877,0.06390261650085449,9.192311441561624e-20
0.09968519209807448,0.08951213415128766,0.10018641414157407,0.09064492444335177,0.11547422409057617,0.009576505245404281,0.009576026397617454,0.06371808052062988,9.192174810014512e-20
0.0996830360566478,0.08950976699684028,0.10018501286640455,0.09064397546552722,0.12732243537902832,0.009576031179778642,0.009575552356722028,0.06452584266662598,9.192040085502938e-20
0.09968088701305398,0.08950741066595556,0.10018361863464155,0.09064303712210418,0.11400222778320312,0.009575557090252328,0.00957507829077997,0.06367921829223633,9.191907331334578e-20
0.09967874493227331,0.08950506510458905,0.10018223141106694,0.09064210935923973,0.11395597457885742,0.00957508297730487,0.009574604201567638,0.06360816955566406,9.191776429630244e-20
0.09967660977946129,0.0895027302589665,0.1001808511606387,0.09064119212336051,0.11615967750549316,0.00957460884140866,0.009574130089085031,0.06468510627746582,9.191647532914653e-20
0.09967448151994744,0.08950040607558249,0.10017947784848998,0.09064028536116137,0.11493539810180664,0.009574134683031331,0.009573655954753235,0.06287646293640137,9.19152054234294e-20
0.09967236011923467,0.08949809250119911,0.10017811143992829,0.09063938901960383,0.11731147766113281,0.009573660502635457,0.009573181797861707,0.06434345245361328,9.191395432786209e-20
0.09967024554299833,0.08949578948284458,0.1001767519004346,0.09063850304591492,0.11679410934448242,0.009573186300680405,0.009572707620186804,0.0626978874206543,9.191272178627311e-20
0.09966813775708537,0.08949349696781196,0.10017539919566247,0.09063762738758568,0.11899209022521973,0.009572712077617472,0.009572233420840348,0.06265711784362793,9.191150907471096e-20
0.09966603672751347,0.0894912149036578,0.1001740532914372,0.09063676199237013,0.12084150314331055,0.00957223783389794,0.009571759200888152,0.06337356567382812,9.1910314417717e-20
0.09966394242047015,0.08948894323820084,0.10017271415375496,0.09063590680828361,0.13061785697937012,0.009571763569965318,0.009571284960330217,0.07234001159667969,9.190913831658502e-20
0.0996618548023121,0.08948668191952068,0.10017138174878194,0.09063506178360181,0.11974310874938965,0.009571289286259646,0.009570810700232357,0.06322598457336426,9.190798113733853e-20
0.09965977383956405,0.08948443089595651,0.1001700560428535,0.09063422686685911,0.12080526351928711,0.00957081498321767,0.009570336420594572,0.06378459930419922,9.190684248137017e-20
0.09965769949891817,0.08948219011610578,0.10016873700247332,0.09063340200684762,0.12261104583740234,0.00957034066127179,0.009569862123193218,0.06660151481628418,9.190572196263967e-20
0.09965563174723316,0.08947995952882291,0.10016742459431256,0.0906325871526157,0.1232748031616211,0.009569866320846375,0.009569387806251939,0.06810951232910156,9.190461938083614e-20
0.09965357055153319,0.08947773908321803,0.10016611878520904,0.09063178225346673,0.12003612518310547,0.009569391962366341,0.009568913471369456,0.06934881210327148,9.190353540783788e-20
0.09965151587900754,0.08947552872865569,0.10016481954216637,0.0906309872589578,0.11752820014953613,0.009568917586249552,0.009568439119611583,0.06835556030273438,9.190246963453857e-20
0.09964946769700944,0.08947332841475357,0.10016352683235316,0.09063020211889843,0.11654329299926758,0.009568443192909039,0.009567964749557234,0.06713318824768066,9.190142192676259e-20
0.09964742597305531,0.08947113809138126,0.10016224062310217,0.09062942678334932,0.11558008193969727,0.009567968782758484,0.009567490363160402,0.06529355049133301,9.190039177123488e-20
0.09964539067482395,0.08946895770865892,0.1001609608819095,0.09062866120262124,0.11594223976135254,0.009567494356200917,0.009567015960953995,0.0653378963470459,9.189937972984163e-20
0.09964336177015573,0.08946678721695615,0.10015968757643376,0.09062790532727354,0.1240079402923584,0.009567019913639363,0.009566541541516926,0.0695958137512207,9.189838521216085e-20
0.0996413392270518,0.0894646265668906,0.10015842067449526,0.09062715910811307,0.11670827865600586,0.009566545455472641,0.00956606710715846,0.06759214401245117,9.189740842166851e-20
0.0996393230136733,0.0894624757093268,0.10015716014407525,0.09062642249619281,0.11615657806396484,0.009566070982094364,0.009565592657523325,0.06640219688415527,9.189644949234513e-20
0.09963731309834054,0.089460334595375,0.10015590595331503,0.09062569544281075,0.11538028717041016,0.009565596493892955,0.009565118192789157,0.06531643867492676,9.189550779606663e-20
0.09963530944953217,0.08945820317638978,0.10015465807051523,0.09062497789950873,0.11607956886291504,0.009565121991257598,0.009564643714199406,0.06519150733947754,9.189458360877394e-20
0.09963331203588445,0.08945608140396898,0.10015341646413493,0.09062426981807095,0.11356282234191895,0.009564647474567893,0.009564169221221164,0.06368684768676758,9.189367637902017e-20
0.09963132082619044,0.0894539692299524,0.10015218110279096,0.09062357115052301,0.11476254463195801,0.009564172944204334,0.00956369471474261,0.06364250183105469,9.18927867189383e-20
0.09962933578939924,0.08945186660642061,0.10015095195525704,0.09062288184913056,0.11646676063537598,0.009563698400539888,0.009563220194763744,0.06417083740234375,9.189191389150132e-20
0.09962735689461512,0.08944977348569375,0.10014972899046304,0.09062220186639822,0.11604070663452148,0.009563223843946497,0.00956274566235038,0.06305241584777832,9.189105853912667e-20
0.0996253841110968,0.08944768982033031,0.10014851217749417,0.0906215311550683,0.1163022518157959,0.009562749274790637,0.009562271116791976,0.06395864486694336,9.189022017747698e-20
0.0996234174082567,0.08944561556312602,0.1001473014855902,0.09062086966811958,0.12857699394226074,0.00956227469343595,0.009561796559154345,0.0645596981048584,9.188939949717438e-20
0.09962145675566011,0.08944355066711254,0.10014609688414473,0.09062021735876617,0.11556005477905273,0.009561800100243201,0.009561321989615124,0.06295633316040039,9.188859648379524e-20
0.09961950212302456,0.08944149508555635,0.10014489834270437,0.0906195741804564,0.11689257621765137,0.009561325495568991,0.00956084740906249,0.06407761573791504,9.188780740629048e-20
0.09961755348021896,0.08943944877195757,0.10014370583096803,0.09061894008687162,0.11734247207641602,0.009560850879763392,0.009560372816430629,0.06281638145446777,9.188703497777041e-20
0.09961561079726286,0.08943741168004882,0.10014251931878608,0.09061831503192486,0.11846637725830078,0.009560376253178224,0.00955989821385117,0.06271481513977051,9.188627924405309e-20
0.09961367404432567,0.08943538376379401,0.10014133877615967,0.09061769896975995,0.11909914016723633,0.009559901616158474,0.009559423601146477,0.06340861320495605,9.188553972645622e-20
0.09961174319172583,0.08943336497738717,0.10014016417323994,0.09061709185475014,0.12215328216552734,0.009559426969044191,0.009558948977250736,0.06418418884277344,9.188481632492082e-20
0.09960981820993031,0.08943135527525141,0.10013899548032727,0.090616493641497,0.12349104881286621,0.00955895231217737,0.00955847434411794,0.06674718856811523,9.188410906497626e-20
0.09960789906955365,0.08942935461203762,0.10013783266787053,0.09061590428482942,0.12171244621276855,0.009558477645891841,0.009557999701570452,0.06820273399353027,9.188341828319292e-20
0.09960598574135734,0.08942736294262345,0.10013667570646637,0.09061532373980233,0.11939120292663574,0.009558002970519371,0.00955752505014118,0.06690645217895508,9.188274401131106e-20
0.09960407819624904,0.08942538022211212,0.10013552456685841,0.09061475196169555,0.12317323684692383,0.009557528286388959,0.00955705039000776,0.06680178642272949,9.188208589096646e-20
0.09960217640528186,0.0894234064058313,0.10013437921993662,0.09061418890601275,0.12325716018676758,0.009557053593825571,0.009556575721347826,0.06803131103515625,9.188144318865479e-20
0.09960028033965355,0.08942144144933202,0.10013323963673645,0.09061363452848026,0.11909937858581543,0.00955657889315135,0.00955610104416138,0.06926250457763672,9.188081631247349e-20
0.0995983899707059,0.08941948530838752,0.10013210578843824,0.09061308878504608,0.1166844367980957,0.009556104184686472,0.009555626359514235,0.06730389595031738,9.1880206004109e-20
0.09959650526992399,0.08941753793899211,0.10013097764636639,0.09061255163187865,0.1162714958190918,0.009555629468745679,0.009555151667228756,0.0665428638458252,9.187961057507117e-20
0.09959462620893543,0.08941559929736015,0.10012985518198866,0.0906120230253657,0.11625909805297852,0.009555154745641465,0.009554676968370757,0.06533670425415039,9.187903064307612e-20
0.09959275275950967,0.0894136693399249,0.10012873836691552,0.09061150292211327,0.11534595489501953,0.00955468001568181,0.009554202261874423,0.06394720077514648,9.187846733174109e-20
0.09959088489355733,0.08941174802333739,0.10012762717289934,0.09061099127894462,0.11432099342346191,0.009554205279175436,0.009553727548805568,0.06385922431945801,9.187791831114771e-20
0.09958902258312942,0.08940983530446539,0.10012652157183378,0.09061048805289909,0.11608099937438965,0.009553730536426133,0.009553252830052372,0.06509780883789062,9.187738586300113e-20
0.09958716580041667,0.08940793114039232,0.10012542153575299,0.090609993201231,0.12756991386413574,0.009553255787730728,0.009552778104904291,0.06504464149475098,9.187686824455593e-20
0.09958531451774894,0.08940603548841614,0.10012432703683095,0.09060950668140864,0.11454200744628906,0.009552781033389699,0.009552303375137683,0.06390047073364258,9.187636559603005e-20
0.09958346870759424,0.08940414830604829,0.1001232380473808,0.09060902845111313,0.11385989189147949,0.009552306273693564,0.009551828638620918,0.06351709365844727,9.187587856031418e-20
0.09958162834255838,0.08940226955101263,0.10012215453985408,0.09060855846823747,0.11573600769042969,0.009551831508936222,0.009551353898373804,0.0651407241821289,9.187540664782256e-20
0.09957979339538409,0.0894003991812444,0.10012107648684013,0.0906080966908853,0.11527562141418457,0.009551356739403263,0.009550879152264713,0.06333088874816895,9.18749494884226e-20
0.09957796383895029,0.0893985371548891,0.10012000386106526,0.09060764307737004,0.11620664596557617,0.009550881965384445,0.00955040440171473,0.06301546096801758,9.187450730994337e-20
0.09957613964627157,0.08939668343030151,0.10011893663539222,0.09060719758621365,0.11712002754211426,0.00955040718716035,0.00954992964725676,0.0629570484161377,9.187408019303853e-20
0.09957432079049751,0.0893948379660446,0.10011787478281939,0.09060676017614565,0.11751484870910645,0.009549932405009301,0.009549454888713171,0.06366419792175293,9.187366779214896e-20
0.09957250724491179,0.08939300072088849,0.10011681827648021,0.0906063308061022,0.11957383155822754,0.00954945761921054,0.009548980126616868,0.06258654594421387,9.187327032300775e-20
0.09957069898293168,0.08939117165380946,0.10011576708964244,0.09060590943522494,0.12885451316833496,0.009548982830036504,0.009548505362033666,0.07223653793334961,9.187288696892718e-20
0.09956889597810735,0.08938935072398882,0.10011472119570748,0.09060549602286005,0.11622762680053711,0.009548508037757497,0.009548030593187207,0.06381607055664062,9.187251892217302e-20
0.09956709820412117,0.08938753789081202,0.10011368056820974,0.0906050905285572,0.11914730072021484,0.009548033242644286,0.009547555821676212,0.0630340576171875,9.187216457895656e-20
0.09956530563478715,0.08938573311386754,0.10011264518081596,0.09060469291206838,0.11695051193237305,0.009547558444962467,0.009547081047678319,0.06320714950561523,9.187182507642984e-20
0.0995635182440502,0.08938393635294585,0.10011161500732452,0.09060430313334711,0.1233665943145752,0.009547083644975333,0.009546606272081704,0.06380391120910645,9.187150037377845e-20
0.09956173600598557,0.08938214756803849,0.10011059002166484,0.09060392115254734,0.11967992782592773,0.009546608842941692,0.009546131493642918,0.06646394729614258,9.187118998489266e-20
0.09955995889479793,0.08938036671933701,0.10010957019789668,0.09060354693002236,0.12027382850646973,0.009546134039121766,0.00954565671360541,0.06796813011169434,9.187089421128234e-20
0.09955818688482103,0.08937859376723196,0.10010855551020952,0.09060318042632395,0.11923885345458984,0.009545659233769209,0.009545181932324454,0.06778454780578613,9.187061436547724e-20
0.09955641995051699,0.08937682867231196,0.10010754593292184,0.09060282160220122,0.11686897277832031,0.009545184427138559,0.009544707148911868,0.06868147850036621,9.187034570821555e-20
0.09955465806647551,0.0893750713953626,0.10010654144048059,0.09060247041859998,0.11599040031433105,0.009544709619480304,0.00954423236478874,0.06686162948608398,9.187009045743564e-20
0.09955290120741328,0.08937332189736558,0.10010554200746045,0.0906021268366613,0.12159514427185059,0.009544234811042098,0.009543757580487977,0.0708158016204834,9.186985036760288e-20
0.09955114934817354,0.08937158013949761,0.10010454760856324,0.09060179081772077,0.1204838752746582,0.009543760002067945,0.009543282795654306,0.06943440437316895,9.186962319069829e-20
0.09954940246372525,0.08936984608312955,0.10010355821861727,0.09060146232330743,0.1178884506225586,0.009543285192801057,0.009542808010110093,0.06910157203674316,9.186940983087171e-20
0.09954766052916245,0.08936811968982533,0.1001025738125767,0.09060114131514288,0.11545920372009277,0.009542810383482214,0.009542333224743516,0.06667470932006836,9.186921055106428e-20
0.0995459235197037,0.08936640092134109,0.10010159436552092,0.09060082775514038,0.11542534828186035,0.009542335574349126,0.00954185843884403,0.06619024276733398,9.186902507287058e-20
0.09954419141069157,0.08936468973962411,0.10010061985265395,0.09060052160540379,0.11458134651184082,0.009541860765639041,0.00954138365401036,0.06456708908081055,9.186885283796302e-20
0.09954246417759187,0.08936298610681198,0.10009965024930376,0.09060022282822662,0.11386775970458984,0.009541385957583276,0.00954090886917669,0.06401991844177246,9.18686942502946e-20
0.099540741795993,0.08936128998523153,0.10009868553092166,0.09059993138609108,0.11269950866699219,0.009540911150414432,0.009540434086474647,0.06302833557128906,9.186854936704789e-20
0.09953902424160548,0.08935960133739795,0.10009772567308177,0.09059964724166719,0.11303353309631348,0.00954043634435862,0.009539959304127876,0.06256437301635742,9.186841751179275e-20
0.09953731149026121,0.08935792012601385,0.10009677065148029,0.09059937035781179,0.11279153823852539,0.009539961539643597,0.009539484523024555,0.06246447563171387,9.186829889444449e-20
0.09953560351791287,0.08935624631396827,0.10009582044193494,0.09059910069756755,0.12458229064941406,0.00953948673649441,0.00953900974369759,0.06588554382324219,9.186819400405925e-20
0.09953390030063342,0.08935457986433583,0.10009487502038439,0.09059883822416213,0.11345171928405762,0.009539011935131132,0.009538534966324619,0.06414031982421875,9.186810172979485e-20
0.09953220181461553,0.0893529207403757,0.10009393436288756,0.09059858290100725,0.11402106285095215,0.009538537135773328,0.009538060190728004,0.06409502029418945,9.186802270320774e-20
0.09953050803617076,0.08935126890553076,0.10009299844562312,0.09059833469169776,0.11393165588378906,0.009538062338639283,0.009537585417795924,0.06408166885375977,9.186795733129538e-20
0.09952881894172917,0.08934962432342668,0.10009206724488884,0.09059809356001075,0.11398959159851074,0.009537587543943897,0.00953711064628493,0.06329679489135742,9.186790483007748e-20
0.09952713450783868,0.08934798695787094,0.10009114073710097,0.09059785946990458,0.11267542839050293,0.009537112751901156,0.009536635877971378,0.06246471405029297,9.186786463574587e-20
0.0995254547111644,0.08934635677285196,0.10009021889879373,0.09059763238551802,0.1131904125213623,0.009536637962720335,0.009536161113032904,0.06226682662963867,9.186783754334378e-20
0.09952377952848815,0.08934473373253823,0.10008930170661862,0.09059741227116921,0.11524772644042969,0.009536163176610397,0.009535686350226058,0.0639948844909668,9.186782353119461e-20
0.09952210893670779,0.08934311780127736,0.10008838913734391,0.09059719909135495,0.11362743377685547,0.00953568839377909,0.009535211591327197,0.06243896484375,9.186782236899316e-20
0.09952044291283668,0.0893415089435952,0.10008748116785404,0.09059699281074979,0.11375308036804199,0.009535213614430625,0.009534736835803415,0.06199049949645996,9.18678334435086e-20
0.09951878143400317,0.08933990712419497,0.100086577775149,0.0905967933942049,0.12429308891296387,0.009534738838767473,0.009534262083832346,0.06321978569030762,9.186785713568619e-20
0.09951712447744984,0.08933831230795633,0.10008567893634378,0.0905966008067475,0.11215519905090332,0.009534264066989432,0.009533787336124533,0.0628046989440918,9.186789335055777e-20
0.0995154720205332,0.08933672445993451,0.10008478462866782,0.0905964150135798,0.11154508590698242,0.009533789299295685,0.009533312591614163,0.06291556358337402,9.186794232649359e-20
0.09951382404072281,0.0893351435453595,0.10008389482946439,0.09059623598007825,0.11109399795532227,0.009533314535882397,0.009532837852432863,0.06221127510070801,9.186800419346593e-20
0.09951218051560101,0.08933356952963507,0.10008300951619006,0.09059606367179256,0.11311674118041992,0.009532839776943674,0.009532363117337184,0.06366467475891113,9.186807732240896e-20
0.09951054142286218,0.08933200237833798,0.10008212866641411,0.09059589805444479,0.11237645149230957,0.00953236502267145,0.009531888386860032,0.06284689903259277,9.186816328299656e-20
0.0995089067403122,0.08933044205721706,0.10008125225781797,0.09059573909392869,0.11199808120727539,0.009531890273258636,0.00953141366135668,0.06282615661621094,9.186826118766803e-20
0.09950727644586783,0.08932888853219237,0.10008038026819467,0.09059558675630859,0.1122293472290039,0.00953141552889192,0.009530938940471856,0.06253576278686523,9.186837180743243e-20
0.0995056505175564,0.0893273417693544,0.10007951267544828,0.09059544100781872,0.1156773567199707,0.009530940789759784,0.009530464225449009,0.06430983543395996,9.18684937399552e-20
0.09950402893351497,0.08932580173496314,0.10007864945759332,0.09059530181486225,0.11422133445739746,0.00953046605604444,0.00952998951504469,0.06270384788513184,9.186862832246941e-20
0.09950241167198996,0.08932426839544724,0.10007779059275428,0.09059516914401052,0.12391209602355957,0.009529991327932743,0.009529514811035256,0.06444811820983887,9.186877506260053e-20
0.09950079871133667,0.08932274171740322,0.10007693605916501,0.09059504296200226,0.11255431175231934,0.009529516605603148,0.009529040112354892,0.06374692916870117,9.186893436332663e-20
0.09949919003001842,0.08932122166759457,0.10007608583516818,0.09059492323574257,0.1138770580291748,0.009529041889235033,0.009528565419891777,0.06411933898925781,9.186910715939534e-20
0.09949758560660629,0.08931970821295096,0.10007523989921475,0.09059480993230229,0.1124882698059082,0.009528567179007697,0.009528090733468275,0.06319212913513184,9.186929018789811e-20
0.09949598541977853,0.08931820132056742,0.10007439822986346,0.09059470301891703,0.11242055892944336,0.009528092475094613,0.009527616053262022,0.06322240829467773,9.186948431387544e-20
0.09949438944831988,0.08931670095770343,0.1000735608057802,0.09059460246298641,0.11224079132080078,0.009527617777671485,0.009527141379450654,0.0631868839263916,9.186969092859125e-20
0.09949279767112121,0.08931520709178219,0.10007272760573756,0.0905945082320731,0.11215853691101074,0.009527143086911322,0.009526666712389442,0.06313514709472656,9.186990859959622e-20
0.09949121006717893,0.08931371969038976,0.10007189860861426,0.09059442029390219,0.1123499870300293,0.009526668402982927,0.009526192052256022,0.06321477890014648,9.187013772090396e-20
0.09948962661559442,0.08931223872127425,0.10007107379339465,0.09059433861636039,0.1143651008605957,0.009526193726056209,0.009525717399760936,0.06496453285217285,9.187037895646346e-20
0.09948804729557366,0.08931076415234501,0.10007025313916813,0.09059426316749496,0.1133737564086914,0.00952571905629623,0.009525242753483099,0.06354069709777832,9.187063102782577e-20
0.0994864720864265,0.08930929595167182,0.10006943662512867,0.09059419391551324,0.1258699893951416,0.009525244393871545,0.009524768115021232,0.0647740364074707,9.187089512360789e-20
0.09948490096756628,0.0893078340874841,0.10006862423057425,0.09059413082878162,0.11385369300842285,0.009524769738944228,0.009524293483487156,0.06375479698181152,9.18711705973162e-20
0.09948333391850929,0.08930637852817012,0.10006781593490638,0.09059407387582483,0.11318206787109375,0.009524295091677158,0.009523818860124322,0.06347107887268066,9.18714570250827e-20
0.09948177091887411,0.08930492924227618,0.10006701171762955,0.09059402302532514,0.1140599250793457,0.009523820452230464,0.009523344244044551,0.06389474868774414,9.187175464276315e-20
0.09948021194838134,0.0893034861985058,0.10006621155835074,0.09059397824612155,0.11476492881774902,0.009523345820764778,0.009522869636846565,0.06357693672180176,9.187206321704178e-20
0.09947865698685293,0.08930204936571899,0.10006541543677891,0.09059393950720904,0.11468791961669922,0.009522871197434312,0.009522395037109277,0.0626688003540039,9.187238305159068e-20
0.09947710601421172,0.08930061871293146,0.10006462333272442,0.09059390677773786,0.11429429054260254,0.009522396582396548,0.009521920445720866,0.06292176246643066,9.187271366016215e-20
0.0994755590104809,0.0892991942093138,0.10006383522609863,0.09059388002701253,0.11508440971374512,0.00952192197580494,0.009521445862858968,0.06363987922668457,9.187305564989406e-20
0.09947401595578353,0.08929777582419073,0.10006305109691332,0.09059385922449126,0.1151268482208252,0.009521447377812766,0.009520971288878854,0.0624692440032959,9.187340866292325e-20
0.09947247683034206,0.08929636352704035,0.10006227092528024,0.0905938443397851,0.1236562728881836,0.009520972788570382,0.009520496723425254,0.06447100639343262,9.18737725125876e-20
0.09947094161447792,0.08929495728749332,0.10006149469141053,0.09059383534265725,0.11874651908874512,0.009520498208228081,0.009520022167031073,0.0627298355102539,9.18741473626602e-20
0.09946941028861081,0.08929355707533215,0.10006072237561431,0.09059383220302222,0.1131136417388916,0.00952002363693281,0.009519547618985769,0.0624697208404541,9.187453290000702e-20
0.09946788283325843,0.08929216286049045,0.10005995395830014,0.09059383489094508,0.11468815803527832,0.009519549074832587,0.009519073080888063,0.06337928771972656,9.18749289383626e-20
0.09946635922903578,0.08929077461305208,0.10005918941997455,0.0905938433766408,0.11617541313171387,0.009519074522072051,0.009518598551672142,0.06228303909301758,9.187533578853018e-20
0.09946483945665485,0.08928939230325052,0.10005842874124153,0.09059385763047328,0.11886096000671387,0.00951859997879485,0.009518124032936726,0.06256389617919922,9.187575298905265e-20
0.099463323496924,0.08928801590146802,0.10005767190280204,0.09059387762295495,0.11763572692871094,0.009518125445141102,0.009517649522372551,0.06296944618225098,9.18761810571513e-20
0.09946181133074761,0.08928664537823496,0.10005691888545355,0.09059390332474565,0.11945772171020508,0.009517650921254634,0.009517175022644153,0.06340885162353516,9.187661975907524e-20
0.09946030293912553,0.08928528070422899,0.10005616967008953,0.09059393470665224,0.12248897552490234,0.009517176407273694,0.009516700532508082,0.06550025939941406,9.187706843373834e-20
0.09945879830315256,0.08928392185027438,0.10005542423769899,0.09059397173962756,0.12052607536315918,0.009516701903334883,0.009516226051964338,0.06636285781860352,9.187752800449208e-20
0.09945729740401801,0.08928256878734128,0.100054682569366,0.09059401439476995,0.11706066131591797,0.00951622740957645,0.009515751582434007,0.0662693977355957,9.187799754967356e-20
0.09945580022300532,0.08928122148654494,0.1000539446462692,0.09059406264332229,0.1224524974822998,0.009515752926131498,0.00951527712214073,0.06421375274658203,9.187847771084853e-20
0.09945430674149149,0.08927987991914503,0.10005321044968134,0.09059411645667147,0.12082934379577637,0.009515278453136222,0.009514802673216138,0.06602907180786133,9.187896791017762e-20
0.09945281694094658,0.08927854405654492,0.10005247996096879,0.09059417580634758,0.11937522888183594,0.009514803990722328,0.009514328234594416,0.0675051212310791,9.187946835321399e-20
0.09945133080293335,0.08927721387029096,0.10005175316159114,0.09059424066402327,0.11865854263305664,0.009514329539020594,0.009513853806986106,0.06875228881835938,9.187997864719614e-20
0.09944984830910668,0.08927588933207169,0.10005103003310062,0.09059431100151281,0.11673140525817871,0.009513855098159437,0.009513379389325394,0.06842756271362305,9.188049992370109e-20
0.0994483694412132,0.08927457041371725,0.10005031055714174,0.09059438679077168,0.1149904727935791,0.009513380668269187,0.009512904983566273,0.06646537780761719,9.188103011972753e-20
0.0994468941810908,0.0892732570871986,0.10004959471545076,0.09059446800389567,0.11596274375915527,0.009512906249476805,0.009512430588465293,0.06675910949707031,9.188157200642976e-20
0.09944542251066821,0.08927194932462683,0.10004888248985529,0.09059455461312026,0.11528825759887695,0.00951243184190798,0.009511956204377725,0.06553840637207031,9.188212323186385e-20
0.09944395441196445,0.08927064709825243,0.10004817386227377,0.09059464659081994,0.11519312858581543,0.009511957445688715,0.00951148183254702,0.06476163864135742,9.188268689487957e-20
0.09944248986708851,0.08926935038046464,0.10004746881471507,0.09059474390950747,0.12267374992370605,0.009511483060939543,0.009511007470841548,0.06854128837585449,9.188325979175813e-20
0.09944102885823879,0.08926805914379077,0.10004676732927803,0.09059484654183318,0.116302490234375,0.00951100868778513,0.009510533121392939,0.06701874732971191,9.188384273335271e-20
0.09943957136770273,0.08926677336089542,0.10004606938815094,0.09059495446058423,0.11640214920043945,0.009510534326345634,0.009510058784023556,0.06653809547424316,9.188443492676536e-20
0.09943811737785631,0.08926549300457988,0.1000453749736112,0.09059506763868405,0.11529064178466797,0.009510059976739054,0.009509584458200493,0.06526994705200195,9.188503723128588e-20
0.0994366668711636,0.08926421804778144,0.10004468406802479,0.09059518604919153,0.11500144004821777,0.009509585639085204,0.009509110144456656,0.06456923484802246,9.188564880816427e-20
0.09943521983017643,0.08926294846357265,0.1000439966538459,0.09059530966530051,0.11368370056152344,0.009509111313502381,0.009508635842259139,0.06350278854370117,9.188627029054799e-20
0.09943377623753376,0.08926168422516073,0.10004331271361643,0.09059543846033896,0.11374235153198242,0.00950863700010604,0.009508161552140848,0.06315326690673828,9.188690086839308e-20
0.09943233607596141,0.08926042530588679,0.10004263222996554,0.09059557240776829,0.11561775207519531,0.009508162699011117,0.009507687275700505,0.06442022323608398,9.188754140791513e-20
0.09943089932827161,0.08925917167922527,0.10004195518560928,0.09059571148118284,0.11468935012817383,0.009507688410329626,0.009507213010628845,0.06242179870605469,9.188819138346442e-20
0.09942946597736244,0.08925792331878318,0.10004128156335011,0.09059585565430911,0.11412501335144043,0.009507214134175898,0.009506738758524591,0.0625157356262207,9.188885095902838e-20
0.09942803600621752,0.08925668019829952,0.10004061134607647,0.09059600490100506,0.12549853324890137,0.009506739870660069,0.009506264518321927,0.06374502182006836,9.188951895071388e-20
0.0994266093979056,0.08925544229164456,0.10003994451676239,0.09059615919525951,0.11395406723022461,0.009506265619894575,0.009505790291797211,0.06295609474182129,9.189019749836302e-20
0.09942518613557996,0.08925420957281918,0.10003928105846698,0.09059631851119156,0.1147456169128418,0.009505791381987549,0.00950531607699645,0.06374907493591309,9.189088408511121e-20
0.09942376620247823,0.08925298201595427,0.10003862095433409,0.09059648282304977,0.11536502838134766,0.009505317157048944,0.009504841875696002,0.0631265640258789,9.189158066363168e-20
0.09942234958192178,0.08925175959531007,0.10003796418759185,0.09059665210521163,0.11419892311096191,0.009504842945183055,0.009504367687895865,0.06221914291381836,9.189228649102439e-20
0.09942093625731545,0.08925054228527546,0.10003731074155224,0.09059682633218286,0.1169121265411377,0.009504368746496497,0.009503893513063133,0.06337332725524902,9.189300081913909e-20
0.09941952621214695,0.08924933006036738,0.10003666059961068,0.09059700547859675,0.11533570289611816,0.009503894561094848,0.009503419351553077,0.06191205978393555,9.189372462510917e-20
0.09941811942998667,0.08924812289523018,0.10003601374524561,0.09059718951921363,0.11941909790039062,0.009503420389080943,0.009502945203010427,0.061861276626586914,9.189445736149283e-20
0.09941671589448707,0.08924692076463497,0.10003537016201808,0.09059737842892014,0.11847686767578125,0.009502946230558959,0.00950247106867863,0.06256413459777832,9.189519904636869e-20
0.09941531558938235,0.08924572364347899,0.10003472983357134,0.0905975721827287,0.12755918502807617,0.009502472085629573,0.009501996947136604,0.07146763801574707,9.189594983303366e-20
0.09941391849848806,0.08924453150678495,0.10003409274363043,0.09059777075577674,0.11791563034057617,0.009501997954394924,0.009501522839805432,0.062177419662475586,9.189670960056662e-20
0.09941252460570066,0.08924334432970046,0.10003345887600174,0.09059797412332611,0.1179509162902832,0.009501523836952967,0.0095010487456193,0.0618290901184082,9.189747781579544e-20
0.0994111338949971,0.0892421620874974,0.10003282821457266,0.09059818226076258,0.11578488349914551,0.009501049733403575,0.00950057466617693,0.06460762023925781,9.189825510015706e-20
0.09940974635043452,0.08924098475557125,0.10003220074331111,0.09059839514359502,0.12116384506225586,0.009500575643842568,0.009500100600412509,0.06591391563415527,9.189904133110363e-20
0.09940836195614967,0.08923981230944049,0.1000315764462652,0.09059861274745494,0.12156796455383301,0.009500101568369109,0.00949962654850367,0.06855106353759766,9.189983586653341e-20
0.09940698069635874,0.08923864472474598,0.10003095530756277,0.09059883504809585,0.11456608772277832,0.009499627507077979,0.009499152511160958,0.0649254322052002,9.19006392016884e-20
0.09940560255535669,0.0892374819772504,0.10003033731141106,0.09059906202139253,0.11260366439819336,0.009499153460062835,0.0094986784880291,0.06275653839111328,9.190145123405099e-20
0.09940422751751712,0.0892363240428376,0.10002972244209624,0.0905992936433407,0.1155388355255127,0.00949867942741856,0.009498204479285732,0.06337690353393555,9.190227170698688e-20
0.09940285556729182,0.08923517089751197,0.10002911068398306,0.09059952989005614,0.11870431900024414,0.009498205409238616,0.009497730484575584,0.0628058910369873,9.190310105470317e-20
0.09940148668921012,0.0892340225173979,0.10002850202151445,0.09059977073777421,0.12624025344848633,0.009497731405614364,0.009497256504786833,0.0687713623046875,9.190393844267185e-20
0.09940012086787883,0.08923287887873911,0.10002789643921112,0.09060001616284918,0.12352514266967773,0.00949725741663602,0.009496782539564208,0.06577253341674805,9.190478502072947e-20
0.09939875808798171,0.0892317399578981,0.10002729392167117,0.09060026614175372,0.12102127075195312,0.009496783442395131,0.00949630858926298,0.0686960220336914,9.190563918209453e-20
0.09939739833427905,0.08923060573135555,0.10002669445356975,0.09060052065107824,0.11417388916015625,0.00949630948297874,0.00949583465352788,0.06614804267883301,9.190650216524269e-20
0.09939604159160738,0.08922947617570973,0.10002609801965857,0.09060077966753033,0.11391949653625488,0.009495835538478516,0.009495360732181268,0.06429505348205566,9.190737343849514e-20
0.09939468784487908,0.08922835126767586,0.10002550460476564,0.09060104316793424,0.11478400230407715,0.009495361608979846,0.009494886826999505,0.06431698799133301,9.190825423949081e-20
0.09939333707908196,0.08922723098408562,0.10002491419379479,0.09060131112923016,0.11609125137329102,0.009494887694567418,0.009494412936028596,0.0629575252532959,9.190914407617354e-20
0.09939198927927884,0.08922611530188648,0.10002432677172536,0.09060158352847375,0.11729979515075684,0.009494413795329965,0.009493939060867262,0.06253814697265625,9.191004435735769e-20
0.09939064443060718,0.08922500419814121,0.10002374232361176,0.09060186034283547,0.12162518501281738,0.009493939911350138,0.009493465200449691,0.06521487236022949,9.191095318690604e-20
0.0993893025182789,0.0892238976500272,0.10002316083458315,0.09060214154960018,0.1195986270904541,0.009493466042713576,0.009492991355308789,0.06588053703308105,9.191187009296639e-20
0.0993879635275798,0.08922279563483596,0.10002258228984305,0.09060242712616637,0.1256544589996338,0.009492992189501627,0.009492517526510369,0.06595706939697266,9.19127946160593e-20
0.09938662744386921,0.08922169812997253,0.10002200667466896,0.09060271705004562,0.11990499496459961,0.009492518351796795,0.00949204371210044,0.06838226318359375,9.191372786025795e-20
0.09938529425257972,0.08922060511295493,0.10002143397441197,0.09060301129886209,0.11519479751586914,0.009492044529681167,0.009491569914210629,0.06632709503173828,9.191466826320315e-20
0.09938396393921674,0.08921951656141357,0.10002086417449645,0.09060330985035206,0.11376357078552246,0.009491570723234487,0.009491096131597487,0.06437063217163086,9.191561727726884e-20
0.09938263648935816,0.08921843245309065,0.10002029726041961,0.09060361268236314,0.11282610893249512,0.00949109693253753,0.009490622364083379,0.06250786781311035,9.191657391505854e-20
0.09938131188865393,0.0892173527658397,0.1000197332177512,0.09060391977285394,0.1152350902557373,0.009490623157668323,0.009490148612911753,0.06314635276794434,9.191753829992706e-20
0.09937999012282578,0.08921627747762496,0.10001917203213313,0.09060423109989336,0.1165611743927002,0.009490149398705582,0.009489674877549703,0.06305956840515137,9.191851135354059e-20
0.09937867117766684,0.08921520656652081,0.10001861368927907,0.09060454664166008,0.1185457706451416,0.009489675655726955,0.0094892011583525,0.062469482421875,9.191949135242645e-20
0.0993773550390413,0.08921414001071126,0.10001805817497414,0.09060486637644204,0.12966704368591309,0.009489201928807617,0.009488727455320145,0.07208895683288574,9.19204793234614e-20
0.09937604169288396,0.08921307778848939,0.10001750547507453,0.09060519028263579,0.1200106143951416,0.0094887282180237,0.009488253768097366,0.06329154968261719,9.192147476234098e-20
0.09937473112520002,0.0892120198782568,0.10001695557550715,0.09060551833874607,0.12543010711669922,0.009488254523451553,0.009487780097749976,0.06618428230285645,9.192247787206776e-20
0.09937342332206463,0.08921096625852307,0.10001640846226928,0.09060585052338527,0.12015628814697266,0.009487780845161949,0.00948730644250162,0.06875133514404297,9.192348921708282e-20
0.09937211826962247,0.08920991690790521,0.10001586412142821,0.0906061868152728,0.1154782772064209,0.009487307183233512,0.00948683280466156,0.0665442943572998,9.192450761858301e-20
0.09937081595408764,0.08920887180512713,0.10001532253912089,0.09060652719323464,0.11438369750976562,0.0094868335377349,0.009486359182986348,0.06447696685791016,9.192553382785282e-20
0.09936951636174317,0.08920783092901913,0.10001478370155359,0.09060687163620268,0.11320781707763672,0.009486359908738804,0.009485885577653619,0.06282734870910645,9.192656746613143e-20
0.09936821947894053,0.08920679425851734,0.10001424759500153,0.09060722012321443,0.11432909965515137,0.009485886296317879,0.009485411988485737,0.06280517578125,9.192760910684862e-20
0.09936692529209955,0.08920576177266318,0.10001371420580861,0.09060757263341222,0.11658596992492676,0.00948541270054397,0.009484938416726152,0.0631260871887207,9.192865744143717e-20
0.09936563378770792,0.08920473345060287,0.10001318352038693,0.09060792914604282,0.1273941993713379,0.009484939121483538,0.009484464861486686,0.0711369514465332,9.192971332579852e-20
0.09936434495232092,0.08920370927158686,0.10001265552521661,0.0906082896404569,0.11751627922058105,0.00948446555920704,0.009483991322412066,0.062236785888671875,9.193077651780372e-20
0.0993630587725611,0.08920268921496936,0.10001213020684531,0.09060865409610855,0.12043333053588867,0.009483992013783606,0.009483517801101016,0.06282210350036621,9.193184741578489e-20
0.0993617752351178,0.0892016732602078,0.10001160755188798,0.09060902249255463,0.1261591911315918,0.009483518485279608,0.009483044296665355,0.06558012962341309,9.193292537316546e-20
0.09936049432674696,0.08920066138686228,0.10001108754702648,0.0906093948094544,0.1203615665435791,0.009483044973763002,0.009482570808749813,0.0684664249420166,9.193401053653966e-20
0.0993592160342708,0.08919965357459511,0.10001057017900927,0.09060977102656892,0.1155998706817627,0.009482571479298207,0.009482097337887296,0.0661001205444336,9.193510314090408e-20
0.0993579403445773,0.08919864980317029,0.10001005543465108,0.09061015112376056,0.11488986015319824,0.009482098001953905,0.009481623884255441,0.06449604034423828,9.193620260870321e-20
0.09935666724462015,0.08919765005245293,0.10000954330083253,0.09061053508099257,0.11363363265991211,0.009481624541793148,0.009481150448209519,0.06295371055603027,9.193730926430158e-20
0.09935539672141812,0.08919665430240888,0.10000903376449988,0.09061092287832843,0.11427760124206543,0.009481151098880515,0.009480677028150808,0.06270956993103027,9.193842355787868e-20
0.09935412876205502,0.08919566253310407,0.10000852681266463,0.09061131449593152,0.1201024055480957,0.00948067767328117,0.009480203626388573,0.06202197074890137,9.193954443558872e-20
0.09935286335367918,0.08919467472470416,0.10000802243240324,0.09061170991406449,0.123443603515625,0.009480204265058115,0.009479730241856998,0.06243443489074707,9.194067268829415e-20
0.09935160048350318,0.0891936908574739,0.10000752061085677,0.0906121091130888,0.11737418174743652,0.009479730874272056,0.009479256875444264,0.062207937240600586,9.194180718614869e-20
0.09935034013880362,0.08919271091177676,0.1000070213352306,0.09061251207346416,0.11866903305053711,0.009479257500984363,0.009478783525196377,0.06275129318237305,9.1942949554537e-20
0.0993490823069206,0.0891917348680744,0.10000652459279405,0.0906129187757482,0.12331628799438477,0.009478784145258682,0.009478310193422601,0.06515836715698242,9.194409824250153e-20
0.09934782697525762,0.08919076270692608,0.10000603037088011,0.09061332920059577,0.12086081504821777,0.009478310807153088,0.009477836878879486,0.06723475456237793,9.194525429137763e-20
0.09934657413128109,0.0891897944089883,0.1000055386568851,0.09061374332875867,0.11936306953430176,0.009477837486729842,0.00947736358209994,0.06798052787780762,9.194641777994953e-20
0.09934532376252012,0.08918882995501427,0.10000504943826838,0.09061416114108495,0.1154932975769043,0.009477364184046582,0.009476890303261598,0.06616353988647461,9.194758946868835e-20
0.09934407585656617,0.08918786932585342,0.100004562702552,0.0906145826185187,0.11424565315246582,0.009476890899161955,0.00947641704236446,0.06382513046264648,9.194877311611354e-20
0.09934283040107279,0.08918691250245088,0.10000407843732038,0.09061500774209931,0.11448979377746582,0.009476417632134108,0.009475943799408526,0.0641171932220459,9.194996292509572e-20
0.09934158738375529,0.08918595946584709,0.10000359663022006,0.09061543649296115,0.12511563301086426,0.009475944383020506,0.009475470573860889,0.06348896026611328,9.19511599180314e-20
0.09934034679239025,0.08918501019717727,0.10000311726895929,0.09061586885233298,0.11540889739990234,0.009475471151878124,0.009474997366432092,0.06415510177612305,9.195236298523999e-20
0.09933910861481547,0.08918406467767094,0.10000264034130783,0.0906163048015376,0.11504030227661133,0.00947499793876427,0.009474524176589227,0.06251311302185059,9.19535733826635e-20
0.09933787283892954,0.08918312288865145,0.1000021658350966,0.0906167443219913,0.11733794212341309,0.00947452474373442,0.009474051005931017,0.06287741661071777,9.195478935846368e-20
0.0993366394526916,0.08918218481153556,0.10000169373821728,0.09061718739520343,0.11948370933532715,0.00947405156684296,0.009473577852325832,0.06273412704467773,9.195601290617556e-20
0.09933540844412098,0.0891812504278329,0.1000012240386222,0.09061763400277585,0.12376546859741211,0.009473578408145658,0.009473104717017122,0.06536006927490234,9.195724273601072e-20
0.09933417980129691,0.08918031971914553,0.10000075672432385,0.09061808412640256,0.12121963500976562,0.00947310526769596,0.009472631600537795,0.06772732734680176,9.195847936281258e-20
0.09933295351235825,0.08917939266716753,0.1000002917833947,0.09061853774786921,0.11583089828491211,0.00947263214554625,0.009472158501999672,0.06630086898803711,9.195972207597514e-20
0.09933172956550312,0.08917846925368444,0.09999982920396684,0.0906189948490527,0.11493873596191406,0.009472159041750968,0.00947168542193566,0.06509089469909668,9.196097144832368e-20
0.09933050794898869,0.08917754946057294,0.09999936897423171,0.0906194554119206,0.12174320220947266,0.00947168595636244,0.00947121236034576,0.06762218475341797,9.196222694728268e-20
0.09932928865113085,0.08917663326980024,0.09999891108243977,0.09061991941853079,0.11581134796142578,0.009471212889432635,0.009470739317052335,0.06622028350830078,9.19634891649873e-20
0.09932807166030388,0.08917572066342373,0.09999845551690026,0.09062038685103094,0.11463785171508789,0.009470739841012241,0.009470266292765928,0.06350445747375488,9.196475746766076e-20
0.09932685696494023,0.08917481162359052,0.09999800226598085,0.0906208576916582,0.11533784866333008,0.009470266811151392,0.00946979328659836,0.06348752975463867,9.196603209945532e-20
0.0993256445535301,0.08917390613253694,0.09999755131810738,0.0906213319227386,0.11437511444091797,0.009469793799901483,0.009469320298194361,0.06200814247131348,9.19673132868626e-20
0.09932443441462137,0.08917300417258815,0.09999710266176355,0.09062180952668662,0.11551737785339355,0.009469320807313695,0.009468847329685559,0.06151890754699707,9.196860092516147e-20
0.09932322653681909,0.08917210572615769,0.09999665628549066,0.09062229048600483,0.11686348915100098,0.00946884783343593,0.009468374379117961,0.06159043312072754,9.19698945303157e-20
0.0993220209087854,0.089171210775747,0.09999621217788729,0.09062277478328339,0.12238454818725586,0.009468374878316973,0.009467901448267924,0.0640413761138916,9.197119400647535e-20
0.09932081751923902,0.08917031930394496,0.09999577032760905,0.09062326240119956,0.12055110931396484,0.009467901942003837,0.009467428535536726,0.06594038009643555,9.197249988808998e-20
0.09931961635695509,0.08916943129342757,0.09999533072336823,0.0906237533225175,0.11968088150024414,0.009467429024546305,0.009466955641812547,0.065155029296875,9.197381225047573e-20
0.0993184174107649,0.08916854672695737,0.09999489335393362,0.09062424753008755,0.1213374137878418,0.009466956125991355,0.009466482767095385,0.06653618812561035,9.197512979736539e-20
0.09931722066955556,0.08916766558738314,0.0999944582081301,0.09062474500684593,0.1193850040435791,0.009466483246384492,0.0094660099106747,0.06732702255249023,9.19764542210135e-20
0.0993160261222698,0.08916678785763935,0.09999402527483846,0.09062524573581436,0.11610531806945801,0.009466010385775504,0.00946553707379394,0.06610774993896484,9.197778460956773e-20
0.09931483375790569,0.08916591352074583,0.09999359454299507,0.09062574970009947,0.11430644989013672,0.0094655375442068,0.009465064256275468,0.06377506256103516,9.197912092268817e-20
0.09931364356551627,0.08916504255980728,0.09999316600159164,0.09062625688289251,0.11417293548583984,0.00946506472172451,0.00946459145758638,0.06343245506286621,9.198046335093732e-20
0.09931245553420918,0.08916417495801285,0.09999273963967492,0.09062676726746896,0.11395025253295898,0.009464591918373528,0.009464118677371403,0.06201434135437012,9.19818116099568e-20
0.0993112696531467,0.08916331069863576,0.0999923154463464,0.09062728083718793,0.11729192733764648,0.00946411913420015,0.009463645917051622,0.06176638603210449,9.198316501993169e-20
0.09931008591154525,0.08916244976503282,0.0999918934107621,0.09062779757549198,0.11893939971923828,0.009463646369246617,0.00946317317573886,0.0625154972076416,9.198452546569122e-20
0.09930890429867507,0.08916159214064409,0.09999147352213222,0.09062831746590645,0.1283121109008789,0.009463173623556202,0.009462700453788386,0.06959748268127441,9.198589107066711e-20
0.09930772480386024,0.08916073780899239,0.09999105576972094,0.09062884049203916,0.1231985092163086,0.009462700897173068,0.009462227751022567,0.06354069709777832,9.198726280113943e-20
0.09930654741647806,0.0891598867536829,0.09999064014284609,0.09062936663758019,0.12215065956115723,0.009462228190139508,0.009461755067974309,0.06742143630981445,9.198864013886828e-20
0.09930537212595894,0.0891590389584028,0.09999022663087895,0.09062989588630115,0.11962008476257324,0.009461755502497423,0.009461282403933069,0.06818938255310059,9.199002339249267e-20
0.09930419892178628,0.0891581944069208,0.09998981522324392,0.09063042822205492,0.11611127853393555,0.0094612828342894,0.009460809759254118,0.06633853912353516,9.199141224531974e-20
0.09930302779349603,0.08915735308308675,0.09998940590941827,0.09063096362877526,0.1147758960723877,0.009460810185557066,0.009460337134292729,0.06395483016967773,9.199280737046234e-20
0.09930185873067639,0.08915651497083128,0.0999889986789319,0.09063150209047632,0.11486268043518066,0.009460337556340464,0.009459864528693629,0.06434249877929688,9.199420788490468e-20
0.09930069172296763,0.0891556800541653,0.09998859352136706,0.09063204359125232,0.11652255058288574,0.009459864946681077,0.009459391942634454,0.0632467269897461,9.199561479433104e-20
0.09929952676006186,0.0891548483171797,0.09998819042635808,0.09063258811527715,0.12131595611572266,0.009459392356618402,0.009458919375937569,0.06271052360534668,9.199703066150523e-20
0.09929836383170276,0.08915401974404485,0.09998778938359111,0.09063313564680395,0.13067936897277832,0.009458919786191854,0.009458446829491152,0.07261085510253906,9.199845733874482e-20
0.09929720292768532,0.08915319431901034,0.0999873903828039,0.09063368617016469,0.12137126922607422,0.009458447235440311,0.009457974302051753,0.06362748146057129,9.199988955817885e-20
0.09929604403785547,0.08915237202640443,0.09998699341378546,0.09063423966976984,0.1264028549194336,0.009457974704404752,0.009457501794685186,0.06685781478881836,9.200132746918672e-20
0.09929488715210993,0.08915155285063375,0.09998659846637592,0.09063479613010786,0.12056541442871094,0.009457502193122648,0.009457029307569087,0.06903719902038574,9.200277066968536e-20
0.09929373226039599,0.0891507367761829,0.09998620553046618,0.09063535553574492,0.11593222618103027,0.00945702970162977,0.009456556839992913,0.06687641143798828,9.200421972555395e-20
0.0992925793527112,0.08914992378761404,0.09998581459599766,0.09063591787132447,0.11552023887634277,0.009456557229966444,0.009456084391246122,0.06506156921386719,9.200567375748203e-20
0.0992914284191031,0.08914911386956648,0.0999854256529621,0.0906364831215669,0.11366486549377441,0.009456084778170134,0.009455611963460342,0.0630800724029541,9.200713323304916e-20
0.09929027944966896,0.08914830700675637,0.0999850386914013,0.09063705127126907,0.1143805980682373,0.009455612346276987,0.009455139555392122,0.06312227249145508,9.200859841300597e-20
0.09928913243455567,0.08914750318397623,0.09998465370140679,0.09063762230530394,0.1169137954711914,0.009455139934322617,0.009454667167396735,0.06235051155090332,9.201006926968571e-20
0.0992879873639593,0.08914670238609462,0.0999842706731197,0.09063819620862024,0.12765240669250488,0.009454667542344128,0.009454194798586002,0.07152342796325684,9.201154501185776e-20
0.09928684422812493,0.08914590459805576,0.09998388959673044,0.09063877296624206,0.11696267127990723,0.009454195170377851,0.009453722450381008,0.062287330627441406,9.201302579698147e-20
0.09928570301734647,0.08914510980487912,0.09998351046247846,0.09063935256326856,0.12039470672607422,0.009453722818458743,0.009453250122604118,0.0626523494720459,9.201451239316473e-20
0.09928456372196635,0.0891443179916591,0.099983133260652,0.0906399349848735,0.12490487098693848,0.009453250486620185,0.009452777814189517,0.06597495079040527,9.201600383803451e-20
0.0992834263323753,0.08914352914356453,0.09998275798158789,0.09064052021630475,0.12194228172302246,0.009452778174899716,0.00945230552620302,0.06779789924621582,9.201750044828931e-20
0.0992822908390121,0.08914274324583847,0.09998238461567126,0.0906411082428842,0.1167912483215332,0.00945230588333054,0.00945183325846699,0.0667264461517334,9.201900267633306e-20
0.09928115723236335,0.08914196028379773,0.09998201315333531,0.0906416990500072,0.11488151550292969,0.009451833611946686,0.009451361010093251,0.06481409072875977,9.202050988032904e-20
0.09928002550296322,0.0891411802428325,0.09998164358506108,0.09064229262314226,0.11409664154052734,0.009451361360782578,0.009450888782680522,0.06320500373840332,9.202202238113392e-20
0.09927889564139325,0.08914040310840605,0.09998127590137719,0.09064288894783067,0.11411857604980469,0.009450889129871798,0.009450416575873533,0.0633094310760498,9.202353983165888e-20
0.09927776763828201,0.08913962886605431,0.09998091009285964,0.09064348800968608,0.1192934513092041,0.009450416919244562,0.009449944388606468,0.06305551528930664,9.202506244005634e-20
0.09927664148430497,0.08913885750138548,0.09998054615013156,0.09064408979439423,0.12302327156066895,0.009449944728935577,0.009449472222300415,0.06228780746459961,9.202659005491304e-20
0.09927551717018412,0.08913808900007976,0.09998018406386291,0.09064469428771249,0.11687564849853516,0.009449472558976742,0.009449000075534286,0.062207698822021484,9.202812298027935e-20
0.09927439468668799,0.08913732334788893,0.09997982382477036,0.09064530147546958,0.1187283992767334,0.009449000409400422,0.009448527949373897,0.06250309944152832,9.202966064686074e-20
0.09927327402463118,0.08913656053063597,0.09997946542361696,0.09064591134356517,0.12508749961853027,0.00944852828023883,0.009448055844352155,0.0646357536315918,9.203120335543758e-20
0.09927215517487424,0.08913580053421476,0.09997910885121197,0.0906465238779696,0.12603521347045898,0.009448056171521876,0.009447583759047973,0.06750798225402832,9.203275088003204e-20
0.09927103812832345,0.0891350433445897,0.09997875409841057,0.09064713906472346,0.11705589294433594,0.009447584083280884,0.009447111693994259,0.06657218933105469,9.203430350297922e-20
0.09926992287593059,0.08913428894779535,0.0999784011561137,0.09064775688993715,0.11496543884277344,0.009447112015546965,0.009446639650612099,0.06476736068725586,9.203586093437408e-20
0.09926880940869268,0.08913353732993609,0.09997805001526777,0.09064837733979074,0.1151723861694336,0.009446639968349204,0.009446167626414592,0.06363511085510254,9.203742350046768e-20
0.09926769771765166,0.0891327884771858,0.09997770066686448,0.09064900040053349,0.1162881851196289,0.009446167941720153,0.009445695623533368,0.06362485885620117,9.203899067709285e-20
0.09926658779389433,0.0891320423757874,0.09997735310194054,0.09064962605848358,0.1261746883392334,0.009445695935686095,0.009445223641613154,0.06312990188598633,9.204056279655002e-20
0.09926547962855205,0.08913129901205268,0.0999770073115775,0.0906502543000276,0.11621975898742676,0.009445223950278083,0.009444751679410501,0.06261110305786133,9.204213979385976e-20
0.09926437321280056,0.08913055837236178,0.09997666328690152,0.09065088511162034,0.11662769317626953,0.00944475198552592,0.009444279738701766,0.062171220779418945,9.204372157301357e-20
0.0992632685378597,0.08912982044316298,0.09997632101908309,0.09065151847978443,0.12049627304077148,0.009444280041456926,0.00944380781859877,0.06283211708068848,9.204530805780533e-20
0.09926216559499319,0.08912908521097228,0.09997598049933687,0.09065215439111009,0.1242835521697998,0.00944380811809934,0.009443335918568607,0.06527256965637207,9.204689915948741e-20
0.09926106437550851,0.08912835266237308,0.09997564171892143,0.09065279283225453,0.12517428398132324,0.00944333621548237,0.00944286403967709,0.06746578216552734,9.204849525481579e-20
0.09925996487075657,0.08912762278401591,0.09997530466913906,0.09065343378994198,0.11752200126647949,0.009442864333635288,0.009442392181568948,0.06686234474182129,9.205009625737604e-20
0.09925886707213151,0.08912689556261799,0.09997496934133555,0.09065407725096304,0.11549711227416992,0.009442392472583609,0.009441920343711274,0.06523442268371582,9.205170155576073e-20
0.0992577709710705,0.08912617098496295,0.09997463572689995,0.09065472320217456,0.11433219909667969,0.00944192063235673,0.009441448527347518,0.06401562690734863,9.205331259930253e-20
0.09925667655905358,0.08912544903790051,0.09997430381726435,0.0906553716304991,0.1271352767944336,0.009441448812979624,0.009440976731411865,0.06450438499450684,9.205492932496496e-20
0.09925558382760338,0.08912472970834612,0.0999739736039037,0.09065602252292476,0.11583471298217773,0.009440977014479442,0.009440504957503038,0.06332063674926758,9.205655884418251e-20
0.09925449276828488,0.08912401298328061,0.09997364507833556,0.09065667586650482,0.11601924896240234,0.009440505236881511,0.009440033202601228,0.06284451484680176,9.205819451367423e-20
0.09925340337270526,0.08912329884974995,0.09997331823211991,0.09065733164835744,0.11709141731262207,0.009440033480214598,0.009439561469903879,0.06238389015197754,9.205983502140008e-20
0.09925231563251372,0.08912258729486484,0.09997299305685894,0.09065798985566528,0.12036538124084473,0.00943956174450313,0.009439089757989905,0.06283283233642578,9.206147965091618e-20
0.09925122953940113,0.08912187830580044,0.09997266954419681,0.09065865047567517,0.12455344200134277,0.009439090029772772,0.009438618066504034,0.06556415557861328,9.2063129759591e-20
0.09925014508509994,0.08912117186979598,0.09997234768581949,0.09065931349569785,0.12392616271972656,0.009438618336050648,0.009438146396689717,0.06723713874816895,9.206478332090966e-20
0.09924906226138398,0.08912046797415453,0.09997202747345446,0.09065997890310751,0.1170492172241211,0.009438146663359796,0.00943767474748114,0.06662321090698242,9.20664419291739e-20
0.09924798106006828,0.0891197666062426,0.09997170889887064,0.09066064668534171,0.11634039878845215,0.0094376750117258,0.009437203119588844,0.06571221351623535,9.206810491562858e-20
0.09924690147300864,0.08911906775348989,0.09997139195387804,0.09066131682990093,0.12353301048278809,0.009437203381172921,0.009436731512302288,0.06841754913330078,9.206977193506249e-20
0.0992458234921017,0.08911837140338894,0.09997107663032767,0.09066198932434824,0.11661577224731445,0.009436731771727186,0.00943625992650965,0.06624746322631836,9.207144373444899e-20
0.09924474710928452,0.08911767754349478,0.09997076292011126,0.09066266415630891,0.11464977264404297,0.00943626018341063,0.009435788361678021,0.06324934959411621,9.207311994747892e-20
0.09924367231653457,0.08911698616142469,0.09997045081516105,0.09066334131347026,0.11674737930297852,0.009435788616248176,0.00943531681798504,0.06371331214904785,9.207479995082363e-20
0.0992425991058694,0.08911629724485784,0.09997014030744969,0.09066402078358128,0.11675143241882324,0.00943531707026335,0.009434845295963612,0.0631403923034668,9.207648492247191e-20
0.09924152746934646,0.089115610781535,0.09996983138898992,0.09066470255445237,0.12013626098632812,0.009434845545479447,0.009434373794370288,0.06207680702209473,9.207817379306183e-20
0.09924045739906298,0.08911492675925821,0.09996952405183442,0.09066538661395497,0.12476587295532227,0.009434374041920312,0.00943390231515906,0.06394791603088379,9.207986681309403e-20
0.09923938888715562,0.08911424516589049,0.09996921828807562,0.09066607295002123,0.12282872200012207,0.00943390255960565,0.0094334308561983,0.0666646957397461,9.208156496831642e-20
0.09923832192580045,0.08911356598935556,0.09996891408984547,0.09066676155064377,0.11954450607299805,0.009433431098559883,0.009432959418376186,0.06750726699829102,9.208326639624234e-20
0.09923725650721263,0.08911288921763752,0.09996861144931528,0.09066745240387537,0.1265873908996582,0.009432959658806738,0.009432488002403261,0.07177138328552246,9.208497240410606e-20
0.09923619262364626,0.08911221483878048,0.09996831035869548,0.09066814549782864,0.11697864532470703,0.009432488240367954,0.009432016608279525,0.06743121147155762,9.208668269007496e-20
0.09923513026739417,0.0891115428408884,0.09996801081023547,0.0906688408206757,0.11466383934020996,0.009432016843262992,0.009431545234406258,0.06513500213623047,9.208839675827815e-20
0.09923406943078772,0.08911087321212463,0.09996771279622339,0.09066953836064795,0.11486983299255371,0.009431545467516357,0.00943107388238218,0.06398916244506836,9.209011519370844e-20
0.09923301010619666,0.08911020594071176,0.09996741630898595,0.09067023810603578,0.11599087715148926,0.009431074113148174,0.009430602551319112,0.06483268737792969,9.209183772817414e-20
0.09923195228602881,0.08910954101493122,0.09996712134088821,0.09067094004518828,0.1156759262084961,0.009430602780179893,0.009430131242282869,0.06299352645874023,9.209356477474088e-20
0.09923089596272999,0.08910887842312305,0.09996682788433343,0.09067164416651281,0.1185150146484375,0.009430131468632261,0.009429659954740544,0.06364941596984863,9.209529566089616e-20
0.09922984112878391,0.08910821815368555,0.09996653593176283,0.09067235045847476,0.12236666679382324,0.009429660178525322,0.009429188687803958,0.0642390251159668,9.209703031544246e-20
0.09922878777671175,0.08910756019507503,0.09996624547565543,0.09067305890959731,0.12564468383789062,0.009429188909881,0.00942871744236129,0.06645750999450684,9.209876971835107e-20
0.09922773589907213,0.0891069045358055,0.09996595650852785,0.09067376950846123,0.12085652351379395,0.009428717662721383,0.009428246218945446,0.06620216369628906,9.210051245938964e-20
0.09922668548846081,0.08910625116444842,0.09996566902293416,0.09067448224370443,0.12235760688781738,0.009428246437064166,0.009427775017201157,0.06781888008117676,9.210225902238023e-20
0.09922563653751058,0.08910560006963235,0.09996538301146562,0.09067519710402176,0.12081432342529297,0.009427775232928967,0.009427303836950784,0.0686960220336914,9.210401005074752e-20
0.09922458903889118,0.0891049512400427,0.09996509846675054,0.09067591407816471,0.11573028564453125,0.009427304050335083,0.009426832677839059,0.06656002998352051,9.210576514232187e-20
0.09922354298530887,0.08910430466442147,0.09996481538145412,0.0906766331549411,0.11393237113952637,0.009426832889303717,0.009426361540576522,0.06424379348754883,9.210752397077167e-20
0.09922249836950653,0.08910366033156693,0.09996453374827818,0.09067735432321478,0.1138308048248291,0.009426361749852214,0.009425890424630268,0.06304335594177246,9.21092866461722e-20
0.09922145518426326,0.08910301823033334,0.09996425355996108,0.09067807757190553,0.11537861824035645,0.009425890632001667,0.009425419330177931,0.06281614303588867,9.211105348451499e-20
0.09922041342239425,0.0891023783496307,0.09996397480927746,0.09067880288998859,0.11652612686157227,0.009425419535770193,0.009424948257574783,0.06216168403625488,9.211282363896677e-20
0.09921937307675062,0.0891017406784244,0.0999636974890381,0.09067953026649431,0.11951375007629395,0.00942494846117657,0.009424477206110282,0.06313061714172363,9.211459822166937e-20
0.09921833414021929,0.08910110520573504,0.09996342159208974,0.0906802596905081,0.13791799545288086,0.009424477408240949,0.009424006177027877,0.07097411155700684,9.211637634080782e-20
0.09921729660572266,0.08910047192063811,0.09996314711131485,0.09068099115117004,0.14172649383544922,0.009424006376979611,0.009423535169617026,0.07766222953796387,9.211815881316694e-20
0.09921626046621866,0.08909984081226367,0.09996287403963151,0.09068172463767456,0.11628365516662598,0.009423535367409521,0.009423064183522456,0.06775689125061035,9.21199458409316e-20
0.09921522571470036,0.08909921186979616,0.09996260236999323,0.09068246013927028,0.11560535430908203,0.009423064379551389,0.009422593218921804,0.06650972366333008,9.212173626911802e-20
0.09921419234419585,0.08909858508247409,0.09996233209538868,0.09068319764525973,0.1137382984161377,0.009422593413422598,0.00942212227705852,0.06445169448852539,9.212353994473468e-20
0.09921316034776813,0.08909796043958973,0.09996206320884168,0.09068393714499896,0.11460614204406738,0.009422122469038554,0.00942165135597861,0.06476140022277832,9.212535170938697e-20
0.09921212971851485,0.08909733793048892,0.09996179570341088,0.0906846786278973,0.11450576782226562,0.009421651546416677,0.00942118045674789,0.06297564506530762,9.212716741615196e-20
0.09921110044956828,0.08909671754457074,0.09996152957218962,0.09068542208341723,0.11612296104431152,0.009421180645576444,0.009420709579543995,0.0627584457397461,9.212898623558291e-20
0.09921007253409497,0.08909609927128727,0.0999612648083058,0.09068616750107396,0.11843013763427734,0.009420709766532505,0.009420238724011654,0.06303000450134277,9.213080902694715e-20
0.09920904596529553,0.08909548310014331,0.0999610014049217,0.09068691487043527,0.12851762771606445,0.009420238909302962,0.009419767890506137,0.07280468940734863,9.213263567454805e-20
0.09920802073640471,0.08909486902069615,0.09996073935523375,0.09068766418112123,0.11915230751037598,0.009419768073904712,0.009419297078316902,0.0639638900756836,9.21344659291877e-20
0.09920699684069106,0.08909425702255527,0.09996047865247241,0.09068841542280391,0.12488007545471191,0.009419297260353615,0.009418826288332127,0.06656861305236816,9.213629950154827e-20
0.09920597427145678,0.08909364709538209,0.09996021928990201,0.09068916858520702,0.12053704261779785,0.009418826468666198,0.009418355520551813,0.06787776947021484,9.21381367960604e-20
0.09920495302203756,0.08909303922888971,0.09995996126082052,0.09068992365810594,0.11638641357421875,0.009418355698857557,0.009417884774265417,0.06737637519836426,9.213997771150588e-20
0.09920393308580243,0.08909243341284266,0.09995970455855943,0.09069068063132711,0.11503243446350098,0.009417884950944203,0.009417414050183481,0.06525516510009766,9.214182261142962e-20
0.09920291445615352,0.08909182963705665,0.09995944917648361,0.0906914394947481,0.11388182640075684,0.009417414224941958,0.009416943347773099,0.06397128105163574,9.214367046245225e-20
0.09920189712652604,0.08909122789139831,0.09995919510799106,0.09069220023829715,0.11530566215515137,0.009416943520866035,0.00941647266703427,0.06458616256713867,9.214552180359067e-20
0.09920088109038801,0.08909062816578486,0.09995894234651283,0.09069296285195291,0.11657142639160156,0.009416472838733151,0.009416002008322266,0.0637211799621582,9.214737687547345e-20
0.09919986634124005,0.08909003045018403,0.09995869088551276,0.09069372732574425,0.12994694709777832,0.009416002178557283,0.009415531371814723,0.0694427490234375,9.214923566763523e-20
0.0991988528726154,0.08908943473461362,0.09995844071848743,0.09069449364975003,0.11500048637390137,0.009415531540353711,0.009415060756978733,0.06273818016052246,9.215109784280143e-20
0.09919784067807956,0.08908884100914134,0.0999581918389659,0.09069526181409877,0.11684060096740723,0.009415060924137485,0.009414590165235381,0.06243634223937988,9.215296326114215e-20
0.09919682975123023,0.0890882492638846,0.09995794424050959,0.09069603180896851,0.11620903015136719,0.009414590329921846,0.00941411959409777,0.06522274017333984,9.215483226247605e-20
0.09919582008569718,0.08908765948901017,0.09995769791671215,0.0906968036245866,0.12306523323059082,0.009414119757724165,0.009413649045342254,0.06618523597717285,9.215670470446672e-20
0.09919481167514192,0.089087071674734,0.0999574528611992,0.09069757725122916,0.1231241226196289,0.009413649207557235,0.009413178518435927,0.06644463539123535,9.215858039212079e-20
0.09919380451325778,0.08908648581132092,0.09995720906762826,0.09069835267922113,0.12407779693603516,0.009413178679436345,0.009412708014089333,0.06632161140441895,9.216045991924242e-20
0.09919279859376952,0.08908590188908447,0.09995696652968858,0.0906991298989359,0.1312885284423828,0.00941270817337454,0.009412237531769563,0.07417726516723633,9.216234220808412e-20
0.09919179391043338,0.0890853198983866,0.09995672524110094,0.09069990890079509,0.1232309341430664,0.009412237689386484,0.009411767071298982,0.06760525703430176,9.216422820800413e-20
0.09919079045703673,0.08908473982963741,0.09995648519561752,0.09070068967526834,0.12284564971923828,0.009411767227485672,0.009411296633210497,0.06642293930053711,9.216611701485719e-20
0.09918978822739803,0.08908416167329497,0.09995624638702175,0.09070147221287311,0.12206077575683594,0.009411296787685436,0.009410826216793566,0.06577610969543457,9.216801013696336e-20
0.09918878721536672,0.08908358541986504,0.09995600880912812,0.09070225650417432,0.12375903129577637,0.00941082636999899,0.009410355822758731,0.06647372245788574,9.216990596991133e-20
0.09918778741482301,0.08908301105990084,0.09995577245578209,0.09070304253978417,0.133453369140625,0.009410355974441335,0.009409885450750721,0.07435464859008789,9.217180515821938e-20
0.0991867888196776,0.08908243858400283,0.09995553732085988,0.09070383031036192,0.12407374382019043,0.009409885601024709,0.009409415100769536,0.06741905212402344,9.217370809233517e-20
0.0991857914238717,0.08908186798281846,0.09995530339826829,0.09070461980661354,0.12179684638977051,0.009409415249761948,0.00940894477263754,0.06708192825317383,9.2175613142794e-20
0.09918479522137683,0.08908129924704192,0.0999550706819446,0.09070541101929167,0.12156057357788086,0.009408944920667305,0.009408474467953454,0.06690025329589844,9.217752195625606e-20
0.09918380020619467,0.08908073236741389,0.09995483916585644,0.09070620393919535,0.12384247779846191,0.00940847461375077,0.009408004184408014,0.0669703483581543,9.21794343357625e-20
0.09918280637235691,0.08908016733472139,0.09995460884400158,0.09070699855716964,0.1332852840423584,0.009408004329026453,0.009407533922534128,0.07216548919677734,9.218134927914519e-20
0.09918181371392502,0.08907960413979747,0.09995437971040777,0.0907077948641055,0.12355637550354004,0.009407534066508277,0.009407063684285788,0.06896328926086426,9.21832677389105e-20
0.09918082222499028,0.08907904277352101,0.09995415175913268,0.09070859285093955,0.12306928634643555,0.009407063826207169,0.009406593467709001,0.06786704063415527,9.218518959213349e-20
0.09917983189967346,0.08907848322681647,0.09995392498426364,0.0907093925086538,0.12224006652832031,0.00940659360813477,0.00940612327351431,0.06855297088623047,9.218711434128665e-20
0.09917884273212463,0.08907792549065371,0.09995369937991758,0.09071019382827546,0.12251830101013184,0.009406123412304845,0.009405653100635902,0.06675195693969727,9.218904211399216e-20
0.09917785471652317,0.08907736955604774,0.09995347494024082,0.09071099680087676,0.12123274803161621,0.00940565323872912,0.009405182950672497,0.06709623336791992,9.219097348579083e-20
0.09917686784707774,0.08907681541405844,0.09995325165940896,0.09071180141757469,0.12895417213439941,0.009405183087418754,0.009404712822735917,0.06520867347717285,9.219290847073432e-20
0.09917588211802572,0.08907626305579042,0.09995302953162673,0.09071260766953064,0.12370562553405762,0.009404712958386787,0.009404242717359068,0.06628727912902832,9.219484658745486e-20
0.09917489752363347,0.08907571247239272,0.09995280855112781,0.09071341554795044,0.12445521354675293,0.009404242851642828,0.009403772634364316,0.06846427917480469,9.219678893686024e-20
0.09917391405819602,0.08907516365505867,0.09995258871217473,0.09071422504408387,0.12189364433288574,0.009403772767199031,0.009403302573041117,0.06820845603942871,9.219874587033793e-20
0.09917293171603685,0.0890746165950256,0.09995237000905872,0.09071503614922465,0.12094426155090332,0.009403302705068058,0.009402832534455285,0.06557488441467285,9.220070940963778e-20
0.09917195049150784,0.08907407128357461,0.09995215243609953,0.09071584885471008,0.12792706489562988,0.009402832665260102,0.00940236251825155,0.07334089279174805,9.220267578850082e-20
0.09917097037898916,0.08907352771203046,0.09995193598764533,0.09071666315192091,0.12512469291687012,0.009402362647786284,0.009401892523897004,0.06866073608398438,9.220464463658487e-20
0.09916999137288907,0.08907298587176121,0.09995172065807253,0.09071747903228107,0.1197669506072998,0.009401892652658944,0.009401422552812733,0.06552267074584961,9.22066173290552e-20
0.09916901346764377,0.08907244575417814,0.09995150644178569,0.0907182964872575,0.12109827995300293,0.0094014226798862,0.009400952603222379,0.06487298011779785,9.22085924303373e-20
0.09916803665771734,0.08907190735073538,0.0999512933332173,0.09071911550835984,0.12485027313232422,0.009400952729480808,0.009400482676547028,0.06679487228393555,9.221057079276733e-20
0.09916706093760147,0.08907137065292985,0.09995108132682773,0.0907199360871404,0.12327384948730469,0.009400482801452411,0.009400012772253774,0.06851649284362793,9.221255228948002e-20
0.09916608630181543,0.08907083565230094,0.09995087041710503,0.09072075821519375,0.12833356857299805,0.009400012895812146,0.009399542889987345,0.07380104064941406,9.221453617463149e-20
0.0991651127449059,0.08907030234043033,0.09995066059856479,0.09072158188415666,0.12737131118774414,0.00939954301256972,0.00939907303099119,0.06868362426757812,9.221652321412354e-20
0.09916414026144692,0.08906977070894181,0.09995045186575006,0.09072240708570777,0.12159466743469238,0.00939907315173396,0.009398603192956045,0.06683945655822754,9.221851324462091e-20
0.09916316884603961,0.08906924074950105,0.09995024421323118,0.09072323381156745,0.11911797523498535,0.009398603313318567,0.009398133378368811,0.0640106201171875,9.222050628041992e-20
0.09916219849331204,0.08906871245381534,0.09995003763560557,0.09072406205349749,0.12588238716125488,0.009398133497331413,0.009397663586163674,0.06877422332763672,9.222250157263233e-20
0.09916122919791913,0.08906818581363343,0.09994983212749775,0.09072489180330107,0.11828041076660156,0.00939766370378142,0.009397193815807725,0.0647118091583252,9.222450038537967e-20
0.09916026095454258,0.08906766082074535,0.09994962768355906,0.09072572305282246,0.12258052825927734,0.00939719393268086,0.009396724068722051,0.0650641918182373,9.222650182697796e-20
0.09915929375789073,0.08906713746698215,0.09994942429846758,0.09072655579394674,0.12891507148742676,0.009396724184037931,0.009396254343130295,0.06462216377258301,9.222850606157747e-20
0.09915832760269831,0.08906661574421573,0.09994922196692804,0.09072739001859974,0.12241673469543457,0.009396254457863773,0.009395784640631177,0.06633806228637695,9.22305129540341e-20
0.09915736248372645,0.08906609564435862,0.09994902068367163,0.0907282257187477,0.1254727840423584,0.00939578475416603,0.00939531496033652,0.06851530075073242,9.223252272071425e-20
0.09915639839576242,0.08906557715936377,0.09994882044345588,0.09072906288639714,0.11658048629760742,0.009395315072954866,0.009394845302779231,0.06354713439941406,9.22345357773866e-20
0.09915543533361955,0.08906506028122432,0.0999486212410645,0.09072990151359467,0.1251223087310791,0.009394845414239152,0.009394375667604038,0.06781148910522461,9.223655083553748e-20
0.09915447329213715,0.08906454500197351,0.09994842307130736,0.0907307415924268,0.11481833457946777,0.009394375778028772,0.00939390605445567,0.0634613037109375,9.223856892407042e-20
0.09915351226618034,0.08906403131368436,0.09994822592902021,0.09073158311501966,0.12718415260314941,0.009393906164332494,0.009393436464932847,0.06805992126464844,9.224058955872306e-20
0.09915255225063996,0.08906351920846951,0.09994802980906466,0.09073242607353893,0.1211857795715332,0.009393436573158812,0.009392966897081578,0.06523418426513672,9.224261326270619e-20
0.09915159324043235,0.08906300867848106,0.09994783470632798,0.09073327046018945,0.12491083145141602,0.00939296700451773,0.009392497351967677,0.06647300720214844,9.224463935375536e-20
0.09915063523049927,0.0890624997159103,0.09994764061572303,0.0907341162672153,0.11626124382019043,0.009392497458417276,0.009392027829058236,0.06383156776428223,9.224666848334472e-20
0.09914967821580775,0.08906199231298759,0.09994744753218812,0.0907349634868993,0.125349760055542,0.009392027934866458,0.009391558329241434,0.06782746315002441,9.224870019626654e-20
0.09914872219135003,0.0890614864619821,0.0999472554506868,0.09073581211156304,0.11667704582214355,0.009391558433873855,0.009391088851629092,0.06363415718078613,9.225073472519527e-20
0.09914776715214339,0.08906098215520168,0.0999470643662079,0.09073666213356651,0.12643098831176758,0.009391088955446658,0.009390619396221211,0.06818127632141113,9.225277162690403e-20
0.09914681309323009,0.0890604793849926,0.09994687427376522,0.09073751354530812,0.12288475036621094,0.009390619499595864,0.009390149964438876,0.06662297248840332,9.225481071461267e-20
0.09914586000967712,0.08905997814373941,0.09994668516839753,0.09073836633922429,0.11969685554504395,0.00939015006632671,0.009389680554861002,0.06530046463012695,9.22568532401052e-20
0.09914490789657608,0.08905947842386469,0.09994649704516839,0.09073922050778938,0.12330198287963867,0.009389680655648406,0.009389211167487588,0.06630492210388184,9.225889801108417e-20
0.09914395674904329,0.08905898021782896,0.09994630989916607,0.09074007604351551,0.12034368515014648,0.009389211267569426,0.009388741802851541,0.06557679176330566,9.226094567837714e-20
0.09914300656221936,0.0890584835181304,0.09994612372550339,0.09074093293895234,0.1232914924621582,0.00938874190209869,0.009388272461130498,0.0667564868927002,9.226299543291945e-20
0.09914205733126928,0.08905798831730466,0.09994593851931759,0.09074179118668692,0.11722469329833984,0.009388272559242822,0.009387803141613915,0.0643308162689209,9.226504794443337e-20
0.09914110905138218,0.08905749460792478,0.09994575427577022,0.09074265077934338,0.1268765926361084,0.009387803239009607,0.009387333845012336,0.0676414966583252,9.226710348868559e-20
0.09914016171777126,0.08905700238260084,0.09994557099004704,0.09074351170958293,0.12689590454101562,0.00938733394140617,0.00938686457008231,0.06411314010620117,9.226916095053152e-20
0.09913921532567363,0.08905651163397989,0.09994538865735787,0.09074437397010347,0.12321782112121582,0.009386864666444476,0.0093863953191331,0.06635594367980957,9.227122134410499e-20
0.09913826987035025,0.08905602235474575,0.0999452072729365,0.09074523755363952,0.12176299095153809,0.009386395414126352,0.009385926090743624,0.06720590591430664,9.227328424527272e-20
0.09913732534708578,0.0890555345376188,0.09994502683204053,0.09074610245296208,0.11647820472717285,0.009385926184461563,0.009385456884380972,0.0638132095336914,9.227535011556688e-20
0.09913638175118845,0.08905504817535584,0.09994484732995126,0.09074696866087843,0.12736749649047852,0.009385456977457886,0.009384987700933323,0.06888771057128906,9.227741873294676e-20
0.09913543907798994,0.08905456326074983,0.09994466876197362,0.09074783617023185,0.11370277404785156,0.009384987793121953,0.009384518539512499,0.06297469139099121,9.227949559360878e-20
0.0991344973228453,0.08905407978662978,0.09994449112343602,0.09074870497390157,0.123565673828125,0.009384518631462632,0.009384049401894856,0.06602764129638672,9.228158747883361e-20
0.0991335564811328,0.08905359774586055,0.09994431440969018,0.0907495750648025,0.12784910202026367,0.009384049492484645,0.009383580286481674,0.07076907157897949,9.22836815634379e-20
0.09913261654825385,0.08905311713134266,0.0999441386161111,0.09075044643588503,0.11591649055480957,0.00938358037619576,0.009383111193628224,0.0646815299987793,9.228577767247711e-20
0.09913167751963287,0.08905263793601212,0.09994396373809686,0.09075131908013495,0.11706423759460449,0.00938311128260429,0.009382642123867413,0.0645284652709961,9.228787650031747e-20
0.09913073939071713,0.08905216015284023,0.09994378977106862,0.09075219299057317,0.12769389152526855,0.009382642211715352,0.009382173076488698,0.06885886192321777,9.228997783771284e-20
0.0991298021569767,0.08905168377483348,0.09994361671047038,0.09075306816025563,0.11359810829162598,0.009382173163535512,0.009381704051492079,0.06363534927368164,9.229208170207848e-20
0.09912886581390427,0.08905120879503327,0.09994344455176893,0.09075394458227315,0.11958527565002441,0.009381704138073167,0.009381235049055192,0.06405210494995117,9.229418781537906e-20
0.0991279303570151,0.0890507352065158,0.09994327329045374,0.09075482224975118,0.12635469436645508,0.009381235135336292,0.009380766070243851,0.06882858276367188,9.2296296380309e-20
0.09912699578184687,0.08905026300239186,0.09994310292203684,0.09075570115584956,0.11330080032348633,0.009380766155327371,0.009380297113814606,0.06366252899169922,9.229840696757422e-20
0.09912606208395959,0.08904979217580673,0.09994293344205267,0.0907565812937625,0.12744688987731934,0.009380297198055203,0.009379828179767458,0.06417346000671387,9.230052061701722e-20
0.0991251292589354,0.08904932271993989,0.09994276484605802,0.09075746265671833,0.12433695793151855,0.009379828263527287,0.00937935926916822,0.06676387786865234,9.230263576331261e-20
0.09912419730237869,0.08904885462800496,0.09994259712963187,0.09075834523797933,0.12227606773376465,0.009379359351746878,0.009378890380773441,0.06789016723632812,9.230475354055486e-20
0.09912326620991574,0.08904838789324948,0.09994243028837534,0.09075922903084158,0.11404132843017578,0.009378890462721952,0.009378421514938395,0.06362462043762207,9.230687366491689e-20
0.09912233597719469,0.08904792250895471,0.09994226431791152,0.09076011402863478,0.1178903579711914,0.009378421596459676,0.00937795267255126,0.06386280059814453,9.23089961264888e-20
0.09912140659988553,0.08904745846843551,0.0999420992138854,0.0907610002247221,0.12759637832641602,0.00937795275296415,0.00937748385254622,0.06910514831542969,9.231112098012382e-20
0.09912047807367985,0.08904699576504017,0.09994193497196374,0.09076188761249993,0.11510396003723145,0.009377483932242438,0.009377015054745641,0.06488299369812012,9.231324785668884e-20
0.09911955039429075,0.08904653439215025,0.09994177158783496,0.09076277618539784,0.1257617473602295,0.009377015134301846,0.009376546280748244,0.06790423393249512,9.231537689679879e-20
0.09911862355745284,0.08904607434318035,0.09994160905720903,0.09076366593687832,0.11746668815612793,0.009376546359145557,0.0093760775284224,0.06345248222351074,9.231750848919505e-20
0.099117697558922,0.089045615611578,0.09994144737581741,0.09076455686043666,0.12559270858764648,0.009376077606783183,0.009375608800077373,0.06834053993225098,9.231964255563337e-20
0.09911677239447537,0.08904515819082351,0.09994128653941285,0.09076544894960079,0.11874604225158691,0.009375608877216647,0.009375140094114442,0.06677627563476562,9.232177816860741e-20
0.09911584805991124,0.08904470207442973,0.09994112654376938,0.09076634219793105,0.11738848686218262,0.009375140170452016,0.009374671411066515,0.06511282920837402,9.232391627478172e-20
0.0991149245510488,0.08904424725594197,0.09994096738468213,0.09076723659902017,0.12170696258544922,0.009374671486495883,0.009374202750045413,0.06379866600036621,9.232605695773476e-20
0.09911400186372825,0.08904379372893781,0.09994080905796726,0.09076813214649294,0.1268632411956787,0.009374202825355579,0.009373734112649856,0.06895279884338379,9.232819938690826e-20
0.09911307999381062,0.08904334148702692,0.09994065155946187,0.09076902883400617,0.11539959907531738,0.009373734187033803,0.009373265497991667,0.06564140319824219,9.233034461329369e-20
0.09911215893717758,0.08904289052385089,0.09994049488502385,0.09076992665524848,0.11728906631469727,0.00937326557153668,0.009372796905360303,0.06293225288391113,9.233249102408916e-20
0.09911123868973142,0.08904244083308316,0.09994033903053182,0.09077082560394006,0.12537431716918945,0.009372796978870312,0.009372328336887392,0.06279397010803223,9.233464038655433e-20
0.09911031924739493,0.08904199240842874,0.09994018399188498,0.09077172567383275,0.12425994873046875,0.00937232840903844,0.009371859790086035,0.0641319751739502,9.233679149466864e-20
0.09910940060611126,0.08904154524362412,0.09994002976500307,0.0907726268587096,0.12353205680847168,0.009371859862048465,0.009371391266910223,0.06803393363952637,9.233894490580898e-20
0.09910848276184392,0.0890410993324371,0.0999398763458262,0.09077352915238492,0.11624932289123535,0.00937139133790413,0.009370922766116507,0.0662848949432373,9.234110025160763e-20
0.09910756571057655,0.08904065466866665,0.09993972373031479,0.09077443254870414,0.11377120018005371,0.009370922836610915,0.009370454287882524,0.06365513801574707,9.234325788829885e-20
0.0991066494483129,0.08904021124614268,0.09993957191444945,0.09077533704154335,0.1172173023223877,0.009370454358174182,0.009369985833451722,0.06319379806518555,9.234541771442966e-20
0.09910573397107673,0.08903976905872601,0.09993942089423093,0.09077624262480949,0.12627816200256348,0.009369985902597822,0.009369517401047744,0.06662273406982422,9.234757966834274e-20
0.09910481927491165,0.08903932810030811,0.09993927066567991,0.0907771492924401,0.12047553062438965,0.009369517469888131,0.009369048991736406,0.06821775436401367,9.234974371715286e-20
0.09910390535588104,0.08903888836481098,0.09993912122483702,0.09077805703840298,0.12293148040771484,0.009369049060049657,0.009368580605695342,0.06927871704101562,9.235190947929584e-20
0.09910299221006805,0.08903844984618701,0.09993897256776266,0.09077896585669637,0.11541438102722168,0.009368580673086413,0.00936811224185874,0.06542849540710449,9.235407707390769e-20
0.09910207983357541,0.08903801253841884,0.09993882469053693,0.09077987574134849,0.11574506759643555,0.0093681123090036,0.009367643901470046,0.0635366439819336,9.235624742181167e-20
0.09910116822252528,0.08903757643551916,0.09993867758925953,0.09078078668641759,0.12108540534973145,0.009367643967805445,0.009367175583818721,0.0648503303527832,9.235841935705579e-20
0.09910025737305922,0.08903714153153061,0.09993853126004969,0.09078169868599173,0.12733173370361328,0.00936717564949698,0.009366707288371856,0.0674734115600586,9.23605937136104e-20
0.09909934728133818,0.0890367078205256,0.09993838569904599,0.09078261173418853,0.12051773071289062,0.009366707354084403,0.009366239016550537,0.06842184066772461,9.236277043784363e-20
0.09909843794354219,0.08903627529660615,0.09993824090240636,0.09078352582515521,0.11511659622192383,0.009366239081569154,0.009365770767999493,0.06514620780944824,9.23649498350482e-20
0.09909752935587048,0.0890358439539038,0.09993809686630793,0.09078444095306834,0.11557984352111816,0.00936577083195697,0.009365302541652909,0.06366086006164551,9.236713376247975e-20
0.09909662151454127,0.08903541378657938,0.09993795358694693,0.09078535711213372,0.1262962818145752,0.00936530260525202,0.0093648343385766,0.07199978828430176,9.236933476650898e-20
0.0990957144157916,0.08903498478882294,0.09993781106053863,0.09078627429658621,0.11716008186340332,0.009364834401458525,0.009364366158060022,0.06316018104553223,9.237153960559574e-20
0.09909480805587743,0.08903455695485356,0.09993766928331721,0.0907871925006896,0.11987185478210449,0.009364366220582496,0.009363898000991355,0.0638885498046875,9.237374637105557e-20
0.09909390243107344,0.08903413027891921,0.09993752825153568,0.09078811171873646,0.1257331371307373,0.009363898062626098,0.009363429865949513,0.06814384460449219,9.23759552507101e-20
0.09909299753767291,0.08903370475529661,0.09993738796146578,0.09078903194504796,0.11962580680847168,0.009363429927594254,0.009362961754533217,0.06819653511047363,9.237816530961524e-20
0.09909209337198774,0.0890332803782911,0.09993724840939792,0.09078995317397388,0.11590266227722168,0.009362961815490673,0.009362493665854288,0.0655980110168457,9.238037797581477e-20
0.09909118993034817,0.08903285714223648,0.09993710959164102,0.09079087539989225,0.11578893661499023,0.009362493726320453,0.009362025599735091,0.06487154960632324,9.238259222668578e-20
0.09909028720910286,0.08903243504149488,0.09993697150452249,0.09079179861720929,0.11807608604431152,0.009362025660086573,0.00936155755724144,0.0643455982208252,9.238480877004384e-20
0.09908938520461873,0.0890320140704566,0.09993683414438807,0.09079272282035933,0.11955738067626953,0.009361557616793288,0.009361089537485157,0.06382870674133301,9.238702670603231e-20
0.09908848391328076,0.08903159422354,0.0999366975076018,0.09079364800380467,0.1283562183380127,0.009361089596444862,0.009360621540643876,0.0712423324584961,9.238924666484241e-20
0.0990875833314922,0.0890311754951913,0.09993656159054587,0.09079457416203539,0.12486648559570312,0.009360621599044536,0.009360153566539964,0.06573081016540527,9.239146907394345e-20
0.09908668345567419,0.0890307578798845,0.09993642638962058,0.09079550128956908,0.12498164176940918,0.009360153624596381,0.009359685615706326,0.06834292411804199,9.239369245074582e-20
0.09908578428226578,0.08903034137212124,0.09993629190124423,0.09079642938095095,0.11755180358886719,0.009359685673104171,0.009359217687254784,0.06793761253356934,9.23959179906826e-20
0.09908488580772383,0.08902992596643061,0.09993615812185301,0.09079735843075365,0.11554598808288574,0.009359217744572297,0.00935874978278406,0.06546521186828613,9.239814605219907e-20
0.09908398802852296,0.08902951165736908,0.09993602504790097,0.09079828843357698,0.11425280570983887,0.009358749839002325,0.009358281900162524,0.06364607810974121,9.240037541367712e-20
0.09908309094115535,0.0890290984395203,0.09993589267585984,0.09079921938404785,0.11548542976379395,0.009358281956400328,0.00935781404134417,0.06315326690673828,9.240260634606674e-20
0.09908219454213078,0.089028686307495,0.09993576100221901,0.09080015127682017,0.11668157577514648,0.009357814096767447,0.009357346204552641,0.06279611587524414,9.240483922518678e-20
0.09908129882797653,0.08902827525593084,0.09993563002348545,0.09080108410657457,0.12055087089538574,0.009357346260110661,0.009356878391919565,0.06323409080505371,9.240707434737295e-20
0.09908040379523718,0.08902786527949234,0.09993549973618354,0.09080201786801852,0.13001155853271484,0.00935687844642925,0.009356410601846221,0.0727529525756836,9.24093107111349e-20
0.0990795094404746,0.08902745637287064,0.09993537013685508,0.09080295255588601,0.11910772323608398,0.009356410655729666,0.009355942834510245,0.06359124183654785,9.241154939170346e-20
0.09907861576026782,0.08902704853078341,0.09993524122205914,0.09080388816493738,0.12322497367858887,0.00935594288801434,0.009355475090444543,0.06390595436096191,9.241378969036451e-20
0.09907772275121306,0.08902664174797474,0.09993511298837203,0.09080482468995933,0.12348318099975586,0.009355475143284912,0.009355007368583301,0.06737470626831055,9.241603152214992e-20
0.09907683040992354,0.08902623601921499,0.09993498543238713,0.0908057621257647,0.12165331840515137,0.00935500742154809,0.009354539670880513,0.06957888603210449,9.241827555418183e-20
0.09907593873302942,0.08902583133930063,0.09993485855071489,0.09080670046719247,0.11732840538024902,0.009354539722803973,0.009354071994849278,0.06736540794372559,9.242052061874476e-20
0.09907504771717773,0.08902542770305419,0.0999347323399827,0.09080763970910737,0.11545801162719727,0.00935407204705917,0.009353604342443589,0.0660099983215332,9.242276778004432e-20
0.09907415735903223,0.08902502510532405,0.09993460679683479,0.0908085798464,0.11506390571594238,0.009353604394314844,0.009353136713663446,0.06511378288269043,9.24250170859674e-20
0.09907326765527338,0.08902462354098434,0.09993448191793221,0.09080952087398662,0.11508417129516602,0.00935313676457302,0.009352669106732492,0.0638725757598877,9.24272671116326e-20
0.09907237860259828,0.08902422300493482,0.09993435769995265,0.09081046278680902,0.11680388450622559,0.009352669157838878,0.009352201523782355,0.06516289710998535,9.242952005053283e-20
0.09907149019772052,0.08902382349210071,0.09993423413959047,0.09081140557983423,0.12655997276306152,0.009352201574114687,0.00935173396303668,0.06533241271972656,9.24317738070031e-20
0.09907060243737018,0.08902342499743265,0.09993411123355651,0.09081234924805467,0.11502981185913086,0.009351734013402831,0.009351266426094185,0.0647287368774414,9.243403030617099e-20
0.09906971531829362,0.08902302751590649,0.09993398897857808,0.09081329378648789,0.11339139938354492,0.009351266475705885,0.009350798912244329,0.06351757049560547,9.243628718070239e-20
0.09906882883725353,0.0890226310425232,0.09993386737139887,0.09081423919017645,0.11498570442199707,0.009350798961026665,0.009350331420954205,0.06397581100463867,9.243854686528891e-20
0.09906794299102871,0.0890222355723087,0.0999337464087788,0.09081518545418772,0.1159048080444336,0.009350331469368804,0.009349863953111992,0.06374859809875488,9.244080745449769e-20
0.09906705777641414,0.08902184110031383,0.09993362608749405,0.090816132573614,0.11565351486206055,0.009349864000735003,0.009349396507296603,0.06319212913513184,9.244307025932255e-20
0.09906617319022083,0.08902144762161412,0.09993350640433687,0.09081708054357207,0.11625242233276367,0.009349396555128286,0.009348929085462032,0.06416177749633789,9.244533385097194e-20
0.09906528922927577,0.08902105513130974,0.0999333873561156,0.09081802935920326,0.11601853370666504,0.009348929132552457,0.009348461686009557,0.06334877014160156,9.244759986377624e-20
0.09906440589042181,0.08902066362452536,0.09993326893965447,0.09081897901567329,0.11946487426757812,0.009348461733008058,0.009347994309649721,0.06219029426574707,9.244986764963705e-20
0.09906352317051752,0.08902027309640999,0.09993315115179366,0.09081992950817218,0.12900090217590332,0.009347994356499023,0.009347526956737795,0.06893205642700195,9.245213648869692e-20
0.09906264106643725,0.08901988354213689,0.0999330339893891,0.09082088083191406,0.11514520645141602,0.009347527003027673,0.009347059626740872,0.06376218795776367,9.245440761519544e-20
0.09906175957507102,0.08901949495690346,0.09993291744931247,0.09082183298213718,0.11568522453308105,0.009347059672596534,0.009346592319658953,0.0642852783203125,9.245668034085146e-20
0.09906087869332439,0.08901910733593112,0.09993280152845106,0.09082278595410363,0.11725354194641113,0.009346592365209168,0.009346125035492037,0.06616759300231934,9.245895551234476e-20
0.09905999841811831,0.08901872067446515,0.09993268622370775,0.09082373974309926,0.11553239822387695,0.009346125080866827,0.00934565777477303,0.06266951560974121,9.246123592429586e-20
0.09905911874638922,0.08901833496777456,0.0999325715320009,0.09082469434443365,0.11459851264953613,0.009345657819571555,0.009345190536969028,0.0629270076751709,9.246353397616536e-20
0.0990582396750889,0.08901795021115208,0.09993245745026426,0.09082564975343987,0.11495518684387207,0.009345190581326837,0.009344723322257664,0.06428837776184082,9.246583416447826e-20
0.09905736120118422,0.08901756639991393,0.09993234397544695,0.09082660596547448,0.11330628395080566,0.009344723366135066,0.009344256130283668,0.06341409683227539,9.246813616467776e-20
0.09905648332165742,0.08901718352939973,0.09993223110451331,0.09082756297591733,0.11575007438659668,0.0093442561739983,0.009343788961224675,0.06486368179321289,9.247043965420484e-20
0.09905560603350573,0.08901680159497241,0.09993211883444286,0.09082852078017148,0.11590290069580078,0.00934378900491889,0.009343321815791228,0.06524491310119629,9.247274520649941e-20
0.09905472933374151,0.08901642059201807,0.09993200716223026,0.09082947937366304,0.11680245399475098,0.009343321858897753,0.009342854693095148,0.06772661209106445,9.247505148652514e-20
0.09905385321939196,0.0890160405159459,0.09993189608488513,0.0908304387518411,0.11658906936645508,0.009342854735939175,0.009342387593669343,0.06714105606079102,9.247735970104815e-20
0.09905297768749913,0.08901566136218798,0.09993178559943211,0.09083139891017766,0.11795973777770996,0.00934238763604502,0.009341920516980906,0.06721019744873047,9.247966964003928e-20
0.09905210273511995,0.08901528312619926,0.09993167570291067,0.09083235984416739,0.1221318244934082,0.009341920559218508,0.009341453463385108,0.06649994850158691,9.248198056505522e-20
0.09905122835932602,0.0890149058034574,0.09993156639237512,0.0908333215493276,0.12197566032409668,0.009341453505459452,0.00934098643359249,0.06711268424987793,9.248429358347249e-20
0.09905035455720354,0.08901452938946267,0.09993145766489446,0.09083428402119816,0.12205147743225098,0.009340986474769632,0.009340519425826699,0.06659317016601562,9.248660739140072e-20
0.0990494813258534,0.08901415387973781,0.09993134951755236,0.09083524725534127,0.12255501747131348,0.009340519467153221,0.009340052441508817,0.06670641899108887,9.248892368151205e-20
0.09904860866239092,0.08901377926982797,0.09993124194744711,0.09083621124734144,0.12225604057312012,0.009340052482612526,0.00933958548046121,0.0670480728149414,9.249124070142167e-20
0.0990477365639458,0.08901340555530052,0.09993113495169142,0.0908371759928054,0.12193584442138672,0.00933958552114831,0.009339118542861513,0.06725955009460449,9.249355969572037e-20
0.09904686502766226,0.08901303273174505,0.09993102852741254,0.09083814148736187,0.12034726142883301,0.009339118582762443,0.009338651627643912,0.06666994094848633,9.249587976841601e-20
0.09904599405069871,0.08901266079477312,0.099930922671752,0.09083910772666155,0.12264418601989746,0.00933865166745739,0.00933818473551895,0.06699323654174805,9.249820167136466e-20
0.09904512363022777,0.08901228974001824,0.0999308173818657,0.09084007470637702,0.12207508087158203,0.009338184775235358,0.0093377178668419,0.06701326370239258,9.25005244327407e-20
0.09904425376343624,0.0890119195631358,0.09993071265492366,0.09084104242220253,0.12451052665710449,0.009337717906097586,0.009337251021435122,0.07138872146606445,9.250284919658431e-20
0.0990433844475249,0.08901155025980284,0.09993060848811014,0.09084201086985401,0.11953067779541016,0.009337251060044884,0.009336784198588077,0.06262850761413574,9.250517469574104e-20
0.09904251567970865,0.08901118182571807,0.09993050487862344,0.09084298004506891,0.12009978294372559,0.009336784237081513,0.009336317399188943,0.06252646446228027,9.250750266823568e-20
0.0990416474572163,0.08901081425660164,0.09993040182367588,0.09084394994360609,0.11936163902282715,0.009336317437207546,0.009335850622171904,0.062430381774902344,9.25098316519849e-20
0.09904077977729052,0.0890104475481951,0.0999302993204937,0.09084492056124567,0.12003302574157715,0.009335850660427197,0.009335383869313318,0.06262779235839844,9.251216135665701e-20
0.09903991263718764,0.08901008169626132,0.09993019736631703,0.09084589189378899,0.12002849578857422,0.009335383906738442,0.009334917138659193,0.06271624565124512,9.251449291589822e-20
0.09903904603417789,0.0890097166965843,0.0999300959583998,0.09084686393705849,0.11967253684997559,0.009334917176146125,0.009334450431630614,0.06263613700866699,9.251682629773559e-20
0.09903817996554516,0.08900935254496918,0.09992999509400964,0.09084783668689768,0.11929154396057129,0.009334450468650826,0.009333983746806496,0.06250333786010742,9.251916069184514e-20
0.09903731442858678,0.08900898923724199,0.09992989477042788,0.09084881013917083,0.11849784851074219,0.009333983784255059,0.009333517086673737,0.06368207931518555,9.252149637532922e-20
0.09903644942061365,0.08900862676924966,0.0999297949849494,0.09084978428976298,0.11531352996826172,0.009333517122958525,0.009333050448212532,0.06282448768615723,9.252383373435476e-20
0.09903558493895023,0.08900826513685986,0.09992969573488267,0.09085075913457989,0.11695003509521484,0.009333050484764736,0.009332583833199237,0.06342935562133789,9.252617204654155e-20
0.09903472098093422,0.08900790433596092,0.09992959701754955,0.09085173466954788,0.12537837028503418,0.009332583869675533,0.009332117241811488,0.06561017036437988,9.25285125651609e-20
0.0990338575439167,0.08900754436246174,0.09992949883028533,0.09085271089061371,0.11638665199279785,0.009332117277690483,0.009331650673338743,0.06732583045959473,9.253085336342858e-20
0.09903299462526205,0.08900718521229163,0.09992940117043861,0.0908536877937446,0.11626434326171875,0.00933165070881199,0.009331184127781,0.06729269027709961,9.253319571589086e-20
0.09903213222234776,0.08900682688140028,0.09992930403537126,0.0908546653749279,0.11822652816772461,0.009331184163041054,0.009330717605315897,0.06785130500793457,9.2535540065923e-20
0.09903127033256448,0.08900646936575761,0.09992920742245834,0.09085564363017126,0.11898350715637207,0.009330717640380765,0.009330251106298704,0.06911802291870117,9.253788540427124e-20
0.09903040895331594,0.08900611266135368,0.09992911132908801,0.0908566225555023,0.1184539794921875,0.009330251140830829,0.009329784630196514,0.06933426856994629,9.254023177562144e-20
0.09902954808201885,0.08900575676419857,0.0999290157526615,0.09085760214696866,0.11934566497802734,0.009329784664393123,0.009329318177009327,0.06810832023620605,9.254257982349191e-20
0.09902868771610279,0.08900540167032234,0.09992892069059306,0.09085858240063774,0.12004733085632324,0.009329318211069994,0.009328851746737143,0.06817960739135742,9.254492915470205e-20
0.09902782785301022,0.08900504737577489,0.09992882614030983,0.09085956331259676,0.12004303932189941,0.009328851780861824,0.009328385340268142,0.0683906078338623,9.254727955654438e-20
0.09902696849019639,0.08900469387662584,0.09992873209925184,0.09086054487895258,0.11951971054077148,0.009328385373769945,0.009327918956358872,0.06837701797485352,9.254963137667624e-20
0.09902610962512925,0.08900434116896445,0.09992863856487191,0.09086152709583166,0.11810708045959473,0.009327918989795642,0.009327452595364605,0.06738710403442383,9.255198458395664e-20
0.09902525125528952,0.08900398924889957,0.09992854553463561,0.09086250995937989,0.12289023399353027,0.009327452628941985,0.00932698625817352,0.06385421752929688,9.255433961326741e-20
0.09902439337817046,0.08900363811255944,0.09992845300602116,0.09086349346576253,0.12323403358459473,0.009326986291209129,0.009326519943186895,0.06402397155761719,9.255669566033545e-20
0.09902353599127786,0.08900328775609168,0.0999283609765194,0.09086447761116412,0.12241029739379883,0.00932651997659879,0.009326053652358723,0.06377649307250977,9.255905468707202e-20
0.09902267909213006,0.08900293817566313,0.09992826944363371,0.09086546239178842,0.12183833122253418,0.009326053685110105,0.009325587384445555,0.06351566314697266,9.256142443972518e-20
0.09902182267825775,0.08900258936745983,0.09992817840487998,0.09086644780385815,0.1225428581237793,0.009325587416746186,0.009325121139269754,0.06364774703979492,9.256380605949004e-20
0.09902096674720394,0.08900224132768689,0.09992808785778648,0.09086743384361512,0.12234115600585938,0.009325121171506717,0.009324654917541864,0.06380224227905273,9.256618918496302e-20
0.09902011129652394,0.08900189405256834,0.09992799779989385,0.09086842050732005,0.12194132804870605,0.009324654949394053,0.00932418871855134,0.06377458572387695,9.256857411495705e-20
0.09901925632378536,0.08900154753834712,0.09992790822875504,0.09086940779125237,0.12111496925354004,0.009324188750409076,0.009323722542831092,0.06373071670532227,9.257095984601079e-20
0.09901840182656801,0.08900120178128491,0.09992781914193524,0.09087039569171025,0.12195682525634766,0.00932372257455354,0.009323256390381118,0.06368255615234375,9.257334686756949e-20
0.09901754780246369,0.08900085677766212,0.0999277305370118,0.0908713842050105,0.1289362907409668,0.00932325642182753,0.009322790261201419,0.07213163375854492,9.257573514408538e-20
0.09901669424907626,0.0890005125237777,0.09992764241157419,0.09087237332748835,0.11908531188964844,0.00932279029223167,0.009322324155291994,0.06239891052246094,9.257812432180272e-20
0.09901584116402166,0.08900016901594913,0.09992755476322392,0.09087336305549752,0.11469459533691406,0.00932232418576742,0.009321858071764666,0.06277656555175781,9.258051485623388e-20
0.09901498854492775,0.08899982625051231,0.09992746758957449,0.09087435338541007,0.11633634567260742,0.00932185810243648,0.009321392011862883,0.06389975547790527,9.258290663562636e-20
0.0990141363894342,0.0889994842238214,0.09992738088825137,0.09087534431361624,0.11470437049865723,0.009321392042239834,0.00932092597505374,0.06327700614929199,9.258529935022979e-20
0.09901328469519245,0.08899914293224881,0.09992729465689187,0.0908763358365245,0.11455464363098145,0.009320926005178438,0.009320459960804328,0.06481242179870605,9.258769360928998e-20
0.09901243345986578,0.08899880237218509,0.09992720889314512,0.09087732795056129,0.11345219612121582,0.009320459991252987,0.009319993970891005,0.06389117240905762,9.259008936407316e-20
0.09901158268112913,0.08899846254003882,0.09992712359467201,0.09087832065217102,0.11579561233520508,0.00931999400046425,0.009319528002649236,0.06554293632507324,9.259248552329026e-20
0.09901073235666906,0.08899812343223652,0.0999270387591451,0.09087931393781604,0.11690139770507812,0.009319528032814014,0.009319062058743555,0.06683921813964844,9.259488331699837e-20
0.09900988248418366,0.08899778504522257,0.09992695438424863,0.09088030780397643,0.11657357215881348,0.009319062088301357,0.009318596137752877,0.0673818588256836,9.259728233606852e-20
0.09900903306138263,0.08899744737545916,0.09992687046767838,0.09088130224714992,0.11790680885314941,0.009318596166927838,0.009318130239854838,0.06799054145812988,9.259968245161731e-20
0.0990081840859871,0.08899711041942611,0.09992678700714169,0.09088229726385194,0.11793375015258789,0.009318130268694623,0.009317664365049438,0.06594085693359375,9.260208334253976e-20
0.09900733555572952,0.08899677417362084,0.09992670400035732,0.0908832928506154,0.12279510498046875,0.009317664393602237,0.009317198512981406,0.06447935104370117,9.26044859015047e-20
0.09900648746835379,0.08899643863455828,0.09992662144505546,0.09088428900399073,0.12192153930664062,0.009317198541653183,0.009316732684006013,0.0650486946105957,9.260688911001471e-20
0.09900563982161507,0.08899610379877079,0.09992653933897765,0.0908852857205456,0.1220250129699707,0.009316732712847265,0.009316266879544344,0.06565690040588379,9.260929422093245e-20
0.0990047926132798,0.08899576966280806,0.09992645767987673,0.090886282996865,0.1215670108795166,0.009316266907182461,0.009315801096754228,0.06605696678161621,9.261169975863699e-20
0.09900394584112548,0.08899543622323701,0.09992637646551676,0.09088728082955104,0.12198996543884277,0.009315801124663656,0.009315335337412023,0.06648421287536621,9.261410598728349e-20
0.0990030995029408,0.08899510347664172,0.09992629569367298,0.09088827921522287,0.1215510368347168,0.00931533536528921,0.009314869601695364,0.06680083274841309,9.261651434642364e-20
0.09900225359652551,0.08899477141962336,0.09992621536213175,0.09088927815051669,0.12198758125305176,0.00931486962906015,0.009314403888538436,0.06668663024902344,9.261892316587911e-20
0.09900140811969031,0.08899444004880007,0.09992613546869053,0.09089027763208561,0.12226510047912598,0.009314403915977511,0.009313938198829419,0.06694388389587402,9.262133341190907e-20
0.09900056307025701,0.08899410936080686,0.09992605601115774,0.09089127765659963,0.12154603004455566,0.009313938226043284,0.00931347253221304,0.06690835952758789,9.262374443079507e-20
0.09899971844605814,0.08899377935229562,0.09992597698735281,0.09089227822074551,0.12739181518554688,0.009313472559256181,0.009313006888689301,0.07265996932983398,9.262615684882083e-20
0.09899887424493714,0.08899345001993492,0.09992589839510603,0.09089327932122657,0.12006187438964844,0.009313006915617133,0.009312541268258201,0.06265401840209961,9.262857007406787e-20
0.09899803046474824,0.08899312136040997,0.09992582023225857,0.09089428095476279,0.11989188194274902,0.009312541295128133,0.009312075671452646,0.06264781951904297,9.263098482065874e-20
0.09899718710335641,0.08899279337042262,0.09992574249666238,0.09089528311809063,0.12008237838745117,0.00931207569778707,0.009311610096851552,0.06248211860656738,9.263339970624714e-20
0.09899634415863731,0.08899246604669113,0.09992566518618015,0.09089628580796293,0.120849609375,0.009311610123597594,0.009311144546231276,0.06253957748413086,9.263581674669123e-20
0.09899550162847721,0.0889921393859502,0.09992558829868527,0.09089728902114892,0.12044143676757812,0.009311144572558858,0.009310679018526002,0.06262421607971191,9.263823423361667e-20
0.09899465951077298,0.08899181338495082,0.09992551183206173,0.09089829275443398,0.12188196182250977,0.00931067904467112,0.00931021351426864,0.06263351440429688,9.264065314436133e-20
0.09899381780343197,0.08899148804046025,0.09992543578420415,0.09089929700461977,0.12117433547973633,0.009310213539934201,0.009309748032748644,0.06252551078796387,9.264307302104025e-20
0.09899297650437207,0.08899116334926188,0.09992536015301763,0.090900301768524,0.12137222290039062,0.009309748058350307,0.009309282574321287,0.0626072883605957,9.264549375809638e-20
0.09899213561152155,0.08899083930815518,0.09992528493641778,0.09090130704298041,0.12084507942199707,0.009309282599919678,0.009308817139164205,0.0624697208404541,9.264791516743839e-20
0.09899129512281907,0.08899051591395561,0.0999252101323306,0.0909023128248386,0.12606143951416016,0.009308817164642403,0.009308351727455033,0.06336331367492676,9.265033816273437e-20
0.09899045503621356,0.08899019316349456,0.09992513573869248,0.09090331911096405,0.1219182014465332,0.00930835175251828,0.009307886338305593,0.06290507316589355,9.265276152693505e-20
0.09898961534966426,0.08898987105361926,0.09992506175345013,0.09090432589823805,0.11591601371765137,0.009307886363549784,0.009307420972959335,0.06455302238464355,9.265518691511128e-20
0.09898877606114055,0.08898954958119268,0.09992498817456051,0.09090533318355742,0.11395716667175293,0.009307420997735637,0.00930695563052808,0.06383895874023438,9.265761301267362e-20
0.09898793716862203,0.08898922874309347,0.09992491499999082,0.09090634096383478,0.11620450019836426,0.009306955655075956,0.009306490311011828,0.06538057327270508,9.266004060662552e-20
0.09898709867009838,0.08898890853621585,0.0999248422277184,0.09090734923599829,0.11623549461364746,0.009306490335572192,0.009306025014232944,0.06603503227233887,9.26624698338232e-20
0.0989862605635694,0.08898858895746962,0.0999247698557307,0.09090835799699139,0.11720538139343262,0.009306025039225398,0.009305559741790148,0.06741571426391602,9.266490482189457e-20
0.09898542284704485,0.08898827000378,0.09992469788202528,0.0909093672437731,0.11760425567626953,0.00930555976603319,0.009305094491729449,0.06797957420349121,9.266735640019573e-20
0.09898458551854442,0.08898795167208753,0.09992462630460965,0.09091037697331757,0.11773490905761719,0.009305094515998286,0.009304629265471931,0.06831884384155273,9.266980981048704e-20
0.09898374857609776,0.08898763395934811,0.09992455512150132,0.09091138718261432,0.11716318130493164,0.00930462928912068,0.009304164061063602,0.06801652908325195,9.267226473800133e-20
0.09898291201774431,0.0889873168625328,0.09992448433072769,0.09091239786866791,0.11931157112121582,0.00930416408540118,0.009303698881701905,0.06778836250305176,9.267472022196586e-20
0.09898207584153342,0.08898700037862783,0.09992441393032607,0.09091340902849801,0.11612963676452637,0.0093036989048365,0.009303233723834126,0.06607866287231445,9.267717672246751e-20
0.09898124004552411,0.08898668450463446,0.09992434391834351,0.09091442065913931,0.12247920036315918,0.009303233747431182,0.00930276859048007,0.06365609169006348,9.267963446088218e-20
0.09898040462778517,0.08898636923756895,0.0999242742928369,0.09091543275764138,0.12208962440490723,0.00930276861318265,0.009302303478797569,0.06330585479736328,9.268209274078524e-20
0.09897956958639502,0.08898605457446249,0.09992420505187279,0.09091644532106875,0.12225842475891113,0.00930230350209533,0.009301838391095885,0.06348800659179688,9.268455202446397e-20
0.09897873491944172,0.08898574051236106,0.0999241361935274,0.09091745834650058,0.12165999412536621,0.009301838414165358,0.00930137332648684,0.06333446502685547,9.268701232460371e-20
0.09897790062502292,0.08898542704832547,0.09992406771588662,0.09091847183103074,0.12251162528991699,0.00930137334939473,0.009300908284792797,0.0638742446899414,9.268947391679813e-20
0.0989770667012457,0.08898511417943118,0.09992399961704586,0.09091948577176784,0.12136292457580566,0.00930090830778364,0.009300443266901937,0.06342005729675293,9.269193571228019e-20
0.09897623314622671,0.08898480190276822,0.09992393189511006,0.09092050016583483,0.1220846176147461,0.009300443289330959,0.00929997827228135,0.06351041793823242,9.269439871475398e-20
0.09897539995809192,0.08898449021544122,0.09992386454819367,0.09092151501036937,0.1222219467163086,0.009299978294037213,0.00929951329968759,0.0635366439819336,9.269686315550517e-20
0.09897456713497677,0.08898417911456928,0.09992379757442053,0.09092253030252345,0.12158799171447754,0.009299513321904243,0.009299048350541739,0.0637972354888916,9.269932764260156e-20
0.09897373467502603,0.08898386859728585,0.09992373097192388,0.09092354603946337,0.1302814483642578,0.009299048372932963,0.009298583424843798,0.07183027267456055,9.270179352208167e-20
0.09897290257639367,0.08898355866073876,0.09992366473884627,0.09092456221836971,0.11661005020141602,0.009298583447120201,0.009298118522593768,0.06204652786254883,9.270426038632778e-20
0.09897207083724298,0.08898324930209006,0.09992359887333956,0.0909255788364373,0.1162257194519043,0.009298118544467996,0.009297653643614012,0.062279462814331055,9.27067282278551e-20
0.09897123945574644,0.08898294051851598,0.09992353337356485,0.090926595890875,0.11607170104980469,0.009297653664975161,0.009297188787371624,0.06273365020751953,9.270919652187652e-20
0.0989704084300856,0.08898263230720686,0.09992346823769244,0.09092761337890579,0.11417484283447266,0.009297188808642156,0.009296723953866604,0.06287598609924316,9.271166646419606e-20
0.09896957775845121,0.08898232466536711,0.09992340346390174,0.09092863129776659,0.11501932144165039,0.009296723975471181,0.009296259143631858,0.06437563896179199,9.27141365001044e-20
0.098968747439043,0.08898201759021508,0.09992333905038131,0.09092964964470827,0.11337137222290039,0.009296259165461286,0.009295794357555565,0.063385009765625,9.271660808070336e-20
0.09896791747006975,0.08898171107898305,0.09992327499532874,0.0909306684169955,0.11552739143371582,0.009295794378611463,0.009295329593506096,0.0652468204498291,9.271907988836622e-20
0.09896708784974911,0.08898140512891708,0.09992321129695066,0.0909316876119067,0.11604499816894531,0.009295329614923542,0.009294864852904539,0.06639575958251953,9.272155322109596e-20
0.09896625857630777,0.08898109973727704,0.09992314795346262,0.09093270722673405,0.11581707000732422,0.009294864874396881,0.009294400136283798,0.06676959991455078,9.272402718771212e-20
0.0989654296479812,0.08898079490133647,0.09992308496308913,0.09093372725878338,0.11734724044799805,0.009294400157030818,0.009293935441867518,0.06763911247253418,9.272650141549122e-20
0.0989646010630138,0.08898049061838252,0.09992302232406358,0.09093474770537403,0.11813926696777344,0.009293935462825802,0.00929347077125442,0.06575918197631836,9.27289770396033e-20
0.09896377281965868,0.08898018688571593,0.09992296003462817,0.09093576856383881,0.12181448936462402,0.00929347079178046,0.009293006123556324,0.0644686222076416,9.273145378216178e-20
0.09896294491617767,0.08897988370065092,0.09992289809303388,0.09093678983152403,0.12028145790100098,0.009293006143896143,0.009292541498773232,0.06425738334655762,9.273393109393322e-20
0.09896211735084136,0.0889795810605151,0.0999228364975405,0.09093781150578936,0.12132573127746582,0.009292541519173525,0.00929207689708278,0.06397008895874023,9.273640909198818e-20
0.09896129012192899,0.08897927896264947,0.09992277524641643,0.09093883358400773,0.12287211418151855,0.00929207691761294,0.009291612319195508,0.0643155574798584,9.273888846649677e-20
0.09896046322772836,0.08897897740440831,0.0999227143379388,0.0909398560635653,0.12071967124938965,0.009291612339212357,0.00929114776422324,0.06391501426696777,9.274136805897476e-20
0.09895963666653593,0.08897867638315912,0.09992265377039332,0.09094087894186152,0.12067174911499023,0.009291147783971674,0.009290683232165975,0.0641777515411377,9.274384853115286e-20
0.09895881043665661,0.08897837589628253,0.09992259354207428,0.09094190221630886,0.120697021484375,0.00929068325189162,0.009290218722668442,0.06425285339355469,9.274633038020868e-20
0.09895798453640385,0.08897807594117228,0.09992253365128449,0.09094292588433274,0.12258791923522949,0.009290218742974043,0.009289754237329362,0.06454324722290039,9.274881250355294e-20
0.09895715896409944,0.08897777651523513,0.09992247409633526,0.09094394994337161,0.12218570709228516,0.009289754257216605,0.009289289774905285,0.06427001953125,9.275129558960673e-20
0.09895633371807366,0.08897747761589081,0.09992241487554632,0.09094497439087679,0.12683844566345215,0.009289289794619864,0.009288825335573847,0.07182908058166504,9.275377921340002e-20
0.09895550879666509,0.08897717924057194,0.09992235598724583,0.09094599922431243,0.11910772323608398,0.009288825355184672,0.009288360919157412,0.062178850173950195,9.275626390694513e-20
0.09895468419822072,0.08897688138672394,0.09992229742977032,0.09094702444115554,0.11954212188720703,0.009288360938910339,0.009287896526366524,0.06218385696411133,9.275874920511687e-20
0.09895385992109568,0.08897658405180502,0.0999222392014646,0.0909480500388958,0.11884665489196777,0.009287896545796011,0.009287432156668274,0.06212663650512695,9.276123611530612e-20
0.09895303596365336,0.08897628723328609,0.09992218130068177,0.09094907601503557,0.11906695365905762,0.009287432175840939,0.009286967810062663,0.06344485282897949,9.276372241109305e-20
0.0989522123242654,0.0889759909286507,0.09992212372578316,0.09095010236708971,0.11803555488586426,0.009286967829046637,0.009286503486372055,0.06307673454284668,9.276621119436217e-20
0.09895138900131155,0.08897569513539498,0.09992206647513831,0.09095112909258571,0.11729121208190918,0.009286503505411369,0.009286039185774086,0.06210637092590332,9.276870060011105e-20
0.09895056599317974,0.08897539985102754,0.09992200954712488,0.09095215618906337,0.11718082427978516,0.009286039204937273,0.0092855749089793,0.06339812278747559,9.277119130709565e-20
0.09894974329826584,0.08897510507306945,0.09992195294012869,0.09095318365407504,0.1143803596496582,0.00928557492762076,0.00928511065492188,0.06236433982849121,9.277368754816141e-20
0.09894892091497384,0.0889748107990542,0.09992189665254358,0.09095421148518525,0.11523151397705078,0.009285110673464452,0.009284646423779463,0.06374430656433105,9.277620015105738e-20
0.09894809884171567,0.08897451702652756,0.09992184068277146,0.09095523967997088,0.11476373672485352,0.009284646442467773,0.009284182216440229,0.06312823295593262,9.277871425653593e-20
0.09894727707691127,0.08897422375304759,0.09992178502922222,0.0909562682360211,0.12304043769836426,0.00928418223463045,0.009283718031305455,0.06788969039916992,9.27812291547149e-20
0.09894645561898852,0.08897393097618454,0.09992172969031368,0.09095729715093712,0.11852908134460449,0.009283718049952839,0.009283253870151498,0.06691861152648926,9.278374517553491e-20
0.09894563446638296,0.0889736386935208,0.0999216746644716,0.09095832642233231,0.11809515953063965,0.009283253888433167,0.009282789731379637,0.06726861000061035,9.27862610189711e-20
0.09894481361753811,0.08897334690265087,0.09992161995012959,0.090959356047832,0.11851882934570312,0.009282789750073005,0.009282325616588594,0.06745648384094238,9.278877848041458e-20
0.09894399307090529,0.08897305560118121,0.09992156554572909,0.09096038602507352,0.11940550804138184,0.009282325634870043,0.00928186152489019,0.06599688529968262,9.279129614672703e-20
0.09894317282494355,0.08897276478673029,0.09992151144971936,0.0909614163517061,0.12001848220825195,0.009281861542825096,0.009281397455573881,0.06609845161437988,9.27938145047494e-20
0.09894235287811966,0.08897247445692848,0.0999214576605574,0.09096244702539082,0.12045621871948242,0.009281397473938564,0.009280933409705483,0.06618237495422363,9.279633423607089e-20
0.09894153322890807,0.08897218460941797,0.09992140417670792,0.0909634780438005,0.12032604217529297,0.009280933428210179,0.009280469387995538,0.06644320487976074,9.279885470207709e-20
0.09894071387579088,0.08897189524185271,0.09992135099664327,0.09096450940461982,0.11931133270263672,0.009280469405636621,0.009280005388845325,0.06659960746765137,9.280137544883864e-20
0.09893989481725768,0.08897160635189844,0.09992129811884352,0.090965541105545,0.12080502510070801,0.009280005406220301,0.009279541412077208,0.0666358470916748,9.280389681602858e-20
0.09893907605180577,0.08897131793723248,0.09992124554179628,0.09096657314428402,0.12551021575927734,0.009279541429961355,0.009279077459467544,0.0712289810180664,9.280641891568712e-20
0.0989382575779399,0.08897102999554381,0.09992119326399675,0.09096760551855627,0.1199641227722168,0.009279077476858104,0.00927861352906234,0.06258320808410645,9.280894201784151e-20
0.09893743939417224,0.08897074252453294,0.09992114128394762,0.09096863822609269,0.11922764778137207,0.009278613546911904,0.009278149623170862,0.06240391731262207,9.281146572050541e-20
0.09893662149902245,0.08897045552191188,0.0999210896001591,0.09096967126463569,0.11951756477355957,0.009278149640120371,0.009277685739128572,0.06263041496276855,9.281399028558435e-20
0.09893580389101762,0.08897016898540407,0.09992103821114884,0.09097070463193906,0.12036323547363281,0.009277685756484983,0.009277221878889463,0.062386512756347656,9.281651551049074e-20
0.09893498656869225,0.0889698829127443,0.0999209871154419,0.09097173832576778,0.12153911590576172,0.00927722189600433,0.009276758041032451,0.06250238418579102,9.281904114912003e-20
0.0989341695305881,0.0889695973016787,0.09992093631157069,0.09097277234389833,0.12001466751098633,0.009276758058678846,0.00927629422697862,0.062184810638427734,9.282156755144882e-20
0.09893335277525435,0.08896931214996466,0.09992088579807501,0.0909738066841183,0.12023305892944336,0.009276294244507748,0.009275830436195065,0.06218361854553223,9.282409519622776e-20
0.09893253630124728,0.08896902745537077,0.09992083557350193,0.0909748413442264,0.12013936042785645,0.009275830453491363,0.009275366668326512,0.0620882511138916,9.282662270795333e-20
0.09893172010713047,0.08896874321567678,0.09992078563640576,0.09097587632203243,0.11825966835021973,0.009275366685629331,0.009274902924083506,0.06320571899414062,9.282915155929461e-20
0.09893090419147468,0.08896845942867353,0.09992073598534809,0.0909769116153573,0.1182098388671875,0.009274902940919207,0.009274439202755502,0.0621490478515625,9.283168081068396e-20
0.09893008855285787,0.08896817609216287,0.09992068661889768,0.09097794722203288,0.12670421600341797,0.009274439219361379,0.009273975504164866,0.06298398971557617,9.283421032669195e-20
0.09892927318986501,0.08896789320395768,0.09992063753563042,0.09097898313990199,0.1156775951385498,0.009273975520957456,0.009273511829199776,0.06411623954772949,9.283674093097797e-20
0.09892845810108826,0.08896761076188173,0.09992058873412937,0.09098001936681831,0.11559057235717773,0.00927351184570437,0.00927304817714969,0.06461596488952637,9.283927223202045e-20
0.09892764328512678,0.08896732876376968,0.09992054021298465,0.09098105590064628,0.11704802513122559,0.009273048193603731,0.009272584548014606,0.06608104705810547,9.28418046575233e-20
0.09892682874058675,0.08896704720746702,0.0999204919707934,0.09098209273926124,0.11816740036010742,0.009272584564655083,0.009272120942149797,0.06714439392089844,9.284433671685147e-20
0.09892601446608135,0.08896676609082999,0.09992044400615985,0.09098312988054916,0.11831927299499512,0.009272120958857093,0.00927165736008817,0.06786799430847168,9.28468700964464e-20
0.09892520046023069,0.0889664854117255,0.09992039631769511,0.09098416732240676,0.1185617446899414,0.009271657376208872,0.009271193800231003,0.06937408447265625,9.284940384237713e-20
0.09892438672166168,0.08896620516803119,0.09992034890401733,0.09098520506274133,0.11890578269958496,0.00927119381671143,0.009270730263999383,0.06902623176574707,9.285193864294681e-20
0.09892357324900829,0.08896592535763528,0.0999203017637515,0.09098624309947066,0.11959147453308105,0.00927073028036338,0.009270266751038037,0.0688619613647461,9.285447339441702e-20
0.0989227600409112,0.08896564597843654,0.09992025489552953,0.0909872814305231,0.12025070190429688,0.009270266767164127,0.009269803260991694,0.0683588981628418,9.285700947772284e-20
0.09892194709601797,0.08896536702834419,0.09992020829799013,0.09098832005383745,0.11609148979187012,0.0092698032771143,0.009269339794215625,0.06630301475524902,9.285954586854728e-20
0.09892113441298282,0.08896508850527797,0.09992016196977885,0.09098935896736289,0.12317824363708496,0.009269339810212102,0.009268876351065103,0.06400012969970703,9.286208251633259e-20
0.09892032199046687,0.08896481040716797,0.099920115909548,0.09099039816905893,0.12351179122924805,0.009268876366456714,0.009268412929941405,0.06436586380004883,9.286462050507065e-20
0.09891950982713774,0.08896453273195462,0.09992007011595662,0.09099143765689542,0.124267578125,0.009268412945850716,0.009267949532443254,0.06419229507446289,9.286715902464525e-20
0.09891869792166992,0.08896425547758867,0.09992002458767048,0.09099247742885248,0.12465643882751465,0.009267949548391257,0.009267486158215377,0.06464052200317383,9.286969750987835e-20
0.09891788627274443,0.08896397864203108,0.09991997932336198,0.09099351748292044,0.12206339836120605,0.009267486174078556,0.009267022807257774,0.06455564498901367,9.287223717756675e-20
0.09891707487904884,0.08896370222325302,0.0999199343217102,0.09099455781709971,0.12109589576721191,0.009267022822910385,0.009266559479925718,0.06433916091918945,9.287477722438806e-20
0.09891626373927737,0.08896342621923578,0.09991988958140081,0.09099559842940079,0.12061524391174316,0.009266559494887559,0.00926609617444285,0.06398344039916992,9.287731859177007e-20
0.09891545285213078,0.08896315062797074,0.09991984510112605,0.09099663931784423,0.12159323692321777,0.00926609619001098,0.0092656328929408,0.06419992446899414,9.287986040233995e-20
0.09891464221631631,0.0889628754474593,0.09991980087958467,0.09099768048046054,0.12200045585632324,0.00926563290827846,0.009265169634353754,0.06436705589294434,9.288240302580109e-20
0.09891383183054768,0.08896260067571288,0.09991975691548198,0.09099872191529025,0.12749695777893066,0.009265169649689426,0.009264706399214617,0.07200503349304199,9.288494759511386e-20
0.09891302169354504,0.0889623263107528,0.09991971320752974,0.0909997636203837,0.11986041069030762,0.009264706414243403,0.009264243186812848,0.06247687339782715,9.288750205001868e-20
0.09891221180403492,0.08896205235061028,0.09991966975444613,0.09100080559380108,0.1205437183380127,0.009264243201939876,0.009263779997681354,0.06242179870605469,9.289006702157018e-20
0.09891140216075026,0.08896177879332638,0.09991962655495577,0.09100184783361244,0.12162947654724121,0.009263780012778267,0.009263316831820134,0.0622861385345459,9.289263245201382e-20
0.09891059276243033,0.08896150563695193,0.09991958360778964,0.09100289033789759,0.12160396575927734,0.009263316846758414,0.00926285368834101,0.06242632865905762,9.28951989258802e-20
0.09890978360782074,0.0889612328795475,0.09991954091168508,0.09100393310474593,0.12142729759216309,0.00926285370388174,0.009262390569197976,0.062476158142089844,9.28977661599672e-20
0.09890897469567334,0.0889609605191834,0.09991949846538571,0.0910049761322566,0.12031912803649902,0.0092623905841443,0.009261927472614673,0.06242966651916504,9.290033342722474e-20
0.09890816602474624,0.08896068855393952,0.09991945626764148,0.09100601941853827,0.11871051788330078,0.00926192748754723,0.009261464399656916,0.06205916404724121,9.290290160695588e-20
0.09890735759380379,0.08896041698190536,0.09991941431720856,0.09100706296170917,0.12001633644104004,0.009261464414088295,0.009261001348725983,0.061925649642944336,9.290547018119767e-20
0.0989065494016165,0.08896014580117997,0.09991937261284933,0.09100810675989704,0.11820769309997559,0.009261001363769944,0.009260538321953504,0.06272459030151367,9.290803914425749e-20
0.09890574144696104,0.0889598750098719,0.09991933115333239,0.09100915081123909,0.11912393569946289,0.00926053833659023,0.009260075317563121,0.06230473518371582,9.291060939911977e-20
0.09890493372862025,0.08895960460609914,0.09991928993743246,0.09101019511388196,0.12590312957763672,0.009260075332547649,0.009259612336798284,0.06282806396484375,9.291317970612944e-20
0.09890412624538295,0.08895933458798909,0.09991924896393042,0.09101123966598162,0.11566472053527832,0.009259612351642563,0.009259149379303722,0.06424140930175781,9.2915750682403e-20
0.0989033189960441,0.08895906495367847,0.09991920823161324,0.09101228446570335,0.11667633056640625,0.00925914939387364,0.009258686444546527,0.0647737979888916,9.291832183972477e-20
0.09890251197940472,0.08895879570131336,0.09991916773927392,0.09101332951122171,0.11781930923461914,0.009258686459240679,0.00925822353288197,0.0667719841003418,9.292089349606138e-20
0.09890170519427176,0.08895852682904909,0.09991912748571155,0.09101437480072047,0.11652469635009766,0.00925822354774347,0.009257760645020596,0.06660056114196777,9.292346660169902e-20
0.09890089863945815,0.08895825833505018,0.09991908746973117,0.09101542033239259,0.11868095397949219,0.009257760659379909,0.009257297779363682,0.06896066665649414,9.292603969939758e-20
0.09890009231378281,0.08895799021749033,0.09991904769014383,0.09101646610444011,0.11988162994384766,0.009257297794151511,0.009256834937687586,0.06913948059082031,9.292861325543803e-20
0.09889928621607062,0.0889577224745524,0.09991900814576651,0.09101751211507428,0.11940670013427734,0.009256834952055207,0.009256372118393585,0.0684213638305664,9.293118739211357e-20
0.09889848034515229,0.08895745510442826,0.09991896883542215,0.09101855836251521,0.1200711727142334,0.00925637213309378,0.009255909322902767,0.06807756423950195,9.293376232402057e-20
0.09889767469986432,0.08895718810531887,0.09991892975793949,0.09101960484499208,0.11914753913879395,0.009255909337263243,0.009255446550149315,0.06807780265808105,9.293633744615843e-20
0.0988968692790491,0.08895692147543414,0.0999188909121532,0.09102065156074311,0.11694979667663574,0.009255446564564918,0.00925498380102141,0.06672954559326172,9.293891292765966e-20
0.09889606408155478,0.08895665521299295,0.09991885229690373,0.09102169850801531,0.12361741065979004,0.00925498381499683,0.00925452107392033,0.0636758804321289,9.294148965573071e-20
0.09889525910623537,0.08895638931622306,0.09991881391103735,0.09102274568506466,0.12267327308654785,0.009254521088560123,0.009254058371332974,0.06382465362548828,9.294406628682752e-20
0.09889445435195049,0.0889561237833611,0.0999187757534061,0.09102379309015579,0.12390685081481934,0.009254058385251661,0.009253595690950078,0.06400442123413086,9.294664317686695e-20
0.09889364981756553,0.08895585861265248,0.09991873782286775,0.09102484072156224,0.12278628349304199,0.009253595705073118,0.009253133034015093,0.06402182579040527,9.294922165937321e-20
0.09889284550195157,0.08895559380235142,0.09991870011828581,0.09102588857756623,0.12253046035766602,0.0092531330480226,0.009252670400528018,0.0641026496887207,9.295179946433246e-20
0.09889204140398533,0.08895532935072083,0.09991866263852943,0.09102693665645863,0.12337327003479004,0.009252670414099336,0.009252207789600675,0.06410598754882812,9.29543786848292e-20
0.09889123752254914,0.08895506525603226,0.09991862538247344,0.09102798495653898,0.12489962577819824,0.009252207803303016,0.009251745202298878,0.06445765495300293,9.29569583827337e-20
0.09889043385653092,0.08895480151656598,0.09991858834899828,0.09102903347611543,0.1222531795501709,0.009251745215632268,0.009251282637556812,0.06430554389953613,9.295953815035277e-20
0.09888963040482422,0.0889545381306108,0.09991855153698999,0.09103008221350473,0.12138247489929199,0.009251282651087817,0.009250820096262657,0.06468057632446289,9.296211810658535e-20
0.09888882716632807,0.08895427509646407,0.09991851494534021,0.09103113116703204,0.12741398811340332,0.009250820109667901,0.009250357577883506,0.07196331024169922,9.296469926701734e-20
0.09888802413994703,0.08895401241243168,0.09991847857294608,0.09103218033503103,0.1201181411743164,0.009250357591371588,0.0092498950831299,0.0625917911529541,9.296728069867684e-20
0.09888722132459109,0.08895375007682796,0.09991844241871028,0.09103322971584382,0.12158083915710449,0.00924989509619936,0.009249432610225483,0.06235551834106445,9.296986259430797e-20
0.09888641871917578,0.08895348808797565,0.09991840648154098,0.0910342793078208,0.11815428733825684,0.009249432624150747,0.00924897016183479,0.06528162956237793,9.297244495944534e-20
0.09888561632262208,0.08895322644420589,0.09991837076035177,0.09103532910932079,0.1266794204711914,0.009248970175223149,0.00924850773600383,0.07015132904052734,9.297502752677927e-20
0.09888481413385632,0.08895296514385816,0.09991833525406174,0.09103637911871089,0.1263113021850586,0.009248507749417302,0.009248045333443145,0.0682830810546875,9.297761108509327e-20
0.0988840121518102,0.08895270418528022,0.09991829996159532,0.09103742933436647,0.12610149383544922,0.009248045346732453,0.009247582953975098,0.06669735908508301,9.298019486103014e-20
0.09888321037542083,0.08895244356682808,0.09991826488188235,0.09103847975467116,0.13274121284484863,0.00924758296716718,0.009247120597422054,0.06947755813598633,9.298277915701682e-20
0.09888240880363047,0.08895218328686595,0.09991823001385802,0.09103953037801675,0.12877726554870605,0.009247120610720808,0.00924665826431692,0.0689089298248291,9.298536386657133e-20
0.09888160743538685,0.08895192334376625,0.09991819535646283,0.09104058120280302,0.125213623046875,0.00924665827739225,0.009246195953593883,0.06951332092285156,9.298794937254329e-20
0.09888080626964287,0.08895166373590951,0.09991816090864258,0.09104163222743801,0.12494730949401855,0.009246195967183507,0.009245733667206935,0.06984305381774902,9.299053493664338e-20
0.09888000530535675,0.08895140446168436,0.09991812666934835,0.0910426834503378,0.12621092796325684,0.009245733680090708,0.009245271403202082,0.07069206237792969,9.299312115564846e-20
0.09887920454149186,0.08895114551948745,0.09991809263753647,0.09104373486992642,0.12819838523864746,0.009245271416114137,0.009244809162289869,0.06997823715209961,9.299570782230293e-20
0.09887840397701683,0.08895088690772346,0.09991805881216848,0.09104478648463589,0.13589692115783691,0.009244809175253825,0.009244346944292658,0.07006502151489258,9.299829603228276e-20
0.0988776036109054,0.08895062862480503,0.0999180251922111,0.09104583829290615,0.12821030616760254,0.009244346957507017,0.009243884749743358,0.06883406639099121,9.300088499630223e-20
0.09887680344213647,0.08895037066915275,0.09991799177663624,0.09104689029318506,0.1245570182800293,0.009243884762875241,0.009243422578109062,0.06899833679199219,9.300347740542408e-20
0.09887600346969407,0.08895011303919506,0.09991795856442093,0.09104794248392836,0.12823939323425293,0.009243422591357738,0.009242960430100311,0.06951498985290527,9.300608504259104e-20
0.09887520369256728,0.08894985573336829,0.09991792555454732,0.09104899486359955,0.12513494491577148,0.009242960442952353,0.009242498305006563,0.06941390037536621,9.300869352613048e-20
0.09887440410975032,0.08894959875011654,0.09991789274600266,0.09105004743066995,0.13430547714233398,0.009242498317657704,0.009242036202472548,0.06930160522460938,9.301130260179429e-20
0.09887360472024234,0.08894934208789175,0.09991786013777926,0.09105110018361857,0.12706351280212402,0.009242036215474068,0.009241574123386442,0.06839680671691895,9.30139121128404e-20
0.09887280552304753,0.08894908574515352,0.09991782772887446,0.09105215312093219,0.12728476524353027,0.009241574136400943,0.009241112067570612,0.06957125663757324,9.301652223200985e-20
0.09887200651717504,0.08894882972036917,0.09991779551829062,0.0910532062411052,0.12758302688598633,0.009241112080436877,0.00924065003484742,0.06860685348510742,9.301913269709357e-20
0.09887120770163907,0.0889485740120137,0.0999177635050351,0.09105425954263958,0.1260080337524414,0.009240650047581766,0.009240188025216867,0.06869292259216309,9.302174370135952e-20
0.09887040907545876,0.08894831861856968,0.09991773168812018,0.0910553130240449,0.1349630355834961,0.00924018803783386,0.009239726038323681,0.06563258171081543,9.302435505821768e-20
0.09886961063765806,0.08894806353852729,0.09991770006656313,0.09105636668383832,0.12509608268737793,0.009239726051193366,0.009239264075233677,0.0665585994720459,9.30269665097209e-20
0.0988688123872659,0.08894780877038425,0.09991766863938611,0.09105742052054454,0.12617778778076172,0.009239264087658756,0.009238802135058677,0.06641149520874023,9.302957918429787e-20
0.09886801432331604,0.08894755431264577,0.09991763740561618,0.09105847453269561,0.1264340877532959,0.009238802147229306,0.009238340217621044,0.06635308265686035,9.303219139001054e-20
0.09886721644484708,0.08894730016382454,0.09991760636428523,0.09105952871883109,0.12776422500610352,0.009238340229904508,0.009237878322920778,0.06642818450927734,9.303480412932244e-20
0.0988664187509024,0.0889470463224407,0.09991757551443003,0.09106058307749793,0.1332085132598877,0.009237878335684986,0.009237416451846059,0.06880474090576172,9.303741808674154e-20
0.09886562124053018,0.08894679278702172,0.09991754485509216,0.09106163760725042,0.12854409217834473,0.009237416464568205,0.009236954604041614,0.0695962905883789,9.304003156108155e-20
0.09886482391278342,0.08894653955610246,0.09991751438531798,0.09106269230665023,0.1269545555114746,0.009236954616552984,0.009236492778796901,0.06882548332214355,9.304264608537129e-20
0.09886402676671978,0.08894628662822511,0.09991748410415863,0.09106374717426623,0.1273179054260254,0.009236492791639883,0.009236030977177734,0.06880712509155273,9.30452606435308e-20
0.09886322980140172,0.08894603400193914,0.09991745401066995,0.09106480220867465,0.12625813484191895,0.009236030989826761,0.009235569199006477,0.07027649879455566,9.304787578438811e-20
0.09886243301589638,0.08894578167580124,0.09991742410391258,0.09106585740845884,0.12292671203613281,0.009235569211113341,0.009235107442862045,0.06825971603393555,9.305049109297252e-20
0.09886163640927549,0.08894552964837531,0.0999173943829518,0.09106691277220932,0.12308716773986816,0.009235107455499617,0.009234645710520795,0.06473779678344727,9.305310746414689e-20
0.09886083998061557,0.08894527791823244,0.09991736484685759,0.09106796829852383,0.12460207939147949,0.009234645722984729,0.009234184001272183,0.0654458999633789,9.305572339120943e-20
0.09886004372899765,0.08894502648395086,0.09991733549470456,0.09106902398600701,0.12395453453063965,0.009234184013565468,0.009233722314938575,0.06569910049438477,9.305834019281154e-20
0.09885924765350743,0.0889447753441159,0.09991730632557197,0.09107007983327081,0.12520623207092285,0.009233722327242705,0.009233260651697606,0.06641316413879395,9.306095697278736e-20
0.09885845175323513,0.08894452449731993,0.09991727733854364,0.09107113583893414,0.1265239715576172,0.009233260664016259,0.009232799011549275,0.06782913208007812,9.306357459999533e-20
0.09885765602727556,0.08894427394216238,0.09991724853270802,0.09107219200162285,0.13554620742797852,0.009232799023885647,0.00923233739467122,0.06800031661987305,9.30661927906203e-20
0.09885686047472804,0.08894402367724966,0.09991721990715809,0.09107324831996981,0.12443661689758301,0.00923233740684831,0.009231875800708167,0.06720542907714844,9.306881068446788e-20
0.0988560650946964,0.08894377370119513,0.09991719146099137,0.09107430479261482,0.12173652648925781,0.009231875812903367,0.009231414229837753,0.06522679328918457,9.307142982686222e-20
0.09885526988628897,0.08894352401261912,0.09991716319330991,0.0910753614182046,0.12658214569091797,0.0092314142420511,0.009230952682237614,0.06698870658874512,9.307404868677081e-20
0.09885447484861865,0.0889432746101488,0.09991713510322023,0.09107641819539264,0.12805390357971191,0.009230952694289573,0.009230491158085385,0.0695340633392334,9.307666791516469e-20
0.09885367998080258,0.08894302549241821,0.09991710718983332,0.09107747512283931,0.1259298324584961,0.009230491169618526,0.009230029656137617,0.07100582122802734,9.307928787271604e-20
0.0988528852819625,0.08894277665806823,0.09991707945226462,0.09107853219921176,0.12486481666564941,0.00923002966803758,0.009229568177815395,0.06539559364318848,9.308190812669287e-20
0.0988520907512244,0.0889425281057465,0.099917051889634,0.09107958942318384,0.12810373306274414,0.009229568189546166,0.00922910672223054,0.06935834884643555,9.308452811521564e-20
0.09885129638771878,0.08894227983410745,0.09991702450106571,0.09108064679343618,0.12280559539794922,0.00922910673414204,0.00922864528991596,0.06807065010070801,9.308714952548693e-20
0.0988505021905804,0.08894203184181218,0.0999169972856884,0.09108170430865611,0.12027263641357422,0.00922864530182503,0.009228183880694019,0.06467580795288086,9.30897701874529e-20
0.09884970815894842,0.08894178412752853,0.09991697024263506,0.09108276196753766,0.12537598609924316,0.009228183892594551,0.009227722494564716,0.06645512580871582,9.309239210390688e-20
0.09884891429196625,0.08894153668993096,0.09991694337104301,0.09108381976878147,0.12618398666381836,0.009227722506449529,0.009227261130995146,0.0713200569152832,9.309501441457371e-20
0.09884812058878167,0.08894128952770056,0.09991691667005392,0.09108487771109462,0.12591195106506348,0.009227261143390697,0.009226799791761664,0.06689596176147461,9.309763676903585e-20
0.09884732704854665,0.08894104263952501,0.09991689013881372,0.09108593579319087,0.12415313720703125,0.009226799803413404,0.009226338474555007,0.0678858757019043,9.310025918369759e-20
0.09884653367041749,0.08894079602409855,0.0999168637764726,0.09108699401379056,0.11670851707458496,0.009226338486519535,0.009225877181329167,0.06375694274902344,9.310288234062211e-20
0.09884574045355457,0.08894054968012191,0.09991683758218503,0.09108805237162038,0.12600493431091309,0.009225877192705482,0.009225415910485424,0.06877613067626953,9.310550594833132e-20
0.09884494739712268,0.08894030360630234,0.0999168115551097,0.09108911086541355,0.11945009231567383,0.009225415921972709,0.009224954662911955,0.06446409225463867,9.310812985704462e-20
0.09884415450029066,0.08894005780135353,0.0999167856944095,0.0910901694939097,0.12288308143615723,0.009224954674321053,0.009224493437898218,0.065826416015625,9.311075369632035e-20
0.09884336176223152,0.0889398122639956,0.09991675999925148,0.0910912282558549,0.13092637062072754,0.009224493449749297,0.009224032237042934,0.06576752662658691,9.311337816554655e-20
0.09884256918212249,0.08893956699295505,0.0999167344688069,0.09109228715000153,0.12532782554626465,0.009224032248254074,0.009223571058214475,0.06734156608581543,9.311600333484373e-20
0.09884177675914482,0.08893932198696476,0.09991670910225116,0.09109334617510834,0.12258005142211914,0.00922357106983632,0.009223109902301019,0.06748580932617188,9.311862927963545e-20
0.0988409844924839,0.08893907724476395,0.09991668389876375,0.09109440532994041,0.12016725540161133,0.00922310991449711,0.009222648770901287,0.06507706642150879,9.312125616228175e-20
0.09884019238132918,0.08893883276509806,0.09991665885752829,0.09109546461326895,0.12792563438415527,0.009222648782231727,0.009222187661173109,0.06856751441955566,9.312388604618644e-20
0.0988394004248742,0.08893858854671889,0.09991663397773246,0.09109652402387156,0.11756253242492676,0.0092221876730421,0.009221726575070477,0.06365156173706055,9.31265287925064e-20
0.09883860862231664,0.08893834458838441,0.09991660925856803,0.09109758356053196,0.12761831283569336,0.009221726586925931,0.00922126551259339,0.06662511825561523,9.312917292935416e-20
0.09883781697285798,0.08893810088885883,0.09991658469923079,0.09109864322204012,0.12122845649719238,0.009221265523882232,0.009220804472853672,0.066741943359375,9.313181750156391e-20
0.09883702547570383,0.08893785744691252,0.09991656029892054,0.09109970300719195,0.12270808219909668,0.009220804483909502,0.009220343455673685,0.06603240966796875,9.313446238568898e-20
0.09883623413006379,0.08893761426132195,0.09991653605684112,0.09110076291478972,0.12107229232788086,0.009220343467009515,0.009219882461586337,0.06501245498657227,9.313710710179768e-20
0.09883544293515138,0.08893737133086975,0.0999165119722003,0.09110182294364166,0.12388110160827637,0.009219882473179319,0.0092194214909469,0.06763601303100586,9.313975285797329e-20
0.0988346518901841,0.08893712865434464,0.09991648804420987,0.09110288309256201,0.12057876586914062,0.00921942150241838,0.009218960543577737,0.06498432159423828,9.314239840117271e-20
0.09883386099438332,0.08893688623054133,0.09991646427208552,0.09110394336037118,0.12576699256896973,0.009218960554725984,0.009218499618768305,0.06829404830932617,9.314504471521222e-20
0.09883307024697431,0.0889366440582606,0.09991644065504687,0.09110500374589543,0.12889480590820312,0.009218499630100655,0.009218038716873878,0.07094907760620117,9.314769116411053e-20
0.09883227964718629,0.08893640213630921,0.09991641719231745,0.09110606424796704,0.11871194839477539,0.009218038728542823,0.009217577838960267,0.06528854370117188,9.315033761471904e-20
0.09883148919425223,0.08893616046349986,0.09991639388312465,0.09110712486542422,0.12778449058532715,0.009217577850049124,0.009217116983428753,0.06912016868591309,9.315298470720323e-20
0.09883069888740907,0.08893591903865118,0.09991637072669973,0.09110818559711102,0.11907601356506348,0.009217116994620004,0.009216656150989877,0.06574249267578125,9.315563197291198e-20
0.0988299087258975,0.0889356778605877,0.09991634772227784,0.09110924644187753,0.1281752586364746,0.009216656162254557,0.009216195342176547,0.06956219673156738,9.315827996305678e-20
0.09882911870896201,0.08893543692813984,0.09991632486909789,0.09111030739857943,0.11599445343017578,0.009216195352951095,0.009215734555390043,0.06380867958068848,9.316092759841842e-20
0.09882832883585092,0.08893519624014382,0.09991630216640263,0.09111136846607841,0.1254136562347412,0.009215734566711159,0.009215273792229084,0.0681004524230957,9.316357629491602e-20
0.09882753910581633,0.08893495579544171,0.09991627961343859,0.09111242964324184,0.12606549263000488,0.0092152738035324,0.0092148130523384,0.06919527053833008,9.316622456475913e-20
0.09882674951811393,0.08893471559288135,0.09991625720945607,0.09111349092894291,0.11931514739990234,0.009214813063413515,0.009214352335895626,0.0657799243927002,9.316887337746485e-20
0.09882596007200324,0.08893447563131635,0.0999162349537091,0.09111455232206048,0.12654662132263184,0.00921435234635185,0.009213891641302041,0.06829023361206055,9.317152244254675e-20
0.09882517076674749,0.088934235909606,0.09991621284545547,0.09111561382147919,0.11738109588623047,0.009213891652348915,0.009213430970334002,0.06511402130126953,9.317417259800742e-20
0.09882438160161372,0.08893399642661533,0.09991619088395667,0.09111667542608928,0.11981511116027832,0.00921343098140309,0.009212970322458602,0.0643918514251709,9.317682199270079e-20
0.09882359257587245,0.088933757181215,0.09991616906847788,0.09111773713478671,0.12733983993530273,0.009212970333513051,0.009212509697675841,0.06851387023925781,9.317947212359705e-20
0.09882280368879799,0.08893351817228136,0.09991614739828791,0.09111879894647294,0.11869049072265625,0.009212509708678526,0.00921204909598572,0.06555604934692383,9.318212246766112e-20
0.09882201493966826,0.0889332793986963,0.09991612587265933,0.09111986086005504,0.13062334060668945,0.009212049106897184,0.0092115885172106,0.07079553604125977,9.31847729859803e-20
0.09882122632776479,0.08893304085934736,0.09991610449086824,0.09112092287444562,0.12871861457824707,0.009211588528169785,0.009211127961705756,0.06967282295227051,9.31874244113503e-20
0.09882043785237267,0.08893280255312758,0.09991608325219442,0.09112198498856286,0.11479878425598145,0.009211127972493986,0.009210667428583008,0.06380414962768555,9.319007514600966e-20
0.09881964951278062,0.08893256447893556,0.09991606215592125,0.09112304720133044,0.12537193298339844,0.009210667439870576,0.009210206919441077,0.06632184982299805,9.319272670819038e-20
0.09881886130828085,0.0889323266356754,0.09991604120133565,0.09112410951167751,0.12513065338134766,0.009210206930297789,0.009209746432325971,0.06946396827697754,9.319537896917513e-20
0.09881807323816919,0.08893208902225665,0.09991602038772815,0.09112517191853872,0.11447334289550781,0.009209746443774893,0.009209285969546954,0.06366944313049316,9.319803091888276e-20
0.09881728530174493,0.08893185163759432,0.09991599971439283,0.09112623442085406,0.1267871856689453,0.009209285980298656,0.009208825528972397,0.06601810455322266,9.320068308459227e-20
0.09881649749831094,0.08893161448060884,0.09991597918062725,0.09112729701756894,0.12320256233215332,0.009208825539871306,0.00920836511149048,0.0685267448425293,9.320333595970647e-20
0.0988157098271736,0.08893137755022602,0.09991595878573252,0.09112835970763418,0.12317347526550293,0.009208365122489789,0.009207904717278836,0.06707215309143066,9.320598872745586e-20
0.09881492228764269,0.08893114084537707,0.09991593852901326,0.09112942249000586,0.11802530288696289,0.009207904728153827,0.00920744434580456,0.06505751609802246,9.32086422397928e-20
0.09881413487903148,0.08893090436499847,0.09991591840977752,0.09113048536364539,0.1270132064819336,0.009207444356862476,0.00920698399760056,0.06735372543334961,9.32112951589903e-20
0.09881334760065673,0.08893066810803206,0.09991589842733686,0.09113154832751949,0.1215822696685791,0.009206984008615027,0.009206523672844469,0.06744265556335449,9.321394918519799e-20
0.09881256045183853,0.08893043207342495,0.09991587858100626,0.0911326113806001,0.11470389366149902,0.00920652368340919,0.00920606337064811,0.06382608413696289,9.321660304241412e-20
0.09881177343190044,0.08893019626012949,0.0999158588701041,0.0911336745218644,0.11913132667541504,0.00920606338124465,0.00920560309154439,0.06421089172363281,9.321925764065652e-20
0.09881098654016937,0.08892996066710328,0.09991583929395219,0.09113473775029483,0.1286909580230713,0.009205603102121117,0.009205142835000402,0.06808781623840332,9.322191177415536e-20
0.0988101997759757,0.0889297252933091,0.09991581985187574,0.09113580106487894,0.11458945274353027,0.009205142846038676,0.00920468260243723,0.06454586982727051,9.322456672303016e-20
0.09880941313865309,0.08892949013771495,0.09991580054320331,0.0911368644646095,0.12633943557739258,0.009204682612994525,0.009204222391900885,0.06411099433898926,9.322722182336645e-20
0.09880862662753848,0.08892925519929396,0.09991578136726685,0.09113792794848428,0.11502838134765625,0.009204222402988184,0.009203762205700627,0.06250166893005371,9.32298770996733e-20
0.09880784024197221,0.08892902047702438,0.09991576232340164,0.09113899151550629,0.12418437004089355,0.009203762216017826,0.009203302041527195,0.06526589393615723,9.323253259557608e-20
0.09880705398129794,0.08892878596988955,0.09991574341094626,0.09114005516468358,0.12271523475646973,0.009203302052082923,0.009202841900268766,0.0681612491607666,9.32351885040751e-20
0.0988062678448625,0.08892855167687794,0.09991572462924261,0.09114111889502921,0.11471366882324219,0.009202841911183807,0.009202381782635882,0.0640871524810791,9.323784453097587e-20
0.09880548183201616,0.08892831759698298,0.0999157059776359,0.0911421827055613,0.11745643615722656,0.009202381793317784,0.00920192168756273,0.06343388557434082,9.324050163355655e-20
0.09880469594211243,0.08892808372920322,0.09991568745547459,0.09114324659530297,0.12329602241516113,0.009201921698485528,0.009201461615759854,0.06512999534606934,9.324315863808985e-20
0.09880391017450793,0.08892785007254216,0.09991566906211041,0.09114431056328232,0.12298178672790527,0.009201461626685082,0.00920100156687198,0.06839227676391602,9.324581670874311e-20
0.09880312452856257,0.08892761662600827,0.09991565079689832,0.09114537460853245,0.12297344207763672,0.009201001577914784,0.009200541541432017,0.06875729560852051,9.324848040296988e-20
0.09880233900363948,0.088927383388615,0.09991563265919652,0.09114643873009128,0.11431598663330078,0.009200541552175251,0.009200081538907057,0.06436657905578613,9.325115253441925e-20
0.09880155359910496,0.08892715035938069,0.0999156146483664,0.09114750292700169,0.11535859107971191,0.009200081549463496,0.009199621559474735,0.0629425048828125,9.325382447174075e-20
0.09880076831432852,0.08892691753732859,0.09991559676377258,0.09114856719831141,0.12269401550292969,0.00919962156977879,0.00919916160242451,0.06386280059814453,9.325649775551521e-20
0.09879998314868281,0.08892668492148685,0.0999155790047828,0.09114963154307304,0.12636542320251465,0.009199161613121964,0.00919870166864456,0.06747794151306152,9.325917031221371e-20
0.09879919810154365,0.08892645251088846,0.09991556137076801,0.09115069596034402,0.11655139923095703,0.009198701679491932,0.009198241758490155,0.06625699996948242,9.326184339808917e-20
0.09879841317228996,0.08892622030457122,0.0999155438611023,0.09115176044918659,0.11319756507873535,0.009198241768884983,0.009197781870895483,0.0627751350402832,9.326451726424943e-20
0.0987976283603037,0.08892598830157773,0.09991552647516284,0.09115282500866773,0.11569094657897949,0.009197781881302164,0.009197322006038178,0.062347412109375,9.326719043053166e-20
0.09879684366497007,0.08892575650095541,0.09991550921232997,0.09115388963785923,0.12936925888061523,0.009197322016742438,0.009196862164628783,0.07147765159606934,9.326986431124257e-20
0.09879605908567728,0.08892552490175641,0.09991549207198712,0.09115495433583759,0.1247410774230957,0.009196862175204493,0.009196402346312027,0.0641021728515625,9.327253852730556e-20
0.09879527462181661,0.0889252935030376,0.09991547505352079,0.09115601910168405,0.12310457229614258,0.00919640235668596,0.009195942550732639,0.06746959686279297,9.327521264475681e-20
0.09879449027278239,0.08892506230386057,0.09991545815632052,0.09115708393448446,0.11786890029907227,0.00919594256118719,0.009195482777890618,0.06649637222290039,9.327788720720801e-20
0.098793706037972,0.08892483130329161,0.09991544137977898,0.09115814883332941,0.11480307579040527,0.009195482788709148,0.00919502302920705,0.06410670280456543,9.328056215224365e-20
0.09879292191678583,0.08892460050040163,0.0999154247232918,0.09115921379731406,0.11539411544799805,0.009195023039247076,0.009194563302195036,0.0634315013885498,9.328323720536897e-20
0.09879213790862727,0.0889243698942662,0.09991540818625767,0.09116027882553822,0.11908721923828125,0.0091945633128028,0.009194103599163839,0.06314849853515625,9.328591186758732e-20
0.09879135401290269,0.08892413948396552,0.09991539176807829,0.09116134391710627,0.123779296875,0.009194103609373118,0.009193643918692374,0.0651865005493164,9.328858778145309e-20
0.09879057022902149,0.08892390926858436,0.09991537546815832,0.0911624090711272,0.12341141700744629,0.009193643928958781,0.00919318426078064,0.06765604019165039,9.32912633345006e-20
0.09878978655639593,0.08892367924721208,0.09991535928590542,0.09116347428671455,0.14437484741210938,0.009193184271558495,0.009192724626849724,0.0782473087310791,9.329393906288349e-20
0.09878900299444125,0.08892344941894255,0.09991534322073022,0.09116453956298631,0.11440849304199219,0.009192724637170477,0.009192265015300904,0.06525111198425293,9.329661547818889e-20
0.09878821954257573,0.08892321978287421,0.09991532727204627,0.09116560489906513,0.11349606513977051,0.009192265025794044,0.009191805427199995,0.06334710121154785,9.329929144642882e-20
0.09878743620022044,0.08892299033810996,0.09991531143927007,0.09116667029407796,0.11532878875732422,0.00919180543742719,0.009191345862014089,0.06300020217895508,9.330196805340916e-20
0.09878665296679942,0.0889227610837572,0.09991529572182103,0.09116773574715625,0.11664462089538574,0.009191345872070244,0.009190886319387914,0.06329536437988281,9.330464466048078e-20
0.09878586984173962,0.08892253201892779,0.09991528011912147,0.09116880125743597,0.11917853355407715,0.009190886329721502,0.009190426800032014,0.06354093551635742,9.330732167302031e-20
0.0987850868244708,0.08892230314273798,0.0999152646305966,0.09116986682405738,0.12378978729248047,0.00919042681038091,0.009189967303768753,0.06602168083190918,9.33099987014176e-20
0.09878430391442561,0.08892207445430848,0.09991524925567452,0.09117093244616523,0.11987447738647461,0.009189967314046824,0.009189507830065224,0.06934261322021484,9.331267630747714e-20
0.09878352111103945,0.08892184595276437,0.09991523399378613,0.09117199812290856,0.11749267578125,0.009189507840718859,0.009189048379809606,0.06829667091369629,9.33153536334273e-20
0.09878273841375072,0.08892161763723509,0.09991521884436523,0.0911730638534408,0.12232780456542969,0.00918904839039597,0.009188588952646626,0.06868672370910645,9.331803109252953e-20
0.09878195582200054,0.08892138950685445,0.09991520380684844,0.09117412963691966,0.11442112922668457,0.009188588963075447,0.00918812954875392,0.06468796730041504,9.33207093651985e-20
0.09878117333523281,0.08892116156076056,0.09991518888067519,0.09117519547250717,0.1162421703338623,0.009188129558756593,0.009187670167243311,0.06545376777648926,9.332338748411584e-20
0.09878039095289429,0.08892093379809583,0.09991517406528772,0.09117626135936974,0.12379789352416992,0.00918767017743973,0.009187210809002977,0.06634330749511719,9.332606576896558e-20
0.09877960867443442,0.08892070621800698,0.09991515936013105,0.09117732729667793,0.11946272850036621,0.00918721081912248,0.009186751473677646,0.06769633293151855,9.332874410903298e-20
0.09877882649930543,0.08892047881964493,0.09991514476465299,0.09117839328360655,0.1149747371673584,0.00918675148380415,0.009186292161622589,0.06472611427307129,9.333142276764751e-20
0.09877804442696234,0.0889202516021649,0.09991513027830408,0.0911794593193347,0.11454987525939941,0.009186292171483677,0.0091858328723049,0.06283378601074219,9.333410205364953e-20
0.09877726245686289,0.08892002456472628,0.09991511590053763,0.09118052540304558,0.11787891387939453,0.009185832882161012,0.00918537360607985,0.06412410736083984,9.333678115429085e-20
0.09877648058846752,0.08891979770649269,0.0999151016308097,0.09118159153392655,0.1231839656829834,0.009185373615834498,0.009184914362414531,0.06627607345581055,9.333946036212071e-20
0.0987756988212394,0.08891957102663191,0.09991508746857904,0.09118265771116921,0.12026596069335938,0.009184914372502727,0.00918445514273003,0.0663449764251709,9.334214027788934e-20
0.09877491715464433,0.08891934452431585,0.0999150734133071,0.09118372393396927,0.125230073928833,0.00918445515216367,0.009183995944361811,0.06734442710876465,9.33448196036947e-20
0.09877413558815096,0.08891911819872061,0.09991505946445808,0.0911847902015265,0.11861824989318848,0.009183995954819993,0.009183536770152045,0.06756734848022461,9.334749923679581e-20
0.09877335412123037,0.08891889204902635,0.09991504562149879,0.0911858565130448,0.11452698707580566,0.009183536780468316,0.009183077618857283,0.0647587776184082,9.335017965508706e-20
0.09877257275335637,0.08891866607441735,0.09991503188389873,0.0911869228677321,0.11463451385498047,0.009183077629106584,0.009182618490655159,0.06421089172363281,9.335286008391696e-20
0.09877179148400546,0.08891844027408197,0.09991501825113007,0.09118798926480053,0.11545491218566895,0.009182618500734978,0.009182159385190403,0.06239676475524902,9.335554016342601e-20
0.09877101031265681,0.08891821464721256,0.09991500472266761,0.09118905570346604,0.1190636157989502,0.009182159395351514,0.009181700303528828,0.06359481811523438,9.335822083956577e-20
0.09877022923879211,0.08891798919300556,0.09991499129798875,0.09119012218294875,0.1258547306060791,0.00918170031295511,0.009181241243538807,0.06761980056762695,9.336090165936132e-20
0.09876944826189567,0.0889177639106614,0.09991497797657355,0.09119118870247267,0.11979460716247559,0.009181241253546149,0.009180782206996696,0.06797194480895996,9.336358250832482e-20
0.09876866738145439,0.0889175387993845,0.09991496475790464,0.09119225526126587,0.12443113327026367,0.009180782217122973,0.00918032319372486,0.07185983657836914,9.336626426353027e-20
0.09876788659695777,0.08891731385838324,0.09991495164146723,0.09119332185856031,0.11576461791992188,0.009180323203684658,0.009179864203368027,0.06621050834655762,9.336894600316858e-20
0.09876710590789776,0.08891708908686999,0.09991493862674913,0.09119438849359185,0.11499285697937012,0.009179864213230226,0.009179405235570925,0.06437921524047852,9.337162809073363e-20
0.09876632531376897,0.088916864484061,0.09991492571324069,0.0911954551656003,0.1156301498413086,0.009179405245758053,0.009178946291221735,0.06464838981628418,9.337431202269279e-20
0.09876554481406849,0.08891664004917646,0.09991491290043482,0.09119652187382941,0.11722254753112793,0.009178946301268325,0.00917848736925464,0.06292176246643066,9.33770044244073e-20
0.09876476440829597,0.08891641578144045,0.09991490018782695,0.09119758861752669,0.12039709091186523,0.009178487379759093,0.009178028470735455,0.06358003616333008,9.337969821271426e-20
0.09876398409595362,0.08891619168008093,0.09991488757491505,0.09119865539594359,0.12529873847961426,0.00917802848122955,0.009177569595486545,0.0664372444152832,9.338239187380989e-20
0.09876320387654601,0.08891596774432968,0.0999148750611996,0.09119972220833533,0.12391257286071777,0.009177569605677257,0.009177110743152639,0.06890988349914551,9.338508605213706e-20
0.09876242374958033,0.08891574397342233,0.09991486264618357,0.09120078905396108,0.1166999340057373,0.009177110753102196,0.009176651913911371,0.06711244583129883,9.338777981450305e-20
0.09876164371456615,0.08891552036659835,0.0999148503293724,0.0912018559320837,0.12487196922302246,0.00917665192350295,0.009176193107407471,0.07242202758789062,9.339047422587863e-20
0.0987608637710155,0.08891529692310098,0.09991483811027405,0.09120292284196985,0.1161353588104248,0.009176193116878149,0.00917573432399621,0.06713008880615234,9.339316863333998e-20
0.098760083918443,0.08891507364217721,0.09991482598839888,0.0912039897828899,0.11483573913574219,0.009175734333227043,0.009175275562789409,0.06570291519165039,9.339586327277731e-20
0.09875930415636547,0.08891485052307785,0.09991481396325973,0.09120505675411804,0.11440038681030273,0.009175275572549699,0.009174816824675247,0.06440401077270508,9.339855817136498e-20
0.09875852448430236,0.08891462756505739,0.09991480203437188,0.09120612375493208,0.11411094665527344,0.009174816834845632,0.009174358110541903,0.06310510635375977,9.340125308169325e-20
0.09875774490177548,0.08891440476737407,0.09991479020125302,0.09120719078461355,0.11451005935668945,0.0091743581201111,0.009173899418257747,0.06342458724975586,9.340394785704567e-20
0.09875696540830893,0.08891418212928981,0.09991477846342328,0.09120825784244768,0.11643481254577637,0.009173899428346725,0.009173440749599138,0.06367707252502441,9.340664355051746e-20
0.09875618600342925,0.08891395965007023,0.09991476682040516,0.09120932492772346,0.11644911766052246,0.009173440759551465,0.009172982103855531,0.06255483627319336,9.340933814302876e-20
0.09875540668666537,0.08891373732898462,0.09991475527172354,0.09121039203973343,0.12235450744628906,0.00917298211372351,0.009172523480849293,0.06298947334289551,9.341203420736955e-20
0.09875462745754858,0.0889135151653059,0.09991474381690571,0.0912114591777738,0.13028573989868164,0.009172523490862563,0.009172064881823871,0.07174301147460938,9.341473002132247e-20
0.09875384831561257,0.08891329315831065,0.0999147324554813,0.0912125263411443,0.12265920639038086,0.009172064890965406,0.009171606304292368,0.06360816955566406,9.341742588384137e-20
0.09875306926039337,0.08891307130727902,0.09991472118698229,0.09121359352914833,0.1267092227935791,0.009171606314034464,0.00917114775038641,0.0664520263671875,9.342012207813786e-20
0.09875229029142926,0.08891284961149477,0.099914710010943,0.0912146607410928,0.1224355697631836,0.009171147760065612,0.009170689218862549,0.06798434257507324,9.342281786998384e-20
0.09875151140826084,0.08891262807024523,0.09991469892690011,0.09121572797628828,0.12135791778564453,0.009170689229060497,0.009170230711141869,0.0690147876739502,9.342551444639082e-20
0.09875073261043107,0.08891240668282129,0.09991468793439257,0.09121679523404877,0.11689114570617676,0.00917023072101628,0.009169772226513828,0.06749248504638672,9.342821101570038e-20
0.09874995389748518,0.08891218544851737,0.09991467703296165,0.09121786251369181,0.11636805534362793,0.009169772235932239,0.009169313764090248,0.06672334671020508,9.343090718063027e-20
0.09874917526897066,0.0889119643666314,0.09991466622215095,0.09121892981453854,0.1150519847869873,0.009169313773806403,0.009168855325114578,0.0650172233581543,9.343360372051043e-20
0.09874839672443725,0.08891174343646485,0.0999146555015063,0.09121999713591353,0.11510038375854492,0.009168855334639257,0.009168396908165732,0.06477022171020508,9.34363007635338e-20
0.09874761826343702,0.08891152265732265,0.09991464487057583,0.09122106447714473,0.1153573989868164,0.009168396918429871,0.009167938515552976,0.0645301342010498,9.34389982832877e-20
0.09874683988552424,0.08891130202851318,0.09991463432890993,0.09122213183756363,0.12302589416503906,0.009167938525175346,0.009167480144967044,0.06867265701293945,9.344169526427207e-20
0.09874606159025553,0.0889110815493483,0.09991462387606122,0.09122319921650511,0.11737918853759766,0.00916748015487568,0.009167021797473751,0.06787705421447754,9.344439253185436e-20
0.09874528337718964,0.08891086121914332,0.09991461351158458,0.09122426661330749,0.11706709861755371,0.009167021807531187,0.009166563473250733,0.06672024726867676,9.344708947240283e-20
0.09874450524588753,0.08891064103721691,0.09991460323503709,0.09122533402731248,0.11749625205993652,0.009166563483137997,0.009166105171765082,0.0664219856262207,9.344978775587283e-20
0.09874372719591237,0.08891042100289116,0.09991459304597806,0.09122640145786522,0.11595535278320312,0.009166105181697802,0.009165646893194435,0.0648505687713623,9.345248528599066e-20
0.0987429492268295,0.08891020111549158,0.09991458294396902,0.09122746890431416,0.1154334545135498,0.009165646903207793,0.009165188638249333,0.06501340866088867,9.345518334631036e-20
0.09874217133820647,0.08890998137434701,0.09991457292857364,0.09122853636601107,0.11496210098266602,0.009165188647665521,0.009164730405508692,0.06508278846740723,9.345788125722524e-20
0.09874139352961292,0.08890976177878965,0.09991456299935782,0.09122960384231113,0.11590361595153809,0.009164730415072396,0.00916427219586069,0.0646665096282959,9.346057894785109e-20
0.09874061580062075,0.088909542328155,0.09991455315588962,0.09123067133257277,0.11530518531799316,0.009164272205426238,0.009163814009305327,0.06470894813537598,9.346327750020524e-20
0.09873983815080392,0.08890932302178192,0.09991454339773927,0.09123173883615775,0.11640286445617676,0.009163814018726273,0.009163355845309695,0.06499695777893066,9.346597587674515e-20
0.0987390605797386,0.08890910385901254,0.09991453372447912,0.09123280635243113,0.12398099899291992,0.00916335585497282,0.009162897704761974,0.06954026222229004,9.346867422309245e-20
0.09873828308700311,0.08890888483919229,0.09991452413568366,0.09123387388076121,0.11905288696289062,0.009162897714161768,0.00916243958695162,0.06941843032836914,9.34713729476741e-20
0.09873750567217791,0.08890866596166985,0.09991451463092955,0.09123494142051947,0.11901712417602539,0.009162439596294324,0.009161981491345728,0.06822371482849121,9.347407153322769e-20
0.09873672833484544,0.08890844722579715,0.09991450520979551,0.09123600897108071,0.11759829521179199,0.009161981501369888,0.009161523419543016,0.06760406494140625,9.347677045158552e-20
0.09873595107459025,0.08890822863092934,0.09991449587186242,0.09123707653182295,0.11839461326599121,0.00916152342938658,0.009161065370300037,0.06801581382751465,9.347946965341284e-20
0.09873517389099905,0.08890801017642481,0.09991448661671322,0.09123814410212731,0.11708521842956543,0.009161065380342366,0.009160607343794425,0.06743192672729492,9.348216879230246e-20
0.09873439678366056,0.08890779186164516,0.09991447744393292,0.09123921168137816,0.11906552314758301,0.009160607354238195,0.009160149341447266,0.06857895851135254,9.3484867895912e-20
0.09873361975216559,0.08890757368595513,0.09991446835310866,0.09124027926896312,0.1164252758026123,0.009160149351069867,0.009159691361482203,0.06666898727416992,9.348756713941732e-20
0.09873284279610703,0.08890735564872267,0.0999144593438296,0.09124134686427292,0.11606764793395996,0.009159691370837303,0.009159233403899236,0.06686854362487793,9.349026692335745e-20
0.09873206591507981,0.08890713774931887,0.09991445041568697,0.09124241446670134,0.1166226863861084,0.009159233413541183,0.009158775469408909,0.06759524345397949,9.34929665211351e-20
0.09873128910868088,0.08890691998711796,0.09991444156827406,0.09124348207564532,0.11760592460632324,0.009158775479178718,0.009158317558366491,0.06649589538574219,9.349566636190106e-20
0.0987305123765092,0.08890670236149728,0.09991443280118614,0.09124454969050491,0.12260317802429199,0.009158317567749746,0.009157859669883806,0.06614947319030762,9.349836648947485e-20
0.09872973571816578,0.08890648487183729,0.09991442411402057,0.09124561731068323,0.12206053733825684,0.0091578596792523,0.009157401803960852,0.06675148010253906,9.350106705310209e-20
0.09872895913325361,0.08890626751752154,0.0999144155063767,0.09124668493558648,0.12209486961364746,0.009157401813686232,0.009156943961663444,0.06667661666870117,9.350376865488057e-20
0.09872818262137767,0.08890605029793663,0.09991440697785584,0.09124775256462396,0.12051248550415039,0.009156943971050139,0.009156486141748132,0.0666205883026123,9.350647576760036e-20
0.09872740618214484,0.08890583321247224,0.09991439852806135,0.09124882019720802,0.12058830261230469,0.00915648615134259,0.009156028344747824,0.06655287742614746,9.350918420382313e-20
0.09872662981516406,0.0889056162605211,0.09991439015659855,0.09124988783275395,0.12038493156433105,0.009156028354563178,0.009155570571195426,0.06667137145996094,9.351189268974805e-20
0.09872585352004618,0.08890539944147896,0.09991438186307473,0.09125095547068013,0.1214752197265625,0.009155570580710757,0.009155112820025124,0.06674933433532715,9.351460139539502e-20
0.09872507729640397,0.08890518275474457,0.09991437364709917,0.09125202311040785,0.12147378921508789,0.009155112829784349,0.009154655092480368,0.06733345985412598,9.351731024161987e-20
0.09872430114385222,0.08890496619971971,0.09991436550828306,0.09125309075136157,0.12049365043640137,0.00915465510178106,0.009154197387140073,0.06753873825073242,9.352001914552194e-20
0.09872352506200761,0.08890474977580914,0.09991435744623958,0.09125415839296856,0.12169933319091797,0.009154197396701898,0.009153739704892416,0.07007026672363281,9.352272801137538e-20
0.09872274905048875,0.08890453348242057,0.0999143494605838,0.09125522603465905,0.12198543548583984,0.009153739714545105,0.009153282045737399,0.0635983943939209,9.352543654598428e-20
0.09872197310891614,0.08890431731896464,0.09991434155093276,0.09125629367586628,0.12175393104553223,0.009153282055309542,0.009152824409142113,0.06334495544433594,9.352814583969335e-20
0.09872119723691217,0.08890410128485497,0.09991433371690538,0.09125736131602637,0.12105941772460938,0.009152824418994121,0.00915236679670528,0.0633246898651123,9.353085497886486e-20
0.09872042143410117,0.08890388537950808,0.09991432595812248,0.09125842895457836,0.12027931213378906,0.009152366805596687,0.009151909205407094,0.0628507137298584,9.3533564266321e-20
0.09871964570010934,0.08890366960234343,0.09991431827420681,0.09125949659096409,0.11963176727294922,0.009151909215118924,0.009151451638622632,0.0624852180480957,9.35362740144184e-20
0.09871887003456475,0.08890345395278335,0.09991431066478298,0.09126056422462846,0.12090134620666504,0.009151451647555658,0.009150994093332088,0.06229066848754883,9.353898357990593e-20
0.09871809443709739,0.08890323843025305,0.09991430312947751,0.09126163185501909,0.12256765365600586,0.009150994102909574,0.009150536571489454,0.06214761734008789,9.354169306516164e-20
0.09871731890733901,0.08890302303418064,0.09991429566791873,0.09126269948158654,0.12192082405090332,0.009150536581178164,0.009150079072384187,0.06195473670959473,9.354440247814874e-20
0.09871654344492331,0.08890280776399702,0.09991428827973688,0.09126376710378406,0.1212160587310791,0.009150079082361718,0.009149621596549196,0.062201738357543945,9.354711263477031e-20
0.0987157680494858,0.08890259261913598,0.09991428096456402,0.09126483472106783,0.12059688568115234,0.009149621606457391,0.009149164144162114,0.06163954734802246,9.354982254104636e-20
0.09871499272066377,0.08890237759903412,0.09991427372203407,0.09126590233289687,0.1259903907775879,0.009149164153463707,0.00914870671326895,0.06409764289855957,9.355253260703261e-20
0.09871421745809639,0.08890216270313084,0.09991426655178276,0.09126696993873294,0.11368989944458008,0.009148706723381722,0.00914824930653424,0.06302762031555176,9.355524280474256e-20
0.09871344226142457,0.08890194793086835,0.09991425945344767,0.09126803753804061,0.11648917198181152,0.009148249316207903,0.00914779192235926,0.06581735610961914,9.355795265934905e-20
0.09871266713029112,0.08890173328169163,0.09991425242666815,0.09126910513028721,0.11714315414428711,0.009147791931942819,0.009147334561454556,0.06694269180297852,9.356066296658246e-20
0.09871189206434058,0.08890151875504844,0.09991424547108539,0.09127017271494288,0.11887145042419434,0.009147334570584009,0.009146877222931948,0.06876420974731445,9.356337336455356e-20
0.09871111706321929,0.08890130435038925,0.09991423858634235,0.09127124029148038,0.11752939224243164,0.009146877232129747,0.009146419907146708,0.06740474700927734,9.356608408108883e-20
0.09871034212657533,0.08890109006716734,0.0999142317720838,0.09127230785937523,0.11959028244018555,0.00914641991658003,0.009145962614454106,0.06646990776062012,9.356879447788309e-20
0.09870956725405858,0.08890087590483867,0.09991422502795629,0.09127337541810576,0.118988037109375,0.009145962623934663,0.009145505344676508,0.06642723083496094,9.357150543446882e-20
0.0987087924453207,0.08890066186286191,0.09991421835360809,0.09127444296715287,0.12171077728271484,0.00914550535419186,0.009145048097281006,0.06410622596740723,9.357421572510503e-20
0.0987080177000151,0.08890044794069847,0.09991421174868925,0.09127551050600018,0.11859273910522461,0.009145048107350966,0.00914459087386632,0.06332707405090332,9.357692669836918e-20
0.0987072430177969,0.08890023413781241,0.0999142052128516,0.09127657803413394,0.13021373748779297,0.009144590883410063,0.009144133673189003,0.07174253463745117,9.357963748282038e-20
0.09870646839832302,0.08890002045367046,0.0999141987457487,0.09127764555104317,0.11670064926147461,0.009144133682367772,0.009143676494893782,0.06288647651672363,9.35823486992689e-20
0.09870569384125198,0.08889980688774203,0.0999141923470358,0.09127871305621948,0.11556553840637207,0.009143676504224301,0.009143219339513564,0.06392621994018555,9.358505981505184e-20
0.09870491934624413,0.08889959343949913,0.09991418601636992,0.09127978054915713,0.11576199531555176,0.009143219348978923,0.00914276220704835,0.06468963623046875,9.358777046911023e-20
0.09870414491296148,0.08889938010841648,0.09991417975340978,0.0912808480293529,0.11690354347229004,0.009142762216628842,0.009142305098031045,0.06673693656921387,9.359048193846148e-20
0.09870337054106762,0.08889916689397136,0.0999141735578158,0.09128191549630632,0.1186056137084961,0.009142305107172639,0.009141848011040565,0.06761956214904785,9.359319374793344e-20
0.09870259623022799,0.08889895379564366,0.09991416742925012,0.09128298294951942,0.11736154556274414,0.009141848020610945,0.009141390947142725,0.06628990173339844,9.359590461927166e-20
0.09870182198010966,0.08889874081291588,0.09991416136737655,0.09128405038849682,0.11867284774780273,0.009141390956943246,0.009140933906692794,0.06506681442260742,9.359861660619143e-20
0.09870104779038136,0.0888985279452731,0.09991415537186057,0.09128511781274574,0.11838173866271973,0.009140933916166405,0.009140476889335503,0.06339097023010254,9.360132787789735e-20
0.09870027366071348,0.08889831519220297,0.09991414944236936,0.09128618522177592,0.12083888053894043,0.009140476898278321,0.009140019893649765,0.06257915496826172,9.360403925877843e-20
0.09869949959077819,0.08889810255319566,0.09991414357857174,0.09128725261509964,0.11946511268615723,0.009140019903281,0.009139562921411937,0.0618138313293457,9.360675124211212e-20
0.09869872558024918,0.08889789002774393,0.0999141377801382,0.09128831999223169,0.11726951599121094,0.009139562931171259,0.009139105972799655,0.06169748306274414,9.360946300784576e-20
0.0986979516288018,0.08889767761534302,0.09991413204674089,0.09128938735268939,0.1262800693511963,0.00913910598194926,0.009138649046036562,0.06395173072814941,9.361217476529944e-20
0.09869717773611299,0.08889746531549074,0.09991412637805357,0.09129045469599266,0.11618280410766602,0.009138649055612999,0.009138192143254287,0.06623387336730957,9.361488694727163e-20
0.09869640390186137,0.08889725312768737,0.09991412077375166,0.09129152202166375,0.11894750595092773,0.009138192152161268,0.009137735261965929,0.06743288040161133,9.361759868856994e-20
0.0986956301257271,0.08889704105143567,0.09991411523351217,0.09129258932922746,0.11645722389221191,0.009137735271594763,0.009137278404480753,0.06622862815856934,9.362031048419482e-20
0.09869485640739206,0.08889682908624091,0.09991410975701374,0.09129365661821107,0.1196753978729248,0.009137278413909584,0.009136821569377673,0.06406593322753906,9.362302308989901e-20
0.0986940827465397,0.08889661723161081,0.09991410434393665,0.0912947238881443,0.12046313285827637,0.00913682157910675,0.009136364758077775,0.06329226493835449,9.362573482760093e-20
0.09869330914285494,0.08889640548705555,0.09991409899396271,0.09129579113855929,0.12233138084411621,0.009136364767182648,0.009135907968627066,0.06286430358886719,9.362844738498826e-20
0.09869253559602444,0.08889619385208773,0.09991409370677538,0.09129685836899064,0.11921381950378418,0.009135907978140028,0.009135451202446632,0.062151193618774414,9.363115970623955e-20
0.09869176210573632,0.08889598232622241,0.09991408848205968,0.09129792557897527,0.11697721481323242,0.00913545121197467,0.009134994459714108,0.062326669692993164,9.363387198375987e-20
0.09869098867168036,0.08889577090897705,0.09991408331950222,0.09129899276805273,0.11507439613342285,0.009134994468686073,0.009134537738830772,0.06396269798278809,9.36365843811602e-20
0.09869021529354781,0.08889555959987151,0.09991407821879114,0.09130005993576476,0.11619710922241211,0.009134537748273953,0.009134081041217712,0.06519103050231934,9.363929685370474e-20
0.09868944197103148,0.08889534839842807,0.09991407317961618,0.09130112708165548,0.11681056022644043,0.009134081050737434,0.009133624366874926,0.06567525863647461,9.364200963319728e-20
0.0986886687038259,0.08889513730417134,0.09991406820166861,0.09130219420527147,0.1224057674407959,0.009133624376074363,0.009133167715091872,0.06265091896057129,9.364472219190659e-20
0.09868789549162693,0.08889492631662838,0.09991406328464125,0.09130326130616163,0.12093639373779297,0.009133167724283058,0.009132711086046186,0.062096595764160156,9.364743482312606e-20
0.098687122334132,0.08889471543532852,0.09991405842822844,0.09130432838387716,0.12026143074035645,0.009132711095363743,0.009132254479737867,0.06330347061157227,9.365014730695636e-20
0.0986863492310401,0.08889450465980349,0.09991405363212608,0.09130539543797166,0.11583375930786133,0.009132254489315926,0.00913179789723273,0.06268954277038574,9.365286053204792e-20
0.09868557618205172,0.08889429398958734,0.09991404889603156,0.09130646246800102,0.11562800407409668,0.00913179790613512,0.009131341336399146,0.06441855430603027,9.365557347930115e-20
0.09868480318686886,0.08889408342421642,0.09991404421964381,0.09130752947352348,0.11887526512145996,0.00913134134582466,0.009130884799368744,0.06807351112365723,9.365828630978397e-20
0.09868403024519502,0.08889387296322947,0.09991403960266325,0.09130859645409946,0.11791181564331055,0.009130884808380316,0.009130428285075709,0.06635832786560059,9.36609996615232e-20
0.09868325735673517,0.0888936626061674,0.0999140350447918,0.09130966340929174,0.11839914321899414,0.0091304282938023,0.009129971792987135,0.0641176700592041,9.36637125512416e-20
0.09868248452119574,0.08889345235257352,0.09991403054573285,0.09131073033866544,0.12013697624206543,0.009129971802088669,0.009129515323635928,0.06317329406738281,9.366642576180992e-20
0.09868171173828467,0.08889324220199338,0.09991402610519132,0.09131179724178781,0.12082290649414062,0.00912951533324025,0.009129058877732632,0.06221508979797363,9.366913883107636e-20
0.09868093900771138,0.08889303215397477,0.09991402172287356,0.09131286411822848,0.12247562408447266,0.009129058887254562,0.009128602454744339,0.06248903274536133,9.367185217247959e-20
0.0986801663291867,0.08889282220806777,0.0999140173984874,0.09131393096755924,0.12709498405456543,0.009128602464131413,0.009128146054138142,0.06483602523803711,9.367456520172892e-20
0.09867939370242296,0.08889261236382466,0.09991401313174217,0.09131499778935416,0.11908221244812012,0.009128146063867821,0.009127689677157491,0.06892800331115723,9.367727847147632e-20
0.09867862112713392,0.08889240262079999,0.0999140089223486,0.09131606458318953,0.1166839599609375,0.009127689686463587,0.009127233322558936,0.06690144538879395,9.367999192773668e-20
0.09867784860303483,0.08889219297855051,0.09991400477001888,0.09131713134864378,0.11945891380310059,0.009127233331917284,0.009126776990342478,0.06385970115661621,9.368270550188265e-20
0.09867707612984233,0.0888919834366352,0.09991400067446667,0.09131819808529756,0.12108469009399414,0.00912677700022919,0.009126320682462108,0.06261682510375977,9.368541894066448e-20
0.0986763037072745,0.0888917739946152,0.09991399663540701,0.09131926479273374,0.1195836067199707,0.009126320691395717,0.00912586439589802,0.06252241134643555,9.368813297368082e-20
0.09867553133505072,0.08889156465205389,0.09991399265255642,0.09132033147053735,0.11544084548950195,0.009125864405417869,0.00912540813331475,0.06281495094299316,9.36908464746945e-20
0.09867475901289192,0.08889135540851678,0.0999139887256328,0.09132139811829557,0.11480951309204102,0.009125408142293128,0.009124951892758304,0.0645456314086914,9.369355961856857e-20
0.09867398674052047,0.08889114626357156,0.09991398485435546,0.09132246473559767,0.12026238441467285,0.009124951902022142,0.009124495675294497,0.06789231300354004,9.369627342355237e-20
0.09867321451765997,0.08889093721678805,0.09991398103844513,0.09132353132203522,0.11738443374633789,0.009124495684600721,0.00912403948092333,0.06617975234985352,9.369898716405382e-20
0.09867244234403548,0.08889072826773828,0.09991397727762392,0.09132459787720171,0.11888885498046875,0.009124039490030397,0.009123583309289529,0.06335067749023438,9.370170086691084e-20
0.09867167021937338,0.08889051941599634,0.09991397357161537,0.09132566440069295,0.12015128135681152,0.009123583318308757,0.00912312716021546,0.06252574920654297,9.370441485119323e-20
0.09867089814340162,0.08889031066113846,0.09991396992014434,0.0913267308921068,0.12616848945617676,0.009123127169436009,0.00912267103387876,0.06339526176452637,9.370712884759102e-20
0.09867012611584935,0.08889010200274303,0.09991396632293711,0.09132779735104313,0.11852622032165527,0.009122671043410784,0.009122214930812333,0.06800174713134766,9.370984269109473e-20
0.0986693541364472,0.08888989344039047,0.09991396277972134,0.09132886377710397,0.1192924976348877,0.009122214940231878,0.009121758850838546,0.0666341781616211,9.371255648191512e-20
0.09866858220492701,0.08888968497366334,0.09991395929022599,0.09132993016989342,0.11705470085144043,0.009121758859896783,0.009121302792891584,0.0639035701751709,9.37152709827575e-20
0.09866781032102209,0.08888947660214626,0.09991395585418145,0.0913309965290177,0.12136125564575195,0.009121302802406858,0.009120846758392531,0.062389373779296875,9.371798459315785e-20
0.09866703848446705,0.08888926832542593,0.0999139524713194,0.09133206285408506,0.12043285369873047,0.009120846767758862,0.009120390747519025,0.0626075267791748,9.372069876349712e-20
0.09866626669499784,0.0888890601430911,0.09991394914137287,0.09133312914470576,0.11628246307373047,0.009120390755950995,0.009119934757784165,0.06378722190856934,9.372341323520084e-20
0.09866549495235173,0.08888885205473257,0.09991394586407627,0.09133419540049208,0.11811065673828125,0.009119934766985277,0.009119478791497215,0.06717896461486816,9.372612734951077e-20
0.09866472325626727,0.08888864405994318,0.09991394263916528,0.09133526162105839,0.1186368465423584,0.009119478800858878,0.009119022848125269,0.06790852546691895,9.37288411806351e-20
0.0986639516064844,0.08888843615831779,0.09991393946637694,0.09133632780602101,0.11616158485412598,0.009119022857570325,0.009118566927845961,0.06414508819580078,9.373155570636517e-20
0.09866318000274432,0.08888822834945329,0.0999139363454496,0.09133739395499822,0.12083864212036133,0.009118566937118449,0.009118111029771114,0.06277108192443848,9.37342698562894e-20
0.09866240844478952,0.08888802063294858,0.09991393327612288,0.09133846006761041,0.11815190315246582,0.009118111039503258,0.009117655155499449,0.06255054473876953,9.373698370635013e-20
0.0986616369323638,0.08888781300840455,0.09991393025813779,0.09133952614347997,0.128434419631958,0.009117655164722092,0.009117199303432244,0.06664896011352539,9.373969812270851e-20
0.09866086546521224,0.08888760547542407,0.09991392729123652,0.09134059218223119,0.1189889907836914,0.009117199312775066,0.00911674347481295,0.06687021255493164,9.374241254980092e-20
0.09866009404308126,0.08888739803361201,0.09991392437516262,0.09134165818349031,0.11568260192871094,0.009116743483660207,0.009116287668042844,0.06366276741027832,9.374512705159272e-20
0.09865932266571853,0.08888719068257518,0.09991392150966093,0.09134272414688557,0.12106680870056152,0.00911628767737654,0.00911583188507592,0.06250143051147461,9.374784135090577e-20
0.09865855133287298,0.08888698342192239,0.09991391869447752,0.09134379007204713,0.1182408332824707,0.009115831893922781,0.009115376124313457,0.06354331970214844,9.375055616486477e-20
0.09865778004429479,0.08888677625126433,0.09991391592935978,0.09134485595860715,0.11394047737121582,0.009115376133298991,0.009114920386465997,0.06365466117858887,9.375327057080449e-20
0.0986570087997354,0.0888865691702137,0.09991391321405632,0.09134592180619971,0.11890959739685059,0.009114920395502954,0.009114464671000633,0.06867575645446777,9.375598509891518e-20
0.09865623759894747,0.08888636217838512,0.09991391054831703,0.09134698761446072,0.1173853874206543,0.00911446468053562,0.009114008979160815,0.06447005271911621,9.375869994516235e-20
0.09865546644168491,0.08888615527539508,0.09991390793189303,0.09134805338302812,0.11873459815979004,0.0091140089883931,0.009113553309880729,0.06241965293884277,9.376141417739936e-20
0.09865469532770293,0.08888594846086201,0.09991390536453673,0.09134911911154167,0.1213231086730957,0.009113553319074031,0.009113097662982739,0.06242966651916504,9.376412880667983e-20
0.09865392425675801,0.08888574173440628,0.09991390284600173,0.091350184799643,0.11620402336120605,0.009113097672579536,0.009112642038999752,0.0633697509765625,9.376684384796785e-20
0.09865315322860774,0.08888553509565007,0.09991390037604288,0.09135125044697567,0.11667656898498535,0.00911264204890792,0.009112186438642311,0.06703424453735352,9.376955844958687e-20
0.09865238224301094,0.0888853285442175,0.09991389795441626,0.09135231605318513,0.12064075469970703,0.009112186448057008,0.009111730860666967,0.07007145881652832,9.377227332494172e-20
0.09865161129972767,0.08888512207973456,0.09991389558087915,0.09135338161791859,0.12044334411621094,0.009111730870026343,0.009111275305606625,0.06238412857055664,9.377498791730808e-20
0.09865084039851926,0.08888491570182908,0.09991389325519007,0.09135444714082522,0.11636090278625488,0.009111275314814789,0.009110819772750745,0.0634150505065918,9.377770295260048e-20
0.09865006953914814,0.08888470941013073,0.09991389097710873,0.09135551262155592,0.11634182929992676,0.009110819782421927,0.009110364264053317,0.0670464038848877,9.378041722959775e-20
0.098649298721378,0.08888450320427105,0.09991388874639608,0.09135657805976348,0.1163015365600586,0.009110364272843889,0.009109908777205078,0.06691503524780273,9.378313225157366e-20
0.09864852794497368,0.08888429708388343,0.09991388656281418,0.09135764345510254,0.11798810958862305,0.009109908786082572,0.009109453312738935,0.06266593933105469,9.37858471137849e-20
0.09864775720970126,0.08888409104860306,0.09991388442612636,0.09135870880722954,0.11987948417663574,0.009109453322136678,0.009108997871898339,0.06236147880554199,9.378856183124829e-20
0.09864698651532797,0.08888388509806697,0.09991388233609712,0.09135977411580273,0.11606073379516602,0.009108997881003295,0.009108542453084567,0.0632929801940918,9.379127681861908e-20
0.09864621586162214,0.08888367923191395,0.0999138802924921,0.09136083938048208,0.11635422706604004,0.009108542462683996,0.009108087058429248,0.0667562484741211,9.379399187161755e-20
0.09864544524835338,0.08888347344978464,0.09991387829507814,0.0913619046009294,0.11722636222839355,0.009108087067174237,0.009107631684912576,0.06569480895996094,9.37967068394629e-20
0.09864467467529232,0.08888326775132144,0.09991387634362325,0.09136296977680836,0.1179347038269043,0.00910763169447638,0.009107176335554357,0.062441110610961914,9.37994213693509e-20
0.09864390414221096,0.08888306213616852,0.09991387443789658,0.0913640349077843,0.12085556983947754,0.009107176344585879,0.00910672100786769,0.06240200996398926,9.380213617099212e-20
0.09864313364888226,0.08888285660397185,0.09991387257766846,0.0913650999935244,0.1164999008178711,0.009106721017504966,0.009106265704161842,0.06421017646789551,9.38048514970812e-20
0.09864236319508035,0.08888265115437917,0.09991387076271033,0.0913661650336975,0.11539840698242188,0.00910626571322914,0.009105810422660454,0.0649411678314209,9.380756661497401e-20
0.09864159278058052,0.08888244578703994,0.09991386899279482,0.09136723002797419,0.11972856521606445,0.009105810431758968,0.00910535516407407,0.06203913688659668,9.381028154590298e-20
0.09864082240515921,0.0888822405016054,0.09991386726769566,0.0913682949760269,0.11749076843261719,0.009105355173093297,0.009104899928225052,0.062337398529052734,9.381299633988355e-20
0.09864005206859396,0.08888203529772849,0.09991386558718772,0.09136935987752969,0.11575913429260254,0.009104899937231077,0.009104444714580495,0.06421089172363281,9.381571184102408e-20
0.09863928177066347,0.0888818301750639,0.09991386395104701,0.09137042473215834,0.11934804916381836,0.009104444724172501,0.009103989525272027,0.06641125679016113,9.381842694772081e-20
0.09863851151114753,0.08888162513326806,0.09991386235905064,0.09137148953959036,0.11556124687194824,0.009103989533912692,0.009103534356746934,0.06270122528076172,9.382114187547695e-20
0.09863774128982704,0.08888142017199906,0.09991386081097688,0.09137255429950498,0.11926102638244629,0.009103534366455363,0.00910307921255793,0.06171536445617676,9.382385693487695e-20
0.09863697110648398,0.08888121529091673,0.09991385930660503,0.09137361901158307,0.11525654792785645,0.009103079221796252,0.009102624090928657,0.06306862831115723,9.382657224888332e-20
0.09863620096090142,0.08888101048968258,0.09991385784571555,0.09137468367550718,0.11876797676086426,0.00910262409993391,0.00910216899132621,0.06848597526550293,9.382928712703571e-20
0.09863543085286358,0.0888808057679598,0.09991385642808998,0.09137574829096158,0.1152653694152832,0.00910216900086929,0.009101713915349308,0.06381559371948242,9.383200225339171e-20
0.09863466078215573,0.08888060112541327,0.09991385505351096,0.09137681285763223,0.11973214149475098,0.009101713924600567,0.009101258862465045,0.06229138374328613,9.383471777549345e-20
0.09863389074856431,0.08888039656170953,0.09991385372176223,0.09137787737520672,0.11832237243652344,0.00910125887112448,0.009100803831429971,0.062277793884277344,9.383743240727027e-20
0.09863312075187672,0.08888019207651676,0.09991385243262858,0.09137894184337424,0.11620259284973145,0.009100803840441441,0.009100348823487536,0.06484532356262207,9.384014791847566e-20
0.09863235079188147,0.08887998766950485,0.0999138511858959,0.09138000626182571,0.11924219131469727,0.009100348832550925,0.009099893838282469,0.0689697265625,9.384286327845975e-20
0.09863158086836807,0.08887978334034527,0.09991384998135112,0.09138107063025364,0.11942934989929199,0.009099893847452441,0.00909943887617004,0.06259036064147949,9.384557808495595e-20
0.09863081098112723,0.08887957908871116,0.09991384881878228,0.09138213494835212,0.11385846138000488,0.009099438885143824,0.009098983936439708,0.06327462196350098,9.384829358175402e-20
0.09863004112995062,0.08887937491427728,0.09991384769797844,0.09138319921581695,0.12018656730651855,0.009098983945623739,0.00909852901962438,0.06811094284057617,9.385100862029457e-20
0.09862927131463088,0.08887917081671999,0.09991384661872975,0.09138426343234544,0.11420512199401855,0.009098529028891668,0.009098074125724054,0.06349349021911621,9.385372397011903e-20
0.0986285015349618,0.08887896679571732,0.09991384558082737,0.09138532759763654,0.1194615364074707,0.009098074134945781,0.00909761925438346,0.0626227855682373,9.385643906355933e-20
0.09862773179073821,0.08887876285094883,0.09991384458406355,0.0913863917113908,0.11586260795593262,0.009097619263785016,0.00909716440631314,0.06277823448181152,9.385915455112492e-20
0.09862696208175599,0.08887855898209569,0.09991384362823154,0.09138745577331031,0.11852192878723145,0.009097164415408482,0.009096709580624918,0.06778478622436523,9.386186939832217e-20
0.09862619240781201,0.0888783551888407,0.09991384271312562,0.09138851978309877,0.11555910110473633,0.009096709589815498,0.00909625477820697,0.06423497200012207,9.386458482220243e-20
0.09862542276870419,0.0888781514708682,0.09991384183854113,0.09138958374046152,0.11944174766540527,0.009096254787003525,0.009095799997815845,0.062395572662353516,9.386730016935665e-20
0.09862465316423143,0.0888779478278641,0.09991384100427442,0.09139064764510535,0.11704492568969727,0.009095800006972828,0.009095345240694996,0.06251096725463867,9.387001548312696e-20
0.09862388359419363,0.08887774425951589,0.09991384021012287,0.09139171149673865,0.11631655693054199,0.00909534524972187,0.00909489050613388,0.0661013126373291,9.387273060297725e-20
0.09862311405839179,0.08887754076551263,0.09991383945588485,0.09139277529507138,0.11826276779174805,0.009094890515249959,0.009094435793954858,0.06624984741210938,9.387544601300796e-20
0.09862234455662783,0.08887733734554489,0.09991383874135974,0.09139383903981499,0.11822390556335449,0.009094435803555989,0.009093981105401383,0.06244325637817383,9.38781614442969e-20
0.09862157508870463,0.08887713399930479,0.09991383806634793,0.09139490273068249,0.12562799453735352,0.009093981114638033,0.00909352643940764,0.06344985961914062,9.388087640892149e-20
0.09862080565442614,0.08887693072648599,0.09991383743065084,0.09139596636738838,0.1178896427154541,0.009093526448495329,0.009093071796151264,0.06821775436401367,9.388359201122671e-20
0.09862003625359733,0.08887672752678367,0.09991383683407083,0.09139702994964864,0.11522579193115234,0.009093071805126128,0.009092617175276985,0.0626685619354248,9.388630696084021e-20
0.09861926688602406,0.08887652439989455,0.09991383627641127,0.09139809347718089,0.12132763862609863,0.009092617184530999,0.00909216257767298,0.06248593330383301,9.388902237719299e-20
0.0986184975515132,0.08887632134551683,0.09991383575747653,0.09139915694970414,0.11432409286499023,0.009092162586707064,0.009091708002628707,0.06322669982910156,9.389173786913157e-20
0.09861772824987261,0.08887611836335023,0.09991383527707193,0.09140022036693887,0.12064719200134277,0.009091708011653578,0.00909125344996653,0.06825780868530273,9.389445324041594e-20
0.09861695898091113,0.08887591545309594,0.09991383483500378,0.09140128372860713,0.1127171516418457,0.00909125345937081,0.009090798921107535,0.06300568580627441,9.389716830171894e-20
0.09861618974443856,0.08887571261445666,0.09991383443107936,0.09140234703443244,0.12047982215881348,0.009090798929855518,0.009090344413564821,0.06220293045043945,9.389988365315733e-20
0.09861542054026559,0.08887550984713656,0.0999138340651069,0.09140341028413972,0.11452531814575195,0.00909034442310935,0.00908988992982529,0.06298446655273438,9.390259887076035e-20
0.09861465136820403,0.08887530715084127,0.09991383373689558,0.09140447347745542,0.11909842491149902,0.009089889939128425,0.009089435469000762,0.06732964515686035,9.390531426417924e-20
0.09861388222806647,0.08887510452527789,0.09991383344625558,0.09140553661410745,0.1128072738647461,0.009089435477911965,0.009088981030380694,0.06241202354431152,9.390802941028233e-20
0.09861311311966649,0.088874901970155,0.09991383319299799,0.0914065996938251,0.11995363235473633,0.009088981039459165,0.009088526614497994,0.06215238571166992,9.391074488906877e-20
0.09861234404281861,0.08887469948518262,0.09991383297693483,0.09140766271633917,0.11504864692687988,0.009088526623770249,0.009088072221707932,0.06294679641723633,9.391346003096964e-20
0.09861157499733834,0.08887449707007215,0.09991383279787912,0.09140872568138181,0.11802935600280762,0.009088072230843123,0.009087617851655239,0.06682944297790527,9.391617512307332e-20
0.09861080598304212,0.08887429472453656,0.09991383265564477,0.09140978858868665,0.11911916732788086,0.009087617860676958,0.009087163504162277,0.06209969520568848,9.391889016006521e-20
0.09861003699974721,0.08887409244829012,0.09991383255004663,0.09141085143798874,0.11467647552490234,0.009087163513269277,0.009086709179584318,0.06417655944824219,9.39216061889994e-20
0.09860926804727188,0.08887389024104858,0.09991383248090047,0.09141191422902452,0.1153113842010498,0.009086709188620644,0.009086254877566091,0.06451654434204102,9.392432097452409e-20
0.09860849912543526,0.0888736881025291,0.099913832448023,0.09141297696153174,0.12128400802612305,0.00908625488672925,0.009085800598107596,0.06735825538635254,9.392703641790647e-20
0.0986077302340574,0.08887348603245024,0.09991383245123182,0.09141403963524976,0.12644529342651367,0.009085800607593706,0.009085346342274647,0.06667590141296387,9.392975161220239e-20
0.0986069613729593,0.08887328403053195,0.09991383249034547,0.09141510224991926,0.12392640113830566,0.009085346351212109,0.009084892108468523,0.06659936904907227,9.393246695448331e-20
0.09860619254196284,0.0888730820964956,0.09991383256518337,0.09141616480528224,0.12442278861999512,0.009084892117585402,0.00908443789722213,0.06826472282409668,9.393518220141503e-20
0.09860542374089078,0.08887288023006391,0.09991383267556586,0.09141722730108208,0.12817811965942383,0.009084437906712437,0.009083983709601284,0.06769466400146484,9.393789710679991e-20
0.09860465496956684,0.08887267843096103,0.09991383282131416,0.09141828973706358,0.12754201889038086,0.009083983718588741,0.009083529544184898,0.06903815269470215,9.394061281776034e-20
0.09860388622781559,0.0888724766989124,0.09991383300225043,0.09141935211297285,0.12740278244018555,0.009083529553216185,0.00908307540150588,0.06706905364990234,9.394332758388776e-20
0.09860311751546247,0.08887227503364492,0.09991383321819766,0.0914204144285574,0.1258707046508789,0.009083075410593616,0.00908262128156423,0.06708550453186035,9.394604291725723e-20
0.09860234883233383,0.08887207343488679,0.09991383346897975,0.09142147668356608,0.12652158737182617,0.00908262129071894,0.009082167184359946,0.06946921348571777,9.394875868543576e-20
0.09860158017825686,0.08887187190236757,0.0999138337544215,0.09142253887774904,0.1279277801513672,0.009082167193592049,0.009081713110248302,0.06769323348999023,9.395147348248786e-20
0.09860081155305965,0.08887167043581817,0.09991383407434856,0.09142360101085786,0.12531089782714844,0.009081713119210124,0.009081259058518754,0.06554722785949707,9.395418891931193e-20
0.09860004295657113,0.08887146903497084,0.09991383442858746,0.0914246630826454,0.12705659866333008,0.009081259067573365,0.009080805029348937,0.06905364990234375,9.395690376282525e-20
0.09859927438862105,0.08887126769955916,0.0999138348169656,0.09142572509286577,0.12737774848937988,0.009080805038680346,0.009080351023449396,0.06865549087524414,9.395961867403637e-20
0.0985985058490401,0.08887106642931805,0.09991383523931123,0.09142678704127452,0.12625837326049805,0.00908035103252957,0.00907989703993195,0.06768655776977539,9.396233381131176e-20
0.09859773733765981,0.0888708652239837,0.09991383569545348,0.09142784892762845,0.12962794303894043,0.009079897049120572,0.009079443079507143,0.07253670692443848,9.396504908813177e-20
0.09859696885431252,0.08887066408329367,0.09991383618522233,0.09142891075168562,0.12526917457580566,0.009079443088451206,0.009078989141464433,0.06641530990600586,9.396776400131986e-20
0.09859620039883149,0.08887046300698678,0.0999138367084486,0.09142997251320537,0.1256389617919922,0.009078989150521721,0.009078535226514362,0.06650280952453613,9.39704793663185e-20
0.09859543197105074,0.08887026199480319,0.09991383726496396,0.09143103421194834,0.1253337860107422,0.00907853523533027,0.009078081333591115,0.06599760055541992,9.397319442787439e-20
0.09859466357080514,0.08887006104648432,0.09991383785460091,0.09143209584767654,0.12740278244018555,0.00907808134287614,0.009077627464648685,0.0667572021484375,9.397590883755345e-20
0.09859389519793046,0.08886986016177287,0.09991383847719282,0.09143315742015319,0.1360769271850586,0.00907762747315578,0.009077173617200174,0.07512903213500977,9.397862459295395e-20
0.09859312685226332,0.08886965934041284,0.09991383913257386,0.09143421892914286,0.12674760818481445,0.009077173626171393,0.009076719792844301,0.0676720142364502,9.398133993431184e-20
0.09859235853364103,0.08886945858214952,0.09991383982057904,0.09143528037441129,0.1255478858947754,0.00907671980192059,0.009076265991403432,0.06852173805236816,9.398405452893811e-20
0.09859159024190174,0.08886925788672942,0.0999138405410442,0.0914363417557255,0.12594318389892578,0.00907626600040252,0.00907581221269993,0.06935310363769531,9.398676916948927e-20
0.09859082197688458,0.08886905725390035,0.09991384129380598,0.09143740307285375,0.126570463180542,0.00907581222161478,0.009075358456378524,0.06877326965332031,9.398948431348035e-20
0.09859005373842929,0.08886885668341132,0.09991384207870188,0.09143846432556561,0.127608060836792,0.00907535846555723,0.009074904723149757,0.06969618797302246,9.399219917764225e-20
0.09858928552637648,0.08886865617501268,0.09991384289557018,0.09143952551363176,0.13556623458862305,0.009074904732228684,0.009074451013013629,0.06724047660827637,9.399491463302708e-20
0.09858851734056767,0.08886845572845593,0.09991384374424996,0.09144058663682422,0.12328529357910156,0.009074451021627985,0.00907399732472669,0.06674313545227051,9.399762931575413e-20
0.09858774918084504,0.08886825534349387,0.09991384462458112,0.09144164769491625,0.1268138885498047,0.009073997333753817,0.009073543660065297,0.06792187690734863,9.400034399783365e-20
0.0985869810470516,0.08886805501988046,0.0999138455364044,0.09144270868768221,0.12441396713256836,0.009073543668606205,0.009073090016897822,0.06576395034790039,9.400305897894606e-20
0.09858621293903128,0.08886785475737094,0.09991384647956125,0.09144376961489784,0.12149953842163086,0.009073090026183188,0.009072636397533529,0.06510472297668457,9.400577373901301e-20
0.09858544485662867,0.08886765455572175,0.09991384745389399,0.09144483047633999,0.13397669792175293,0.009072636406483203,0.009072182800551332,0.0702660083770752,9.40084888400268e-20
0.09858467679968919,0.08886745441469053,0.09991384845924568,0.09144589127178673,0.12704110145568848,0.009072182809505119,0.009071729226306502,0.07024574279785156,9.401120341566356e-20
0.09858390876805903,0.08886725433403614,0.09991384949546019,0.09144695200101731,0.12411189079284668,0.009071729235248845,0.009071275674621404,0.0681304931640625,9.401391829911419e-20
0.09858314076158513,0.08886705431351863,0.09991385056238215,0.09144801266381218,0.1233816146850586,0.009071275683712257,0.009070822145673674,0.06701350212097168,9.401663302164624e-20
0.09858237278011524,0.08886685435289925,0.099913851659857,0.09144907325995297,0.1254901885986328,0.009070822154894485,0.009070368639640947,0.06777787208557129,9.401934773312012e-20
0.09858160482349783,0.08886665445194042,0.09991385278773092,0.09145013378922245,0.12792062759399414,0.009070368648794822,0.009069915156167951,0.07284927368164062,9.40220623733083e-20
0.09858083689158223,0.08886645461040574,0.09991385394585088,0.09145119425140469,0.12668299674987793,0.009069915165411814,0.009069461695787595,0.06836557388305664,9.402477766043008e-20
0.09858006898421844,0.08886625482806,0.0999138551340646,0.09145225464628476,0.12454962730407715,0.009069461704743546,0.009069008257789335,0.06798934936523438,9.402749203589508e-20
0.09857930110125719,0.08886605510466918,0.09991385635222058,0.09145331497364902,0.1240854263305664,0.009069008266789998,0.009068554842706078,0.06770467758178711,9.403020688809805e-20
0.09857853324255009,0.08886585544000038,0.09991385760016805,0.09145437523328487,0.12256956100463867,0.009068554851549303,0.009068101449649646,0.06656718254089355,9.403292135407488e-20
0.09857776540794942,0.08886565583382187,0.09991385887775703,0.09145543542498091,0.12142515182495117,0.009068101459021118,0.009067648079685853,0.0654597282409668,9.403563589943278e-20
0.09857699759730826,0.08886545628590309,0.09991386018483825,0.09145649554852692,0.1304006576538086,0.00906764808920516,0.009067194732992334,0.07140374183654785,9.403835038113474e-20
0.09857622981048036,0.08886525679601462,0.0999138615212632,0.0914575556037138,0.12109971046447754,0.009067194742097351,0.009066741408503276,0.06662487983703613,9.404106514627547e-20
0.09857546204732025,0.08886505736392815,0.09991386288688414,0.0914586155903335,0.1208639144897461,0.009066741417698221,0.00906628810657395,0.06418442726135254,9.404377969552078e-20
0.09857469430768319,0.08886485798941653,0.09991386428155405,0.09145967550817923,0.12533926963806152,0.009066288116007116,0.00906583482827017,0.0666496753692627,9.404649422108691e-20
0.09857392659142518,0.08886465867225375,0.09991386570512663,0.09146073535704526,0.12627792358398438,0.009065834837021957,0.009065381571460307,0.06878352165222168,9.404920843062874e-20
0.09857315889840289,0.0888644594122149,0.09991386715745632,0.09146179513672692,0.12000179290771484,0.009065381580743565,0.009064928338098355,0.0666499137878418,9.405192314090285e-20
0.09857239122847375,0.08886426020907616,0.0999138686383983,0.09146285484702073,0.12635016441345215,0.009064928347168301,0.009064475127296134,0.06607747077941895,9.405463774316654e-20
0.0985716235814959,0.0888640610626149,0.09991387014780845,0.09146391448772424,0.12236690521240234,0.009064475136295765,0.009064021939231282,0.06628775596618652,9.405735188054373e-20
0.09857085595732831,0.08886386197260951,0.0999138716855434,0.09146497405863621,0.1182856559753418,0.009064021948125438,0.009063568773548525,0.06363749504089355,9.406006625561958e-20
0.09857008835583049,0.08886366293883954,0.09991387325146049,0.09146603355955644,0.12404370307922363,0.009063568782655268,0.009063115631491314,0.06623148918151855,9.406278061541805e-20
0.09856932077686269,0.08886346396108563,0.09991387484541776,0.09146709299028577,0.12037396430969238,0.009063115639883348,0.009062662510395114,0.06624841690063477,9.406549521027345e-20
0.09856855322028603,0.0888632650391295,0.09991387646727398,0.09146815235062615,0.12069582939147949,0.00906266251981237,0.009062209413102096,0.06359195709228516,9.406820935799751e-20
0.09856778568596215,0.08886306617275394,0.0999138781168886,0.09146921164038059,0.12743306159973145,0.009062209422438836,0.009061756338901716,0.06757259368896484,9.407092345714477e-20
0.09856701817375343,0.08886286736174283,0.09991387979412178,0.09147027085935322,0.11998295783996582,0.00906175634776017,0.009061303286728162,0.0642240047454834,9.40736378440908e-20
0.09856625068352297,0.08886266860588111,0.0999138814988344,0.09147133000734921,0.12545180320739746,0.009061303295777949,0.00906085025746961,0.0663912296295166,9.407635173581893e-20
0.09856548321513453,0.08886246990495482,0.09991388323088801,0.09147238908417474,0.12843060493469238,0.00906085026648876,0.00906039725077079,0.06839251518249512,9.407906644958843e-20
0.09856471576845263,0.08886227125875104,0.09991388499014488,0.09147344808963713,0.12128448486328125,0.009060397259893459,0.009059944266986975,0.06600117683410645,9.408178022086095e-20
0.09856394834334248,0.08886207266705791,0.09991388677646793,0.09147450702354468,0.12222576141357422,0.009059944275989561,0.00905949130576289,0.06453514099121094,9.408449401775765e-20
0.09856318093966988,0.0888618741296646,0.09991388858972078,0.09147556588570675,0.12933707237243652,0.009059491314775958,0.009059038366743266,0.06993651390075684,9.408720834868984e-20
0.09856241355730136,0.0888616756463614,0.09991389042976777,0.09147662467593375,0.1217186450958252,0.009059038376251874,0.009058585451349188,0.06523966789245605,9.408992271199107e-20
0.09856164619610415,0.08886147721693953,0.09991389229647386,0.09147768339403711,0.1236581802368164,0.009058585460416426,0.009058132558337206,0.06503748893737793,9.409263642381985e-20
0.09856087885594612,0.08886127884119134,0.09991389418970471,0.09147874203982932,0.12717461585998535,0.009058132567267225,0.009057679688062592,0.06914281845092773,9.409535051046557e-20
0.0985601115366958,0.08886108051891019,0.09991389610932667,0.09147980061312384,0.12266802787780762,0.00905767969680279,0.009057226839459531,0.06816720962524414,9.409806424265512e-20
0.09855934423822237,0.08886088224989043,0.09991389805520674,0.09148085911373521,0.12171530723571777,0.009057226849025714,0.009056774015192559,0.06435561180114746,9.410077836938207e-20
0.09855857696039566,0.08886068403392744,0.0999139000272126,0.0914819175414789,0.12816238403320312,0.009056774023931376,0.00905632121259714,0.06938290596008301,9.410349212120156e-20
0.09855780970308627,0.08886048587081766,0.09991390202521254,0.09148297589617148,0.12099170684814453,0.00905632122152008,0.009055868432561454,0.06616878509521484,9.410620609674262e-20
0.09855704246616534,0.0888602877603585,0.09991390404907559,0.09148403417763046,0.1248781681060791,0.009055868441791088,0.009055415676151313,0.06617879867553711,9.410891975646792e-20
0.09855627524950471,0.08886008970234838,0.09991390609867136,0.09148509238567434,0.12908124923706055,0.009055415684741093,0.009054962941767997,0.06841635704040527,9.411163374145016e-20
0.09855550805297689,0.08885989169658674,0.09991390817387016,0.09148615052012268,0.11933684349060059,0.00905496295037045,0.009054510229766777,0.06462526321411133,9.411434742884813e-20
0.09855474087645501,0.088859693742874,0.09991391027454294,0.09148720858079595,0.1223604679107666,0.009054510238678669,0.009054057540858196,0.06479215621948242,9.411706100714246e-20
0.09855397371981282,0.08885949584101155,0.09991391240056127,0.0914882665675157,0.12772059440612793,0.009054057549663291,0.00905360487397644,0.06768512725830078,9.411977483060859e-20
0.09855320658292474,0.0888592979908018,0.09991391455179739,0.09148932448010441,0.12165069580078125,0.009053604883324205,0.009053152230364958,0.06504607200622559,9.412248850887407e-20
0.0985524394656658,0.08885910019204817,0.09991391672812418,0.09149038231838548,0.12558531761169434,0.009053152239659587,0.009052699609846115,0.0690462589263916,9.412520214798589e-20
0.09855167236791161,0.08885890244455495,0.09991391892941512,0.09149144008218334,0.11908221244812012,0.009052699618667595,0.009052247010998826,0.06478261947631836,9.412791550320154e-20
0.09855090528953848,0.08885870474812751,0.09991392115554436,0.09149249777132334,0.12367677688598633,0.009052247020349872,0.009051794435421812,0.06491756439208984,9.413062925134779e-20
0.09855013823042337,0.08885850710257216,0.09991392340638666,0.09149355538563193,0.12652850151062012,0.009051794444703205,0.009051341882404529,0.06791019439697266,9.413334236960205e-20
0.09854937119044385,0.08885830950769613,0.09991392568181744,0.09149461292493635,0.12710070610046387,0.009051341891727755,0.009050889352479885,0.07457637786865234,9.413605585197386e-20
0.09854860416947818,0.08885811196330762,0.09991392798171267,0.09149567038906482,0.125654935836792,0.009050889361421111,0.009050436845114973,0.06940722465515137,9.413876944420654e-20
0.0985478371674051,0.08885791446921582,0.09991393030594901,0.09149672777784647,0.11616230010986328,0.00905043685378045,0.009049984359954522,0.06404542922973633,9.414148240753398e-20
0.09854707018410397,0.0888577170252308,0.09991393265440371,0.09149778509111142,0.12597036361694336,0.009049984368807685,0.009049531897886709,0.06687569618225098,9.414419605728116e-20
0.09854630321945484,0.08885751963116366,0.09991393502695463,0.09149884232869082,0.12112593650817871,0.009049531906500952,0.00904907945749045,0.0649709701538086,9.414690928308749e-20
0.0985455362733383,0.08885732228682636,0.09991393742348026,0.09149989949041655,0.12161922454833984,0.009049079466859905,0.009048627040897372,0.06489133834838867,9.414962231033933e-20
0.09854476934563551,0.08885712499203181,0.09991393984385968,0.09150095657612153,0.1255500316619873,0.00904862704988102,0.009048174646508755,0.06789875030517578,9.415233589805777e-20
0.09854400243622834,0.0888569277465939,0.09991394228797258,0.0915020135856396,0.1255648136138916,0.009048174655563785,0.009047722275212777,0.06539011001586914,9.415504886187357e-20
0.09854323554499926,0.08885673055032738,0.09991394475569926,0.09150307051880549,0.12791919708251953,0.009047722283907817,0.009047269925765988,0.06770491600036621,9.415776232563081e-20
0.09854246867183128,0.08885653340304794,0.09991394724692058,0.09150412737545481,0.11896610260009766,0.00904726993491261,0.009046817599234203,0.06420183181762695,9.416047501499641e-20
0.098541701816608,0.0888563363045722,0.09991394976151804,0.09150518415542418,0.12650370597839355,0.009046817608578037,0.00904636529561742,0.06936836242675781,9.416318802540157e-20
0.09854093497921368,0.08885613925471765,0.09991395229937373,0.091506240858551,0.11777925491333008,0.00904636530489966,0.00904591301456037,0.0659494400024414,9.416590119122418e-20
0.09854016815953308,0.08885594225330272,0.0999139548603703,0.09150729748467368,0.12641024589538574,0.009045913023878619,0.009045460756418322,0.06913542747497559,9.416861416533164e-20
0.09853940135745165,0.08885574530014673,0.09991395744439102,0.09150835403363146,0.12629127502441406,0.009045460765512147,0.009045008521191278,0.07279825210571289,9.417132676017047e-20
0.09853863457285525,0.08885554839506989,0.09991396005131971,0.09150941050526445,0.1276717185974121,0.009045008529799383,0.009044556307813423,0.06838297843933105,9.417404002403066e-20
0.09853786780563045,0.08885535153789333,0.09991396268104079,0.09151046689941371,0.11839127540588379,0.009044556316740678,0.009044104117705842,0.06570982933044434,9.417675234772538e-20
0.09853710105566434,0.08885515472843905,0.09991396533343927,0.09151152321592113,0.12689900398254395,0.009044104126333132,0.009043651950157994,0.0690455436706543,9.417946523252982e-20
0.0985363343228446,0.08885495796652991,0.09991396800840072,0.09151257945462944,0.11778521537780762,0.009043651958577268,0.009043199804459334,0.06430363655090332,9.418217814431042e-20
0.09853556760705955,0.08885476125198968,0.09991397070581128,0.09151363561538234,0.12559771537780762,0.009043199813471368,0.00904274768203095,0.06673693656921387,9.418489114846716e-20
0.0985348009081979,0.08885456458464301,0.09991397342555765,0.09151469169802433,0.11892914772033691,0.009042747691013646,0.00904229558198466,0.06442666053771973,9.418760356199683e-20
0.09853403422614906,0.0888543679643154,0.09991397616752712,0.09151574770240073,0.12723946571350098,0.009042295591203908,0.00904184350503101,0.06723237037658691,9.419031618257588e-20
0.09853326756080295,0.08885417139083317,0.09991397893160754,0.0915168036283579,0.12487339973449707,0.009041843514041383,0.009041391450637093,0.0667417049407959,9.419302856277204e-20
0.09853250091205007,0.08885397486402356,0.0999139817176873,0.0915178594757429,0.12344527244567871,0.009041391459523221,0.009040939418625271,0.06532168388366699,9.419574134076064e-20
0.09853173427978149,0.0888537783837147,0.09991398452565536,0.09151891524440368,0.12158441543579102,0.009040939427650971,0.009040487409350817,0.06688928604125977,9.419845380044439e-20
0.09853096766388882,0.08885358194973549,0.09991398735540126,0.09151997093418907,0.12296795845031738,0.009040487418420604,0.009040035423169002,0.06571149826049805,9.420116639625676e-20
0.09853020106426418,0.08885338556191573,0.09991399020681503,0.09152102654494869,0.12185502052307129,0.009040035431832811,0.009039583458836375,0.06551837921142578,9.420387866180502e-20
0.09852943448080032,0.08885318922008605,0.09991399307978732,0.09152208207653295,0.12160372734069824,0.009039583467885968,0.009039131517596388,0.06463217735290527,9.420659082356436e-20
0.09852866791339043,0.0888529929240779,0.09991399597420929,0.09152313752879314,0.12881779670715332,0.00903913152657883,0.009038679598560861,0.0710599422454834,9.420930342197966e-20
0.09852790136192832,0.0888527966737236,0.09991399888997263,0.09152419290158144,0.11658358573913574,0.00903867960791104,0.009038227702617974,0.0637514591217041,9.421201562097754e-20
0.09852713482630827,0.08885260046885626,0.09991400182696962,0.09152524819475075,0.125352144241333,0.0090382277118801,0.009037775829590089,0.06636929512023926,9.421472786970483e-20
0.09852636830642522,0.08885240430930988,0.09991400478509303,0.0915263034081548,0.11986279487609863,0.009037775838484743,0.0090373239789443,0.06660032272338867,9.421743987079724e-20
0.09852560180217454,0.08885220819491921,0.0999140077642362,0.09152735854164823,0.12037134170532227,0.009037323987724636,0.009036872151213515,0.06409382820129395,9.422015181077673e-20
0.09852483531345213,0.08885201212551987,0.09991401076429299,0.09152841359508643,0.12844634056091309,0.009036872159597602,0.009036420345154283,0.06893754005432129,9.422286386873517e-20
0.09852406884015451,0.08885181610094826,0.09991401378515778,0.09152946856832558,0.11498641967773438,0.009036420354104608,0.009035968562010055,0.06345486640930176,9.42255760204128e-20
0.09852330238217857,0.08885162012104166,0.0999140168267255,0.09153052346122272,0.12662768363952637,0.009035968571244099,0.009035516801958465,0.06891417503356934,9.422828768083968e-20
0.09852253593942187,0.08885142418563806,0.09991401988889159,0.09153157827363562,0.12630605697631836,0.009035516811013966,0.009035065064288972,0.06737756729125977,9.423099995756687e-20
0.09852176951178239,0.08885122829457631,0.09991402297155201,0.09153263300542287,0.11745047569274902,0.009035065073414103,0.009034613349356846,0.06402206420898438,9.423371137752603e-20
0.0985210030991587,0.08885103244769606,0.09991402607460324,0.09153368765644389,0.12854504585266113,0.009034613358441636,0.009034161656806816,0.06936120986938477,9.423642382835439e-20
0.09852023670144987,0.08885083664483773,0.0999140291979423,0.0915347422265588,0.11721444129943848,0.009034161666097542,0.009033709987527061,0.06516838073730469,9.42391349798493e-20
0.09851947031855547,0.08885064088584253,0.09991403234146672,0.09153579671562861,0.12581396102905273,0.009033709996378538,0.00903325834027413,0.06694841384887695,9.424184690056099e-20
0.09851870395037554,0.08885044517055249,0.0999140355050745,0.09153685112351502,0.11731505393981934,0.009033258349285003,0.009032806715936204,0.06515979766845703,9.424455865678434e-20
0.09851793759681074,0.08885024949881039,0.09991403868866419,0.09153790545008056,0.12735795974731445,0.00903280672481501,0.009032355114158008,0.07261800765991211,9.424726978804755e-20
0.09851717125776213,0.0888500538704598,0.09991404189213486,0.09153895969518852,0.12753725051879883,0.0090323551229678,0.009031903534406638,0.06793475151062012,9.424998196440915e-20
0.09851640493313127,0.08884985828534507,0.09991404511538604,0.09154001385870297,0.11847901344299316,0.009031903543741983,0.009031451978103178,0.06627821922302246,9.425269336914401e-20
0.09851563862282027,0.08884966274331133,0.0999140483583178,0.09154106794048876,0.11891698837280273,0.009031451987136641,0.009031000444181814,0.06481766700744629,9.425540468291174e-20
0.09851487232673173,0.08884946724420442,0.09991405162083068,0.09154212194041142,0.11886167526245117,0.009031000453150423,0.009030548932642546,0.06397724151611328,9.425811616597088e-20
0.09851410604476868,0.08884927178787104,0.09991405490282576,0.09154317585833734,0.12591290473937988,0.0090305489417835,0.009030097444018281,0.0668327808380127,9.426082734077515e-20
0.09851333977683471,0.08884907637415856,0.09991405820420457,0.09154422969413353,0.1210627555847168,0.009030097453033355,0.009029645977598477,0.0689995288848877,9.426353880574047e-20
0.09851257352283392,0.08884888100291516,0.09991406152486916,0.09154528344766795,0.11541461944580078,0.009029645986899629,0.009029194534448948,0.06468439102172852,9.426624978997544e-20
0.0985118072826708,0.08884868567398975,0.09991406486472204,0.09154633711880913,0.1145014762878418,0.009029194543379748,0.009028743113681514,0.06378006935119629,9.426896113602234e-20
0.0985110410562504,0.088848490387232,0.09991406822366623,0.09154739070742643,0.11498546600341797,0.009028743122473943,0.009028291714585635,0.06286406517028809,9.427167227419395e-20
0.09851027484347824,0.0888482951424923,0.09991407160160526,0.0915484442133899,0.12790298461914062,0.00902829172418246,0.0090278403391153,0.06309223175048828,9.42743832269061e-20
0.09850950864426032,0.08884809993962181,0.09991407499844308,0.09154949763657033,0.12228560447692871,0.009027840348501487,0.009027388986737606,0.06440281867980957,9.427709377298395e-20
0.09850874245850318,0.08884790477847242,0.09991407841408417,0.09155055097683924,0.12755799293518066,0.009027388995428806,0.0090269376562091,0.06684064865112305,9.427980521638189e-20
0.09850797628611369,0.08884770965889674,0.09991408184843349,0.0915516042340689,0.1206822395324707,0.009026937664965717,0.009026486347707419,0.06898808479309082,9.428251578202011e-20
0.09850721012699933,0.08884751458074813,0.09991408530139644,0.09155265740813226,0.11558699607849121,0.009026486357112127,0.009026035063186555,0.06588602066040039,9.428522728599888e-20
0.098506443981068,0.08884731954388064,0.0999140887728789,0.09155371049890305,0.11425042152404785,0.009026035071864412,0.009025583800159609,0.06310844421386719,9.428793772109804e-20
0.09850567784822808,0.08884712454814908,0.09991409226278725,0.09155476350625563,0.11666035652160645,0.009025583809223605,0.009025132559514759,0.06288814544677734,9.429064845230277e-20
0.09850491172838832,0.08884692959340897,0.0999140957710283,0.09155581643006515,0.12056708335876465,0.009025132569188236,0.009024681342850727,0.06379175186157227,9.429335924520066e-20
0.0985041456214581,0.08884673467951654,0.09991409929750937,0.09155686927020745,0.12993669509887695,0.009024681351755048,0.009024230147858248,0.0723872184753418,9.429607002018994e-20
0.09850337952734713,0.08884653980632871,0.0999141028421382,0.0915579220265591,0.12221741676330566,0.009024230156925026,0.009023778975603136,0.06427454948425293,9.429878027217794e-20
0.09850261344596557,0.08884634497370318,0.09991410640482301,0.09155897469899726,0.1265549659729004,0.009023778984695604,0.009023327825552485,0.06682133674621582,9.430149088997356e-20
0.09850184737722416,0.08884615018149827,0.0999141099854725,0.09156002728739986,0.12194347381591797,0.009023327835067782,0.009022876699482651,0.06783819198608398,9.430420174309095e-20
0.098501081321034,0.08884595542957305,0.09991411358399578,0.09156107979164559,0.11973452568054199,0.009022876708036635,0.0090224255947291,0.06920838356018066,9.43069119126238e-20
0.09850031527730668,0.08884576071778726,0.09991411720030245,0.09156213221161377,0.11722159385681152,0.009022425603605107,0.009021974513068187,0.06711959838867188,9.430962234662422e-20
0.09849954924595432,0.08884556604600134,0.09991412083430255,0.09156318454718437,0.11641383171081543,0.009021974521769002,0.009021523453256464,0.06655764579772949,9.431233239628072e-20
0.09849878322688928,0.08884537141407646,0.09991412448590659,0.09156423679823808,0.11454916000366211,0.009021523462530356,0.009021072416715015,0.06397032737731934,9.431504263140325e-20
0.0984980172200245,0.08884517682187441,0.09991412815502548,0.09156528896465625,0.11743450164794922,0.009021072425885896,0.009020621402910933,0.06468462944030762,9.431775301791643e-20
0.09849725122527335,0.08884498226925772,0.09991413184157061,0.09156634104632097,0.1211557388305664,0.009020621411833485,0.009020170411311312,0.06304216384887695,9.432046290433453e-20
0.09849648524254966,0.08884478775608957,0.09991413554545381,0.09156739304311495,0.12570786476135254,0.009020170420373692,0.009019719441916152,0.06303906440734863,9.432317304650774e-20
0.09849571927176771,0.08884459328223383,0.09991413926658736,0.0915684449549216,0.11683845520019531,0.009019719451505155,0.009019268496324173,0.06261491775512695,9.432588338150408e-20
0.09849495331284207,0.08884439884755505,0.09991414300488395,0.09156949678162499,0.12109065055847168,0.00901926850522622,0.009018817572403748,0.06337761878967285,9.432859338080748e-20
0.09849418736568784,0.08884420445191842,0.09991414676025674,0.09157054852310977,0.12448644638061523,0.009018817581537282,0.009018366671398326,0.06425642967224121,9.433130337557226e-20
0.09849342143022059,0.08884401009518982,0.0999141505326193,0.0915716001792613,0.12331438064575195,0.009018366680435062,0.009017915792775,0.06708598136901855,9.43340127598036e-20
0.09849265550635632,0.08884381577723578,0.09991415432188563,0.09157265174996568,0.12104153633117676,0.009017915801920151,0.009017464936711406,0.06943035125732422,9.43367227233031e-20
0.09849188959401145,0.08884362149792352,0.09991415812797019,0.09157370323510956,0.11735129356384277,0.009017464945990428,0.009017014103562815,0.06717085838317871,9.433943214510057e-20
0.09849112369310282,0.08884342725712087,0.09991416195078785,0.09157475463458031,0.1169123649597168,0.009017014112644408,0.009016563293329227,0.06631326675415039,9.434214159905851e-20
0.09849035780354766,0.08884323305469637,0.09991416579025389,0.09157580594826596,0.11611819267272949,0.009016563301880965,0.009016112504767193,0.06469154357910156,9.434485162188575e-20
0.09848959192526363,0.08884303889051916,0.09991416964628402,0.09157685717605513,0.12389779090881348,0.009016112513700355,0.009015661738942526,0.06903719902038574,9.434756134884483e-20
0.0984888260581688,0.08884284476445907,0.09991417351879439,0.09157790831783706,0.11667370796203613,0.009015661748100723,0.009015210996032863,0.06705975532531738,9.435027048455797e-20
0.09848806020218163,0.08884265067638654,0.09991417740770156,0.09157895937350174,0.11623716354370117,0.009015211005080669,0.009014760275682931,0.06528234481811523,9.435297977898785e-20
0.09848729435722114,0.08884245662617264,0.0999141813129225,0.09158001034293964,0.11540579795837402,0.00901476028463964,0.009014309577715096,0.06464862823486328,9.435568930131388e-20
0.09848652852320658,0.08884226261368913,0.09991418523437459,0.09158106122604197,0.11464500427246094,0.009014309586776905,0.0090138589028399,0.06412839889526367,9.4358398939593e-20
0.09848576270005772,0.08884206863880836,0.09991418917197564,0.09158211202270054,0.11372256278991699,0.009013858911489932,0.009013408250169164,0.06345200538635254,9.436110809647735e-20
0.09848499688769473,0.08884187470140333,0.09991419312564388,0.09158316273280773,0.1163167953491211,0.00901340825877699,0.00901295762005816,0.06383180618286133,9.436381691744594e-20
0.09848423108603813,0.08884168080134766,0.09991419709529793,0.09158421335625666,0.11738920211791992,0.009012957628639951,0.009012507012506887,0.06379365921020508,9.436652654307616e-20
0.09848346529500897,0.08884148693851561,0.0999142010808568,0.09158526389294101,0.11702299118041992,0.009012507021074975,0.009012056426804804,0.06269240379333496,9.436923495389134e-20
0.09848269951452861,0.08884129311278204,0.09991420508223996,0.091586314342755,0.11507773399353027,0.009012056436083403,0.009011605864728267,0.0625460147857666,9.437194408861598e-20
0.09848193374451882,0.08884109932402243,0.0999142090993672,0.09158736470559357,0.12579035758972168,0.009011605873661637,0.00901115532485619,0.06296110153198242,9.437465281468739e-20
0.09848116798490175,0.08884090557211288,0.0999142131321588,0.09158841498135223,0.1147007942199707,0.009011155333809551,0.009010704807543846,0.062491655349731445,9.437736217954812e-20
0.09848040223559992,0.08884071185693013,0.09991421718053538,0.09158946516992711,0.11509084701538086,0.00901070481652608,0.009010254312613597,0.06258177757263184,9.438007080714037e-20
0.09847963649653636,0.08884051817835148,0.09991422124441797,0.09159051527121495,0.11393141746520996,0.009010254321811339,0.009009803840953623,0.0627443790435791,9.438277922190268e-20
0.09847887076763442,0.08884032453625487,0.09991422532372801,0.09159156528511302,0.11353659629821777,0.00900980384966227,0.009009353390787567,0.06218361854553223,9.438548799125866e-20
0.09847810504881782,0.08884013093051883,0.09991422941838732,0.09159261521151921,0.11395025253295898,0.009009353400078746,0.009008902963536514,0.06232953071594238,9.438819674038666e-20
0.09847733934001074,0.08883993736102251,0.0999142335283181,0.09159366505033198,0.11395025253295898,0.009008902973059653,0.009008452559911007,0.062329769134521484,9.439090492193633e-20
0.09847657364113771,0.08883974382764562,0.09991423765344298,0.09159471480145048,0.11359643936157227,0.0090084525686021,0.009008002177601782,0.06313157081604004,9.439361358127762e-20
0.09847580795212367,0.0888395503302685,0.09991424179368492,0.09159576446477441,0.11384844779968262,0.009008002186706688,0.009007551818740467,0.0634307861328125,9.439632202817494e-20
0.09847504227289387,0.08883935686877205,0.0999142459489673,0.09159681404020403,0.11511611938476562,0.009007551827370952,0.009007101481728341,0.06379365921020508,9.439903027336339e-20
0.09847427660337402,0.08883916344303779,0.09991425011921388,0.09159786352764027,0.12398338317871094,0.009007101490594794,0.009006651167631219,0.06898355484008789,9.440173868519028e-20
0.09847351094349013,0.0888389700529478,0.0999142543043488,0.09159891292698444,0.11704015731811523,0.009006651176376997,0.009006200875916193,0.06795668601989746,9.440444677730596e-20
0.09847274529316866,0.08883877669838476,0.0999142585042966,0.09159996223813857,0.11775636672973633,0.009006200884717534,0.009005750606405627,0.06818914413452148,9.440715498484663e-20
0.09847197965233637,0.08883858337923192,0.09991426271898213,0.09160101146100523,0.11832809448242188,0.009005750615614582,0.0090053003599877,0.06822991371154785,9.440986370340224e-20
0.09847121402092043,0.0888383900953731,0.0999142669483307,0.09160206059548757,0.11815500259399414,0.009005300369065977,0.00900485013595187,0.06842803955078125,9.441257121098522e-20
0.09847044839884841,0.08883819684669272,0.09991427119226792,0.09160310964148938,0.11755585670471191,0.009004850145071953,0.0090043999341205,0.06862330436706543,9.4415279137435e-20
0.09846968278604823,0.08883800363307574,0.09991427545071983,0.09160415859891491,0.1174919605255127,0.009004399943631098,0.00900394975573704,0.06856179237365723,9.441798728437817e-20
0.0984689171824482,0.08883781045440771,0.09991427972361282,0.09160520746766893,0.11820030212402344,0.00900394976474081,0.009003499599735676,0.0688626766204834,9.442069482833466e-20
0.0984681515879769,0.08883761731057473,0.09991428401087363,0.09160625624765692,0.11865043640136719,0.009003499608401038,0.009003049465583501,0.06911540031433105,9.44234028243742e-20
0.09846738600256341,0.08883742420146347,0.09991428831242938,0.09160730493878484,0.11841487884521484,0.009003049474611002,0.009002599354701601,0.06952333450317383,9.442611030816481e-20
0.0984666204261371,0.08883723112696117,0.09991429262820754,0.09160835354095916,0.11660599708557129,0.00900259936336759,0.009002149265846526,0.0663609504699707,9.442881834141721e-20
0.09846585485862769,0.0888370380869556,0.09991429695813599,0.09160940205408688,0.12391376495361328,0.00900214927467229,0.009001699199551183,0.06478142738342285,9.443152556264542e-20
0.09846508929996534,0.08883684508133512,0.09991430130214292,0.09161045047807566,0.12167739868164062,0.009001699208523674,0.009001249156170843,0.06602835655212402,9.443423302871082e-20
0.09846432375008046,0.08883665210998858,0.09991430566015691,0.0916114988128337,0.12178158760070801,0.009001249164918899,0.009000799135350235,0.06694221496582031,9.443694039203671e-20
0.09846355820890387,0.08883645917280544,0.09991431003210688,0.09161254705826967,0.12040305137634277,0.009000799143857824,0.009000349136378816,0.06593751907348633,9.443964801142564e-20
0.09846279267636676,0.0888362662696757,0.0999143144179221,0.09161359521429281,0.12209749221801758,0.0090003491453398,0.008999899160500036,0.06624341011047363,9.444235520314464e-20
0.0984620271524006,0.08883607340048987,0.09991431881753221,0.09161464328081288,0.12160205841064453,0.008999899169362263,0.008999449207003352,0.06666922569274902,9.444506247968313e-20
0.09846126163693729,0.08883588056513904,0.0999143232308672,0.09161569125774018,0.12076449394226074,0.008999449215925052,0.008998999275533492,0.06702828407287598,9.444776970723679e-20
0.09846049612990906,0.08883568776351479,0.09991432765785739,0.09161673914498555,0.12064170837402344,0.008998999285028206,0.00899854936768918,0.06684637069702148,9.445047638879297e-20
0.09845973063124841,0.08883549499550927,0.09991433209843348,0.0916177869424604,0.12134051322937012,0.008998549376669746,0.008998099482049327,0.06663870811462402,9.445318378691971e-20
0.09845896514088834,0.08883530226101514,0.09991433655252649,0.09161883465007659,0.12663626670837402,0.008998099490847192,0.008997649618613934,0.07223653793334961,9.445589076072399e-20
0.09845819965876206,0.08883510955992563,0.0999143410200678,0.09161988226774659,0.11993741989135742,0.00899764962756057,0.008997199778093545,0.06250739097595215,9.44585974516436e-20
0.09845743418480313,0.08883491689213444,0.09991434550098911,0.09162092979538333,0.11895179748535156,0.008997199786808007,0.008996749959955253,0.062355756759643555,9.446130415677192e-20
0.09845666871894551,0.08883472425753582,0.0999143499952225,0.09162197723290028,0.12198257446289062,0.008996749968589344,0.008996300163843785,0.06254196166992188,9.446401129783804e-20
0.0984559032611235,0.08883453165602455,0.09991435450270036,0.09162302458021136,0.11944246292114258,0.008996300172903838,0.008995850390824955,0.06393122673034668,9.446671775085249e-20
0.09845513781127169,0.08883433908749594,0.09991435902335544,0.09162407183723108,0.11692571640014648,0.008995850399750333,0.008995400640010587,0.06283760070800781,9.446942405728009e-20
0.09845437236932497,0.0888341465518458,0.0999143635571208,0.09162511900387445,0.11755084991455078,0.008995400649126375,0.008994950912111221,0.06340718269348145,9.447213093987673e-20
0.09845360693521865,0.08883395404897042,0.09991436810392985,0.09162616608005703,0.11768698692321777,0.008994950921030842,0.008994501206771588,0.0636911392211914,9.447483738412416e-20
0.09845284150888836,0.08883376157876667,0.09991437266371635,0.09162721306569481,0.11383390426635742,0.008994501215462577,0.008994051523281144,0.06305956840515137,9.447754357906847e-20
0.09845207609027001,0.08883356914113189,0.09991437723641433,0.09162825996070426,0.11440801620483398,0.008994051532422229,0.008993601862883338,0.06461381912231445,9.448025000811072e-20
0.0984513106792999,0.0888333767359639,0.09991438182195823,0.09162930676500239,0.11664509773254395,0.00899360187190822,0.008993152225578172,0.0663602352142334,9.448295654590427e-20
0.09845054527591456,0.08883318436316111,0.09991438642028277,0.09163035347850672,0.11725735664367676,0.00899315223391705,0.008992702609411651,0.06543469429016113,9.448566207534727e-20
0.09844977988005094,0.08883299202262233,0.099914391031323,0.09163140010113527,0.12043213844299316,0.008992702618450081,0.008992253016515406,0.06402111053466797,9.448836862704066e-20
0.09844901449164631,0.08883279971424693,0.09991439565501432,0.0916324466328065,0.1228480339050293,0.008992253025504762,0.008991803446356528,0.06370377540588379,9.449107419161984e-20
0.09844824911063821,0.08883260743793475,0.09991440029129241,0.09163349307343939,0.12206792831420898,0.008991803455081666,0.008991353897869203,0.06313729286193848,9.449378049597821e-20
0.09844748373696449,0.08883241519358613,0.09991440494009331,0.09163453942295345,0.12203454971313477,0.00899135390717964,0.008990904372829789,0.06313133239746094,9.449648630193663e-20
0.09844671837056335,0.08883222298110191,0.09991440960135335,0.09163558568126862,0.12004494667053223,0.008990904381795855,0.00899045487017247,0.062445878982543945,9.449919219735085e-20
0.09844595301137331,0.0888320308003834,0.09991441427500922,0.09163663184830534,0.12030792236328125,0.008990454878928527,0.008990005389541977,0.06221175193786621,9.450189805668586e-20
0.09844518765933316,0.08883183865133241,0.09991441896099787,0.09163767792398456,0.11986756324768066,0.00899000539857826,0.008989555932181759,0.06196022033691406,9.450460359760066e-20
0.09844442231438211,0.08883164653385126,0.09991442365925662,0.09163872390822767,0.11890077590942383,0.008989555940743143,0.008989106496493093,0.06220698356628418,9.45073093124557e-20
0.09844365697645957,0.0888314544478427,0.09991442836972309,0.09163976980095657,0.11618733406066895,0.008989106505422523,0.008988657084074703,0.062306880950927734,9.451001478584917e-20
0.09844289164550535,0.08883126239320999,0.09991443309233516,0.09164081560209358,0.11381053924560547,0.008988657092615468,0.008988207693860772,0.0629127025604248,9.451272039052693e-20
0.09844212632145949,0.08883107036985687,0.0999144378270311,0.0916418613115615,0.1256086826324463,0.00898820770231995,0.008987758325318396,0.07070183753967285,9.451542579607796e-20
0.09844136100426233,0.08883087837768754,0.09991444257374944,0.09164290692928363,0.11856770515441895,0.008987758334536248,0.00898730898022393,0.06632614135742188,9.451813097058985e-20
0.09844059569385465,0.08883068641660669,0.09991444733242902,0.09164395245518372,0.12161850929260254,0.008987308989262768,0.008986859657333923,0.06422162055969238,9.452083597477886e-20
0.09843983039017744,0.08883049448651945,0.09991445210300899,0.0916449978891861,0.11975240707397461,0.008986859666498103,0.008986410357181285,0.06383371353149414,9.452354115974445e-20
0.09843906509317199,0.08883030258733145,0.09991445688542883,0.09164604323121538,0.12230992317199707,0.008986410366241421,0.008985961080121285,0.0629734992980957,9.45262464659117e-20
0.09843829980277985,0.08883011071894874,0.09991446167962828,0.0916470884811967,0.121307373046875,0.00898596108848987,0.008985511824377568,0.06242561340332031,9.452895157343261e-20
0.0984375345189429,0.08882991888127788,0.0999144664855474,0.09164813363905569,0.11892294883728027,0.00898551183324416,0.00898506259172649,0.06200098991394043,9.453165652960192e-20
0.0984367692416033,0.08882972707422586,0.09991447130312657,0.0916491787047184,0.11782312393188477,0.008985062600502728,0.008984613381635143,0.06245875358581543,9.453436139709985e-20
0.09843600397070364,0.08882953529770014,0.09991447613230643,0.09165022367811133,0.11661386489868164,0.008984613390263747,0.008984164193392985,0.062155961990356445,9.453706629134435e-20
0.09843523870618663,0.08882934355160865,0.09991448097302795,0.09165126855916148,0.1147005558013916,0.008984164202527846,0.00898371502806583,0.06299972534179688,9.45397709979314e-20
0.09843447344799537,0.08882915183585977,0.09991448582523238,0.0916523133477961,0.11691117286682129,0.00898371503729358,0.008983265885298408,0.06631827354431152,9.454247600787941e-20
0.09843370819607326,0.08882896015036228,0.09991449068886125,0.09165335804394309,0.11619377136230469,0.008983265894558438,0.008982816765445989,0.06574249267578125,9.454518034556129e-20
0.09843294295036395,0.08882876849502547,0.09991449556385641,0.09165440264753075,0.12328267097473145,0.00898281677432056,0.008982367667265123,0.06289100646972656,9.454788462117799e-20
0.09843217771081138,0.08882857686975903,0.09991450045016,0.09165544715848786,0.12226104736328125,0.008982367676581596,0.00898191859199926,0.06252479553222656,9.455058933030196e-20
0.09843141247735977,0.08882838527447315,0.09991450534771443,0.09165649157674362,0.1197655200958252,0.008981918601340025,0.008981469539648401,0.06218552589416504,9.455329341601034e-20
0.09843064724995375,0.08882819370907842,0.09991451025646239,0.09165753590222757,0.11743617057800293,0.008981469548592072,0.008981020509146731,0.06369304656982422,9.455599759797926e-20
0.09842988202853806,0.08882800217348587,0.09991451517634689,0.0916585801348698,0.1159353256225586,0.00898102051833891,0.008980571501560064,0.06329083442687988,9.455870199261831e-20
0.09842911681305781,0.08882781066760699,0.09991452010731121,0.09165962427460073,0.11656451225280762,0.008980571510579136,0.008980122516533129,0.06489133834838867,9.456140649402415e-20
0.09842835160345835,0.08882761919135368,0.0999145250492989,0.09166066832135128,0.11982131004333496,0.008980122525310563,0.008979673553533019,0.06879973411560059,9.456411014727331e-20
0.09842758639968537,0.0888274277446383,0.09991453000225381,0.0916617122750528,0.1183631420135498,0.008979673562531758,0.008979224613270276,0.06726884841918945,9.456681468582664e-20
0.09842682120168486,0.08882723632737362,0.09991453496612006,0.09166275613563706,0.1190030574798584,0.008979224622243907,0.0089787756957449,0.06432819366455078,9.456951787989006e-20
0.09842605600940298,0.08882704493947285,0.09991453994084205,0.09166379990303622,0.11891603469848633,0.008978775704443274,0.008978326800068714,0.06300854682922363,9.457222182754206e-20
0.09842529082278624,0.08882685358084963,0.09991454492636447,0.09166484357718288,0.12026286125183105,0.008978326809130363,0.008977877926774624,0.062077999114990234,9.457492559276356e-20
0.0984245256417814,0.08882666225141801,0.09991454992263228,0.09166588715801008,0.12650775909423828,0.00897787793630481,0.008977429076573173,0.06270265579223633,9.457762937157855e-20
0.09842376046633548,0.08882647095109249,0.0999145549295907,0.09166693064545124,0.11637187004089355,0.008977429085964673,0.008976980248753819,0.06589198112487793,9.458033326164998e-20
0.09842299529639578,0.08882627967978794,0.09991455994718523,0.09166797403944024,0.11945486068725586,0.00897698025810857,0.008976531444204738,0.06725645065307617,9.458303670588044e-20
0.0984222301319099,0.08882608843741971,0.09991456497536169,0.09166901733991137,0.1161031723022461,0.008976531452732951,0.008976082660794305,0.06388092041015625,9.458573971323472e-20
0.09842146497282571,0.08882589722390354,0.0999145700140661,0.09167006054679928,0.11866188049316406,0.00897608266984084,0.008975633900654145,0.06298160552978516,9.458844377815859e-20
0.09842069981909132,0.08882570603915556,0.09991457506324478,0.09167110366003904,0.12044501304626465,0.008975633909428996,0.008975185162363175,0.062185049057006836,9.459114693054333e-20
0.09841993467065513,0.08882551488309236,0.09991458012284432,0.09167214667956618,0.11997413635253906,0.00897518517149601,0.008974736446987208,0.0620725154876709,9.459385016012662e-20
0.09841916952746582,0.08882532375563089,0.09991458519281159,0.09167318960531656,0.11586594581604004,0.008974736456042109,0.008974287754170973,0.06373977661132812,9.459655336359589e-20
0.09841840438947229,0.08882513265668852,0.0999145902730937,0.09167423243722653,0.11642193794250488,0.008974287763064701,0.00897383908391447,0.06647229194641113,9.459925634801984e-20
0.09841763925662374,0.08882494158618306,0.09991459536363805,0.09167527517523272,0.11861705780029297,0.00897383909256382,0.008973390435862427,0.0675201416015625,9.460195902237661e-20
0.0984168741288696,0.08882475054403272,0.09991460046439227,0.09167631781927231,0.11381936073303223,0.008973390444536256,0.00897294180983721,0.06386327743530273,9.460466190015423e-20
0.09841610900615952,0.08882455953015604,0.09991460557530427,0.09167736036928278,0.12985992431640625,0.008972941818984984,0.008972493206549359,0.06701207160949707,9.46073652995228e-20
0.0984153438884435,0.08882436854447205,0.09991461069632222,0.09167840282520205,0.11551237106323242,0.00897249321590617,0.008972044626354148,0.06269645690917969,9.461006823880299e-20
0.09841457877567175,0.08882417758690014,0.09991461582739458,0.09167944518696837,0.11430644989013672,0.008972044635298257,0.008971596068185761,0.06440305709838867,9.461277068775037e-20
0.09841381366779474,0.08882398665736009,0.09991462096847001,0.09168048745452041,0.11902761459350586,0.008971596077160861,0.00897114753239947,0.06761026382446289,9.461547309678307e-20
0.09841304856476327,0.0888237957557721,0.09991462611949747,0.09168152962779719,0.11687874794006348,0.008971147541493214,0.00897069901881764,0.06586408615112305,9.4618175636116e-20
0.09841228346652829,0.08882360488205672,0.09991463128042614,0.09168257170673823,0.11809039115905762,0.008970699028294539,0.008970250528861357,0.06285858154296875,9.462087811951002e-20
0.09841151837304102,0.08882341403613493,0.0999146364512055,0.09168361369128333,0.11888933181762695,0.008970250537561236,0.008969802060221355,0.06218767166137695,9.462358061808222e-20
0.09841075328425296,0.08882322321792807,0.09991464163178525,0.09168465558137268,0.11801409721374512,0.00896980206929498,0.008969353614496356,0.06246304512023926,9.46262825232654e-20
0.09840998820011589,0.0888230324273579,0.09991464682211534,0.09168569737694687,0.11463570594787598,0.008969353623492922,0.008968905190975818,0.0626680850982666,9.462898515401692e-20
0.09840922312058178,0.08882284166434652,0.09991465202214599,0.09168673907794687,0.11822271347045898,0.00896890520015499,0.008968456790192647,0.0676736831665039,9.463168727559941e-20
0.09840845804560291,0.08882265092881644,0.09991465723182764,0.09168778068431409,0.11797785758972168,0.008968456799280308,0.008968008411969208,0.06643533706665039,9.463438937397649e-20
0.09840769297513177,0.08882246022069056,0.09991466245111101,0.09168882219599025,0.11681652069091797,0.00896800842086619,0.008967560056127866,0.0637519359588623,9.46370907364821e-20
0.098406927909121,0.0888222695398921,0.09991466767994704,0.09168986361291748,0.12693166732788086,0.008967560064912375,0.00896711172266862,0.06418323516845703,9.463979245995692e-20
0.09840616284752363,0.08882207888634473,0.09991467291828694,0.09169090493503816,0.12017488479614258,0.008967111731417838,0.008966663411769105,0.06319546699523926,9.46424950423037e-20
0.09840539779029285,0.08882188825997249,0.09991467816608215,0.09169194616229519,0.11551403999328613,0.008966663420380095,0.008966215122541144,0.06611347198486328,9.464519646580158e-20
0.0984046327373821,0.08882169766069974,0.09991468342328436,0.09169298729463173,0.13480615615844727,0.008966215131801446,0.008965766856761093,0.08122801780700684,9.46478985702864e-20
0.09840386768874515,0.08882150708845125,0.09991468868984546,0.0916940283319913,0.12439250946044922,0.008965766865677948,0.008965318613007867,0.06883549690246582,9.465059989285482e-20
0.0984031026443359,0.08882131654315215,0.09991469396571766,0.0916950692743179,0.11540341377258301,0.008965318622008903,0.008964870391992008,0.06562495231628418,9.465330115521567e-20
0.09840233760410853,0.08882112602472791,0.09991469925085335,0.09169611012155586,0.11610102653503418,0.008964870400793131,0.008964422193002974,0.06249260902404785,9.46560028636016e-20
0.09840157256801746,0.08882093553310444,0.09991470454520517,0.09169715087364984,0.11732959747314453,0.00896442220203123,0.008963974016751308,0.06233692169189453,9.465870389689e-20
0.09840080753601735,0.08882074506820793,0.09991470984872598,0.09169819153054484,0.11601686477661133,0.008963974025719733,0.008963525862881738,0.06386780738830566,9.466140525136828e-20
0.09840004250806311,0.08882055462996497,0.09991471516136893,0.09169923209218624,0.11474919319152832,0.008963525871858799,0.008963077731216629,0.0656735897064209,9.466410655717003e-20
0.0983992774841099,0.0888203642183025,0.09991472048308735,0.09170027255851979,0.1175687313079834,0.008963077740447328,0.008962629622466523,0.06784677505493164,9.466680755268896e-20
0.09839851246411303,0.08882017383314784,0.09991472581383481,0.09170131292949155,0.11565327644348145,0.008962629631481882,0.008962181536276148,0.06536984443664551,9.466950826193254e-20
0.09839774744802811,0.08881998347442867,0.09991473115356517,0.09170235320504794,0.12533164024353027,0.008962181544963642,0.008961733471757327,0.07046222686767578,9.467220959449347e-20
0.0983969824358109,0.08881979314207297,0.09991473650223244,0.09170339338513578,0.1147470474243164,0.008961733480891203,0.008961285429975874,0.06312680244445801,9.467491049179599e-20
0.09839621742741743,0.08881960283600915,0.0999147418597909,0.0917044334697022,0.11458539962768555,0.008961285439264425,0.00896083741164233,0.06520509719848633,9.467761145072579e-20
0.09839545242280395,0.0888194125561659,0.09991474722619507,0.09170547345869468,0.11896681785583496,0.008960837420079418,0.008960389414269798,0.06875371932983398,9.468031188811766e-20
0.09839468742192702,0.08881922230247231,0.09991475260139968,0.09170651335206106,0.11650943756103516,0.008960389423338159,0.008959941439812269,0.06661438941955566,9.468301285163917e-20
0.09839392242474326,0.08881903207485779,0.09991475798535968,0.09170755314974949,0.11765480041503906,0.008959941449038894,0.008959493488269743,0.06319022178649902,9.468571330645464e-20
0.0983931574312097,0.08881884187325209,0.09991476337803025,0.09170859285170846,0.11922621726989746,0.008959493497178705,0.00895904555839877,0.06242632865905762,9.468841355376273e-20
0.09839239244128349,0.08881865169758531,0.09991476877936681,0.09170963245788684,0.11807012557983398,0.008959045567758566,0.008958597651798073,0.0639033317565918,9.469111401158718e-20
0.09839162745492201,0.08881846154778793,0.09991477418932498,0.09171067196823378,0.11369776725769043,0.00895859766077597,0.008958149767046564,0.06345939636230469,9.469381447112157e-20
0.09839086247208287,0.08881827142379073,0.09991477960786062,0.09171171138269874,0.11674380302429199,0.008958149776229513,0.008957701904677151,0.06738400459289551,9.469651448215386e-20
0.09839009749272389,0.08881808132552484,0.0999147850349298,0.09171275070123164,0.11789822578430176,0.008957701914119692,0.00895725406611092,0.06817436218261719,9.469921436207284e-20
0.09838933251680312,0.08881789125292171,0.0999147904704888,0.09171378992378268,0.11520552635192871,0.008957254074442322,0.008956806248328064,0.06380581855773926,9.470191475144905e-20
0.09838856754427884,0.08881770120591316,0.09991479591449415,0.09171482905030237,0.12363028526306152,0.008956806257199084,0.008956358452927304,0.062403202056884766,9.470461496222575e-20
0.09838780257510953,0.08881751118443133,0.09991480136690258,0.09171586808074159,0.12333202362060547,0.008956358462389138,0.008955910680974455,0.06506729125976562,9.470731454271069e-20
0.09838703760925392,0.08881732118840868,0.09991480682767102,0.09171690701505146,0.11609363555908203,0.00895591069000965,0.008955462931581337,0.0670006275177002,9.471001435685562e-20
0.09838627264667088,0.08881713121777801,0.09991481229675664,0.09171794585318348,0.1166541576385498,0.008955462940060444,0.008955015203326866,0.06790423393249512,9.471271408162359e-20
0.0983855076873195,0.08881694127247246,0.09991481777411682,0.09171898459508951,0.11651849746704102,0.008955015212541231,0.00895456749869794,0.06383299827575684,9.471541367325987e-20
0.09838474273115914,0.08881675135242545,0.09991482325970914,0.09172002324072163,0.11846041679382324,0.008954567507447725,0.00895411981609584,0.06233572959899902,9.47181131345118e-20
0.09838397777814939,0.0888165614575708,0.0999148287534914,0.09172106179003237,0.11917352676391602,0.008954119824780586,0.008953672155520565,0.061861515045166016,9.472081239084133e-20
0.09838321282824994,0.0888163715878426,0.09991483425542162,0.09172210024297446,0.11646795272827148,0.008953672164539652,0.008953224517860292,0.06343507766723633,9.472351235428612e-20
0.09838244788142081,0.0888161817431753,0.09991483976545802,0.091723138599501,0.11330676078796387,0.008953224526723447,0.008952776902937387,0.06395745277404785,9.47262117759767e-20
0.09838168293762213,0.08881599192350363,0.09991484528355903,0.0917241768595654,0.11800408363342285,0.008952776911329497,0.008952329309330764,0.06849169731140137,9.47289109501759e-20
0.0983809179968143,0.08881580212876265,0.09991485080968328,0.09172521502312139,0.11620855331420898,0.008952329318358444,0.008951881739349687,0.06638526916503906,9.473160962773231e-20
0.09838015305895784,0.08881561235888778,0.09991485634378962,0.09172625309012301,0.1175999641418457,0.008951881747806707,0.008951434190507257,0.06287026405334473,9.473430916146204e-20
0.09837938812401362,0.0888154226138147,0.09991486188583709,0.0917272910605246,0.11908364295959473,0.008951434199676932,0.008950986664935101,0.061914920806884766,9.473700776251072e-20
0.09837862319194259,0.08881523289347944,0.09991486743578495,0.09172832893428087,0.12597155570983887,0.008950986673964984,0.00895053916138977,0.06296396255493164,9.473970680394803e-20
0.098377858262706,0.0888150431978183,0.09991487299359267,0.0917293667113468,0.11776304244995117,0.008950539170672695,0.008950091680759442,0.06813645362854004,9.474240571964242e-20
0.09837709333626525,0.08881485352676795,0.0999148785592199,0.09173040439167758,0.11765837669372559,0.008950091689794609,0.008949644221623032,0.06650137901306152,9.474510391798955e-20
0.09837632841258188,0.08881466388026533,0.09991488413262652,0.09173144197522885,0.11584115028381348,0.008949644231333324,0.008949196786289804,0.06373953819274902,9.474780282141269e-20
0.09837556349161773,0.08881447425824769,0.09991488971377258,0.09173247946195646,0.11988639831542969,0.008949196795285618,0.008948749372628129,0.06217336654663086,9.475050178401181e-20
0.0983747985733348,0.08881428466065261,0.09991489530261834,0.09173351685181662,0.11713194847106934,0.008948749381650748,0.00894830198134855,0.061768531799316406,9.47531997073609e-20
0.09837403365769523,0.08881409508741796,0.09991490089912426,0.09173455414476585,0.11404061317443848,0.008948301990427952,0.008947854612628703,0.06260395050048828,9.475589863299334e-20
0.09837326874466146,0.0888139055384819,0.09991490650325102,0.0917355913407609,0.11582589149475098,0.008947854621616043,0.008947407266646223,0.06577253341674805,9.475859670626654e-20
0.0983725038341961,0.08881371601378292,0.09991491211495948,0.09173662843975885,0.11894750595092773,0.00894740727521389,0.008946959942157662,0.06786918640136719,9.476129483528736e-20
0.09837173892626193,0.08881352651325981,0.09991491773421067,0.09173766544171713,0.11514735221862793,0.008946959951220843,0.008946512640051196,0.06421852111816406,9.476399267313578e-20
0.09837097402082193,0.08881333703685164,0.09991492336096586,0.09173870234659334,0.11976456642150879,0.008946512649636374,0.008946065361570277,0.06304717063903809,9.476669114177149e-20
0.09837020911783928,0.08881314758449776,0.09991492899518646,0.09173973915434544,0.12058591842651367,0.008946065370456674,0.00894561810440564,0.062177419662475586,9.476938875599407e-20
0.09836944421727728,0.08881295815613788,0.09991493463683414,0.09174077586493173,0.1275043487548828,0.008945618113683648,0.00894517086997837,0.06349849700927734,9.477208683499758e-20
0.0983686793190995,0.08881276875171194,0.0999149402858707,0.09174181247831076,0.11875104904174805,0.008945170879315135,0.008944723658288467,0.06878328323364258,9.477478429544262e-20
0.09836791442326967,0.08881257937116022,0.09991494594225817,0.09174284899444136,0.11919355392456055,0.008944723667348314,0.00894427646862539,0.06698799133300781,9.477748237221396e-20
0.09836714952975174,0.08881239001442323,0.09991495160595874,0.09174388541328261,0.11649489402770996,0.008944276477783501,0.008943829301522044,0.06418013572692871,9.478017952353838e-20
0.09836638463850986,0.08881220068144186,0.09991495727693482,0.0917449217347939,0.12094259262084961,0.008943829310619173,0.008943382157156066,0.06251168251037598,9.478287769159517e-20
0.09836561974950829,0.08881201137215719,0.099914962955149,0.09174595795893495,0.12165474891662598,0.008943382165854203,0.008942935034461641,0.06235003471374512,9.47855749731647e-20
0.09836485486271156,0.08881182208651067,0.09991496864056403,0.09174699408566574,0.1181488037109375,0.008942935043488177,0.008942487933971677,0.06277966499328613,9.478827220365511e-20
0.0983640899780843,0.088811632824444,0.09991497433314288,0.0917480301149465,0.1149301528930664,0.008942487943519668,0.008942040856396716,0.06330990791320801,9.479096952284877e-20
0.09836332509559136,0.08881144358589914,0.0999149800328487,0.09174906604673783,0.11793279647827148,0.008942040865948127,0.008941593801736758,0.06783056259155273,9.479366677503608e-20
0.09836256021519783,0.0888112543708184,0.0999149857396448,0.09175010188100051,0.11873912811279297,0.008941593810771439,0.008941146769103625,0.06664085388183594,9.479636353795727e-20
0.09836179533686895,0.0888110651791443,0.0999149914534947,0.0917511376176956,0.11789941787719727,0.008941146777988147,0.008940699758319681,0.06398177146911621,9.479906064117033e-20
0.09836103046057013,0.0888108760108197,0.09991499717436207,0.09175217325678447,0.12887334823608398,0.008940699767597551,0.00894025277045074,0.06558346748352051,9.480175770410219e-20
0.098360265586267,0.08881068686578769,0.09991500290221081,0.0917532087982287,0.11933541297912598,0.008940252779600479,0.008939805805141532,0.06360292434692383,9.480445479941648e-20
0.09835950071392527,0.08881049774399168,0.09991500863700496,0.09175424424199022,0.11579370498657227,0.008939805813992379,0.008939358862036784,0.06573271751403809,9.480715142201089e-20
0.0983587358435109,0.0888103086453753,0.09991501437870877,0.09175527958803127,0.11929583549499512,0.008939358870774284,0.008938911941136496,0.06805872917175293,9.480984815412963e-20
0.09835797097499004,0.08881011956988251,0.09991502012728665,0.09175631483631422,0.11705517768859863,0.008938911949944308,0.008938465042085397,0.06620454788208008,9.48125446551284e-20
0.09835720610832895,0.08880993051745753,0.09991502588270318,0.09175734998680184,0.11879205703735352,0.008938465051503097,0.008938018167015116,0.06345343589782715,9.481524138327131e-20
0.09835644124349413,0.08880974148804484,0.09991503164492314,0.09175838503945703,0.12113738059997559,0.008938018175447005,0.008937571313083481,0.06244039535522461,9.481793790060813e-20
0.09835567638045226,0.0888095524815892,0.09991503741391147,0.09175941999424313,0.12111210823059082,0.008937571321775053,0.008937124481889214,0.062487125396728516,9.482063375159969e-20
0.09835491151917014,0.08880936349803563,0.09991504318963329,0.0917604548511237,0.11541342735290527,0.008937124490488477,0.008936677672721771,0.06331872940063477,9.482333015108034e-20
0.09835414665961481,0.08880917453732944,0.09991504897205389,0.09176148961006249,0.11592984199523926,0.008936677681584132,0.00893623088611406,0.06556510925292969,9.482602649619699e-20
0.0983533818017534,0.08880898559941616,0.09991505476113874,0.0917625242710235,0.11944222450256348,0.008936230895062515,0.008935784122421353,0.06807303428649902,9.482872241134833e-20
0.09835261694555328,0.08880879668424164,0.09991506055685348,0.09176355883397105,0.11727666854858398,0.008935784130920195,0.008935337380044928,0.0657646656036377,9.483141867003361e-20
0.098351852090982,0.08880860779175197,0.09991506635916392,0.09176459329886973,0.12911653518676758,0.008935337389157754,0.008934890660761141,0.07010602951049805,9.483411480982145e-20
0.09835108723800726,0.08880841892189348,0.09991507216803604,0.09176562766568433,0.11675453186035156,0.008934890669773685,0.00893444396350418,0.0629124641418457,9.483681025914762e-20
0.09835032238659686,0.08880823007461279,0.09991507798343599,0.0917666619343799,0.11640238761901855,0.008934443972766944,0.008933997289339857,0.06343340873718262,9.483950588305633e-20
0.09834955753671891,0.08880804124985676,0.09991508380533011,0.09176769610492182,0.11771178245544434,0.008933997298135318,0.008933550637024723,0.06683611869812012,9.484220170417746e-20
0.09834879268834153,0.08880785244757254,0.09991508963368488,0.09176873017727563,0.12577009201049805,0.008933550645879057,0.008933104007269321,0.06719207763671875,9.484489731336632e-20
0.09834802784143312,0.08880766366770752,0.09991509546846697,0.09176976415140722,0.12604808807373047,0.008933104015996639,0.00893265739971838,0.0690455436706543,9.484759266667108e-20
0.09834726299596215,0.08880747491020932,0.09991510130964318,0.09177079802728264,0.12787199020385742,0.008932657408487029,0.008932210814549535,0.06848382949829102,9.485028807416338e-20
0.09834649815189735,0.08880728617502587,0.09991510715718051,0.09177183180486818,0.12970566749572754,0.008932210823349768,0.00893176425158515,0.0703585147857666,9.485298285503647e-20
0.09834573330920757,0.08880709746210531,0.09991511301104612,0.0917728654841305,0.13082647323608398,0.008931764260582743,0.008931317711002862,0.06735110282897949,9.485567851538555e-20
0.09834496846786182,0.08880690877139606,0.09991511887120734,0.09177389906503641,0.12672996520996094,0.008931317720185138,0.008930871192625034,0.06999087333679199,9.485837383191753e-20
0.09834420362782932,0.08880672010284678,0.09991512473763163,0.09177493254755299,0.12641000747680664,0.008930871202156559,0.008930424697872752,0.06853556632995605,9.486106828925677e-20
0.09834343878907946,0.08880653145640637,0.09991513061028666,0.09177596593164757,0.12565207481384277,0.00893042470649372,0.008929978224436752,0.06975030899047852,9.486376352997353e-20
0.0983426739515817,0.08880634283202396,0.09991513648914023,0.09177699921728776,0.13351058959960938,0.008929978233196988,0.008929531773205213,0.0702066421508789,9.486645841922129e-20
0.09834190911530571,0.08880615422964898,0.09991514237416031,0.09177803240444139,0.12998127937316895,0.008929531782265542,0.008929085344888676,0.0698695182800293,9.486915295955303e-20
0.09834114428022135,0.08880596564923106,0.09991514826531503,0.09177906549307652,0.1281282901763916,0.00892908535369788,0.00892863893842133,0.06944465637207031,9.487184801728029e-20
0.09834037944629857,0.0888057770907201,0.09991515416257267,0.09178009848316138,0.12724685668945312,0.008928638947493305,0.008928192554513714,0.06792640686035156,9.487454238606674e-20
0.09833961461350745,0.08880558855406624,0.09991516006590168,0.09178113137466454,0.12542223930358887,0.00892819256364959,0.00892774619316583,0.06756210327148438,9.487723663890008e-20
0.09833884978181832,0.08880540003921986,0.09991516597527066,0.09178216416755468,0.13524532318115234,0.008927746202166688,0.008927299854200044,0.07430291175842285,9.487993127558437e-20
0.09833808495120168,0.08880521154613158,0.09991517189064839,0.0917831968618009,0.12853574752807617,0.00892729986304278,0.008926853537261081,0.06918048858642578,9.488262522657856e-20
0.09833732012162813,0.08880502307475226,0.09991517781200376,0.09178422945737241,0.12577390670776367,0.008926853546277409,0.00892640724252658,0.06788897514343262,9.488531995190262e-20
0.09833655529306842,0.08880483462503298,0.09991518373930587,0.09178526195423867,0.1250460147857666,0.008926407251869533,0.008925960970884717,0.06708860397338867,9.488801400384155e-20
0.09833579046549346,0.0888046461969251,0.09991518967252394,0.09178629435236943,0.12754249572753906,0.008925960979816896,0.008925514721269678,0.06827020645141602,9.489070837378664e-20
0.09833502563887431,0.0888044577903802,0.09991519561162734,0.09178732665173464,0.13255691528320312,0.00892551473011846,0.0089250684938591,0.06946778297424316,9.489340195626924e-20
0.09833426081318225,0.08880426940535006,0.09991520155658562,0.09178835885230449,0.13000178337097168,0.008925068502774428,0.008924622288475348,0.06857442855834961,9.489609626069151e-20
0.09833349598838872,0.08880408104178676,0.09991520750736846,0.09178939095404928,0.12450623512268066,0.00892462229778338,0.008924176105828963,0.06855106353759766,9.489878954043285e-20
0.0983327311644651,0.08880389269964256,0.0999152134639457,0.09179042295693968,0.12533068656921387,0.008924176115144157,0.008923729945209402,0.06828570365905762,9.490148324781455e-20
0.0983319663413831,0.08880370437886996,0.09991521942628732,0.09179145486094659,0.12533044815063477,0.008923729954855648,0.008923283807860116,0.06825780868530273,9.490417714254885e-20
0.09833120151911459,0.0888035160794217,0.09991522539436348,0.09179248666604105,0.1250932216644287,0.008923283816915368,0.008922837692004748,0.06876063346862793,9.49068703678669e-20
0.09833043669763153,0.08880332780125075,0.09991523136814447,0.09179351837219436,0.13615107536315918,0.008922837701324205,0.008922391598886747,0.06910371780395508,9.490956401111016e-20
0.09832967187690607,0.0888031395443103,0.09991523734760072,0.09179454997937807,0.1266036033630371,0.008922391608079738,0.008921945528328479,0.06836891174316406,9.491225763001546e-20
0.09832890705691041,0.08880295130855377,0.09991524333270281,0.09179558148756391,0.12607502937316895,0.008921945537180516,0.0089214994796194,0.06807351112365723,9.491495047322224e-20
0.098328142237617,0.08880276309393484,0.09991524932342148,0.09179661289672393,0.12569785118103027,0.008921499488625648,0.008921053454180594,0.06937050819396973,9.491764394207864e-20
0.0983273774189984,0.08880257490040736,0.0999152553197276,0.09179764420683029,0.12659263610839844,0.008921053462413465,0.0089206074497028,0.06905364990234375,9.492033702300827e-20
0.09832661260102733,0.08880238672792543,0.0999152613215922,0.09179867541785541,0.13038396835327148,0.008920607458544174,0.008920161467962373,0.06551480293273926,9.492303014646902e-20
0.09832584778367666,0.08880219857644336,0.09991526732898645,0.09179970652977192,0.1248316764831543,0.008920161477016953,0.008919715509492221,0.06672143936157227,9.492572284591447e-20
0.09832508296691932,0.08880201044591571,0.09991527334188166,0.09180073754255262,0.12792015075683594,0.00891971551782867,0.008919269572160715,0.06903672218322754,9.492841531369697e-20
0.0983243181507285,0.08880182233629723,0.09991527936024928,0.09180176845617063,0.12729573249816895,0.008919269580980247,0.00891882365703367,0.06925415992736816,9.493110845248284e-20
0.09832355333507749,0.0888016342475429,0.09991528538406093,0.09180279927059917,0.12700748443603516,0.008918823666471287,0.008918377765354535,0.07065582275390625,9.493380064671038e-20
0.09832278851993964,0.0888014461796079,0.09991529141328834,0.09180382998581174,0.12552499771118164,0.008918377774298577,0.008917931895524589,0.06783056259155273,9.493649353219863e-20
0.09832202370528857,0.08880125813244769,0.0999152974479034,0.09180486060178206,0.1213381290435791,0.008917931904460604,0.008917486047543832,0.06499791145324707,9.493918575521444e-20
0.098321258891098,0.08880107010601786,0.09991530348787812,0.091805891118484,0.12563395500183105,0.008917486056958447,0.008917040223010986,0.06579852104187012,9.494187821937722e-20
0.0983204940773418,0.08880088210027427,0.09991530953318468,0.09180692153589166,0.12610387802124023,0.008917040231788813,0.008916594419616786,0.0660092830657959,9.49445702869227e-20
0.0983197292639939,0.088800694115173,0.09991531558379536,0.09180795185397943,0.12649226188659668,0.00891659442895268,0.008916148639315225,0.06712651252746582,9.494726249721865e-20
0.09831896445102842,0.08880050615067028,0.09991532163968263,0.09180898207272185,0.1243133544921875,0.00891614864844721,0.008915702881218124,0.06824970245361328,9.494995463018965e-20
0.09831819963841963,0.08880031820672264,0.09991532770081905,0.09181001219209364,0.13318729400634766,0.008915702890271927,0.008915257145325484,0.06752228736877441,9.495264678273349e-20
0.09831743482614194,0.08880013028328677,0.09991533376717733,0.09181104221206976,0.12156367301940918,0.008915257154426417,0.008914811431637304,0.0649404525756836,9.49553387891071e-20
0.09831667001416988,0.08879994238031956,0.09991533983873034,0.09181207213262536,0.1253979206085205,0.008914811440908575,0.00891436574157467,0.06531810760498047,9.495803026070267e-20
0.09831590520247814,0.08879975449777815,0.09991534591545106,0.09181310195373582,0.12770509719848633,0.008914365749715169,0.008913920071762504,0.06915521621704102,9.49607219602212e-20
0.09831514039104151,0.08879956663561983,0.09991535199731262,0.09181413167537672,0.1249077320098877,0.008913920080849628,0.008913474425398249,0.06839227676391602,9.496341370601801e-20
0.09831437557983486,0.08879937879380215,0.09991535808428828,0.09181516129752383,0.12986135482788086,0.008913474434308006,0.008913028800527911,0.07474422454833984,9.496610502268734e-20
0.09831361076883319,0.08879919097228282,0.09991536417635143,0.09181619082015317,0.12526345252990723,0.008913028810092307,0.00891258319928312,0.06834292411804199,9.496879669436371e-20
0.09831284595801183,0.08879900317101981,0.09991537027347559,0.09181722024324089,0.12300825119018555,0.008912583208196222,0.008912137619532245,0.06716442108154297,9.497148781267174e-20
0.0983120811473461,0.08879881538997124,0.09991537637563441,0.09181824956676334,0.11744236946105957,0.008912137628622124,0.008911692062518739,0.0641016960144043,9.497417917472856e-20
0.09831131633681146,0.08879862762909548,0.0999153824828017,0.09181927879069708,0.1257164478302002,0.008911692071368129,0.008911246526821515,0.06713438034057617,9.497687050079184e-20
0.09831055152638347,0.08879843988835104,0.09991538859495136,0.0918203079150189,0.12337827682495117,0.008911246536433631,0.008910801015282743,0.0667724609375,9.49795618660901e-20
0.09830978671603784,0.08879825216769668,0.09991539471205745,0.09182133693970573,0.12919998168945312,0.008910801023815562,0.008910355524704983,0.07047915458679199,9.498225246827507e-20
0.09830902190575043,0.08879806446709136,0.09991540083409414,0.0918223658647348,0.12537598609924316,0.008910355533514677,0.008909910057042225,0.06824898719787598,9.498494344836319e-20
0.09830825709549718,0.08879787678649421,0.09991540696103575,0.09182339469008341,0.11820530891418457,0.008909910065528093,0.00890946461069575,0.06432580947875977,9.498763394274141e-20
0.09830749228525416,0.08879768912586458,0.09991541309285672,0.09182442341572906,0.12703680992126465,0.008909464619858164,0.008909019187441913,0.0681612491607666,9.499032482111649e-20
0.09830672747499765,0.08879750148516201,0.0999154192295316,0.09182545204164956,0.12359952926635742,0.00890901919650132,0.008908573786570173,0.0672159194946289,9.499301568677687e-20
0.09830596266470402,0.08879731386434622,0.0999154253710351,0.0918264805678228,0.12214350700378418,0.008908573795456128,0.008908128407725258,0.06508827209472656,9.499570580515139e-20
0.09830519785434978,0.08879712626337716,0.09991543151734202,0.09182750899422694,0.12759041786193848,0.008908128416722477,0.008907683051084803,0.06810665130615234,9.499839640512831e-20
0.09830443304391151,0.08879693868221493,0.09991543766842732,0.09182853732084027,0.12376952171325684,0.008907683060299258,0.008907237717181715,0.0661160945892334,9.500108679362623e-20
0.09830366823336595,0.08879675112081986,0.09991544382426608,0.09182956554764131,0.12226009368896484,0.008907237726185317,0.008906792405127817,0.06701159477233887,9.500377748894833e-20
0.09830290342268991,0.08879656357915246,0.09991544998483347,0.09183059367460868,0.12054252624511719,0.008906792414378919,0.008906347115988922,0.0641622543334961,9.500646721073033e-20
0.09830213861186039,0.08879637605717342,0.09991545615010483,0.09183162170172122,0.1269230842590332,0.00890634712487857,0.008905901848343944,0.06780886650085449,9.500915726547782e-20
0.09830137380085459,0.08879618855484361,0.0999154623200556,0.09183264962895801,0.11797714233398438,0.008905901857684537,0.008905456603791606,0.06363081932067871,9.501184722228171e-20
0.09830060898964972,0.08879600107212414,0.09991546849466135,0.09183367745629832,0.12881827354431152,0.008905456612795607,0.008905011381088457,0.06949329376220703,9.501453715643472e-20
0.0982998441782231,0.08879581360897625,0.09991547467389775,0.09183470518372157,0.12674379348754883,0.008905011390208757,0.008904566180767404,0.07410526275634766,9.501722690914718e-20
0.09829907936655215,0.08879562616536137,0.0999154808577406,0.09183573281120733,0.12656712532043457,0.008904566189925175,0.008904121003361354,0.06681346893310547,9.501991682905212e-20
0.09829831455461455,0.08879543874124116,0.09991548704616585,0.09183676033873533,0.11783337593078613,0.008904121011942014,0.008903675847449222,0.06424689292907715,9.502260647725964e-20
0.09829754974238798,0.08879525133657742,0.09991549323914954,0.09183778776628562,0.12801575660705566,0.008903675856258605,0.008903230713919186,0.06688356399536133,9.502529574206592e-20
0.09829678492985028,0.08879506395133219,0.09991549943666785,0.0918388150938383,0.11792659759521484,0.00890323072287307,0.00890278560259361,0.0642554759979248,9.502798536254404e-20
0.09829602011697941,0.08879487658546761,0.09991550563869707,0.09183984232137374,0.12768936157226562,0.008902785611786366,0.008902340514183038,0.06675243377685547,9.503067479610412e-20
0.0982952553037534,0.0887946892389461,0.09991551184521359,0.09184086944887238,0.11913275718688965,0.008902340522995295,0.00890189544744402,0.06528997421264648,9.503336371095952e-20
0.09829449049015045,0.08879450191173016,0.09991551805619396,0.09184189647631491,0.12906742095947266,0.008901895456501122,0.008901450402909461,0.07350921630859375,9.503605339739283e-20
0.09829372567614887,0.08879431460378255,0.09991552427161482,0.09184292340368218,0.1282358169555664,0.008901450412301741,0.00890100538111227,0.06949496269226074,9.503874206640402e-20
0.09829296086172708,0.08879412731506617,0.09991553049145291,0.09184395023095522,0.11854410171508789,0.008901005390395388,0.00890056038151954,0.06588339805603027,9.504143084746387e-20
0.09829219604686362,0.08879394004554411,0.09991553671568512,0.09184497695811525,0.12846970558166504,0.008900560390781551,0.008900115404841813,0.06822967529296875,9.504411991414727e-20
0.09829143123153715,0.08879375279517966,0.09991554294428844,0.09184600358514362,0.11585712432861328,0.008900115413457393,0.008899670449658004,0.0633697509765625,9.504680874161804e-20
0.09829066641572638,0.08879356556393625,0.09991554917723998,0.09184703011202187,0.12620759010314941,0.008899670458423246,0.008899225517033926,0.06645083427429199,9.504949750553884e-20
0.09828990159941023,0.08879337835177749,0.09991555541451695,0.09184805653873171,0.11784553527832031,0.00889922552567727,0.008898780606081402,0.06509256362915039,9.505218597291804e-20
0.09828913678256763,0.08879319115866717,0.0999155616560967,0.09184908286525509,0.12652301788330078,0.008898780615219763,0.008898335718399153,0.07202506065368652,9.505487450605544e-20
0.09828837196517767,0.08879300398456927,0.09991556790195669,0.09185010909157401,0.12647533416748047,0.008898335727048488,0.008897890852033186,0.0665898323059082,9.505756294928175e-20
0.09828760714721954,0.08879281682944794,0.09991557415207446,0.09185113521767073,0.11838459968566895,0.008897890861163412,0.008897446008582222,0.06539797782897949,9.506025153372345e-20
0.09828684232867259,0.0887926296932675,0.09991558040642769,0.09185216124352759,0.11933445930480957,0.008897446017562354,0.008897001187158082,0.06487035751342773,9.506293956364719e-20
0.09828607750951629,0.08879244257599242,0.09991558666499416,0.09185318716912723,0.12753987312316895,0.008897001196245239,0.008896556388293675,0.0689089298248291,9.506562758453233e-20
0.0982853126897302,0.08879225547758737,0.09991559292775176,0.09185421299445234,0.11371469497680664,0.008896556397209264,0.008896111611278457,0.06316351890563965,9.506831537511152e-20
0.09828454786929396,0.08879206839801716,0.09991559919467852,0.09185523871948588,0.11980009078979492,0.008896111620454708,0.008895666857000606,0.06417441368103027,9.50710034613322e-20
0.09828378304818731,0.08879188133724679,0.09991560546575254,0.09185626434421086,0.12616729736328125,0.00889566686598035,0.008895222125104851,0.06856036186218262,9.50736916574228e-20
0.09828301822639018,0.08879169429524143,0.09991561174095205,0.09185728986861054,0.12476563453674316,0.008895222133783407,0.00889477741488065,0.06638813018798828,9.507637902847435e-20
0.09828225340388257,0.08879150727196641,0.09991561802025538,0.09185831529266825,0.11583876609802246,0.00889477742386424,0.008894332727216181,0.06311869621276855,9.507906692534635e-20
0.09828148858064453,0.08879132026738724,0.09991562430364098,0.09185934061636757,0.12265324592590332,0.008894332736222626,0.008893888062111444,0.06630253791809082,9.508175436873962e-20
0.09828072375665628,0.08879113328146956,0.0999156305910874,0.09186036583969216,0.12131690979003906,0.008893888070855734,0.008893443419388802,0.0666966438293457,9.508444175249433e-20
0.09827995893189816,0.08879094631417923,0.09991563688257331,0.09186139096262597,0.11622905731201172,0.008893443427762538,0.008892998798337715,0.06342363357543945,9.508712905861417e-20
0.09827919410635058,0.08879075936548222,0.09991564317807747,0.09186241598515299,0.12447118759155273,0.008892998806942548,0.008892554199668723,0.06573796272277832,9.50898164621671e-20
0.09827842927999404,0.0887905724353447,0.09991564947757874,0.09186344090725747,0.12279152870178223,0.008892554208395357,0.008892109622671285,0.06735706329345703,9.509250359222003e-20
0.09827766445280914,0.08879038552373297,0.0999156557810561,0.09186446572892372,0.11442232131958008,0.008892109632120537,0.008891665069121757,0.0634908676147461,9.509519065804392e-20
0.09827689962477668,0.08879019863061355,0.09991566208848865,0.09186549045013624,0.12736272811889648,0.00889166507811483,0.008891220537066147,0.06306195259094238,9.509787773271016e-20
0.09827613479587743,0.08879001175595304,0.09991566839985554,0.09186651507087971,0.12403559684753418,0.00889122054637762,0.008890776027747904,0.06580519676208496,9.510056492628833e-20
0.09827536996609237,0.08878982489971825,0.09991567471513609,0.0918675395911389,0.12368559837341309,0.008890776036908694,0.00889033154027885,0.06782746315002441,9.510325156352543e-20
0.09827460513540255,0.08878963806187615,0.09991568103430967,0.09186856401089881,0.11417937278747559,0.008890331549706327,0.008889887075547165,0.06311702728271484,9.510593853924568e-20
0.09827384030378902,0.08878945124239385,0.09991568735735581,0.09186958833014452,0.11771607398986816,0.008889887084769,0.00888944263301994,0.06343579292297363,9.510862487004635e-20
0.09827307547123308,0.08878926444123862,0.09991569368425411,0.09187061254886134,0.12475228309631348,0.008889442642094928,0.008888998212519539,0.06758451461791992,9.511131171091874e-20
0.09827231063771608,0.08878907765837792,0.09991570001498425,0.09187163666703474,0.11893391609191895,0.008888998221684763,0.008888553814756506,0.06653428077697754,9.511399800325853e-20
0.09827154580321949,0.08878889089377931,0.09991570634952603,0.09187266068465026,0.11588144302368164,0.008888553823535903,0.008888109439020297,0.06461119651794434,9.511668418699756e-20
0.09827078096772483,0.08878870414741054,0.09991571268785937,0.09187368460169366,0.12684941291809082,0.008888109447647657,0.008887665085310914,0.06285262107849121,9.511937026511147e-20
0.09827001613121374,0.0887885174192395,0.09991571902996427,0.09187470841815085,0.1221776008605957,0.008887665094019228,0.008887220753983627,0.06403684616088867,9.512205666424007e-20
0.09826925129366797,0.08878833070923425,0.09991572537582083,0.09187573213400783,0.12471795082092285,0.008887220762649159,0.0088867764448608,0.0684957504272461,9.512474238554942e-20
0.09826848645506935,0.08878814401736301,0.09991573172540927,0.09187675574925079,0.1151571273803711,0.008886776453536069,0.008886332157409527,0.06538009643554688,9.512742857049726e-20
0.09826772161539983,0.08878795734359413,0.09991573807870989,0.09187777926386605,0.11461710929870605,0.008886332166680827,0.008885887893050892,0.06311202049255371,9.513011481280957e-20
0.09826695677464146,0.0887877706878961,0.09991574443570307,0.09187880267784009,0.12106871604919434,0.008885887902080551,0.008885443650896718,0.06387853622436523,9.513280057975739e-20
0.09826619193277635,0.08878758405023761,0.09991575079636934,0.09187982599115946,0.12768030166625977,0.00888544365973419,0.008884999430591733,0.06777691841125488,9.513548612552407e-20
0.09826542708978674,0.08878739743058743,0.09991575716068928,0.09188084920381101,0.11728477478027344,0.008884999439641357,0.008884555233024116,0.06685876846313477,9.513817128778993e-20
0.09826466224565499,0.08878721082891455,0.09991576352864358,0.09188187231578164,0.12616586685180664,0.008884555241799819,0.008884111057483324,0.06594681739807129,9.514085725153673e-20
0.09826389740036352,0.08878702424518808,0.09991576990021304,0.09188289532705844,0.11551785469055176,0.00888411106620887,0.008883666904324627,0.06509780883789062,9.514354293387361e-20
0.09826313255389489,0.08878683767937727,0.09991577627537855,0.09188391823762858,0.11693763732910156,0.008883666912867332,0.008883222772837485,0.06329846382141113,9.514622781236478e-20
0.09826236770623167,0.08878665113145151,0.0999157826541211,0.09188494104747949,0.12429523468017578,0.008883222781775876,0.008882778663554802,0.06675171852111816,9.514891318068473e-20
0.09826160285735662,0.08878646460138036,0.09991578903642173,0.09188596375659856,0.12258720397949219,0.008882778672933002,0.008882334577364759,0.0685584545135498,9.515159828065526e-20
0.09826083800725252,0.08878627808913349,0.09991579542226166,0.09188698636497344,0.11522531509399414,0.008882334586335836,0.008881890513556812,0.0650935173034668,9.515428312206196e-20
0.09826007315590235,0.08878609159468076,0.09991580181162213,0.0918880088725919,0.11470413208007812,0.00888189052198298,0.008881446470709875,0.06281614303588867,9.515696793699946e-20
0.09825930830328904,0.08878590511799217,0.09991580820448451,0.09188903127944183,0.11899471282958984,0.008881446479874398,0.008881002450955577,0.0645747184753418,9.515965318198682e-20
0.09825854344939569,0.08878571865903784,0.09991581460083024,0.09189005358551132,0.1274278163909912,0.008881002460009208,0.008880558453050469,0.07106566429138184,9.516233802950273e-20
0.09825777859420551,0.08878553221778802,0.09991582100064088,0.09189107579078855,0.12372016906738281,0.008880558462387026,0.008880114478415635,0.06680560111999512,9.5165022483018e-20
0.09825701373770174,0.08878534579421313,0.09991582740389807,0.09189209789526179,0.1236276626586914,0.008880114487003649,0.008879670524919447,0.06921768188476562,9.516770697587047e-20
0.09825624887986775,0.08878515938828373,0.09991583381058353,0.09189311989891953,0.1155855655670166,0.008879670533860743,0.008879226594338263,0.06565546989440918,9.51703916260031e-20
0.09825548402068705,0.08878497299997047,0.09991584022067906,0.09189414180175037,0.11433887481689453,0.008879226602955086,0.008878782685428632,0.06369614601135254,9.517307579298368e-20
0.09825471916014317,0.08878478662924422,0.09991584663416662,0.09189516360374306,0.11654877662658691,0.008878782694288335,0.008878338798723462,0.06339812278747559,9.517575994803295e-20
0.09825395429821975,0.08878460027607592,0.0999158530510282,0.09189618530488645,0.12025761604309082,0.008878338807858037,0.008877894934755659,0.0636136531829834,9.517844414197941e-20
0.09825318943490048,0.08878441394043671,0.09991585947124589,0.09189720690516953,0.127335786819458,0.008877894943662994,0.008877451092992317,0.06673574447631836,9.518112841969248e-20
0.09825242457016918,0.08878422762229782,0.09991586589480186,0.09189822840458148,0.12124776840209961,0.008877451101702096,0.008877007272545256,0.0688626766204834,9.51838120963071e-20
0.09825165970400976,0.08878404132163065,0.0999158723216784,0.09189924980311158,0.12574338912963867,0.008877007281974974,0.00887656347536847,0.07146668434143066,9.518649628745003e-20
0.09825089483640614,0.08878385503840672,0.09991587875185784,0.09190027110074915,0.11753606796264648,0.008876563484479103,0.008876119700040874,0.06745076179504395,9.518917991158662e-20
0.09825012996734248,0.08878366877259766,0.09991588518532266,0.09190129229748377,0.1181333065032959,0.008876119709213719,0.008875675946740103,0.06847238540649414,9.519186356889083e-20
0.09824936509680293,0.08878348252417527,0.09991589162205537,0.09190231339330515,0.11937880516052246,0.00887567595617879,0.00887523221653197,0.06495833396911621,9.51945472554077e-20
0.09824860022477173,0.08878329629311149,0.09991589806203863,0.09190333438820304,0.1245126724243164,0.008875232225372131,0.008874788507640119,0.06798863410949707,9.519723114988893e-20
0.09824783535123331,0.08878311007937835,0.09991590450525512,0.09190435528216735,0.11758637428283691,0.008874788516792294,0.008874344821663271,0.06492257118225098,9.519991413810292e-20
0.09824707047617204,0.08878292388294806,0.09991591095168764,0.09190537607518807,0.11956310272216797,0.008874344830437772,0.008873901157002706,0.06421494483947754,9.520259763363067e-20
0.09824630559957247,0.08878273770379294,0.0999159174013191,0.09190639676725543,0.12476992607116699,0.008873901166309896,0.008873457515612415,0.06821703910827637,9.520528088446554e-20
0.09824554072141917,0.08878255154188544,0.09991592385413242,0.09190741735835968,0.12122821807861328,0.008873457524405798,0.008873013895716042,0.06582117080688477,9.520796366965288e-20
0.09824477584169689,0.08878236539719815,0.09991593031011069,0.09190843784849131,0.12252616882324219,0.008873013904723764,0.008872570297668858,0.06445622444152832,9.521064632873905e-20
0.09824401096039033,0.0887821792697038,0.09991593676923705,0.09190945823764082,0.12749075889587402,0.00887257030726504,0.008872126723069584,0.06804037094116211,9.521332980925042e-20
0.09824324607748436,0.08878199315937522,0.09991594323149469,0.09191047852579896,0.11496806144714355,0.008872126732025747,0.008871683170141864,0.06471586227416992,9.521601235947645e-20
0.09824248119296389,0.0887818070661854,0.09991594969686696,0.09191149871295652,0.11852073669433594,0.00887168317900708,0.008871239639240969,0.06427669525146484,9.521869514552244e-20
0.09824171630681397,0.08878162099010743,0.09991595616533723,0.09191251879910439,0.1265401840209961,0.008871239648206696,0.008870796131432712,0.06922316551208496,9.522137781418919e-20
0.0982409514190197,0.08878143493111455,0.09991596263688897,0.09191353878423371,0.11447429656982422,0.00887079613962272,0.00887035264440783,0.06390833854675293,9.522406022742353e-20
0.09824018652956625,0.08878124888918011,0.09991596911150573,0.09191455866833559,0.11904215812683105,0.008870352653256164,0.008869909180297952,0.06409907341003418,9.522674294144193e-20
0.09823942163843888,0.0887810628642776,0.09991597558917116,0.09191557845140132,0.1273326873779297,0.008869909189104522,0.008869465737859628,0.06821155548095703,9.522942538675762e-20
0.0982386567456229,0.08878087685638064,0.09991598206986899,0.09191659813342228,0.12255311012268066,0.008869465747167375,0.008869022318513942,0.06791377067565918,9.523210769997369e-20
0.09823789185110379,0.08878069086546295,0.099915988553583,0.09191761771439001,0.11377930641174316,0.00886902232744221,0.00886857892119508,0.0634162425994873,9.523478956053253e-20
0.0982371269548671,0.08878050489149839,0.09991599504029708,0.09191863719429628,0.12359428405761719,0.008868578929928938,0.008868135545725409,0.06496715545654297,9.523747186530862e-20
0.09823636205689842,0.08878031893446095,0.09991600152999519,0.09191965657313286,0.12511205673217773,0.008868135554626462,0.008867692192282561,0.06890273094177246,9.52401536491428e-20
0.0982355971571834,0.08878013299432475,0.09991600802266139,0.0919206758508917,0.11476469039916992,0.00886769220153432,0.008867248861577082,0.0642538070678711,9.524283560963078e-20
0.09823483225570777,0.08877994707106397,0.09991601451827979,0.09192169502756474,0.11824178695678711,0.008867248870650768,0.008866805553253698,0.06380414962768555,9.524551734590344e-20
0.09823406735245736,0.08877976116465303,0.0999160210168346,0.09192271410314415,0.12419700622558594,0.008866805561973298,0.008866362266601868,0.06796932220458984,9.524819906086491e-20
0.09823330244741811,0.08877957527506636,0.0999160275183101,0.09192373307762217,0.12636685371398926,0.00886636227550352,0.008865919002332134,0.07100129127502441,9.525088073344938e-20
0.09823253754057594,0.08877938940227857,0.09991603402269064,0.09192475195099119,0.11569070816040039,0.008865919011237627,0.008865475760444497,0.06516385078430176,9.525356192140199e-20
0.09823177263191692,0.08877920354626438,0.09991604052996067,0.09192577072324368,0.11618709564208984,0.008865475769176435,0.008865032540228412,0.06316137313842773,9.525624378563548e-20
0.09823100772142719,0.08877901770699863,0.0999160470401047,0.09192678939437222,0.1239314079284668,0.008865032549318344,0.008864589342749696,0.06522417068481445,9.525892458315405e-20
0.098230242809093,0.08877883188445626,0.09991605355310731,0.09192780796436961,0.1230154037475586,0.00886458935166208,0.00886414616747544,0.06907415390014648,9.526160583520146e-20
0.09822947789490062,0.08877864607861234,0.0999160600689532,0.09192882643322861,0.11500167846679688,0.008864146176206919,0.008863703013695101,0.06495285034179688,9.526428711985035e-20
0.09822871297883641,0.08877846028944207,0.0999160665876271,0.09192984480094221,0.11639237403869629,0.008863703022952408,0.008863259883007402,0.06327605247497559,9.526696828370626e-20
0.09822794806088683,0.08877827451692075,0.09991607310911384,0.09193086306750349,0.12444901466369629,0.008863259891894452,0.00886281677381362,0.06656765937805176,9.52696491664463e-20
0.09822718314103843,0.0887780887610238,0.09991607963339831,0.09193188123290556,0.12304067611694336,0.008862816783034655,0.008862373687001934,0.06809854507446289,9.52723298288581e-20
0.09822641821927773,0.08877790302172678,0.09991608616046549,0.09193289929714178,0.12280511856079102,0.00886237369637249,0.00886193062274998,0.06867408752441406,9.527501031025585e-20
0.09822565329559155,0.08877771729900531,0.09991609269030044,0.09193391726020554,0.11483073234558105,0.008861930631904533,0.008861487580880123,0.06426000595092773,9.527769099474102e-20
0.09822488836996651,0.08877753159283519,0.09991609922288827,0.09193493512209036,0.11647248268127441,0.00886148758963025,0.008861044560859455,0.06315469741821289,9.52803715461565e-20
0.09822412344238947,0.08877734590319229,0.09991610575821418,0.09193595288278987,0.12396693229675293,0.008861044569547985,0.008860601562865611,0.06575775146484375,9.528305172318087e-20
0.09822335851284734,0.08877716023005262,0.09991611229626345,0.09193697054229774,0.12333893775939941,0.008860601571657956,0.008860158587609135,0.06928110122680664,9.528573261106511e-20
0.09822259358132703,0.0887769745733923,0.09991611883702141,0.09193798810060777,0.11543965339660645,0.00886015859595791,0.008859715632958398,0.06550955772399902,9.528841243477684e-20
0.09822182864781558,0.08877678893318754,0.09991612538047351,0.09193900555771396,0.11597752571105957,0.008859715642449974,0.008859272701933207,0.06387853622436523,9.529109266432622e-20
0.09822106371230013,0.08877660330941468,0.09991613192660523,0.09194002291361038,0.12941360473632812,0.008859272711129552,0.008858829792934841,0.072540283203125,9.529377328988919e-20
0.0982202987747679,0.08877641770205018,0.09991613847540212,0.09194104016829122,0.12036585807800293,0.00885882980199683,0.008858386906318572,0.06373238563537598,9.529645266582192e-20
0.09821953383520615,0.0887762321110706,0.09991614502684984,0.0919420573217507,0.12634539604187012,0.008858386915049405,0.008857944040840948,0.06828832626342773,9.529913248585945e-20
0.09821876889360215,0.0887760465364526,0.0999161515809341,0.09194307437398323,0.11907958984375,0.008857944050288589,0.008857501199166506,0.06783723831176758,9.530181231148621e-20
0.0982180039499433,0.08877586097817297,0.09991615813764067,0.09194409132498334,0.11559081077575684,0.008857501207710094,0.008857058378097804,0.06496787071228027,9.530449220279184e-20
0.09821723900421711,0.0887756754362086,0.09991616469695538,0.09194510817474558,0.11507129669189453,0.008857058387314695,0.008856615580654648,0.06325721740722656,9.530717141348812e-20
0.09821647405641111,0.08877548991053648,0.09991617125886419,0.09194612492326461,0.11896562576293945,0.008856615589099993,0.008856172804527773,0.06463193893432617,9.53098510605905e-20
0.0982157091065129,0.08877530440113372,0.09991617782335308,0.09194714157053521,0.12352728843688965,0.008856172813066086,0.008855730050072452,0.06654787063598633,9.531253019994743e-20
0.09821494415451018,0.08877511890797754,0.09991618439040811,0.09194815811655234,0.12341094017028809,0.00885573005921387,0.008855287319597949,0.06877684593200684,9.531520958565468e-20
0.09821417920039072,0.08877493343104526,0.09991619096001543,0.09194917456131099,0.12194466590881348,0.008855287327537719,0.008854844609018642,0.07047224044799805,9.531788872851111e-20
0.0982134142441422,0.08877474797031429,0.09991619753216123,0.09195019090480626,0.11900544166564941,0.008854844618040786,0.008854401921354338,0.0673058032989502,9.532056795308499e-20
0.09821264928575263,0.0887745625257622,0.09991620410683179,0.09195120714703334,0.11497783660888672,0.008854401930719827,0.008853959256605037,0.06455826759338379,9.532324670269976e-20
0.09821188432520989,0.0887743770973666,0.09991621068401343,0.09195222328798755,0.11563968658447266,0.008853959265573376,0.008853516613704926,0.06482815742492676,9.532592518593749e-20
0.09821111936250206,0.08877419168510524,0.09991621726369257,0.09195323932766429,0.1158447265625,0.008853516622601278,0.00885307399283164,0.06201815605163574,9.532860470933936e-20
0.09821035439761723,0.08877400628895596,0.09991622384585568,0.09195425526605916,0.11978697776794434,0.008853074001802495,0.008852631393807542,0.06265759468078613,9.533128285833378e-20
0.09820958943054359,0.08877382090889675,0.0999162304304893,0.09195527110316772,0.12577295303344727,0.008852631403176336,0.008852188817520812,0.0653691291809082,9.533396172501884e-20
0.09820882446126937,0.08877363554490565,0.09991623701758007,0.09195628683898566,0.1207118034362793,0.00885218882671989,0.008851746263616178,0.06809282302856445,9.533663999402132e-20
0.09820805948978283,0.08877345019696081,0.09991624360711464,0.09195730247350886,0.11606693267822266,0.008851746272432667,0.008851303731205462,0.06618285179138184,9.533931832732172e-20
0.09820729451607228,0.08877326486504052,0.09991625019907976,0.09195831800673315,0.12325453758239746,0.008851303740315012,0.008850861221532114,0.06856250762939453,9.534199668836674e-20
0.09820652954012622,0.08877307954912311,0.09991625679346225,0.09195933343865459,0.11627793312072754,0.008850861230363709,0.00885041873388559,0.06630492210388184,9.534467486494762e-20
0.09820576456193315,0.08877289424918708,0.09991626339024898,0.09196034876926922,0.1140601634979248,0.008850418742578383,0.008849976267732984,0.06401944160461426,9.534735308760127e-20
0.09820499958148161,0.08877270896521099,0.09991626998942689,0.09196136399857328,0.11458301544189453,0.00884997627695964,0.00884953382414011,0.06426763534545898,9.53500309092079e-20
0.09820423459876022,0.0887725236971735,0.099916276590983,0.09196237912656302,0.11621475219726562,0.008849533833504957,0.008849091403284604,0.06306028366088867,9.535270897826942e-20
0.09820346961375763,0.08877233844505339,0.09991628319490437,0.09196339415323486,0.11894536018371582,0.008849091412211938,0.008848649004278286,0.06349563598632812,9.535538659631302e-20
0.09820270462646262,0.0887721532088295,0.09991628980117814,0.09196440907858522,0.12209343910217285,0.008848649013081373,0.008848206627298794,0.06359171867370605,9.535806444721502e-20
0.09820193963686402,0.08877196798848082,0.09991629640979152,0.09196542390261075,0.12547039985656738,0.0088482066361102,0.008847764272346126,0.0662689208984375,9.536074193931818e-20
0.09820117464495072,0.0887717827839864,0.09991630302073178,0.09196643862530812,0.12126874923706055,0.008847764281299028,0.008847321939775554,0.06868839263916016,9.536341946016167e-20
0.0982004096507116,0.08877159759532541,0.09991630963398623,0.09196745324667409,0.11853599548339844,0.008847321948646725,0.008846879629409443,0.06839203834533691,9.536609686200206e-20
0.09819964465413575,0.08877141242247712,0.0999163162495423,0.09196846776670553,0.12393641471862793,0.008846879638150824,0.008846437341070157,0.06787443161010742,9.536877371257927e-20
0.0981988796552122,0.08877122726542086,0.0999163228673874,0.09196948218539942,0.11760091781616211,0.008846437349812886,0.008845995074757695,0.06807494163513184,9.537145177344277e-20
0.09819811465393014,0.08877104212413611,0.09991632948750907,0.09197049650275281,0.11628603935241699,0.008845995083629103,0.008845552830472059,0.06688666343688965,9.537412836397894e-20
0.09819734965027868,0.08877085699860243,0.0999163361098949,0.09197151071876289,0.11509442329406738,0.008845552839599799,0.008845110609101425,0.06511735916137695,9.537680562266544e-20
0.09819658464424709,0.08877067188879946,0.09991634273453251,0.09197252483342686,0.11427855491638184,0.008845110617722701,0.008844668408691803,0.06370806694030762,9.537948238618297e-20
0.09819581963582467,0.08877048679470693,0.09991634936140963,0.09197353884674202,0.11432194709777832,0.008844668417998929,0.008844226231907726,0.0637502670288086,9.538215949181085e-20
0.09819505462500086,0.08877030171630466,0.09991635599051402,0.09197455275870578,0.11482810974121094,0.008844226240423421,0.008843784075729388,0.06328320503234863,9.538483571696216e-20
0.09819428961176509,0.0887701166535726,0.0999163626218335,0.09197556656931566,0.1149892807006836,0.008843784084999324,0.008843341942466054,0.06263327598571777,9.538751267546442e-20
0.09819352459610685,0.08876993160649074,0.09991636925535596,0.09197658027856921,0.11647224426269531,0.00884334195172446,0.008842899831762452,0.06241154670715332,9.539018878563837e-20
0.0981927595780157,0.08876974657503922,0.09991637589106936,0.09197759388646418,0.12769651412963867,0.008842899840594946,0.008842457742552767,0.06394815444946289,9.53928658757075e-20
0.09819199455748122,0.08876956155919824,0.0999163825289617,0.0919786073929983,0.11441898345947266,0.008842457751612754,0.008842015675902815,0.0625615119934082,9.539554175257525e-20
0.09819122953449315,0.08876937655894813,0.09991638916902106,0.09197962079816947,0.11396598815917969,0.008842015684774756,0.008841573631457322,0.06235241889953613,9.539821793028727e-20
0.09819046450904119,0.08876919157426928,0.09991639581123554,0.09198063410197564,0.11672520637512207,0.00884157364008116,0.008841131608683384,0.06316351890563965,9.540089427818417e-20
0.0981896994811152,0.08876900660514216,0.09991640245559336,0.09198164730441484,0.11595702171325684,0.008841131617530223,0.008840689608113905,0.06214547157287598,9.540357045205597e-20
0.09818893445070502,0.08876882165154736,0.09991640910208274,0.09198266040548522,0.11745786666870117,0.008840689617122482,0.008840247629926523,0.06300640106201172,9.540624593279816e-20
0.09818816941780055,0.08876863671346552,0.09991641575069202,0.09198367340518494,0.11721038818359375,0.008840247638854515,0.008839805673943602,0.06171560287475586,9.540892166650123e-20
0.09818740438239176,0.08876845179087742,0.09991642240140954,0.09198468630351231,0.11777496337890625,0.008839805682725833,0.008839363739809869,0.062161922454833984,9.541159764056818e-20
0.09818663934446868,0.0887682668837639,0.09991642905422372,0.09198569910046567,0.11951541900634766,0.008839363748735684,0.008838921827880597,0.062482595443725586,9.541427334153073e-20
0.09818587430402137,0.08876808199210587,0.09991643570912308,0.09198671179604356,0.1288149356842041,0.00883892183688268,0.008838479938688693,0.07143115997314453,9.541694896208925e-20
0.09818510926103997,0.0887678971158844,0.0999164423660961,0.09198772439024452,0.1223137378692627,0.0088384799471646,0.008838038071168342,0.06710004806518555,9.541962395076863e-20
0.09818434421551477,0.08876771225508057,0.09991644902513142,0.09198873688306722,0.1148374080657959,0.00883803807958235,0.008837596225141908,0.06300640106201172,9.542229940447237e-20
0.09818357916743593,0.08876752740967557,0.09991645568621768,0.0919897492745104,0.12296366691589355,0.008837596234135955,0.00883715440238575,0.06685304641723633,9.542497466474355e-20
0.09818281411679378,0.08876734257965072,0.0999164623493436,0.0919907615645728,0.11747097969055176,0.008837154410820846,0.008836712600590602,0.06446385383605957,9.542764975932281e-20
0.09818204906357866,0.08876715776498735,0.09991646901449791,0.0919917737532533,0.12554550170898438,0.008836712609639256,0.008836270821888093,0.06739497184753418,9.543032518592713e-20
0.09818128400778102,0.08876697296566695,0.09991647568166946,0.09199278584055094,0.11703205108642578,0.00883627083058781,0.008835829064501866,0.06440973281860352,9.543299994600311e-20
0.09818051894939137,0.08876678818167105,0.09991648235084714,0.0919937978264647,0.12573575973510742,0.008835829073666368,0.008835387330030642,0.06915998458862305,9.54356746359194e-20
0.09817975388840026,0.08876660341298132,0.09991648902201986,0.09199480971099376,0.12538599967956543,0.00883538733887313,0.008834945617408607,0.06730008125305176,9.543834973121455e-20
0.09817898882479827,0.08876641865957943,0.09991649569517662,0.09199582149413738,0.11649107933044434,0.008834945626207014,0.008834503926813397,0.06352829933166504,9.544102453250342e-20
0.09817822375857607,0.08876623392144721,0.09991650237030646,0.09199683317589478,0.12609052658081055,0.008834503935667225,0.008834062258422648,0.06869101524353027,9.544369879415839e-20
0.09817745868972433,0.08876604919856654,0.09991650904739849,0.0919978447562654,0.11645770072937012,0.008834062267252333,0.008833620611703452,0.06523966789245605,9.544637318773617e-20
0.09817669361823385,0.08876586449091937,0.09991651572644185,0.09199885623524864,0.12554478645324707,0.00883362062096156,0.00883317898789926,0.067626953125,9.544904781122753e-20
0.09817592854409538,0.08876567979848778,0.09991652240742575,0.09199986761284411,0.11407017707824707,0.008833178996793452,0.008832737385411349,0.06312918663024902,9.545172170362616e-20
0.09817516346729982,0.08876549512125388,0.09991652909033946,0.09200087888905131,0.12749147415161133,0.008832737394748595,0.008832295805127899,0.07108879089355469,9.545439580422375e-20
0.09817439838783809,0.08876531045919991,0.09991653577517227,0.09200189006386998,0.12571048736572266,0.008832295814825253,0.008831854248469995,0.06869101524353027,9.545706994714139e-20
0.09817363330570116,0.08876512581230818,0.09991654246191359,0.09200290113729988,0.11347103118896484,0.00883185425701813,0.00883141271241783,0.06324362754821777,9.545974381925296e-20
0.09817286822088005,0.08876494118056104,0.09991654915055281,0.09200391210934088,0.12362790107727051,0.008831412721331287,0.008830971198925397,0.06667184829711914,9.546241845450298e-20
0.09817210313336587,0.08876475656394098,0.09991655584107942,0.09200492297999292,0.12098431587219238,0.008830971207761553,0.008830529706926882,0.06669306755065918,9.546509189453146e-20
0.09817133804314974,0.08876457196243054,0.09991656253348294,0.092005933749256,0.11641073226928711,0.00883052971630893,0.008830088238553913,0.06349015235900879,9.546776520176455e-20
0.09817057295022286,0.08876438737601236,0.09991656922775295,0.09200694441713025,0.1266469955444336,0.008830088246969422,0.008829646790609047,0.06812763214111328,9.547043921603392e-20
0.09816980785457642,0.08876420280466912,0.09991657592387908,0.09200795498361579,0.11453628540039062,0.008829646799745457,0.008829205366289727,0.06482625007629395,9.547311251737272e-20
0.09816904275620177,0.08876401824838362,0.09991658262185103,0.09200896544871283,0.127701997756958,0.008829205374633775,0.008828763962576147,0.06424307823181152,9.547578559776366e-20
0.09816827765509024,0.08876383370713874,0.09991658932165852,0.09200997581242172,0.12365221977233887,0.008828763971634762,0.008828322582132841,0.06645798683166504,9.547845894612658e-20
0.09816751255123322,0.08876364918091739,0.09991659602329134,0.09201098607474284,0.12080764770507812,0.008828322590745832,0.00882788122371636,0.06714534759521484,9.548113241051137e-20
0.09816674744462213,0.08876346466970263,0.09991660272673933,0.09201199623567667,0.11609101295471191,0.008827881231965599,0.00882743988626089,0.06409931182861328,9.548380553724666e-20
0.09816598233524838,0.08876328017347752,0.09991660943199238,0.09201300629522367,0.12224793434143066,0.008827439895296012,0.008826998571365152,0.06647276878356934,9.548647800013465e-20
0.09816521722310362,0.08876309569222526,0.09991661613904042,0.09201401625338455,0.1206352710723877,0.008826998580734281,0.008826557279206781,0.06686925888061523,9.548915142837356e-20
0.09816445210817948,0.08876291122592912,0.09991662284787345,0.09201502611015999,0.1157684326171875,0.008826557288278239,0.008826116009075236,0.06476950645446777,9.549182398402821e-20
0.09816368699046756,0.08876272677457243,0.0999166295584815,0.09201603586555074,0.1295783519744873,0.008826116017927054,0.008825674760259972,0.07216596603393555,9.549449673662456e-20
0.09816292186995951,0.08876254233813861,0.09991663627085469,0.09201704551955758,0.12460160255432129,0.008825674769681111,0.008825233534182075,0.06789851188659668,9.549716956746464e-20
0.09816215674664713,0.08876235791661113,0.09991664298498312,0.0920180550721814,0.11739850044250488,0.008825233543537571,0.00882479233030864,0.06578516960144043,9.549984120670593e-20
0.09816139162052222,0.08876217350997356,0.099916649700857,0.09201906452342319,0.11511063575744629,0.008824792339495624,0.008824351149172571,0.06304311752319336,9.550251388557344e-20
0.09816062649157654,0.08876198911820952,0.09991665641846656,0.09202007387328398,0.12282061576843262,0.008824351157552472,0.008823909988997514,0.06429004669189453,9.550518619000736e-20
0.09815986135980201,0.08876180474130274,0.09991666313780209,0.09202108312176485,0.12285757064819336,0.00882390999771004,0.008823468851026917,0.06853318214416504,9.550785825359866e-20
0.09815909622519049,0.08876162037923702,0.09991666985885392,0.09202209226886708,0.11392879486083984,0.008823468859967272,0.00882302773526078,0.06388163566589355,9.551053062603278e-20
0.09815833108773406,0.0887614360319962,0.09991667658161243,0.09202310131459188,0.11767697334289551,0.00882302774432268,0.008822586642054375,0.06345629692077637,9.551320258791252e-20
0.09815756594742475,0.08876125169956425,0.09991668330606807,0.09202411025894057,0.12637686729431152,0.00882258665077312,0.008822145570341888,0.0693047046661377,9.551587431418738e-20
0.09815680080425467,0.08876106738192516,0.0999166900322113,0.0920251191019145,0.12714242935180664,0.008822145579319249,0.008821704521011497,0.06817770004272461,9.551854608578962e-20
0.09815603565821594,0.088760883079063,0.09991669676003266,0.09202612784351517,0.11513137817382812,0.008821704529958866,0.008821263493175024,0.0654599666595459,9.552121768404442e-20
0.0981552705093007,0.08876069879096193,0.09991670348952271,0.09202713648374425,0.11505866050720215,0.008821263502692946,0.00882082248843119,0.06287717819213867,9.552388948235397e-20
0.09815450535750118,0.0887605145176062,0.09991671022067208,0.09202814502260326,0.12445354461669922,0.008820822497518341,0.008820381505536545,0.06511425971984863,9.552656111725992e-20
0.09815374020280969,0.08876033025898013,0.09991671695347146,0.09202915346009385,0.12355852127075195,0.008820381514434535,0.008819940544668725,0.06888079643249512,9.552923219949842e-20
0.09815297504521849,0.08876014601506806,0.09991672368791152,0.09203016179621776,0.1157674789428711,0.008819940553439837,0.008819499605472458,0.06559896469116211,9.553190360059953e-20
0.09815220988471994,0.08875996178585444,0.09991673042398304,0.09203117003097674,0.11508011817932129,0.008819499614533488,0.008819058688835923,0.06314659118652344,9.553457439302593e-20
0.09815144472130645,0.08875977757132378,0.09991673716167683,0.09203217816437273,0.12814974784851074,0.008819058697715336,0.008818617793693306,0.0718228816986084,9.553724574989735e-20
0.0981506795549705,0.0887595933714607,0.09991674390098375,0.09203318619640766,0.12577462196350098,0.008818617802983696,0.008818176921465692,0.06530380249023438,9.553991641425719e-20
0.09814991438570458,0.08875940918624983,0.09991675064189469,0.0920341941270835,0.12409687042236328,0.008818176930336617,0.008817736070909632,0.06924939155578613,9.55425874871877e-20
0.09814914921350122,0.0887592250156759,0.0999167573844006,0.09203520195640236,0.11538553237915039,0.008817736079773464,0.008817295242380396,0.06522297859191895,9.55452581738503e-20
0.09814838403835299,0.08875904085972373,0.09991676412849249,0.09203620968436642,0.11526226997375488,0.008817295251294089,0.008816854435877985,0.06329607963562012,9.554792928415562e-20
0.09814761886025251,0.08875885671837816,0.09991677087416134,0.09203721731097787,0.12057614326477051,0.008816854444896076,0.0088164136514024,0.06377673149108887,9.555059978335554e-20
0.09814685367919251,0.08875867259162412,0.09991677762139828,0.09203822483623889,0.1252744197845459,0.008816413660579638,0.008815972888953638,0.06751418113708496,9.555327060218356e-20
0.09814608849516576,0.08875848847944665,0.09991678437019443,0.09203923226015188,0.11870670318603516,0.008815972898343388,0.00881553214941988,0.06707477569580078,9.555594056194864e-20
0.09814532330816499,0.0887583043818308,0.09991679112054094,0.09204023958271926,0.11379289627075195,0.008815532158184765,0.00881509143138004,0.06354188919067383,9.55586105262808e-20
0.09814455811818297,0.0887581202987617,0.09991679787242903,0.09204124680394346,0.12607383728027344,0.008815091440103364,0.008814650735011753,0.0635535717010498,9.556128121029266e-20
0.09814379292521254,0.08875793623022459,0.09991680462584995,0.09204225392382703,0.11598849296569824,0.008814650744099508,0.008814210061203198,0.06295895576477051,9.556395137218225e-20
0.09814302772924664,0.08875775217620471,0.09991681138079503,0.0920432609423726,0.12140226364135742,0.008814210070170978,0.008813769409243832,0.06372880935668945,9.556662127049898e-20
0.09814226253027815,0.08875756813668745,0.09991681813725557,0.09204426785958282,0.12623143196105957,0.008813769418315387,0.008813328779666563,0.06752896308898926,9.556929084986219e-20
0.09814149732830019,0.08875738411165818,0.099916824895223,0.09204527467546039,0.1186974048614502,0.008813328788533623,0.008812888172293754,0.06683564186096191,9.557196070500325e-20
0.09814073212330574,0.08875720010110238,0.0999168316546887,0.09204628139000814,0.11486124992370605,0.008812888180822532,0.00881244758570432,0.06432986259460449,9.557463057661832e-20
0.09813996691528781,0.08875701610500561,0.0999168384156442,0.09204728800322891,0.11516666412353516,0.008812447595184798,0.008812007022740431,0.0629727840423584,9.557729981684267e-20
0.09813920170423962,0.08875683212335346,0.09991684517808097,0.09204829451512556,0.11686348915100098,0.008812007031615809,0.00881156648127046,0.06255841255187988,9.557996958268627e-20
0.09813843649015427,0.08875664815613163,0.09991685194199061,0.09204930092570107,0.12957048416137695,0.008811566490114284,0.008811125961827315,0.07180190086364746,9.558263917500788e-20
0.09813767127302496,0.08875646420332585,0.09991685870736468,0.09205030723495848,0.12091875076293945,0.00881112597068134,0.00881068546458863,0.06360077857971191,9.558530805297487e-20
0.09813690605284496,0.08875628026492191,0.09991686547419486,0.09205131344290085,0.1248323917388916,0.008810685473313925,0.008810244989199134,0.0674128532409668,9.558797751998168e-20
0.0981361408296075,0.08875609634090569,0.09991687224247281,0.0920523195495314,0.11976456642150879,0.008810244998013252,0.008809804536014099,0.06868410110473633,9.559064677634877e-20
0.09813537560330593,0.0887559124312631,0.09991687901219026,0.0920533255548533,0.1158297061920166,0.00880980454477556,0.008809364104500617,0.06585836410522461,9.559331558303866e-20
0.0981346103739336,0.08875572853598016,0.09991688578333899,0.09205433145886983,0.11335182189941406,0.008809364113601737,0.008808923695902138,0.06288886070251465,9.559598422740143e-20
0.09813384514148393,0.08875554465504291,0.0999168925559108,0.0920553372615843,0.11457395553588867,0.00880892370448965,0.008808483308619941,0.06283092498779297,9.55986533162031e-20
0.09813307990595037,0.0887553607884375,0.09991689932989754,0.09205634296300011,0.1162559986114502,0.008808483317438274,0.008808042943364569,0.06258535385131836,9.560132212370013e-20
0.09813231466732633,0.08875517693615008,0.09991690610529111,0.09205734856312076,0.12151646614074707,0.00880804295244741,0.008807602600136022,0.06364655494689941,9.560399053592347e-20
0.09813154942560542,0.08875499309816691,0.09991691288208343,0.09205835406194966,0.12824630737304688,0.008807602609516076,0.008807162279822478,0.06952714920043945,9.560665905942186e-20
0.09813078418078122,0.0887548092744743,0.09991691966026647,0.09205935945949045,0.12451720237731934,0.008807162288640986,0.008806721981002852,0.06614065170288086,9.560932732174248e-20
0.0981300189328473,0.08875462546505862,0.09991692643983224,0.09206036475574672,0.12373089790344238,0.008806721989822828,0.00880628170421005,0.06807088851928711,9.561199551160505e-20
0.09812925368179735,0.08875444166990631,0.0999169332207728,0.09206136995072216,0.1172647476196289,0.008806281713059427,0.008805841448911167,0.06793904304504395,9.561466387959412e-20
0.09812848842762502,0.08875425788900387,0.09991694000308024,0.0920623750444205,0.11546587944030762,0.00880584145835047,0.008805401216882558,0.06537246704101562,9.561733191239086e-20
0.09812772317032398,0.08875407412233784,0.09991694678674669,0.09206338003684551,0.11508870124816895,0.008805401225695317,0.008804961006347867,0.06432819366455078,9.562000014327635e-20
0.098126957909888,0.08875389036989484,0.09991695357176432,0.09206438492800112,0.11615204811096191,0.008804961015092313,0.008804520817662365,0.06465935707092285,9.562266781832571e-20
0.0981261926463109,0.08875370663166156,0.09991696035812533,0.0920653897178912,0.1180124282836914,0.008804520826540364,0.008804080651181323,0.06388378143310547,9.562533576628923e-20
0.0981254273795866,0.08875352290762473,0.09991696714582197,0.09206639440651972,0.12050676345825195,0.008804080660038686,0.0088036405061942,0.0640263557434082,9.562800326575802e-20
0.09812466210970894,0.08875333919777112,0.09991697393484654,0.09206739899389063,0.13062763214111328,0.008803640515586238,0.008803200384299714,0.07188153266906738,9.563067094343634e-20
0.09812389683667193,0.08875315550208758,0.09991698072519135,0.09206840348000807,0.12150382995605469,0.008803200393180423,0.008802760283721511,0.06341242790222168,9.563333833458652e-20
0.09812313156046944,0.08875297182056106,0.09991698751684877,0.09206940786487618,0.12163639068603516,0.008802760292821269,0.008802320205347769,0.06398916244506836,9.563600554090495e-20
0.09812236628109548,0.08875278815317852,0.09991699430981121,0.09207041214849918,0.11768245697021484,0.008802320214507664,0.008801880149356123,0.0665445327758789,9.563867316924764e-20
0.0981216009985441,0.088752604499927,0.09991700110407112,0.09207141633088124,0.12139296531677246,0.008801880158238117,0.008801440115213666,0.06527566909790039,9.564133988099991e-20
0.09812083571280936,0.0887524208607936,0.09991700789962095,0.09207242041202676,0.12134075164794922,0.008801440124012166,0.008801000102920398,0.06440448760986328,9.564400757671778e-20
0.09812007042388537,0.08875223723576546,0.09991701469645323,0.09207342439194004,0.1233360767364502,0.008801000111827752,0.008800560113186862,0.0666806697845459,9.564667447475204e-20
0.09811930513176627,0.08875205362482977,0.09991702149456051,0.0920744282706255,0.1182548999786377,0.008800560121684065,0.008800120144769608,0.06394839286804199,9.564934106607553e-20
0.09811853983644621,0.08875187002797381,0.0999170282939354,0.09207543204808763,0.1271054744720459,0.008800120153580367,0.00879968019873445,0.06856632232666016,9.565200783414075e-20
0.09811777453791941,0.08875168644518491,0.09991703509457049,0.09207643572433093,0.12527751922607422,0.008799680207515887,0.008799240274726117,0.06446599960327148,9.565467479808536e-20
0.09811700923618016,0.08875150287645042,0.09991704189645848,0.09207743929935998,0.12156939506530762,0.008799240283489187,0.008798800372744608,0.06415748596191406,9.565734124358651e-20
0.09811624393122279,0.08875131932175781,0.09991704869959206,0.09207844277317936,0.12284541130065918,0.008798800381497867,0.008798360492789925,0.06639313697814941,9.566000771838239e-20
0.09811547862304161,0.08875113578109453,0.09991705550396396,0.09207944614579376,0.11807894706726074,0.008798360501543067,0.008797920635217338,0.06358933448791504,9.566267412661388e-20
0.09811471331163099,0.08875095225444814,0.09991706230956696,0.09208044941720789,0.1280200481414795,0.008797920643621717,0.008797480798428126,0.06851649284362793,9.566534044446267e-20
0.09811394799698532,0.08875076874180625,0.09991706911639386,0.09208145258742652,0.11741232872009277,0.008797480807735458,0.008797040985086824,0.06459808349609375,9.566800669320286e-20
0.09811318267909905,0.0887505852431565,0.09991707592443752,0.09208245565645451,0.1274867057800293,0.008797040993881093,0.00879660119323944,0.06774568557739258,9.567067278645368e-20
0.09811241735796668,0.08875040175848663,0.09991708273369082,0.09208345862429672,0.12253165245056152,0.008796601202057552,0.008796161423063609,0.0663149356842041,9.56733389943929e-20
0.0981116520335827,0.08875021828778439,0.09991708954414667,0.09208446149095806,0.11850595474243164,0.008796161432265455,0.008795721676158053,0.06352829933166504,9.567600449288276e-20
0.0981108867059416,0.08875003483103759,0.09991709635579803,0.09208546425644355,0.12784123420715332,0.008795721684499476,0.008795281950746414,0.06847620010375977,9.567867054437257e-20
0.098110121375038,0.08874985138823413,0.09991710316863787,0.09208646692075821,0.11588549613952637,0.00879528195876033,0.00879484224611815,0.06376028060913086,9.568133563770464e-20
0.0981093560408665,0.08874966795936191,0.09991710998265925,0.09208746948390716,0.1251225471496582,0.008794842255050325,0.00879440256440489,0.06769299507141113,9.568400185469387e-20
0.09810859070342183,0.08874948454440894,0.0999171167978552,0.0920884719458955,0.11770892143249512,0.008794402573365279,0.008793962904718455,0.06401968002319336,9.568666698736346e-20
0.09810782536269856,0.08874930114336323,0.09991712361421881,0.09208947430672844,0.12687349319458008,0.008793962913704456,0.00879352326723648,0.06683921813964844,9.568933277848795e-20
0.09810706001869146,0.0887491177562129,0.09991713043174322,0.09209047656641119,0.1306302547454834,0.008793523276067049,0.008793083651603695,0.07239556312561035,9.569199746590507e-20
0.09810629467139531,0.08874893438294609,0.09991713725042159,0.09209147872494901,0.11644196510314941,0.008793083660451957,0.008792644058353005,0.06516051292419434,9.569466296474183e-20
0.09810552932080492,0.088748751023551,0.09991714407024711,0.09209248078234726,0.12653636932373047,0.00879264406685702,0.008792204486773869,0.06794023513793945,9.569732790730945e-20
0.09810476396691513,0.08874856767801587,0.09991715089121302,0.09209348273861129,0.11623859405517578,0.008792204495282872,0.008791764937221558,0.06376028060913086,9.569999278900494e-20
0.0981039986097207,0.088748384346329,0.09991715771331257,0.0920944845937465,0.1252307891845703,0.008791764945728028,0.008791325409518436,0.06629347801208496,9.570265772830792e-20
0.0981032332492166,0.08874820102847877,0.09991716453653905,0.09209548634775842,0.12013673782348633,0.008791325418191127,0.008790885903664503,0.06504082679748535,9.570532280298959e-20
0.09810246788539771,0.08874801772445355,0.09991717136088582,0.09209648800065257,0.12223386764526367,0.008790885912671399,0.008790446420192666,0.06442117691040039,9.570798738363799e-20
0.09810170251825898,0.08874783443424182,0.09991717818634623,0.09209748955243446,0.12660765647888184,0.008790446429166333,0.008790006958570018,0.07133626937866211,9.571065167294869e-20
0.09810093714779537,0.08874765115783208,0.09991718501291368,0.0920984910031098,0.1184687614440918,0.008790006967677517,0.008789567519329466,0.06427359580993652,9.571331622306151e-20
0.09810017177400197,0.08874746789521289,0.09991719184058159,0.09209949235268422,0.12309122085571289,0.008789567528201205,0.008789128101760468,0.0666649341583252,9.571598132357955e-20
0.09809940639687381,0.08874728464637285,0.09991719866934343,0.09210049360116342,0.12256407737731934,0.00878912811073796,0.008788688706928838,0.06639838218688965,9.571864495057777e-20
0.098098641016406,0.08874710141130064,0.09991720549919268,0.0921014947485532,0.12146234512329102,0.008788688715282916,0.008788249332880582,0.06492018699645996,9.572130949770615e-20
0.0980978756325937,0.08874691818998495,0.0999172123301229,0.09210249579485941,0.12372660636901855,0.008788249341840781,0.008787809981214423,0.06640315055847168,9.5723973764698e-20
0.09809711024543204,0.08874673498241456,0.09991721916212765,0.09210349674008783,0.1164102554321289,0.008787809990406736,0.008787370652285631,0.0630648136138916,9.572663721259273e-20
0.09809634485491621,0.08874655178857828,0.09991722599520049,0.0921044975842444,0.12438297271728516,0.008787370660981635,0.008786931344673121,0.06523346900939941,9.572930119399268e-20
0.0980955794610414,0.08874636860846494,0.09991723282933507,0.09210549832733501,0.12417864799499512,0.00878693135356335,0.008786492059442708,0.0660245418548584,9.573196498787064e-20
0.09809481406380285,0.08874618544206349,0.09991723966452504,0.09210649896936567,0.11753463745117188,0.008786492068150561,0.008786052796061483,0.06295585632324219,9.57346290962517e-20
0.0980940486631958,0.08874600228936287,0.09991724650076408,0.09210749951034235,0.12633705139160156,0.008786052804741724,0.008785613554529448,0.06810426712036133,9.573729230925932e-20
0.09809328325921565,0.08874581915035207,0.09991725333804594,0.09210849995027119,0.11551499366760254,0.008785613563336469,0.008785174335024237,0.06300926208496094,9.573995574808194e-20
0.09809251785185774,0.08874563602502014,0.09991726017636433,0.09210950028915832,0.12813615798950195,0.00878517434393397,0.00878473513719058,0.06728243827819824,9.574261891868661e-20
0.09809175244111741,0.08874545291335621,0.09991726701571307,0.09211050052700998,0.11770844459533691,0.008784735146532555,0.008784295962449562,0.0640268325805664,9.574528219977864e-20
0.0980909870269901,0.08874526981534941,0.09991727385608595,0.09211150066383238,0.1306469440460205,0.008784295971130002,0.008783856808669555,0.07107901573181152,9.574794573251834e-20
0.09809022160947119,0.08874508673098895,0.09991728069747682,0.09211250069963171,0.12774157524108887,0.008783856817727274,0.008783417677449279,0.06892156600952148,9.575060830862964e-20
0.0980894561885562,0.08874490366026405,0.09991728753987958,0.09211350063441429,0.11783337593078613,0.008783417686323618,0.0087829785686111,0.06538176536560059,9.575327172994823e-20
0.09808869076424057,0.08874472060316402,0.0999172943832881,0.09211450046818644,0.12692499160766602,0.008782978576915136,0.008782539480023388,0.06770133972167969,9.575593455813345e-20
0.09808792533651983,0.0887445375596782,0.09991730122769633,0.09211550020095456,0.11489677429199219,0.008782539489504627,0.008782100414883587,0.06391191482543945,9.575859724246437e-20
0.09808715990538959,0.088744354529796,0.09991730807309825,0.09211649983272509,0.1267688274383545,0.008782100424089147,0.008781661371948246,0.06669807434082031,9.576126016277153e-20
0.0980863944708454,0.08874417151350682,0.09991731491948785,0.09211749936350452,0.11815166473388672,0.008781661380664876,0.00878122235103973,0.06524324417114258,9.576392240768829e-20
0.09808562903288286,0.08874398851080013,0.09991732176685916,0.09211849879329938,0.12700510025024414,0.008781222359232135,0.008780783350736954,0.07274723052978516,9.57665847372303e-20
0.09808486359149762,0.08874380552166548,0.09991732861520623,0.0921194981221162,0.1265702247619629,0.008780783359792555,0.00878034437334918,0.0676872730255127,9.576924733616021e-20
0.0980840981466854,0.08874362254609244,0.09991733546452317,0.09212049734996161,0.11810994148254395,0.008780344382342993,0.008779905418165868,0.06434297561645508,9.577190966500946e-20
0.09808333269844186,0.08874343958407063,0.09991734231480408,0.09212149647684227,0.12523269653320312,0.008779905426881958,0.008779466484298837,0.06606006622314453,9.577457148446242e-20
0.09808256724676277,0.0887432566355897,0.0999173491660431,0.09212249550276484,0.11930489540100098,0.008779466493409703,0.008779027572636267,0.06472921371459961,9.577723383255929e-20
0.09808180179164391,0.08874307370063936,0.09991735601823441,0.09212349442773612,0.12095069885253906,0.008779027581925144,0.008778588683000521,0.06415987014770508,9.577989592653432e-20
0.09808103633308105,0.08874289077920937,0.09991736287137222,0.09212449325176282,0.12350654602050781,0.008778588692426863,0.008778149816102143,0.06612968444824219,9.578255739791877e-20
0.09808027087107002,0.08874270787128953,0.09991736972545076,0.0921254919748517,0.12551331520080566,0.008778149824912996,0.008777710970875319,0.07156109809875488,9.57852192736679e-20
0.0980795054056067,0.0887425249768697,0.09991737658046429,0.09212649059700966,0.12284016609191895,0.008777710979381145,0.00877727214678714,0.06631183624267578,9.578788085839329e-20
0.09807873993668696,0.08874234209593973,0.09991738343640709,0.09212748911824355,0.12224531173706055,0.008777272155832624,0.008776833345081059,0.0666043758392334,9.57905425682086e-20
0.09807797446430666,0.08874215922848956,0.09991739029327348,0.09212848753856033,0.11832952499389648,0.008776833354266279,0.008776394565934709,0.06528615951538086,9.579320358762495e-20
0.09807720898846185,0.08874197637450917,0.09991739715105782,0.09212948585796697,0.12577056884765625,0.008776394574678985,0.00877595580810464,0.06794261932373047,9.57958654032678e-20
0.09807644350914843,0.08874179353398857,0.09991740400975449,0.09213048407647048,0.11704611778259277,0.008775955817071334,0.008775517072656669,0.06392979621887207,9.579852655586641e-20
0.09807567802636237,0.08874161070691783,0.09991741086935789,0.09213148219407792,0.12759685516357422,0.00877551708144155,0.008775078358702615,0.06907534599304199,9.580118781219728e-20
0.09807491254009972,0.08874142789328704,0.09991741772986246,0.09213248021079641,0.11984086036682129,0.008775078367790172,0.008774639667308293,0.06386947631835938,9.580384916022297e-20
0.09807414705035641,0.08874124509308635,0.09991742459126265,0.09213347812663303,0.12543916702270508,0.008774639676113812,0.008774200997585524,0.0655677318572998,9.580650955475447e-20
0.09807338155712861,0.08874106230630599,0.09991743145355296,0.09213447594159505,0.12530279159545898,0.008774201006411712,0.008773762350067216,0.06761336326599121,9.580917042980602e-20
0.09807261606041237,0.08874087953293615,0.09991743831672789,0.09213547365568962,0.11712813377380371,0.008773762358683011,0.008773323724220461,0.06387758255004883,9.581183114931932e-20
0.09807185056020393,0.0887406967729671,0.099917445180782,0.09213647126892398,0.12787365913391113,0.008773323732927024,0.008772885120400531,0.06915855407714844,9.581449200876664e-20
0.09807108505649942,0.08874051402638918,0.09991745204570983,0.09213746878130542,0.11587834358215332,0.008772885129142595,0.008772446538252154,0.06346726417541504,9.581715272122975e-20
0.09807031954929503,0.08874033129319274,0.09991745891150601,0.09213846619284131,0.1262950897216797,0.008772446547330696,0.008772007978485874,0.06794166564941406,9.581981296817432e-20
0.09806955403858697,0.08874014857336819,0.09991746577816514,0.09213946350353899,0.11712193489074707,0.008772007987485845,0.008771569440213511,0.06481790542602539,9.582247358883646e-20
0.09806878852437148,0.08873996586690598,0.09991747264568189,0.09214046071340586,0.12926411628723145,0.008771569449611662,0.008771130924856152,0.0641782283782959,9.582513338447098e-20
0.0980680230066448,0.08873978317379659,0.09991747951405093,0.09214145782244935,0.12781643867492676,0.008771130933703589,0.00877069243099271,0.0691523551940918,9.582779375006054e-20
0.09806725748540329,0.08873960049403053,0.09991748638326697,0.09214245483067696,0.11430048942565918,0.008770692439761613,0.008770253958623186,0.06308937072753906,9.583045367053586e-20
0.09806649196064325,0.08873941782759837,0.09991749325332475,0.0921434517380962,0.12736749649047852,0.008770253967784664,0.008769815509168666,0.06766963005065918,9.583311402494296e-20
0.09806572643236101,0.08873923517449071,0.099917500124219,0.09214444854471461,0.11749482154846191,0.00876981551777121,0.008769377081030427,0.06478500366210938,9.583577387857079e-20
0.09806496090055293,0.08873905253469822,0.09991750699594452,0.09214544525053975,0.1224517822265625,0.008769377089719841,0.00876893867509665,0.06648492813110352,9.583843328140732e-20
0.09806419536521538,0.08873886990821157,0.09991751386849612,0.09214644185557926,0.12242317199707031,0.008768938683629487,0.008768500290479153,0.06665849685668945,9.584109265525824e-20
0.09806342982634483,0.08873868729502149,0.09991752074186863,0.09214743835984085,0.12682008743286133,0.00876850029950008,0.008768061928599025,0.06350946426391602,9.584375283832014e-20
0.09806266428393777,0.08873850469511875,0.09991752761605693,0.09214843476333216,0.12709355354309082,0.008768061937330155,0.008767623588212814,0.06669402122497559,9.584641212980888e-20
0.09806189873799061,0.08873832210849415,0.0999175344910559,0.09214943106606091,0.11836910247802734,0.008767623597118624,0.0087671852702087,0.06525921821594238,9.584907103314288e-20
0.09806113318849985,0.08873813953513854,0.09991754136686044,0.09215042726803489,0.12099575996398926,0.00876718527886368,0.008766746974053774,0.06460261344909668,9.585173043945722e-20
0.09806036763546208,0.0887379569750428,0.09991754824346549,0.09215142336926192,0.12311697006225586,0.00876674698256453,0.008766308699037495,0.06710004806518555,9.585438976450014e-20
0.09805960207887379,0.08873777442819787,0.09991755512086603,0.09215241936974983,0.11980915069580078,0.008766308708221881,0.008765870446758584,0.06519889831542969,9.585704856109544e-20
0.09805883651873162,0.0887375918945947,0.09991756199905703,0.09215341526950645,0.12699627876281738,0.00876587045583354,0.008765432216506497,0.06805634498596191,9.585970766854658e-20
0.09805807095503215,0.0887374093742243,0.09991756887803352,0.09215441106853971,0.1283705234527588,0.008765432225397078,0.008764994007925964,0.06468391418457031,9.586236647752499e-20
0.09805730538777203,0.0887372268670777,0.09991757575779053,0.09215540676685757,0.12656331062316895,0.008764994016912352,0.008764555821016984,0.06708550453186035,9.586502502264763e-20
0.09805653981694795,0.088737044373146,0.09991758263832312,0.09215640236446805,0.12014985084533691,0.008764555830379689,0.008764117656845372,0.06657791137695312,9.586768412713915e-20
0.09805577424255647,0.08873686189242029,0.09991758951962638,0.09215739786137918,0.12098431587219238,0.008764117665795894,0.008763679514345313,0.06477880477905273,9.587034257417892e-20
0.09805500866459436,0.08873667942489175,0.09991759640169544,0.09215839325759898,0.12421011924743652,0.008763679523160175,0.008763241393516807,0.06702208518981934,9.587300070145788e-20
0.09805424308305835,0.08873649697055157,0.09991760328452541,0.09215938855313552,0.11829924583435059,0.008763241402472225,0.008762803294715127,0.06400799751281738,9.587565899540657e-20
0.09805347749794523,0.08873631452939099,0.09991761016811149,0.09216038374799691,0.1269228458404541,0.008762803303729203,0.008762365218117907,0.06904029846191406,9.587831718961208e-20
0.09805271190925177,0.08873613210140126,0.09991761705244882,0.0921613788421914,0.12435173988342285,0.008762365226930666,0.008761927163369876,0.06689310073852539,9.588097552394791e-20
0.09805194631697474,0.08873594968657368,0.09991762393753265,0.09216237383572708,0.11868858337402344,0.008761927172075837,0.008761489130471034,0.06496238708496094,9.588363335805782e-20
0.09805118072111091,0.08873576728489961,0.0999176308233582,0.09216336872861218,0.12699222564697266,0.008761489139164386,0.00876105111906611,0.06780195236206055,9.588629137264189e-20
0.09805041512165714,0.08873558489637041,0.09991763770992071,0.09216436352085496,0.11861920356750488,0.00876105112819647,0.008760613130043282,0.06450533866882324,9.588894937948701e-20
0.09804964951861028,0.08873540252097752,0.09991764459721549,0.0921653582124637,0.12833452224731445,0.00876061313916833,0.008760175163757822,0.0692598819732666,9.589160654745329e-20
0.09804888391196721,0.08873522015871235,0.09991765148523782,0.09216635280344673,0.11524796485900879,0.008760175172078423,0.008759737218255736,0.06333279609680176,9.589426478536295e-20
0.0980481183017249,0.08873503780956643,0.09991765837398305,0.09216734729381232,0.1265420913696289,0.008759737226928802,0.008759299294958112,0.0670020580291748,9.58969219576751e-20
0.09804735268788028,0.08873485547353126,0.09991766526344652,0.09216834168356888,0.12674570083618164,0.008759299303716018,0.008758861393509676,0.06925606727600098,9.589957962429381e-20
0.09804658707043039,0.08873467315059841,0.0999176721536236,0.09216933597272488,0.11821293830871582,0.008758861402440605,0.008758423514443336,0.06514239311218262,9.590223687617387e-20
0.0980458214493721,0.08873449084075949,0.0999176790445097,0.09217033016128869,0.12616872787475586,0.008758423523099104,0.008757985656870915,0.06795597076416016,9.590489415549025e-20
0.09804505582470248,0.08873430854400612,0.09991768593610025,0.09217132424926883,0.11603593826293945,0.008757985665692091,0.008757547821325318,0.06355905532836914,9.590755121904685e-20
0.09804429019641854,0.08873412626032996,0.09991769282839068,0.09217231823667384,0.12146687507629395,0.008757547830218182,0.008757110008517088,0.06460976600646973,9.59102082173377e-20
0.09804352456451734,0.08873394398972272,0.09991769972137644,0.09217331212351224,0.121185302734375,0.008757110016674827,0.008756672216314598,0.06603717803955078,9.591286516339678e-20
0.09804275892899603,0.08873376173217615,0.09991770661505305,0.09217430590979268,0.11667418479919434,0.0087566722250631,0.008756234446316569,0.06343221664428711,9.59155220478067e-20
0.09804199328985161,0.088733579487682,0.09991771350941601,0.09217529959552373,0.1257460117340088,0.008756234455381477,0.008755796699233542,0.06571507453918457,9.591817830316277e-20
0.09804122764708124,0.08873339725623211,0.09991772040446087,0.092176293180714,0.12116765975952148,0.008755796707626844,0.008755358972756255,0.06582498550415039,9.592083534517947e-20
0.0980404620006821,0.0887332150378183,0.09991772730018317,0.09217728666537219,0.11606645584106445,0.008755358981802519,0.008754921269016336,0.06310462951660156,9.592349138739824e-20
0.09803969635065128,0.08873303283243242,0.09991773419657848,0.092178280049507,0.1259450912475586,0.008754921277904296,0.008754483587658513,0.06785917282104492,9.592614774514859e-20
0.09803893069698599,0.0887328506400664,0.09991774109364243,0.09217927333312713,0.11391663551330566,0.008754483595930042,0.008754045926728793,0.06273746490478516,9.592880426385044e-20
0.09803816503968348,0.0887326684607122,0.09991774799137063,0.09218026651624135,0.1233527660369873,0.008754045935881187,0.008753608288714076,0.06522107124328613,9.593146006871037e-20
0.09803739937874094,0.0887324862943618,0.09991775488975871,0.09218125959885848,0.11879396438598633,0.008753608297755127,0.008753170672370914,0.06396603584289551,9.593411671041938e-20
0.0980366337141556,0.08873230414100719,0.09991776178880235,0.09218225258098728,0.12685823440551758,0.008753170681551854,0.008752733078765118,0.07159280776977539,9.593677283866336e-20
0.09803586804592475,0.08873212200064043,0.09991776868849724,0.0921832454626366,0.12761926651000977,0.008752733087267171,0.008752295505942698,0.06743574142456055,9.593942841031047e-20
0.09803510237404564,0.08873193987325359,0.09991777558883909,0.09218423824381539,0.11658287048339844,0.008752295514904076,0.008751857955502373,0.06375241279602051,9.59420844224608e-20
0.09803433669851565,0.08873175775883878,0.09991778248982364,0.09218523092453253,0.12466645240783691,0.008751857964459741,0.008751420426733603,0.06716537475585938,9.594473994434126e-20
0.09803357101933219,0.08873157565738815,0.09991778939144662,0.09218622350479687,0.12076139450073242,0.008751420435933122,0.008750982919991657,0.06563568115234375,9.594739571030681e-20
0.09803280533649256,0.08873139356889387,0.09991779629370383,0.09218721598461743,0.12058544158935547,0.008750982929323466,0.008750545435631807,0.06439757347106934,9.595005094095364e-20
0.09803203964999412,0.08873121149334814,0.09991780319659106,0.09218820836400322,0.12512493133544922,0.008750545444628563,0.00875010797294351,0.06708049774169922,9.595270654820046e-20
0.0980312739598343,0.08873102943074324,0.09991781010010412,0.09218920064296328,0.12506699562072754,0.00875010798184808,0.008749670531926768,0.07122659683227539,9.595536167433808e-20
0.09803050826601058,0.0887308473810714,0.09991781700423885,0.09219019282150663,0.11912012100219727,0.008749670540980229,0.008749233113469757,0.06366419792175293,9.595801709094017e-20
0.09802974256852039,0.08873066534432496,0.09991782390899112,0.09219118489964234,0.12185215950012207,0.00874923312202351,0.00874879571579612,0.0659637451171875,9.596067182888377e-20
0.09802897686736115,0.08873048332049625,0.09991783081435679,0.0921921768773796,0.11642909049987793,0.008748795724980269,0.008748358340859852,0.06354331970214844,9.596332727286671e-20
0.09802821116253037,0.08873030130957765,0.09991783772033178,0.09219316875472754,0.12491321563720703,0.008748358349845657,0.008747920988128044,0.0671391487121582,9.596598209890127e-20
0.0980274454540256,0.08873011931156155,0.09991784462691199,0.09219416053169532,0.11669278144836426,0.008747920996619599,0.008747483656534882,0.06371712684631348,9.596863657702282e-20
0.0980266797418443,0.08872993732644038,0.09991785153409337,0.09219515220829215,0.12597107887268066,0.008747483665301665,0.008747046347146181,0.06642317771911621,9.597129101218466e-20
0.09802591402598404,0.08872975535420663,0.09991785844187188,0.09219614378452724,0.14204621315002441,0.008747046355889106,0.008746609059251398,0.07688283920288086,9.597394614100802e-20
0.09802514830644238,0.0887295733948528,0.09991786535024351,0.09219713526040989,0.12739968299865723,0.008746609068383175,0.00874617179373871,0.06541752815246582,9.597660059955383e-20
0.09802438258321691,0.0887293914483714,0.09991787225920425,0.09219812663594931,0.12165355682373047,0.008746171802782747,0.008745734550075213,0.06766653060913086,9.597925466497941e-20
0.09802361685630528,0.088729209514755,0.09991787916875013,0.09219911791115479,0.11414217948913574,0.008745734559085694,0.008745297328260904,0.06414318084716797,9.598190891714122e-20
0.09802285112570513,0.0887290275939962,0.09991788607887717,0.09220010908603572,0.12496018409729004,0.00874529733729,0.008744860128651055,0.06779670715332031,9.598456327941513e-20
0.09802208539141412,0.0887288456860876,0.09991789298958145,0.09220110016060146,0.1152186393737793,0.008744860137394799,0.008744422950179853,0.06496548652648926,9.598721748820732e-20
0.09802131965342989,0.08872866379102187,0.09991789990085906,0.09220209113486133,0.12078285217285156,0.008744422959400078,0.008743985794090747,0.06649160385131836,9.598987110733302e-20
0.09802055391175012,0.08872848190879166,0.09991790681270608,0.09220308200882478,0.1209414005279541,0.008743985803304714,0.008743548660028466,0.06725144386291504,9.599252496191981e-20
0.09801978816637255,0.08872830003938968,0.09991791372511866,0.0922040727825013,0.12547898292541504,0.008743548669106265,0.008743111547637739,0.06482386589050293,9.599517911383815e-20
0.09801902241729482,0.0887281181828087,0.09991792063809289,0.09220506345590034,0.11983513832092285,0.008743111556805967,0.0087426744570962,0.06599760055541992,9.599783266877458e-20
0.09801825666451468,0.08872793633904147,0.09991792755162497,0.09220605402903134,0.1199798583984375,0.008742674466401769,0.008742237389114393,0.06651973724365234,9.600048564835186e-20
0.09801749090802997,0.0887277545080808,0.09991793446571107,0.09220704450190388,0.11555624008178711,0.008742237397890155,0.008741800342093597,0.06363296508789062,9.600313935962262e-20
0.09801672514783845,0.08872757268991954,0.09991794138034736,0.09220803487452756,0.12549519538879395,0.00874180035127308,0.00874136331816544,0.06802153587341309,9.600579259554657e-20
0.09801595938393785,0.08872739088455053,0.09991794829553009,0.09220902514691187,0.11362481117248535,0.008741363326546635,0.008740926314665387,0.06398963928222656,9.600844634486024e-20
0.0980151936163261,0.08872720909196669,0.09991795521125549,0.09221001531906649,0.12376570701599121,0.008740926323713972,0.008740489334257973,0.06661415100097656,9.601109934855376e-20
0.09801442784500103,0.0887270273121609,0.0999179621275198,0.09221100539100102,0.12868046760559082,0.008740489342769444,0.00874005237516684,0.07055807113647461,9.601375234321317e-20
0.09801366206996047,0.08872684554512611,0.09991796904431931,0.09221199536272512,0.11371493339538574,0.008740052383712733,0.008739615437747261,0.06328272819519043,9.601640557626565e-20
0.09801289629120226,0.08872666379085531,0.0999179759616503,0.09221298523424844,0.11725044250488281,0.008739615446545777,0.008739178522354507,0.06549859046936035,9.601905816886905e-20
0.09801213050872436,0.08872648204934148,0.09991798287950907,0.09221397500558068,0.12416505813598633,0.008739178531265393,0.008738741628988578,0.06734251976013184,9.602171047755562e-20
0.09801136472252468,0.0887263003205777,0.09991798979789195,0.09221496467673158,0.12474846839904785,0.008738741637870886,0.008738304757827109,0.06749820709228516,9.602436347940009e-20
0.09801059893260117,0.08872611860455701,0.0999179967167953,0.09221595424771088,0.12485575675964355,0.00873830476636075,0.00873786790727138,0.06759786605834961,9.602701577497708e-20
0.09800983313895174,0.0887259369012725,0.09991800363621549,0.09221694371852841,0.13035988807678223,0.008737867916736076,0.00873743108016356,0.06866574287414551,9.602966830881953e-20
0.09800906734157439,0.08872575521071731,0.09991801055614889,0.09221793308919393,0.12721490859985352,0.008737431088993134,0.008736994274194387,0.06793832778930664,9.603232068728634e-20
0.09800830154046707,0.08872557353288456,0.0999180174765919,0.0922189223597172,0.12308478355407715,0.008736994283131386,0.00873655749025204,0.06818342208862305,9.603497320442649e-20
0.09800753573562779,0.08872539186776743,0.09991802439754094,0.09221991153010806,0.12393856048583984,0.00873655749914901,0.00873612072815888,0.0685579776763916,9.603762490782991e-20
0.09800676992705458,0.08872521021535913,0.09991803131899245,0.09222090060037644,0.12385821342468262,0.008736120737046176,0.00873568398791491,0.0695807933807373,9.604027688134671e-20
0.09800600411474555,0.0887250285756529,0.09991803824094286,0.09222188957053222,0.12424802780151367,0.008735683996820856,0.008735247269342494,0.06969213485717773,9.604292888268492e-20
0.09800523829869877,0.08872484694864197,0.09991804516338869,0.09222287844058527,0.13025665283203125,0.008735247278473938,0.008734810573152174,0.06508255004882812,9.604558134884824e-20
0.09800447247891221,0.08872466533431964,0.0999180520863264,0.09222386721054561,0.11925864219665527,0.008734810582001947,0.0087343738981005,0.06463146209716797,9.60482325109559e-20
0.09800370665538398,0.08872448373267922,0.09991805900975251,0.0922248558804232,0.12616324424743652,0.008734373907406284,0.008733937245608558,0.06530570983886719,9.605088435600899e-20
0.0980029408281122,0.08872430214371405,0.09991806593366354,0.09222584445022801,0.12413311004638672,0.00873393725468433,0.00873350061478817,0.06529426574707031,9.605353588918686e-20
0.09800217499709504,0.08872412056741749,0.09991807285805603,0.09222683291997014,0.12259960174560547,0.008733500623833754,0.008733064005994606,0.06524825096130371,9.605618711532431e-20
0.09800140916233065,0.08872393900378293,0.09991807978292652,0.09222782128965958,0.12836146354675293,0.008733064014855038,0.008732627419227867,0.06705737113952637,9.605883865350002e-20
0.09800064332381724,0.08872375745280382,0.09991808670827164,0.09222880955930643,0.1236124038696289,0.008732627427746116,0.008732190853599775,0.06888175010681152,9.60614896597123e-20
0.09799987748155288,0.08872357591447357,0.09991809363408793,0.09222979772892076,0.12334966659545898,0.008732190862507337,0.008731754310531414,0.06879329681396484,9.606414108720097e-20
0.09799911163553585,0.08872339438878565,0.09991810056037204,0.09223078579851264,0.12635135650634766,0.008731754319136783,0.0087313177886017,0.06919050216674805,9.606679163868357e-20
0.09799834578576433,0.08872321287573359,0.09991810748712057,0.09223177376809223,0.1268901824951172,0.008731317797633507,0.008730881289054082,0.06933331489562988,9.606944320152392e-20
0.09799757993223662,0.0887230313753109,0.0999181144143302,0.09223276163766966,0.12679815292358398,0.00873088129799564,0.008730444811178018,0.07067728042602539,9.607209366794284e-20
0.09799681407495088,0.08872284988751111,0.09991812134199757,0.09223374940725514,0.12170290946960449,0.008730444820223731,0.008730008355151142,0.06546998023986816,9.607474459704131e-20
0.0979960482139054,0.08872266841232782,0.09991812827011937,0.09223473707685885,0.12150931358337402,0.008730008364315093,0.008729571920973456,0.06574773788452148,9.607739517828223e-20
0.0979952823490984,0.08872248694975461,0.09991813519869228,0.09223572464649102,0.1237039566040039,0.008729571930269978,0.008729135509355501,0.06547093391418457,9.6080045393012e-20
0.09799451648052818,0.08872230549978513,0.09991814212771301,0.09223671211616191,0.12444067001342773,0.008729135518085204,0.008728699118698557,0.0670621395111084,9.608269605813646e-20
0.0979937506081931,0.08872212406241303,0.09991814905717829,0.09223769948588179,0.12552499771118164,0.008728699127760099,0.00872826275042371,0.06881117820739746,9.608534636492522e-20
0.09799298473209145,0.08872194263763199,0.09991815598708487,0.09223868675566088,0.13015484809875488,0.008728262759296139,0.008727826403820416,0.0668344497680664,9.608799656738753e-20
0.09799221885222163,0.08872176122543571,0.09991816291742951,0.09223967392550952,0.123565673828125,0.008727826412690931,0.008727390079243946,0.06588530540466309,9.609064638770938e-20
0.09799145296858208,0.08872157982581792,0.099918169848209,0.0922406609954381,0.12332010269165039,0.008727390087941406,0.008726953776516666,0.06760191917419434,9.60932966852417e-20
0.09799068708117106,0.08872139843877239,0.09991817677942012,0.09224164796545692,0.12168312072753906,0.008726953785048439,0.008726517495105668,0.06711864471435547,9.60959463648182e-20
0.097989921189987,0.08872121706429287,0.09991818371105969,0.09224263483557636,0.12037968635559082,0.008726517504010295,0.008726081236076766,0.0667104721069336,9.609859634182471e-20
0.0979891552950283,0.08872103570237318,0.09991819064312453,0.09224362160580685,0.12962770462036133,0.008726081244826869,0.008725644998541782,0.06778335571289062,9.610124596102097e-20
0.09798838939629338,0.08872085435300714,0.09991819757561146,0.0922446082761588,0.12547087669372559,0.00872564500749637,0.008725208783211258,0.06728672981262207,9.610389572756691e-20
0.09798762349378072,0.08872067301618862,0.09991820450851738,0.09224559484664262,0.11767411231994629,0.00872520879201677,0.008724772589552288,0.06405830383300781,9.610654519610458e-20
0.09798685758748876,0.08872049169191148,0.09991821144183911,0.09224658131726884,0.12454342842102051,0.008724772598387887,0.008724336417920142,0.06744956970214844,9.610919417592654e-20
0.09798609167741602,0.08872031038016963,0.09991821837557359,0.09224756768804789,0.1208639144897461,0.008724336426608649,0.008723900267604279,0.06674885749816895,9.611184372288813e-20
0.09798532576356109,0.08872012908095699,0.09991822530971768,0.09224855395899026,0.11959958076477051,0.008723900276678735,0.008723464139670511,0.06431794166564941,9.611449265609639e-20
0.09798455984592239,0.0887199477942675,0.09991823224426834,0.09224954013010647,0.12687993049621582,0.00872346414859658,0.008723028033408298,0.06852149963378906,9.61171421468461e-20
0.09798379392449841,0.08871976652009517,0.09991823917922248,0.09225052620140707,0.12564730644226074,0.008723028042359847,0.008722591948995273,0.06360220909118652,9.611979112036272e-20
0.0979830279992877,0.08871958525843394,0.09991824611457704,0.09225151217290266,0.12711834907531738,0.008722591957968363,0.008722155886609073,0.06861305236816406,9.612244010702903e-20
0.09798226207028879,0.08871940400927789,0.099918253050329,0.09225249804460377,0.11830258369445801,0.008722155895420745,0.008721719845894427,0.06398320198059082,9.612508849126205e-20
0.09798149613750022,0.08871922277262102,0.09991825998647534,0.092253483816521,0.12645435333251953,0.008721719854716507,0.00872128382702897,0.0664825439453125,9.612773710718361e-20
0.09798073020092053,0.08871904154845744,0.09991826692301306,0.09225446948866496,0.1260976791381836,0.008721283835853334,0.008720847830190337,0.06772589683532715,9.613038599091397e-20
0.09797996426054836,0.08871886033678122,0.09991827385993918,0.09225545506104633,0.11785101890563965,0.008720847838830762,0.008720411854845622,0.06428956985473633,9.613303459495991e-20
0.09797919831638237,0.08871867913758648,0.09991828079725071,0.09225644053367577,0.12414288520812988,0.008720411863649602,0.008719975901705368,0.06668782234191895,9.613568232171743e-20
0.09797843236842117,0.08871849795086735,0.09991828773494468,0.09225742590656397,0.1247105598449707,0.008719975910305853,0.008719539969881396,0.06673455238342285,9.613833110419122e-20
0.09797766641666344,0.08871831677661798,0.09991829467301816,0.09225841117972161,0.12465357780456543,0.008719539978799717,0.008719104059906613,0.06757235527038574,9.614097914029912e-20
0.09797690046110778,0.08871813561483258,0.09991830161146822,0.09225939635315943,0.11928558349609375,0.008719104069131126,0.008718668172491562,0.06478214263916016,9.614362718520335e-20
0.09797613450175284,0.08871795446550533,0.09991830855029196,0.09226038142688815,0.12523460388183594,0.008718668181297923,0.008718232306215157,0.06684350967407227,9.614627532918622e-20
0.09797536853859734,0.08871777332863047,0.09991831548948646,0.09226136640091853,0.11745047569274902,0.008718232315299418,0.008717796461965577,0.06447529792785645,9.61489231575562e-20
0.09797460257164006,0.08871759220420225,0.09991832242904883,0.09226235127526136,0.12691497802734375,0.0087177964711342,0.008717360640275729,0.06807780265808105,9.615157091579335e-20
0.09797383660087967,0.08871741109221495,0.09991832936897621,0.09226333604992745,0.12410426139831543,0.008717360648799053,0.008716924839369256,0.06631922721862793,9.615421837333809e-20
0.09797307062631491,0.08871722999266288,0.09991833630926575,0.09226432072492761,0.12302827835083008,0.008716924848295983,0.008716489060844879,0.064605712890625,9.615686581140336e-20
0.09797230464794447,0.08871704890554032,0.09991834324991458,0.09226530530027265,0.1218724250793457,0.008716489069622529,0.008716053304524962,0.065826416015625,9.615951378898124e-20
0.09797153866576716,0.08871686783084164,0.0999183501909199,0.09226628977597337,0.12215757369995117,0.00871605331277719,0.00871561756863315,0.06509852409362793,9.616216091791707e-20
0.09797077267978171,0.08871668676856118,0.09991835713227887,0.09226727415204072,0.12155890464782715,0.00871561757776109,0.008715181855833976,0.06678915023803711,9.616480825403232e-20
0.09797000668998694,0.08871650571869336,0.0999183640739887,0.09226825842848559,0.12116265296936035,0.008715181864570275,0.00871474616452872,0.06448602676391602,9.61674553766876e-20
0.09796924069638166,0.08871632468123256,0.0999183710160466,0.09226924260531888,0.12466049194335938,0.008714746173205733,0.008714310495072652,0.06680989265441895,9.617010232474673e-20
0.09796847469896461,0.08871614365617321,0.09991837795844981,0.09227022668255147,0.12776851654052734,0.008714310503665647,0.008713874846932868,0.06332659721374512,9.617274915759394e-20
0.09796770869773465,0.08871596264350975,0.09991838490119556,0.09227121066019434,0.12706351280212402,0.008713874855948963,0.008713439221352814,0.06829309463500977,9.617539613480145e-20
0.09796694269269055,0.08871578164323667,0.09991839184428111,0.09227219453825844,0.11768078804016113,0.008713439230053214,0.008713003617444315,0.06488299369812012,9.617804299939977e-20
0.09796617668383126,0.08871560065534843,0.09991839878770374,0.09227317831675481,0.12720966339111328,0.008713003625979005,0.008712568035029733,0.06705403327941895,9.618068946643215e-20
0.09796541067115563,0.08871541967983958,0.09991840573146071,0.09227416199569444,0.11922621726989746,0.008712568043725223,0.008712132474286705,0.065704345703125,9.618333620841164e-20
0.09796464465466259,0.08871523871670464,0.09991841267554934,0.09227514557508834,0.12015199661254883,0.008712132483290823,0.008711696935748137,0.0646209716796875,9.618598253125082e-20
0.09796387863435099,0.08871505776593816,0.09991841961996692,0.09227612905494759,0.12663698196411133,0.008711696944674373,0.00871126141852585,0.06812524795532227,9.618862892313719e-20
0.09796311261021975,0.0887148768275347,0.09991842656471077,0.09227711243528315,0.1264197826385498,0.00871126142787482,0.008710825923685661,0.06512761116027832,9.619127514696254e-20
0.09796234658226781,0.08871469590148891,0.09991843350977825,0.09227809571610618,0.11830401420593262,0.008710825932890931,0.008710390450872296,0.06424236297607422,9.619392118625075e-20
0.09796158055049403,0.08871451498779534,0.09991844045516668,0.09227907889742769,0.12821531295776367,0.008710390459721705,0.008709954999197578,0.06901669502258301,9.619656696300902e-20
0.09796081451489745,0.08871433408644867,0.09991844740087345,0.09228006197925877,0.11548256874084473,0.008709955008366334,0.008709519570082591,0.06342768669128418,9.619921290831772e-20
0.09796004847547705,0.08871415319744357,0.09991845434689593,0.09228104496161058,0.12467098236083984,0.008709519578822444,0.008709084162461522,0.06679296493530273,9.620185894412852e-20
0.0979592824322318,0.08871397232077467,0.09991846129323151,0.0922820278444942,0.12142729759216309,0.008709084171088505,0.008708648776334371,0.06678104400634766,9.620450487974296e-20
0.09795851638516069,0.08871379145643671,0.09991846823987759,0.0922830106279208,0.11637520790100098,0.00870864878516587,0.008708213412589316,0.06379103660583496,9.620715019713714e-20
0.09795775033426268,0.0887136106044244,0.09991847518683156,0.09228399331190154,0.12910056114196777,0.00870821342105071,0.008707778069627636,0.07001590728759766,9.620979579109502e-20
0.09795698427953681,0.0887134297647325,0.09991848213409088,0.09228497589644766,0.12850236892700195,0.008707778078746347,0.008707342749403324,0.06904864311218262,9.621244107174086e-20
0.09795621822098209,0.08871324893735573,0.09991848908165299,0.09228595838157036,0.11574149131774902,0.008707342758247302,0.008706907450495294,0.06438922882080078,9.621508653735565e-20
0.09795545215859756,0.0887130681222889,0.09991849602951533,0.09228694076728085,0.11986374855041504,0.008706907459554823,0.008706472173436453,0.06524109840393066,9.621773172740634e-20
0.09795468609238232,0.08871288731952678,0.09991850297767536,0.09228792305359035,0.12868547439575195,0.008706472182667215,0.008706036918759708,0.06845569610595703,9.622037722826239e-20
0.09795392002233545,0.08871270652906423,0.09991850992613059,0.09228890524051019,0.11569023132324219,0.008706036927582868,0.00870560168557688,0.06528353691101074,9.622302191410673e-20
0.09795315394845597,0.08871252575089605,0.09991851687487849,0.09228988732805163,0.12024855613708496,0.008705601694301167,0.008705166474420878,0.06531143188476562,9.622566693597506e-20
0.09795238787074294,0.08871234498501712,0.09991852382391657,0.0922908693162259,0.12636470794677734,0.008705166482820256,0.008704731284581158,0.0679328441619873,9.622831192444678e-20
0.09795162178919553,0.08871216423142231,0.09991853077324235,0.09229185120504434,0.12835216522216797,0.008704731293139832,0.008704296116235355,0.07132101058959961,9.623095609106246e-20
0.09795085570381284,0.08871198349010652,0.09991853772285335,0.09229283299451824,0.11546969413757324,0.00870429612525947,0.008703860970449284,0.06545138359069824,9.62336010377818e-20
0.097950089614594,0.08871180276106466,0.09991854467274712,0.09229381468465891,0.11703014373779297,0.008703860979177306,0.008703425846334767,0.06341195106506348,9.62362455346763e-20
0.09794932352153815,0.08871162204429166,0.09991855162292122,0.09229479627547774,0.12458324432373047,0.008703425854891313,0.008702990743536532,0.06661772727966309,9.623888973963566e-20
0.09794855742464441,0.08871144133978248,0.09991855857337321,0.09229577776698601,0.12228941917419434,0.008702990752402003,0.008702555662942757,0.0673065185546875,9.624153407918732e-20
0.09794779132391192,0.08871126064753208,0.09991856552410068,0.09229675915919518,0.11481070518493652,0.00870255567170769,0.008702120603487629,0.06325078010559082,9.624417840354019e-20
0.09794702521933993,0.08871107996753548,0.09991857247510119,0.09229774045211654,0.11850333213806152,0.008702120612808603,0.00870168556712514,0.06381702423095703,9.624682228038093e-20
0.0979462591109276,0.08871089929978766,0.09991857942637236,0.09229872164576156,0.12577009201049805,0.00870168557569962,0.00870125055172366,0.06721663475036621,9.624946623232505e-20
0.09794549299867417,0.08871071864428366,0.09991858637791182,0.09229970274014167,0.12557601928710938,0.008701250560382952,0.0087008155578161,0.07186198234558105,9.625211054468063e-20
0.09794472688257884,0.08871053800101854,0.09991859332971718,0.09230068373526831,0.11960434913635254,0.008700815566856944,0.008700380586645906,0.06665802001953125,9.625475416441931e-20
0.0979439607626408,0.08871035736998735,0.09991860028178609,0.092301664631153,0.11646127700805664,0.008700380595120034,0.008699945636259088,0.0651235580444336,9.625739803839825e-20
0.0979431946388593,0.08871017675118519,0.09991860723411619,0.09230264542780715,0.12256217002868652,0.008699945645172558,0.008699510708254365,0.06514525413513184,9.626004123582045e-20
0.09794242851123365,0.08870999614460714,0.09991861418670514,0.09230362612524227,0.12627315521240234,0.008699510717011423,0.008699075801921197,0.06794381141662598,9.626268486743905e-20
0.0979416623797631,0.08870981555024837,0.09991862113955063,0.0923046067234699,0.11869597434997559,0.008699075810636456,0.00869864091690431,0.06711912155151367,9.626532808574825e-20
0.09794089624444689,0.088709634968104,0.09991862809265034,0.09230558722250155,0.1145322322845459,0.00869864092604701,0.00869820605426952,0.0631704330444336,9.626797146896582e-20
0.09794013010528435,0.08870945439816916,0.09991863504600196,0.09230656762234868,0.11875677108764648,0.008698206063240945,0.008697771212773375,0.06355738639831543,9.627061478185016e-20
0.09793936396227469,0.08870927384043904,0.09991864199960321,0.09230754792302286,0.12846660614013672,0.008697771222219207,0.00869733639436987,0.07028532028198242,9.627325801725299e-20
0.09793859781541728,0.08870909329490882,0.09991864895345179,0.09230852812453567,0.12744593620300293,0.008697336402977283,0.008696901596927376,0.06775903701782227,9.627590111997766e-20
0.0979378316647114,0.08870891276157374,0.09991865590754545,0.0923095082268987,0.11871814727783203,0.008696901605516097,0.008696466819912985,0.06722259521484375,9.627854332161802e-20
0.09793706551015637,0.08870873224042901,0.09991866286188192,0.09231048823012349,0.11400055885314941,0.008696466829838389,0.008696032067234682,0.06385612487792969,9.628118673041725e-20
0.09793629935175155,0.08870855173146987,0.09991866981645896,0.09231146813422164,0.11746358871459961,0.008696032075935778,0.008695597334806848,0.06285643577575684,9.628382942167465e-20
0.09793553318949633,0.08870837123469158,0.09991867677127433,0.09231244793920484,0.12330937385559082,0.008695597343811343,0.008695162624938746,0.06415128707885742,9.628647194914026e-20
0.09793476702339006,0.08870819075008944,0.09991868372632583,0.09231342764508467,0.12867951393127441,0.00869516263346166,0.008694727936031654,0.0682525634765625,9.628911438564699e-20
0.0979340008534321,0.08870801027765875,0.0999186906816112,0.09231440725187276,0.11587333679199219,0.008694727944888632,0.008694293268796116,0.06684184074401855,9.629175682586872e-20
0.09793323467962183,0.0887078298173948,0.0999186976371283,0.0923153867595808,0.11374378204345703,0.008694293278090187,0.008693858624297945,0.06363677978515625,9.629439897025258e-20
0.09793246850195869,0.08870764936929294,0.0999187045928749,0.09231636616822048,0.12725496292114258,0.008693858633063442,0.008693424000760785,0.06423544883728027,9.629704091685553e-20
0.09793170232044209,0.08870746893334851,0.09991871154884883,0.09231734547780347,0.11806511878967285,0.008693424009809755,0.008692989399072815,0.06460404396057129,9.629968313389873e-20
0.09793093613507144,0.08870728850955688,0.09991871850504792,0.09231832468834146,0.12023615837097168,0.00869298940832673,0.008692554819411669,0.06416034698486328,9.630232502938394e-20
0.09793016994584619,0.08870710809791343,0.09991872546147001,0.09231930379984617,0.12489604949951172,0.008692554828612873,0.008692120261777347,0.0664663314819336,9.630496674851684e-20
0.09792940375276578,0.08870692769841358,0.09991873241811297,0.09232028281232936,0.12316584587097168,0.008692120270668059,0.008691685725459308,0.06911373138427734,9.630760854075791e-20
0.09792863755582963,0.08870674731105271,0.09991873937497464,0.09232126172580275,0.1164255142211914,0.008691685734491595,0.008691251211168094,0.0662994384765625,9.631025040024943e-20
0.09792787135503718,0.08870656693582629,0.09991874633205292,0.09232224054027809,0.11517930030822754,0.00869125122008037,0.008690816718726069,0.0633082389831543,9.631289191584302e-20
0.09792710515038795,0.08870638657272975,0.09991875328934567,0.09232321925576714,0.11651468276977539,0.00869081672743425,0.008690382247600326,0.06292033195495605,9.631553341046794e-20
0.09792633894188142,0.08870620622175855,0.09991876024685081,0.09232419787228166,0.1307361125946045,0.008690382256553242,0.008689947798856679,0.07252144813537598,9.63181745619857e-20
0.09792557272951713,0.08870602588290817,0.09991876720456624,0.09232517638983345,0.12048697471618652,0.008689947807434813,0.008689513371251678,0.0643622875213623,9.632081603765331e-20
0.09792480651329451,0.08870584555617413,0.09991877416248987,0.0923261548084344,0.12433385848999023,0.008689513380079637,0.008689078965673502,0.06427574157714844,9.632345694895497e-20
0.09792404029321312,0.08870566524155193,0.09991878112061962,0.09232713312809626,0.12547540664672852,0.008689078974484591,0.00868864458176688,0.06801819801330566,9.632609754000762e-20
0.09792327406927251,0.08870548493903714,0.09991878807895345,0.0923281113488309,0.11649370193481445,0.0086886445906499,0.008688210219354175,0.06683015823364258,9.632873913273781e-20
0.09792250784147218,0.08870530464862528,0.0999187950374893,0.09232908947065008,0.1158289909362793,0.008688210228574555,0.008687775879678838,0.0648813247680664,9.633138026145688e-20
0.09792174160981164,0.0887051243703119,0.0999188019962251,0.09233006749356572,0.11403679847717285,0.008687775888255252,0.008687341560786876,0.06332707405090332,9.633402063236079e-20
0.09792097537429054,0.0887049441040926,0.09991880895515887,0.09233104541758966,0.11520767211914062,0.0086873415696941,0.00868690726427701,0.06336688995361328,9.633666137485586e-20
0.09792020913490841,0.08870476384996298,0.09991881591428854,0.09233202324273382,0.11812925338745117,0.00868690727288724,0.008686472988728156,0.06261754035949707,9.633930144175004e-20
0.0979194428916648,0.08870458360791864,0.09991882287361213,0.09233300096901007,0.1302175521850586,0.00868647299783603,0.00868603873627194,0.07175254821777344,9.634194204925619e-20
0.09791867664455932,0.0887044033779552,0.09991882983312762,0.0923339785964303,0.1190948486328125,0.008686038744537213,0.008685604504243827,0.06323647499084473,9.63445825879228e-20
0.09791791039359156,0.0887042231600683,0.09991883679283303,0.09233495612500646,0.12355589866638184,0.008685604512991505,0.00868517029459781,0.06370019912719727,9.634722264048511e-20
0.09791714413876111,0.08870404295425362,0.09991884375272639,0.0923359335547505,0.1258256435394287,0.008685170303195724,0.008684736106445712,0.06633734703063965,9.634986259728567e-20
0.09791637788006759,0.08870386276050682,0.0999188507128057,0.09233691088567429,0.12180304527282715,0.008684736115150499,0.008684301939787531,0.0684823989868164,9.635250306614869e-20
0.09791561161751063,0.0887036825788236,0.09991885767306904,0.0923378881177898,0.11668229103088379,0.00868430194885513,0.008683867795511446,0.06717705726623535,9.635514278512464e-20
0.0979148453510899,0.08870350240919966,0.09991886463351443,0.092338865251109,0.11697006225585938,0.008683867804307095,0.008683433672551644,0.06596899032592773,9.635778239731486e-20
0.09791407908080496,0.08870332225163072,0.09991887159413994,0.0923398422856439,0.11585783958435059,0.008683433681506349,0.008682999571796302,0.0647130012512207,9.636042206832061e-20
0.09791331280665556,0.08870314210611248,0.09991887855494362,0.09234081922140652,0.11380767822265625,0.00868299958045141,0.008682565492179606,0.06356358528137207,9.636306175065871e-20
0.0979125465286413,0.08870296197264074,0.09991888551592355,0.09234179605840884,0.11637616157531738,0.008682565501142294,0.008682131434589735,0.06471896171569824,9.636570160453034e-20
0.0979117802467619,0.08870278185121123,0.09991889247707784,0.09234277279666288,0.12769746780395508,0.008682131443575831,0.008681697398849053,0.06482315063476562,9.636834087285552e-20
0.09791101396101709,0.08870260174181976,0.09991889943840458,0.09234374943618064,0.1138467788696289,0.008681697407750958,0.008681263385135196,0.06335854530334473,9.637098032410161e-20
0.09791024767140652,0.08870242164446211,0.09991890639990185,0.09234472597697417,0.11490893363952637,0.008681263393668193,0.008680829392737621,0.06324100494384766,9.637361925047997e-20
0.09790948137792989,0.08870224155913407,0.0999189133615678,0.09234570241905549,0.1161351203918457,0.008680829401325455,0.008680395421833964,0.06365156173706055,9.637625829701151e-20
0.09790871508058693,0.08870206148583148,0.09991892032340054,0.09234667876243668,0.11608290672302246,0.008680395430722096,0.008679961473134767,0.062409400939941406,9.637889765034586e-20
0.09790794877937739,0.08870188142455018,0.09991892728539821,0.09234765500712983,0.11910080909729004,0.008679961481857953,0.008679527545751853,0.06267690658569336,9.638153653361446e-20
0.09790718247430091,0.08870170137528603,0.09991893424755895,0.09234863115314701,0.12192583084106445,0.008679527554730278,0.008679093640751034,0.06330513954162598,9.638417513488107e-20
0.09790641616535725,0.0887015213380349,0.0999189412098809,0.09234960720050035,0.1205301284790039,0.008679093649338318,0.008678659756888862,0.06287860870361328,9.638681355604199e-20
0.09790564985254623,0.08870134131279264,0.09991894817236224,0.09235058314920191,0.12153840065002441,0.008678659765681624,0.00867822589487588,0.06342816352844238,9.63894524593581e-20
0.09790488353586758,0.08870116129955517,0.09991895513500115,0.09235155899926382,0.13198161125183105,0.00867822590375917,0.008677792054889721,0.07184123992919922,9.639209079253925e-20
0.09790411721532112,0.08870098129831841,0.0999189620977958,0.0923525347506982,0.12302303314208984,0.008677792063568748,0.008677358236752752,0.06320476531982422,9.639472912925694e-20
0.09790335089090661,0.08870080130907829,0.09991896906074438,0.09235351040351719,0.12312150001525879,0.008677358245108683,0.00867692443975443,0.06319832801818848,9.639736759197784e-20
0.09790258456262378,0.08870062133183072,0.09991897602384509,0.09235448595773296,0.12281179428100586,0.008676924448379574,0.008676490664960568,0.06730508804321289,9.64000056981762e-20
0.09790181823047248,0.08870044136657167,0.09991898298709613,0.09235546141335764,0.11987018585205078,0.008676490673380645,0.008676056911305352,0.06473398208618164,9.640264415258426e-20
0.09790105189445249,0.0887002614132971,0.09991898995049574,0.09235643677040338,0.12602782249450684,0.008676056920110472,0.008675623178966418,0.06790328025817871,9.640528194954177e-20
0.09790028555456363,0.08870008147200299,0.09991899691404212,0.09235741202888237,0.11773300170898438,0.00867562318856903,0.00867518946989776,0.06350207328796387,9.640791975318186e-20
0.09789951921080572,0.08869990154268534,0.09991900387773352,0.09235838718880678,0.12845420837402344,0.008675189478751396,0.008674755781967747,0.06880021095275879,9.64105576236978e-20
0.09789875286317856,0.08869972162534015,0.09991901084156818,0.09235936225018884,0.12666821479797363,0.008674755790658252,0.008674322115531652,0.07421278953552246,9.641319535792374e-20
0.09789798651168201,0.08869954171996346,0.09991901780554435,0.09236033721304078,0.12433195114135742,0.008674322124289527,0.008673888470411839,0.06815075874328613,9.64158327071378e-20
0.09789722015631595,0.08869936182655128,0.09991902476966029,0.09236131207737477,0.12093520164489746,0.008673888479645462,0.008673454847851758,0.06580209732055664,9.641847013596389e-20
0.09789645379708027,0.08869918194509968,0.09991903173391428,0.0923622868432031,0.12505030632019043,0.008673454856722555,0.008673021246430324,0.06790423393249512,9.642110766384558e-20
0.09789568743397475,0.08869900207560473,0.0999190386983046,0.092363261510538,0.12014555931091309,0.008673021255520125,0.008672587667035714,0.06507015228271484,9.642374505747805e-20
0.09789492106699928,0.08869882221806251,0.09991904566282951,0.09236423607939173,0.12275409698486328,0.008672587676037383,0.008672154109667929,0.06638264656066895,9.642638197935155e-20
0.09789415469615381,0.08869864237246909,0.09991905262748733,0.09236521054977655,0.12218117713928223,0.008672154118272577,0.008671720573261155,0.06633687019348145,9.642901937495006e-20
0.09789338832143826,0.08869846253882058,0.09991905959227637,0.0923661849217047,0.12963223457336426,0.008671720582226683,0.008671287059236477,0.07296085357666016,9.643165585952034e-20
0.09789262194285252,0.08869828271711311,0.09991906655719493,0.09236715919518854,0.12893033027648926,0.008671287067894808,0.00867085356617281,0.0691840648651123,9.643429306424088e-20
0.0978918555603965,0.08869810290734277,0.09991907352224134,0.09236813337024032,0.11470603942871094,0.00867085357528068,0.008670420095313602,0.06347393989562988,9.643692979877172e-20
0.09789108917407013,0.08869792310950575,0.09991908048741392,0.09236910744687236,0.12567830085754395,0.008670420104379834,0.008669986646125949,0.06654739379882812,9.643956655103833e-20
0.09789032278387333,0.08869774332359817,0.09991908745271101,0.09237008142509691,0.1186673641204834,0.0086699866551918,0.00866955321896512,0.06472373008728027,9.644220267680246e-20
0.09788955638980602,0.08869756354961622,0.09991909441813097,0.09237105530492634,0.12236261367797852,0.008669553227714817,0.008669119813120574,0.06486797332763672,9.644483957829506e-20
0.0978887899918681,0.08869738378755608,0.09991910138367215,0.09237202908637299,0.12359476089477539,0.008669119821948828,0.008668686429125216,0.06755733489990234,9.644747585710748e-20
0.09788802359005962,0.08869720403741393,0.09991910834933289,0.0923730027694492,0.1268622875213623,0.008668686437893453,0.008668253066268505,0.06987738609313965,9.645011191522242e-20
0.09788725718438054,0.08869702429918601,0.09991911531511158,0.09237397635416733,0.12031745910644531,0.008668253075547234,0.008667819726326798,0.06433725357055664,9.645274849812599e-20
0.09788649077483079,0.08869684457286851,0.09991912228100659,0.09237494984053973,0.1260819435119629,0.008667819734908325,0.008667386407523736,0.06823301315307617,9.645538425030711e-20
0.09788572436141031,0.08869666485845767,0.09991912924701633,0.0923759232285788,0.11782312393188477,0.008667386415975446,0.008666953109681685,0.0652780532836914,9.645802033341102e-20
0.09788495794411915,0.08869648515594974,0.09991913621313918,0.09237689651829688,0.12460589408874512,0.008666953118749444,0.008666519834221731,0.06673908233642578,9.646065603003988e-20
0.09788419152295724,0.08869630546534098,0.09991914317937355,0.09237786970970634,0.11995887756347656,0.008666519843227282,0.008666086580788601,0.0669395923614502,9.646329193267258e-20
0.09788342509792458,0.08869612578662765,0.09991915014571782,0.09237884280281959,0.1179957389831543,0.008666086589407086,0.00866565334884939,0.06356406211853027,9.646592721946925e-20
0.09788265866902122,0.08869594611980604,0.09991915711217046,0.09237981579764909,0.12709259986877441,0.008665653357288548,0.008665220138048824,0.06777644157409668,9.646856302547884e-20
0.09788189223624717,0.08869576646487244,0.09991916407872987,0.09238078869420721,0.12719035148620605,0.008665220146871863,0.008664786949275083,0.07179141044616699,9.647119820255218e-20
0.09788112579960241,0.08869558682182319,0.09991917104539451,0.09238176149250636,0.11536216735839844,0.008664786958155642,0.008664353782172896,0.06337356567382812,9.647383370051226e-20
0.09788035935908701,0.08869540719065457,0.09991917801216278,0.09238273419255899,0.12158346176147461,0.008664353791138463,0.008663920637097533,0.06471729278564453,9.647646884314093e-20
0.09787959291470105,0.08869522757136292,0.09991918497903317,0.09238370679437756,0.12801218032836914,0.008663920645819168,0.008663487513338453,0.0686793327331543,9.647910403360357e-20
0.09787882646644457,0.08869504796394458,0.09991919194600411,0.09238467929797455,0.11526894569396973,0.008663487522196726,0.008663054411606197,0.06456732749938965,9.648173924887563e-20
0.09787806001431762,0.08869486836839592,0.09991919891307408,0.09238565170336234,0.11985611915588379,0.008663054420269737,0.008662621331190223,0.0647590160369873,9.64843739693261e-20
0.09787729355832023,0.08869468878471332,0.09991920588024156,0.09238662401055346,0.12767767906188965,0.008662621340038403,0.008662188273156346,0.06803417205810547,9.64870084269209e-20
0.0978765270984525,0.08869450921289314,0.09991921284750502,0.09238759621956039,0.11806631088256836,0.008662188281498296,0.008661755235728208,0.06578373908996582,9.648964353096444e-20
0.09787576063471458,0.08869432965293177,0.09991921981486296,0.09238856833039562,0.12753582000732422,0.008661755244651084,0.008661322221037437,0.06433224678039551,9.649227817784036e-20
0.09787499416710657,0.08869415010482562,0.09991922678231387,0.09238954034307158,0.11946845054626465,0.00866132222949556,0.008660889227130042,0.06422019004821777,9.649491287893468e-20
0.09787422769562847,0.08869397056857113,0.09991923374985626,0.09239051225760081,0.12628793716430664,0.008660889236031392,0.008660456255249471,0.06808710098266602,9.649754716673641e-20
0.09787346122028046,0.08869379104416471,0.09991924071748862,0.09239148407399585,0.11923742294311523,0.008660456264255809,0.00866002330521809,0.0670621395111084,9.650018117617194e-20
0.0978726947410626,0.0886936115316028,0.09991924768520949,0.0923924557922692,0.11696481704711914,0.008660023314168337,0.008659590377035897,0.06519961357116699,9.650281572178821e-20
0.097871928257975,0.08869343203088183,0.0999192546530174,0.09239342741243334,0.12100815773010254,0.008659590385767283,0.008659157470525258,0.06522774696350098,9.650544972411117e-20
0.09787116177101776,0.0886932525419983,0.09991926162091089,0.09239439893450084,0.12820816040039062,0.00865915747905214,0.008658724584797994,0.06768369674682617,9.650808376567718e-20
0.09787039528019101,0.08869307306494864,0.09991926858888846,0.09239537035848426,0.11474061012268066,0.008658724594022636,0.008658291721630462,0.06477761268615723,9.651071767583594e-20
0.09786962878549492,0.08869289359972936,0.0999192755569487,0.09239634168439617,0.12720918655395508,0.008658291730676919,0.008657858880134484,0.06469416618347168,9.651335173175255e-20
0.09786886228692963,0.08869271414633695,0.09991928252509015,0.09239731291224916,0.11613345146179199,0.008657858889014207,0.008657426060132423,0.06312680244445801,9.651598525430947e-20
0.09786809578449529,0.08869253470476793,0.09991928949331137,0.0923982840420558,0.12581706047058105,0.008657426069032798,0.008656993261801915,0.06508898735046387,9.651861870091234e-20
0.09786732927819214,0.0886923552750188,0.09991929646161095,0.09239925507382864,0.12476873397827148,0.008656993270731926,0.008656560485320597,0.06911492347717285,9.652125250147615e-20
0.09786656276802028,0.08869217585708611,0.09991930342998745,0.09240022600758026,0.1156764030456543,0.008656560494109823,0.00865612772980029,0.06474661827087402,9.652388547473762e-20
0.09786579625397993,0.08869199645096638,0.09991931039843946,0.09240119684332324,0.11582589149475098,0.008656127739166831,0.00865569499737262,0.06270718574523926,9.6526519056062e-20
0.09786502973607122,0.0886918170566562,0.09991931736696558,0.09240216758107019,0.12194943428039551,0.008655695005899373,0.008655262285550691,0.06398344039916992,9.652915196307604e-20
0.0978642632142944,0.0886916376741521,0.0999193243355644,0.09240313822083368,0.12830591201782227,0.008655262294308734,0.00865482959557795,0.06802010536193848,9.653178494729949e-20
0.09786349668864963,0.08869145830345067,0.09991933130423453,0.09240410876262642,0.1230311393737793,0.008654829604393902,0.008654396927099128,0.0716407299041748,9.653441814976597e-20
0.09786273015913713,0.0886912789445485,0.09991933827297457,0.09240507920646097,0.11821246147155762,0.008654396936152484,0.008653964281002402,0.06683182716369629,9.653705071779499e-20
0.09786196362575711,0.08869109959744216,0.09991934524178316,0.09240604955235,0.11515641212463379,0.008653964289583586,0.00865353165568905,0.0633697509765625,9.6539683951984e-20
0.09786119708850975,0.0886909202621283,0.09991935221065891,0.09240701980030613,0.11864018440246582,0.008653531664686579,0.008653099052402524,0.06404423713684082,9.654231638988281e-20
0.09786043054739527,0.08869074093860352,0.09991935917960047,0.09240798995034198,0.12084794044494629,0.008653099061461004,0.008652666471498094,0.06340479850769043,9.654494918550265e-20
0.09785966400241392,0.08869056162686444,0.09991936614860647,0.09240896000247029,0.12641620635986328,0.008652666479903703,0.008652233911199403,0.06673717498779297,9.654758171386129e-20
0.09785889745356598,0.08869038232690771,0.09991937311767556,0.09240992995670362,0.1215982437133789,0.008652233920015975,0.008651801372927537,0.06821966171264648,9.655021405581928e-20
0.09785813090085176,0.08869020303872996,0.09991938008680638,0.09241089981305471,0.11651825904846191,0.008651801381795802,0.008651368856327224,0.06462526321411133,9.655284628785834e-20
0.09785736434427146,0.08869002376232787,0.09991938705599761,0.0924118695715362,0.11724066734313965,0.008651368865241689,0.008650936361931372,0.06423544883728027,9.655547860016134e-20
0.09785659778382533,0.08868984449769812,0.09991939402524791,0.09241283923216076,0.12605929374694824,0.00865093637035254,0.00865050388849653,0.06377816200256348,9.65581104585297e-20
0.09785583121951359,0.08868966524483739,0.09991940099455597,0.09241380879494113,0.11673855781555176,0.008650503897126646,0.008650071436555606,0.0627129077911377,9.656074256898556e-20
0.09785506465133653,0.08868948600374234,0.09991940796392046,0.09241477825988996,0.12387752532958984,0.008650071445565637,0.008649639006996779,0.0640401840209961,9.656337439000608e-20
0.09785429807929444,0.0886893067744097,0.09991941493334006,0.09241574762701998,0.12732768058776855,0.008649639015665317,0.008649206598398962,0.06673431396484375,9.656600608765017e-20
0.09785353150338764,0.0886891275568362,0.09991942190281346,0.09241671689634387,0.1213221549987793,0.008649206607426027,0.008648774212005605,0.06943368911743164,9.656863808760677e-20
0.09785276492361644,0.08868894835101852,0.09991942887233936,0.0924176860678744,0.1167306900024414,0.008648774220846232,0.008648341847106167,0.06651544570922852,9.657126947191315e-20
0.09785199833998111,0.08868876915695346,0.09991943584191648,0.0924186551416243,0.11546969413757324,0.008648341855925619,0.008647909503878282,0.06366872787475586,9.657390057711444e-20
0.09785123175248196,0.08868858997463773,0.09991944281154354,0.09241962411760629,0.11584711074829102,0.008647909512662064,0.008647477182144314,0.06287527084350586,9.65765323385e-20
0.0978504651611193,0.08868841080406806,0.09991944978121924,0.09242059299583312,0.12491393089294434,0.008647477191054834,0.0086470448820819,0.06497359275817871,9.657916316915954e-20
0.09784969856589346,0.08868823164524121,0.09991945675094231,0.0924215617763175,0.1225442886352539,0.008647044891104457,0.008646612604046311,0.06371235847473145,9.65817944293787e-20
0.09784893196680468,0.08868805249815398,0.09991946372071149,0.09242253045907219,0.12322139739990234,0.008646612612808205,0.008646180347149368,0.0636281967163086,9.658442543652416e-20
0.09784816536385335,0.08868787336280315,0.09991947069052551,0.09242349904410999,0.1260371208190918,0.008646180356165678,0.00864574811227925,0.06667256355285645,9.658705688613054e-20
0.09784739875703981,0.08868769423918552,0.09991947766038312,0.09242446753144369,0.12397336959838867,0.008645748121175757,0.008645315899791228,0.06810736656188965,9.658968739211157e-20
0.09784663214636444,0.08868751512729786,0.09991948463028308,0.09242543592108601,0.11717009544372559,0.00864531590783434,0.008644883707553674,0.06725430488586426,9.6592318314065e-20
0.09784586553182754,0.08868733602713703,0.09991949160022415,0.09242640421304972,0.11627388000488281,0.008644883716144738,0.008644451537342945,0.06492209434509277,9.659494903564324e-20
0.09784509891342948,0.08868715693869983,0.09991949857020507,0.09242737240734762,0.11512970924377441,0.008644451546103882,0.00864401938880377,0.06389665603637695,9.659757987542504e-20
0.09784433229117062,0.0886869778619831,0.09991950554022465,0.0924283405039925,0.11656022071838379,0.008644019397710681,0.008643587262469055,0.06520771980285645,9.660020981791707e-20
0.09784356566505135,0.08868679879698367,0.09991951251028164,0.09242930850299716,0.11693215370178223,0.008643587270963938,0.008643155156562443,0.06347417831420898,9.660283992278814e-20
0.09784279903507208,0.08868661974369842,0.09991951948037482,0.09243027640437447,0.13033294677734375,0.008643155165863736,0.00864272307374847,0.06461215019226074,9.660547075137324e-20
0.09784203240123315,0.08868644070212418,0.099919526450503,0.09243124420813718,0.1251239776611328,0.008642723082407537,0.008642291011717873,0.0660240650177002,9.660810034606788e-20
0.09784126576353491,0.08868626167225784,0.09991953342066495,0.09243221191429814,0.12618756294250488,0.008642291020595256,0.0086418589717141,0.06890249252319336,9.66107307819349e-20
0.09784049912197777,0.08868608265409626,0.0999195403908595,0.0924331795228702,0.1174001693725586,0.008641858980425184,0.008641426953204245,0.06395936012268066,9.661336053412546e-20
0.09783973247656212,0.08868590364763636,0.09991954736108542,0.09243414703386617,0.12733912467956543,0.008641426961897186,0.008640994955833037,0.0687413215637207,9.661599074150148e-20
0.09783896582728838,0.08868572465287503,0.09991955433134156,0.09243511444729889,0.12386298179626465,0.008640994965009953,0.008640562981199196,0.06749320030212402,9.661862036779838e-20
0.09783819917415697,0.08868554566980916,0.0999195613016267,0.09243608176318115,0.1304314136505127,0.008640562989759903,0.00864013102734873,0.07342147827148438,9.662124985875009e-20
0.0978374325171683,0.0886853666984357,0.09991956827193971,0.09243704898152585,0.1184239387512207,0.008640131036149424,0.008639699095702724,0.06457281112670898,9.662387940347183e-20
0.09783666585632286,0.08868518773875157,0.09991957524227939,0.09243801610234581,0.12650060653686523,0.008639699104174352,0.008639267184840094,0.06708478927612305,9.662650871555348e-20
0.09783589919162103,0.0886850087907537,0.09991958221264458,0.09243898312565392,0.1268754005432129,0.008639267193836356,0.00863883529635956,0.0684208869934082,9.66291381406951e-20
0.0978351325230633,0.08868482985443903,0.0999195891830341,0.09243995005146308,0.11868858337402344,0.0086388353051329,0.008638403429372943,0.06401419639587402,9.663176740036357e-20
0.09783436585065006,0.08868465092980453,0.09991959615344685,0.09244091687978614,0.12703323364257812,0.008638403438063,0.008637971583702608,0.06822347640991211,9.663439657863436e-20
0.09783359917438175,0.08868447201684715,0.09991960312388165,0.09244188361063596,0.12750244140625,0.008637971592626534,0.00863753976041437,0.07414531707763672,9.663702582203304e-20
0.09783283249425886,0.08868429311556388,0.09991961009433736,0.09244285024402545,0.12782812118530273,0.008637539768821362,0.008637107957554235,0.0681307315826416,9.66396543297475e-20
0.0978320658102818,0.08868411422595168,0.09991961706481287,0.09244381677996749,0.11731743812561035,0.008637107966647505,0.008636676177431468,0.06456542015075684,9.664228302940154e-20
0.09783129912245105,0.08868393534800757,0.09991962403530702,0.092444783218475,0.12256860733032227,0.00863667618610276,0.008636244418624983,0.06698226928710938,9.664491159212339e-20
0.09783053243076706,0.08868375648172853,0.0999196310058187,0.09244574955956086,0.11942839622497559,0.008636244427186449,0.00863581268113478,0.0643768310546875,9.664754061415795e-20
0.09782976573523035,0.0886835776271116,0.0999196379763468,0.09244671580323802,0.12652230262756348,0.008635812689896856,0.008635380965493766,0.06717395782470703,9.665016914257143e-20
0.09782899903584137,0.08868339878415375,0.0999196449468902,0.09244768194951937,0.11888766288757324,0.008635380974233546,0.00863494927134667,0.06421375274658203,9.665279758351337e-20
0.0978282323326006,0.08868321995285204,0.09991965191744778,0.09244864799841779,0.1271367073059082,0.008634949280195026,0.008634517599048763,0.0686485767364502,9.665542554267298e-20
0.09782746562550855,0.08868304113320351,0.09991965888801847,0.09244961394994629,0.125840425491333,0.008634517607780612,0.008634085948244774,0.06747126579284668,9.665805366445611e-20
0.09782669891456575,0.08868286232520517,0.09991966585860117,0.09245057980411771,0.11697697639465332,0.008634085956989846,0.008633654319112338,0.06389522552490234,9.666068194642733e-20
0.0978259321997727,0.08868268352885411,0.09991967282919477,0.092451545560945,0.12859535217285156,0.008633654327819703,0.008633222711296185,0.0688936710357666,9.666330999628902e-20
0.0978251654811299,0.08868250474414736,0.09991967979979818,0.09245251122044114,0.11775660514831543,0.008633222720271122,0.00863279112532922,0.06432485580444336,9.666593800034885e-20
0.09782439875863781,0.08868232597108201,0.09991968677041034,0.09245347678261913,0.12679648399353027,0.008632791134342272,0.008632359561211445,0.0690927505493164,9.666856559282479e-20
0.097823632032297,0.08868214720965514,0.09991969374103017,0.09245444224749187,0.11583423614501953,0.0086323595700314,0.008631928018409951,0.06399750709533691,9.667119318321474e-20
0.09782286530210804,0.08868196845986384,0.09991970071165661,0.0924554076150723,0.12619566917419434,0.008631928027338424,0.008631496497635283,0.06671810150146484,9.667382101530143e-20
0.0978220985680714,0.08868178972170519,0.09991970768228858,0.09245637288537337,0.1262972354888916,0.00863149650626193,0.008631064997466353,0.0675051212310791,9.667644826890654e-20
0.09782133183018761,0.0886816109951763,0.09991971465292504,0.092457338058408,0.11817526817321777,0.008631065006801948,0.00863063351967952,0.06408977508544922,9.667907580852592e-20
0.09782056508845721,0.08868143228027428,0.09991972162356492,0.09245830313418922,0.12675142288208008,0.008630633528955631,0.008630202064274783,0.06768584251403809,9.668170330190348e-20
0.09781979834288075,0.08868125357699626,0.0999197285942072,0.09245926811272998,0.11428046226501465,0.008630202072720477,0.008629770629653422,0.06440019607543945,9.668433038096548e-20
0.09781903159345881,0.08868107488533936,0.0999197355648508,0.09246023299404325,0.12070250511169434,0.008629770638097502,0.008629339215815435,0.06392049789428711,9.668695714819074e-20
0.09781826484019197,0.08868089620530072,0.09991974253549471,0.09246119777814207,0.12344145774841309,0.008629339225087365,0.008628907824714815,0.06731891632080078,9.6689584428511e-20
0.09781749808308081,0.08868071753687748,0.0999197495061379,0.09246216246503947,0.1209108829498291,0.008628907833686507,0.008628476454930478,0.0660557746887207,9.669221132192986e-20
0.09781673132212587,0.08868053888006683,0.09991975647677932,0.09246312705474842,0.122100830078125,0.008628476463895595,0.008628045106817694,0.06476449966430664,9.669483787685869e-20
0.09781596455732772,0.08868036023486589,0.09991976344741799,0.0924640915472819,0.1278977394104004,0.008628045115710518,0.008627613780021193,0.06845283508300781,9.669746493068429e-20
0.09781519778868691,0.08868018160127185,0.09991977041805286,0.0924650559426529,0.11496281623840332,0.00862761378913318,0.008627182474540973,0.0636451244354248,9.67000914545924e-20
0.09781443101620406,0.08868000297928187,0.09991977738868293,0.0924660202408745,0.12031435966491699,0.008627182484162204,0.008626751191975757,0.06414365768432617,9.670271803679524e-20
0.09781366423987968,0.08867982436889314,0.0999197843593072,0.09246698444195971,0.12756824493408203,0.008626751200794107,0.00862631993001628,0.0688638687133789,9.67053444622117e-20
0.09781289745971446,0.08867964577010286,0.09991979132992466,0.09246794854592154,0.11432409286499023,0.008626319939029863,0.008625888689905992,0.06332683563232422,9.670797052854821e-20
0.09781213067570897,0.08867946718290821,0.09991979830053432,0.092468912552773,0.12075138092041016,0.008625888698867712,0.008625457471111986,0.06404638290405273,9.671059682097381e-20
0.09781136388786388,0.08867928860730644,0.09991980527113518,0.09246987646252708,0.12827706336975098,0.00862545748030855,0.008625026274700076,0.06757569313049316,9.671322263663379e-20
0.09781059709617969,0.08867911004329473,0.09991981224172627,0.09247084027519686,0.1227576732635498,0.008625026283347938,0.008624595099071541,0.06769657135009766,9.671584853385248e-20
0.09780983030065708,0.08867893149087036,0.09991981921230658,0.09247180399079541,0.1134028434753418,0.008624595107986185,0.008624163944936925,0.06310820579528809,9.671847485396229e-20
0.09780906350129662,0.0886787529500305,0.09991982618287516,0.09247276760933576,0.11979150772094727,0.008624163954224223,0.008623732812829132,0.06418967247009277,9.67211001442796e-20
0.09780829669809897,0.08867857442077241,0.09991983315343103,0.09247373113083097,0.1276698112487793,0.008623732822059265,0.008623301702748165,0.06844234466552734,9.672372547319972e-20
0.09780752989106477,0.08867839590309336,0.09991984012397323,0.09247469455529404,0.1154937744140625,0.008623301711488533,0.008622870613272937,0.06443071365356445,9.672635146202461e-20
0.09780676308019469,0.08867821739699058,0.09991984709450079,0.09247565788273812,0.11623978614807129,0.008622870622513022,0.008622439546712712,0.06292510032653809,9.672897714521794e-20
0.09780599626548936,0.08867803890246136,0.09991985406501276,0.09247662111317624,0.1252756118774414,0.008622439555130208,0.008622008500758227,0.06641936302185059,9.673160191620473e-20
0.09780522944694937,0.08867786041950293,0.0999198610355082,0.09247758424662143,0.12459564208984375,0.00862200850934038,0.008621577476475295,0.06826186180114746,9.673422745773809e-20
0.0978044626245754,0.08867768194811261,0.09991986800598615,0.0924785472830868,0.11954092979431152,0.008621577485141453,0.008621146473508645,0.06685543060302734,9.673685255456344e-20
0.0978036957983681,0.08867750348828768,0.09991987497644567,0.09247951022258542,0.1141653060913086,0.008621146482534436,0.008620715492746456,0.0630791187286377,9.673947792683545e-20
0.09780292896832815,0.08867732504002541,0.09991988194688582,0.09248047306513044,0.11808967590332031,0.00862071550151616,0.008620284532945277,0.06340265274047852,9.6742102618406e-20
0.0978021621344562,0.08867714660332311,0.09991988891730566,0.09248143581073483,0.1258406639099121,0.008620284542086257,0.008619853594993288,0.06610512733459473,9.674472757662579e-20
0.09780139529675289,0.0886769681781781,0.09991989588770428,0.0924823984594117,0.11947488784790039,0.008619853604244936,0.008619422679068123,0.06644082069396973,9.674735223614601e-20
0.09780062845521886,0.08867678976458769,0.09991990285808075,0.09248336101117414,0.11473536491394043,0.008619422687988813,0.008618991784814511,0.06303238868713379,9.674997690004403e-20
0.0977998616098548,0.0886766113625492,0.09991990982843414,0.09248432346603526,0.11830759048461914,0.008618991793316348,0.008618560911699547,0.06454300880432129,9.675260146482844e-20
0.09779909476066138,0.08867643297205997,0.09991991679876355,0.09248528582400814,0.1285114288330078,0.008618560920228292,0.008618130059367957,0.07112669944763184,9.675522572880996e-20
0.0977983279076393,0.08867625459311733,0.09991992376906807,0.09248624808510593,0.1270589828491211,0.008618130068724873,0.008617699230306641,0.06720685958862305,9.675784996226543e-20
0.09779756105078928,0.08867607622571863,0.09991993073934677,0.09248721024934176,0.11848258972167969,0.008617699238801598,0.008617268421851065,0.06673717498779297,9.676047433082061e-20
0.09779679419011195,0.08867589786986123,0.09991993770959877,0.09248817231672869,0.11511826515197754,0.008617268430459074,0.008616837635067043,0.06349301338195801,9.676309870584038e-20
0.09779602732560806,0.08867571952554248,0.09991994467982317,0.0924891342872799,0.11843752861022949,0.008616837643695587,0.008616406869599302,0.06442379951477051,9.676572311239226e-20
0.09779526045727835,0.08867554119275975,0.09991995165001909,0.09249009616100849,0.12494945526123047,0.008616406878511045,0.008615976125803115,0.06659936904907227,9.67683464522058e-20
0.09779449358512352,0.08867536287151041,0.09991995862018564,0.09249105793792758,0.12440752983093262,0.008615976134905692,0.008615545404033753,0.06878018379211426,9.677097050042105e-20
0.09779372670914428,0.08867518456179184,0.09991996559032193,0.09249201961805034,0.11560916900634766,0.008615545412875108,0.008615114703225402,0.0645909309387207,9.677359403529668e-20
0.09779295982934136,0.08867500626360142,0.09991997256042708,0.09249298120138984,0.11838507652282715,0.008615114712420597,0.00861468402462151,0.06283354759216309,9.677621788243766e-20
0.09779219294571548,0.08867482797693656,0.09991997953050022,0.09249394268795919,0.12604236602783203,0.008614684033540987,0.008614253367511537,0.06370806694030762,9.677884134529202e-20
0.09779142605826734,0.08867464970179464,0.09991998650054049,0.09249490407777154,0.12257599830627441,0.00861425337623255,0.008613822731717846,0.06476593017578125,9.678146498831276e-20
0.09779065916699764,0.0886744714381731,0.099919993470547,0.09249586537084005,0.12687420845031738,0.008613822740496565,0.008613392117418073,0.06795358657836914,9.678408820121568e-20
0.09778989227190711,0.08867429318606934,0.09992000044051892,0.09249682656717788,0.11947751045227051,0.008613392126332319,0.008612961524789853,0.06690120697021484,9.67867111570224e-20
0.09778912537299651,0.0886741149454808,0.09992000741045538,0.09249778766679817,0.11574864387512207,0.008612961533736656,0.008612530954010822,0.06422662734985352,9.678933428368143e-20
0.09778835847026662,0.08867393671640489,0.09992001438035551,0.09249874866971411,0.1157374382019043,0.008612530962709877,0.008612100404548073,0.06345629692077637,9.679195707535302e-20
0.09778759156371818,0.08867375849883903,0.09992002135021849,0.09249970957593888,0.11973094940185547,0.008612100413251216,0.008611669876401606,0.0643153190612793,9.679458027794147e-20
0.09778682465335198,0.08867358029278069,0.09992002832004346,0.09250067038548565,0.12507104873657227,0.008611669885359293,0.008611239369926693,0.0665283203125,9.679720257849374e-20
0.09778605773916874,0.08867340209822731,0.09992003528982958,0.09250163109836752,0.12507367134094238,0.008611239379032997,0.008610808885123333,0.06688380241394043,9.679982600830819e-20
0.09778529082116917,0.08867322391517635,0.09992004225957603,0.09250259171459771,0.1243293285369873,0.008610808894271597,0.008610378422346798,0.06827139854431152,9.68024482963955e-20
0.09778452389935409,0.08867304574362526,0.09992004922928197,0.09250355223418943,0.11226439476013184,0.008610378431072593,0.00860994798070891,0.06265044212341309,9.68050709420056e-20
0.09778375697372432,0.08867286758357153,0.09992005619894656,0.09250451265715581,0.12336349487304688,0.008609947989435674,0.008609517560209667,0.06735563278198242,9.680769342092183e-20
0.09778299004428062,0.08867268943501261,0.09992006316856901,0.09250547298351006,0.12555718421936035,0.00860951756936009,0.008609087161914886,0.06699943542480469,9.681031538012312e-20
0.09778222311102372,0.088672511297946,0.09992007013814848,0.09250643321326539,0.12436199188232422,0.008609087170845684,0.008608656785114022,0.06671953201293945,9.681293797055433e-20
0.09778145617395442,0.08867233317236917,0.09992007710768415,0.09250739334643492,0.12449097633361816,0.008608656793890099,0.00860822642962944,0.06698298454284668,9.681555969065435e-20
0.09778068923307352,0.08867215505827963,0.09992008407717522,0.09250835338303187,0.12631511688232422,0.008608226438491554,0.00860779609546114,0.0674140453338623,9.681818187731967e-20
0.0977799222883818,0.08867197695567489,0.09992009104662088,0.0925093133230695,0.1252584457397461,0.008607796104650378,0.008607365783852572,0.06682968139648438,9.682080364608135e-20
0.09777915533988008,0.08867179886455244,0.09992009801602032,0.09251027316656094,0.12602758407592773,0.008607365792364381,0.008606935493027379,0.0676729679107666,9.682342577459534e-20
0.09777838838756922,0.0886716207849098,0.09992010498537277,0.09251123291351937,0.12580442428588867,0.00860693550163288,0.008606505223696104,0.0693979263305664,9.682604733257205e-20
0.09777762143145,0.08867144271674449,0.0999201119546774,0.092512192563958,0.12481045722961426,0.00860650523245611,0.008606074976391653,0.06900668144226074,9.682866896616098e-20
0.09777685447152319,0.08867126466005404,0.09992011892393345,0.09251315211789012,0.12814807891845703,0.00860607498483098,0.008605644749870578,0.06855654716491699,9.683129013450089e-20
0.09777608750778957,0.08867108661483598,0.09992012589314012,0.09251411157532886,0.12339329719543457,0.008605644758757785,0.008605214545198692,0.06511282920837402,9.68339116408524e-20
0.09777532054025,0.08867090858108785,0.09992013286229662,0.0925150709362875,0.12320256233215332,0.008605214554235418,0.008604784362375995,0.06508326530456543,9.683653285481275e-20
0.09777455356890523,0.08867073055880721,0.09992013983140219,0.09251603020077921,0.12596678733825684,0.008604784371262504,0.00860435420122485,0.06498384475708008,9.683915414930767e-20
0.09777378659375616,0.0886705525479916,0.09992014680045604,0.09251698936881717,0.12692761421203613,0.008604354209837196,0.008603924060857082,0.0652310848236084,9.684177540893176e-20
0.09777301961480363,0.08867037454863856,0.09992015376945741,0.09251794844041464,0.13234949111938477,0.008603924069959837,0.008603493942338503,0.07354116439819336,9.684439641996415e-20
0.0977722526320484,0.08867019656074569,0.09992016073840553,0.09251890741558487,0.1263749599456787,0.008603493951629343,0.008603063845846748,0.06721234321594238,9.684701691251279e-20
0.09777148564549137,0.08867001858431056,0.09992016770729963,0.09251986629434109,0.12517094612121582,0.008603063854843255,0.008602633770671275,0.06699609756469727,9.684963807783802e-20
0.09777071865513332,0.08866984061933074,0.09992017467613896,0.09252082507669648,0.1242063045501709,0.008602633779600206,0.008602203717522627,0.0670323371887207,9.685225839384836e-20
0.09776995166097507,0.08866966266580381,0.09992018164492276,0.0925217837626643,0.12467026710510254,0.008602203725898988,0.008601773684979719,0.06683635711669922,9.685487940177994e-20
0.09776918466301757,0.08866948472372736,0.09992018861365029,0.09252274235225781,0.13250994682312012,0.00860177369374005,0.008601343674286,0.0699605941772461,9.685749937927279e-20
0.09776841766126158,0.08866930679309899,0.09992019558232079,0.0925237008454902,0.1274878978729248,0.008601343683123541,0.008600913685086198,0.06844878196716309,9.686011941830292e-20
0.097767650655708,0.0886691288739163,0.09992020255093352,0.09252465924237468,0.12599706649780273,0.00860091369404539,0.008600483717913221,0.06878089904785156,9.686274002226948e-20
0.09776688364635772,0.08866895096617688,0.09992020951948773,0.0925256175429245,0.12502622604370117,0.00860048372650648,0.00860005377152362,0.06826210021972656,9.686536074064698e-20
0.0977661166332115,0.08866877306987836,0.09992021648798269,0.09252657574715299,0.12429475784301758,0.008600053780505471,0.008599623847160842,0.06786227226257324,9.686798037472479e-20
0.09776534961627026,0.08866859518501836,0.09992022345641767,0.09252753385507341,0.12238430976867676,0.008599623856040243,0.008599193944114347,0.06761336326599121,9.687060064875692e-20
0.09776458259553493,0.08866841731159451,0.09992023042479194,0.09252849186669902,0.13498854637145996,0.008599193953110356,0.008598764062739406,0.06846284866333008,9.687322047124048e-20
0.09776381557100633,0.08866823944960443,0.09992023739310477,0.09252944978204304,0.12758803367614746,0.008598764071714796,0.008598334203391289,0.06825757026672363,9.68758404151123e-20
0.09776304854268537,0.08866806159904574,0.09992024436135544,0.09253040760111873,0.1260683536529541,0.008598334211851404,0.008597904365004183,0.06826281547546387,9.687845998361672e-20
0.09776228151057292,0.08866788375991609,0.09992025132954323,0.09253136532393937,0.12654423713684082,0.008597904373520555,0.00859747454828863,0.06624078750610352,9.68810794507067e-20
0.0977615144746699,0.08866770593221314,0.09992025829766743,0.09253232295051822,0.12467575073242188,0.008597474556720384,0.008597044752534089,0.0652005672454834,9.688369883854629e-20
0.09776074743497716,0.08866752811593454,0.09992026526572734,0.09253328048086855,0.1302022933959961,0.008597044761450881,0.008596614979161643,0.06643915176391602,9.688631778161851e-20
0.09775998039149561,0.08866735031107792,0.09992027223372224,0.09253423791500358,0.1277015209197998,0.008596614987709262,0.008596185226217301,0.06845712661743164,9.688893735728228e-20
0.09775921334422613,0.08866717251764097,0.09992027920165142,0.09253519525293655,0.1275641918182373,0.008596185235496158,0.008595755496187962,0.06862282752990723,9.689155671678107e-20
0.09775844629316968,0.08866699473562138,0.09992028616951419,0.09253615249468077,0.1266775131225586,0.008595755504808105,0.00859532578729727,0.06900596618652344,9.689417599237465e-20
0.09775767923832711,0.0886668169650168,0.09992029313730985,0.09253710964024955,0.12723422050476074,0.008595325795645696,0.008594896099012317,0.06905555725097656,9.689679462054364e-20
0.09775691217969923,0.08866663920582492,0.0999203001050377,0.09253806668965615,0.12741518020629883,0.008594896108009214,0.008594466432931824,0.06919622421264648,9.689941343925523e-20
0.09775614511728703,0.08866646145804342,0.09992030707269706,0.0925390236429139,0.12240743637084961,0.00859446644189657,0.008594036788167614,0.06501531600952148,9.69020323212957e-20
0.09775537805109147,0.08866628372167001,0.09992031404028723,0.09253998050003606,0.12623310089111328,0.008594036797306363,0.008593607165252592,0.06595778465270996,9.690465078235083e-20
0.09775461098111339,0.0886661059967024,0.09992032100780755,0.09254093726103592,0.12654757499694824,0.00859360717423656,0.00859317756418676,0.06726717948913574,9.690726915041778e-20
0.09775384390735377,0.08866592828313825,0.09992032797525734,0.09254189392592677,0.12694811820983887,0.008593177572686241,0.008592747984259574,0.06761693954467773,9.690988770840461e-20
0.09775307682981348,0.08866575058097531,0.0999203349426359,0.09254285049472186,0.12831354141235352,0.008592747992655086,0.008592318424582857,0.06976199150085449,9.691250607804381e-20
0.0977523097484935,0.08866557289021128,0.09992034190994258,0.09254380696743449,0.13103961944580078,0.008592318434144526,0.008591888887998778,0.06688594818115234,9.691512464857811e-20
0.0977515426633947,0.08866539521084386,0.09992034887717668,0.09254476334407798,0.12400054931640625,0.008591888897148946,0.00859145937273098,0.06575250625610352,9.691774268297959e-20
0.09775077557451804,0.08866521754287082,0.09992035584433756,0.09254571962466562,0.1272590160369873,0.008591459381669596,0.00859102987860183,0.06821036338806152,9.692036098103946e-20
0.09775000848186449,0.08866503988628986,0.09992036281142455,0.0925466758092107,0.12630081176757812,0.008591029887705763,0.008590600405966597,0.06958580017089844,9.692297850376614e-20
0.09774924138543502,0.08866486224109874,0.09992036977843699,0.0925476318977265,0.12188220024108887,0.008590600415254768,0.00859017095535819,0.06543445587158203,9.69255962647494e-20
0.0977484742852305,0.08866468460729515,0.09992037674537424,0.09254858789022635,0.13009142875671387,0.008590170964316187,0.008589741525888428,0.06941938400268555,9.692821413287023e-20
0.09774770718125186,0.08866450698487688,0.09992038371223562,0.09254954378672361,0.12492799758911133,0.008589741534888841,0.008589312117912584,0.06709003448486328,9.693083179890383e-20
0.09774694007350011,0.08866432937384168,0.0999203906790205,0.09255049958723154,0.11975693702697754,0.00858931212697307,0.00858888273178593,0.0644376277923584,9.69334493877782e-20
0.09774617296197619,0.08866415177418731,0.09992039764572823,0.09255145529176341,0.12666893005371094,0.00858888274056579,0.008588453366975557,0.0673375129699707,9.693606645644026e-20
0.09774540584668101,0.08866397418591151,0.09992040461235815,0.09255241090033253,0.12632036209106445,0.008588453375666213,0.008588024023659102,0.06953859329223633,9.693868396078295e-20
0.0977446387276156,0.08866379660901207,0.09992041157890964,0.09255336641295232,0.11832547187805176,0.008588024032273307,0.008587594701481294,0.06433415412902832,9.694130119975933e-20
0.0977438716047809,0.08866361904348673,0.09992041854538207,0.09255432182963605,0.12478852272033691,0.008587594710387284,0.008587165400975039,0.06747651100158691,9.694391877070653e-20
0.09774310447817788,0.08866344148933329,0.0999204255117748,0.09255527715039708,0.13114309310913086,0.008587165410007433,0.008586736122317973,0.06662893295288086,9.694653536734201e-20
0.09774233734780755,0.08866326394654954,0.09992043247808718,0.0925562323752487,0.12575721740722656,0.008586736131131046,0.008586306864621918,0.06676363945007324,9.694915264579673e-20
0.09774157021367083,0.08866308641513326,0.09992043944431861,0.09255718750420423,0.12202692031860352,0.008586306873758656,0.008585877628597416,0.06707000732421875,9.695176915443388e-20
0.09774080307576873,0.08866290889508226,0.09992044641046846,0.09255814253727701,0.1195976734161377,0.008585877637888562,0.008585448414599739,0.06479358673095703,9.695438563046029e-20
0.09774003593410226,0.08866273138639431,0.0999204533765361,0.09255909747448034,0.12711024284362793,0.008585448423517612,0.008585019221918344,0.06831860542297363,9.695700235180161e-20
0.09773926878867234,0.08866255388906724,0.0999204603425209,0.0925600523158275,0.11773467063903809,0.008585019230646383,0.008584590050375596,0.06591057777404785,9.695961888496435e-20
0.09773850163947999,0.08866237640309883,0.09992046730842229,0.09256100706133191,0.12482810020446777,0.008584590059273556,0.0085841609005044,0.06729340553283691,9.696223523537341e-20
0.09773773448652617,0.08866219892848692,0.09992047427423961,0.09256196171100683,0.12168145179748535,0.008584160909398678,0.008583731772482395,0.06470656394958496,9.69648515105953e-20
0.09773696732981196,0.08866202146522931,0.09992048123997227,0.09256291626486567,0.12739157676696777,0.008583731781018716,0.008583302665066128,0.06828737258911133,9.696746772858918e-20
0.09773620016933826,0.08866184401332382,0.09992048820561966,0.09256387072292177,0.11672782897949219,0.008583302674135863,0.008582873579676686,0.06353569030761719,9.697008394255447e-20
0.09773543300510616,0.08866166657276829,0.09992049517118119,0.09256482508518846,0.12728142738342285,0.008582873588747757,0.008582444515958798,0.0678093433380127,9.697270009987643e-20
0.09773466583711657,0.08866148914356058,0.09992050213665625,0.09256577935167908,0.11741328239440918,0.008582444524852226,0.008582015473912463,0.06357765197753906,9.697531551995535e-20
0.09773389866537059,0.08866131172569848,0.09992050910204427,0.09256673352240698,0.12822556495666504,0.008582015482448257,0.008581586453004775,0.06828570365905762,9.697793153082862e-20
0.09773313148986922,0.08866113431917985,0.09992051606734462,0.09256768759738548,0.1244356632232666,0.008581586461535128,0.008581157453058097,0.06542205810546875,9.698054754046095e-20
0.09773236431061344,0.08866095692400255,0.09992052303255672,0.0925686415766279,0.12167978286743164,0.00858115746211275,0.008580728475493515,0.06548070907592773,9.698316287469567e-20
0.0977315971276043,0.08866077954016442,0.09992052999768,0.09256959546014763,0.12260150909423828,0.008580728484178997,0.008580299518534673,0.06679797172546387,9.698577830701779e-20
0.09773082994084274,0.08866060216766332,0.09992053696271387,0.09257054924795798,0.12230968475341797,0.008580299527734219,0.008579870584490834,0.06456279754638672,9.698839387224647e-20
0.09773006275032979,0.08866042480649709,0.09992054392765774,0.09257150294007235,0.12303376197814941,0.008579870592773911,0.008579441670697463,0.06673860549926758,9.699100918267591e-20
0.09772929555606658,0.08866024745666364,0.09992055089251102,0.09257245653650407,0.12154936790466309,0.008579441679300023,0.008579012778575645,0.06536507606506348,9.699362423630434e-20
0.09772852835805403,0.0886600701181608,0.09992055785727316,0.0925734100372665,0.12358379364013672,0.008579012787310502,0.008578583907592474,0.0667417049407959,9.69962393396445e-20
0.09772776115629322,0.08865989279098646,0.09992056482194359,0.09257436344237302,0.1265699863433838,0.008578583916806003,0.008578155058636128,0.06351852416992188,9.699885432673801e-20
0.09772699395078517,0.0886597154751385,0.09992057178652171,0.09257531675183697,0.12616324424743652,0.008578155067784666,0.00857772623152897,0.06628298759460449,9.700146935139953e-20
0.09772622674153095,0.08865953817061481,0.09992057875100696,0.09257626996567173,0.11904048919677734,0.008577726240242748,0.008577297425027552,0.0649266242980957,9.700408384184431e-20
0.09772545952853151,0.08865936087741326,0.09992058571539879,0.09257722308389059,0.12070989608764648,0.008577297434182257,0.00857686864055296,0.06435489654541016,9.700669887116959e-20
0.09772469231178792,0.08865918359553177,0.09992059267969663,0.09257817610650693,0.12540507316589355,0.00857686864960068,0.00857643987774992,0.06762242317199707,9.700931315995437e-20
0.09772392509130129,0.08865900632496822,0.09992059964389993,0.0925791290335341,0.11651372909545898,0.008576439886496347,0.008576011136618433,0.06417727470397949,9.701192775204042e-20
0.09772315786707261,0.08865882906572053,0.09992060660800814,0.09258008186498552,0.12682557106018066,0.008576011144869137,0.00857558241591505,0.06794285774230957,9.701454206585466e-20
0.09772239063910296,0.0886586518177866,0.09992061357202067,0.09258103460087451,0.12437701225280762,0.00857558242471736,0.0085751537177714,0.06820487976074219,9.701715627867735e-20
0.09772162340739336,0.08865847458116433,0.099920620535937,0.09258198724121447,0.11312413215637207,0.008575153726040254,0.00857472504058876,0.06256318092346191,9.701977069755118e-20
0.09772085617194488,0.08865829735585165,0.0999206274997566,0.09258293978601875,0.12397980690002441,0.008574725048836674,0.00857429638436713,0.06522107124328613,9.702238469791995e-20
0.0977200889327586,0.08865812014184649,0.09992063446347889,0.09258389223530078,0.12116360664367676,0.00857429639310635,0.008573867750349962,0.06564617156982422,9.702499859294548e-20
0.09771932168983552,0.08865794293914675,0.09992064142710334,0.09258484458907386,0.11712074279785156,0.008573867758846752,0.008573439136938532,0.06317973136901855,9.702761259221939e-20
0.0977185544431767,0.08865776574775039,0.09992064839062942,0.09258579684735135,0.12724924087524414,0.008573439146060586,0.008573010545198656,0.06559896469116211,9.703022637547324e-20
0.09771778719278329,0.08865758856765531,0.09992065535405657,0.09258674901014666,0.11805415153503418,0.008573010554744399,0.008572581975840876,0.06433773040771484,9.703284000910001e-20
0.09771701993865636,0.08865741139885946,0.09992066231738429,0.09258770107747319,0.12564897537231445,0.008572581984895692,0.008572153427444107,0.06919169425964355,9.703545338039181e-20
0.09771625268079692,0.08865723424136081,0.09992066928061204,0.09258865304934426,0.12018561363220215,0.008572153436513793,0.008571724900718891,0.06313681602478027,9.703806699982693e-20
0.09771548541920602,0.0886570570951573,0.09992067624373928,0.09258960492577331,0.1288912296295166,0.008571724909598242,0.008571296395132322,0.06852054595947266,9.704068046682835e-20
0.09771471815388479,0.08865687996024686,0.09992068320676548,0.09259055670677367,0.11472702026367188,0.008571296404148974,0.008570867911394942,0.06321215629577637,9.704329373164081e-20
0.09771395088483432,0.08865670283662745,0.09992069016969012,0.09259150839235875,0.1204373836517334,0.008570867920162973,0.008570439448440936,0.06366825103759766,9.704590663681299e-20
0.09771318361205562,0.08865652572429704,0.09992069713251268,0.09259245998254187,0.1272718906402588,0.008570439457639837,0.008570011008046663,0.06746983528137207,9.704851986715528e-20
0.09771241633554979,0.08865634862325358,0.09992070409523265,0.09259341147733642,0.11519765853881836,0.008570011016578687,0.0085695825886134,0.06422209739685059,9.705113284203894e-20
0.09771164905531791,0.08865617153349505,0.09992071105784953,0.09259436287675578,0.1196584701538086,0.008569582596977517,0.008569154189785877,0.06423163414001465,9.705374558743056e-20
0.09771088177136111,0.0886559944550194,0.09992071802036277,0.09259531418081335,0.12724828720092773,0.008569154198837716,0.00856872581334045,0.06767988204956055,9.705635833155318e-20
0.09771011448368049,0.08865581738782462,0.09992072498277188,0.09259626538952259,0.12864255905151367,0.008568725822156068,0.008568297458033669,0.06790876388549805,9.705897106620825e-20
0.09770934719227713,0.08865564033190869,0.09992073194507635,0.09259721650289682,0.11581826210021973,0.008568297466931853,0.008567869124398442,0.06532597541809082,9.706158386133733e-20
0.09770857989715212,0.0886554632872696,0.09992073890727567,0.09259816752094945,0.11629104614257812,0.008567869133164359,0.008567440811724225,0.06313443183898926,9.70641962553923e-20
0.09770781259830662,0.08865528625390533,0.09992074586936936,0.09259911844369383,0.12504029273986816,0.008567440820853178,0.008567012521254469,0.06697392463684082,9.706680835526336e-20
0.09770704529574177,0.08865510923181388,0.09992075283135689,0.0926000692711434,0.12222170829772949,0.008567012529995874,0.008566584251390452,0.06684207916259766,9.706942050820179e-20
0.09770627798945863,0.08865493222099326,0.09992075979323778,0.09260102000331158,0.1147453784942627,0.00856658426059233,0.008566156003375625,0.06353425979614258,9.707203305242283e-20
0.09770551067945833,0.08865475522144145,0.09992076675501153,0.09260197064021174,0.11721229553222656,0.008566156012641267,0.008565727777742893,0.06348252296447754,9.707464505108573e-20
0.09770474336574199,0.08865457823315646,0.09992077371667765,0.09260292118185721,0.12979841232299805,0.008565727786140422,0.008565299571650087,0.07073760032653809,9.707725691919401e-20
0.09770397604831073,0.08865440125613631,0.09992078067823565,0.09260387162826143,0.1267375946044922,0.008565299581091933,0.008564871388294648,0.06612944602966309,9.707986888172714e-20
0.0977032087271656,0.08865422429037903,0.09992078763968504,0.09260482197943778,0.1189119815826416,0.008564871397491246,0.008564443226433127,0.06641387939453125,9.708248044325054e-20
0.09770244140230772,0.0886540473358826,0.09992079460102533,0.09260577223539969,0.11452317237854004,0.008564443235338311,0.008564015085177346,0.06317806243896484,9.708509213022784e-20
0.09770167407373824,0.08865387039264506,0.09992080156225606,0.09260672239616052,0.11765456199645996,0.008564015094633419,0.008563586966658931,0.06405448913574219,9.708770397068067e-20
0.09770090674145836,0.08865369346066442,0.09992080852337673,0.0926076724617337,0.12392854690551758,0.008563586975372125,0.008563158868746257,0.06450414657592773,9.709031530823048e-20
0.0977001394054692,0.08865351653993872,0.09992081548438686,0.0926086224321326,0.1239631175994873,0.008563158877556324,0.008562730792682771,0.06884431838989258,9.709292627905753e-20
0.09769937206577181,0.08865333963046598,0.09992082244528598,0.09260957230737062,0.11529874801635742,0.00856273080118331,0.00856230273740266,0.06479048728942871,9.709553758626865e-20
0.09769860472236735,0.08865316273224426,0.09992082940607361,0.09261052208746118,0.11765766143798828,0.008562302746254372,0.008561874704149375,0.06383633613586426,9.709814891452469e-20
0.09769783737525702,0.08865298584527159,0.0999208363667493,0.09261147177241766,0.12656402587890625,0.008561874712765729,0.008561446692212371,0.06339168548583984,9.710075986753366e-20
0.09769707002444188,0.08865280896954601,0.09992084332731256,0.09261242136225346,0.12315225601196289,0.008561446700718326,0.008561018701058742,0.06422781944274902,9.710337049784571e-20
0.09769630266992309,0.08865263210506558,0.09992085028776294,0.09261337085698197,0.12713932991027832,0.008561018710110436,0.008560590732642481,0.06770706176757812,9.710598170521723e-20
0.0976955353117018,0.08865245525182834,0.09992085724809997,0.09261432025661659,0.11857056617736816,0.008560590740940276,0.008560162784476688,0.0667576789855957,9.710859252403602e-20
0.09769476794977913,0.08865227840983236,0.09992086420832319,0.09261526956117075,0.11499309539794922,0.008560162793208486,0.008559734857449541,0.06354165077209473,9.711120315019588e-20
0.0976940005841562,0.0886521015790757,0.09992087116843214,0.09261621877065786,0.11626505851745605,0.008559734866914685,0.00855930695369267,0.06294035911560059,9.71138138661844e-20
0.09769323321483427,0.0886519247595564,0.09992087812842636,0.09261716788509129,0.12230324745178223,0.00855930696205263,0.008558879069298087,0.06398653984069824,9.71164239841015e-20
0.09769246584181444,0.08865174795127254,0.09992088508830539,0.09261811690448446,0.1273479461669922,0.008558879078627114,0.008558451207818507,0.06783819198608398,9.711903411888004e-20
0.09769169846509784,0.08865157115422219,0.0999208920480688,0.09261906582885078,0.12055444717407227,0.008558451216632621,0.008558023367122303,0.06712102890014648,9.71216448539821e-20
0.0976909310846856,0.08865139436840344,0.09992089900771611,0.09262001465820367,0.12427663803100586,0.008558023376070784,0.008557595548452923,0.06904816627502441,9.712425466190085e-20
0.09769016370057886,0.08865121759381438,0.09992090596724691,0.09262096339255659,0.11621785163879395,0.008557595556938455,0.008557167750211647,0.06636309623718262,9.712686475404251e-20
0.09768939631277877,0.08865104083045305,0.09992091292666073,0.09262191203192294,0.11359858512878418,0.008557167759236655,0.008556739974352467,0.06339049339294434,9.712947460395487e-20
0.09768862892128657,0.08865086407831754,0.09992091988595714,0.09262286057631604,0.11613821983337402,0.008556739982963303,0.008556312219631934,0.06279325485229492,9.713208436253134e-20
0.09768786152610338,0.08865068733740596,0.09992092684513569,0.09262380902574936,0.12007808685302734,0.008556312228116909,0.00855588448551714,0.06412053108215332,9.713469397849982e-20
0.09768709412723042,0.08865051060771638,0.09992093380419595,0.0926247573802363,0.12525701522827148,0.008555884494698813,0.008555456773784442,0.06601953506469727,9.713730378152408e-20
0.09768632672466884,0.08865033388924692,0.09992094076313747,0.09262570563979027,0.12412667274475098,0.008555456782705922,0.00855502908319039,0.06802868843078613,9.713991314150731e-20
0.09768555931841982,0.08865015718199568,0.09992094772195982,0.09262665380442463,0.11712193489074707,0.008555029092137147,0.008554601413734986,0.06740283966064453,9.714252277012939e-20
0.09768479190848449,0.08864998048596073,0.09992095468066257,0.09262760187415281,0.1230001449584961,0.008554601422993097,0.008554173766839313,0.06905508041381836,9.714513184286631e-20
0.09768402449486403,0.08864980380114021,0.0999209616392453,0.09262854984898826,0.11706399917602539,0.008554173775268617,0.008553746139838836,0.06252193450927734,9.714774114192522e-20
0.09768325707755965,0.08864962712753222,0.09992096859770755,0.09262949772894437,0.11985301971435547,0.008553746148966762,0.008553318535220455,0.0656428337097168,9.715035002568702e-20
0.09768248965657249,0.08864945046513487,0.09992097555604892,0.09263044551403457,0.12309145927429199,0.00855331854408443,0.008552890951563086,0.06725955009460449,9.715295953388295e-20
0.09768172223190377,0.08864927381394629,0.099920982514269,0.09263139320427229,0.11588287353515625,0.008552890960621786,0.008552463390110177,0.06644082069396973,9.715556850531185e-20
0.09768095480355468,0.08864909717396459,0.09992098947236734,0.0926323407996709,0.1130216121673584,0.008552463398575802,0.008552035849085371,0.06305456161499023,9.715817675172367e-20
0.0976801873715264,0.0886489205451879,0.09992099643034352,0.09263328830024387,0.11534357070922852,0.00855203585794681,0.008551608330442662,0.062410593032836914,9.716078547406505e-20
0.09767941993582017,0.08864874392761436,0.09992100338819715,0.09263423570600458,0.12119436264038086,0.008551608338732591,0.008551180831872784,0.0633544921875,9.716339430319238e-20
0.09767865249643717,0.0886485673212421,0.09992101034592779,0.09263518301696648,0.12668156623840332,0.008551180840934279,0.008550753355685003,0.06628727912902832,9.71660027818383e-20
0.09767788505337861,0.08864839072606923,0.09992101730353505,0.09263613023314293,0.12104105949401855,0.008550753364549316,0.008550325901346412,0.06747198104858398,9.71686111425137e-20
0.09767711760664563,0.0886482141420939,0.0999210242610185,0.09263707735454739,0.12497329711914062,0.008550325909576249,0.00854989846672538,0.06930780410766602,9.717121991583381e-20
0.09767635015623943,0.08864803756931425,0.09992103121837774,0.09263802438119324,0.11635446548461914,0.008549898476016792,0.008549471054664082,0.06601858139038086,9.717382774751163e-20
0.0976755827021612,0.08864786100772844,0.09992103817561236,0.09263897131309388,0.11479830741882324,0.008549471063867532,0.008549043664451972,0.06360697746276855,9.717643564582674e-20
0.09767481524441214,0.0886476844573346,0.09992104513272196,0.09263991815026273,0.11580801010131836,0.008549043673125999,0.008548616295023237,0.06281185150146484,9.71790440270069e-20
0.09767404778299349,0.0886475079181309,0.09992105208970614,0.09264086489271323,0.12239384651184082,0.008548616303793789,0.008548188946733148,0.06330275535583496,9.718165175227116e-20
0.09767328031790644,0.08864733139011549,0.0999210590465645,0.09264181154045883,0.1253974437713623,0.008548188955867935,0.008547761620469885,0.06642889976501465,9.718425953744062e-20
0.09767251284915224,0.08864715487328653,0.09992106600329663,0.09264275809351288,0.1248784065246582,0.008547761629348559,0.008547334315345267,0.06900978088378906,9.718686732322274e-20
0.09767174537673202,0.08864697836764218,0.09992107295990214,0.0926437045518888,0.11619901657104492,0.008547334324234296,0.008546907031714568,0.06659436225891113,9.718947492817889e-20
0.09767097790064708,0.0886468018731806,0.09992107991638063,0.09264465091560002,0.12423014640808105,0.008546907040524094,0.008546479769933057,0.06910920143127441,9.719208233320633e-20
0.09767021042089859,0.08864662538989997,0.09992108687273171,0.09264559718465998,0.11723113059997559,0.008546479778215783,0.008546052528046744,0.06641459465026855,9.719468973363146e-20
0.09766944293748775,0.08864644891779845,0.099921093828955,0.09264654335908212,0.11516356468200684,0.008546052537310871,0.008545625308897797,0.06362318992614746,9.719729685490617e-20
0.09766867545041583,0.08864627245687423,0.09992110078505011,0.09264748943887985,0.11688494682312012,0.008545625317806402,0.008545198110176955,0.06452751159667969,9.719990406476348e-20
0.09766790795968398,0.08864609600712547,0.09992110774101665,0.09264843542406656,0.11751508712768555,0.008545198119701438,0.008544770934015844,0.06259393692016602,9.720251178292762e-20
0.09766714046529355,0.08864591956855036,0.09992111469685422,0.09264938131465568,0.12020540237426758,0.00854477094299508,0.008544343778638108,0.06247377395629883,9.720511817194971e-20
0.0976663729672457,0.08864574314114708,0.09992112165256245,0.09265032711066065,0.12465691566467285,0.008544343787686683,0.008543916644931926,0.06520295143127441,9.720772537168248e-20
0.09766560546554161,0.08864556672491382,0.09992112860814097,0.09265127281209484,0.12412309646606445,0.008543916653773811,0.00854348953236439,0.06725692749023438,9.721033170063506e-20
0.0976648379601826,0.08864539031984879,0.09992113556358938,0.09265221841897167,0.11799120903015137,0.008543489541257382,0.008543062441290772,0.06787586212158203,9.72129384984896e-20
0.09766407045116982,0.08864521392595015,0.09992114251890732,0.09265316393130457,0.12309932708740234,0.008543062450134396,0.008542635371711071,0.07077717781066895,9.721554526261403e-20
0.09766330293850453,0.08864503754321611,0.0999211494740944,0.09265410934910698,0.11937785148620605,0.008542635380405682,0.008542208323270017,0.06833648681640625,9.721815162400834e-20
0.09766253542218796,0.08864486117164487,0.09992115642915027,0.09265505467239236,0.1168813705444336,0.008542208332068608,0.00854178129596761,0.06647753715515137,9.722075787951903e-20
0.09766176790222132,0.08864468481123464,0.09992116338407453,0.09265599990117408,0.11508512496948242,0.008541781305123067,0.008541354290692027,0.06458497047424316,9.72233640762868e-20
0.09766100037860592,0.08864450846198361,0.09992117033886681,0.09265694503546557,0.11341547966003418,0.008541354299565287,0.008540927306732726,0.06318879127502441,9.722597029476025e-20
0.09766023285134295,0.08864433212389002,0.09992117729352677,0.09265789007528022,0.11481237411499023,0.00854092731539721,0.0085405003435568,0.06368780136108398,9.722857688218845e-20
0.09765946532043374,0.08864415579695203,0.09992118424805403,0.09265883502063148,0.11539173126220703,0.008540500352618096,0.008540073402762971,0.06235146522521973,9.723118227961653e-20
0.09765869778587942,0.08864397948116792,0.09992119120244823,0.09265977987153282,0.11850953102111816,0.00854007341122447,0.008539646481864338,0.06293272972106934,9.723378832574425e-20
0.09765793024768125,0.08864380317653588,0.09992119815670901,0.09266072462799764,0.11953330039978027,0.008539646491217764,0.008539219584058344,0.06343364715576172,9.723639406427258e-20
0.09765716270584049,0.08864362688305412,0.099921205110836,0.09266166929003934,0.12786459922790527,0.008539219592595045,0.008538792706502818,0.07147645950317383,9.723899980922036e-20
0.09765639516035841,0.08864345060072087,0.09992121206482885,0.09266261385767136,0.1178433895111084,0.008538792715355029,0.00853836585044121,0.06185150146484375,9.724160566669075e-20
0.09765562761123625,0.08864327432953438,0.09992121901868718,0.09266355833090709,0.11715173721313477,0.008538365859498284,0.00853793901622879,0.06301236152648926,9.72442110285342e-20
0.09765486005847526,0.08864309806949286,0.09992122597241068,0.09266450270975997,0.11560678482055664,0.008537939025023387,0.008537512203155018,0.06386232376098633,9.724681626933386e-20
0.09765409250207677,0.08864292182059454,0.09992123292599897,0.09266544699424337,0.11359882354736328,0.008537512211928982,0.008537085411397527,0.06321859359741211,9.724942145132747e-20
0.09765332494204201,0.08864274558283766,0.0999212398794517,0.09266639118437071,0.1161649227142334,0.008537085420213242,0.008536658641133954,0.06511950492858887,9.725202675575726e-20
0.09765255737837229,0.08864256935622047,0.09992124683276851,0.09266733528015544,0.11730289459228516,0.00853665864987618,0.008536231892541934,0.06383872032165527,9.725463162066751e-20
0.0976517898110688,0.0886423931407412,0.09992125378594907,0.09266827928161096,0.11925816535949707,0.008536231900915,0.008535805164555654,0.0630338191986084,9.725723672033664e-20
0.0976510222401328,0.08864221693639808,0.09992126073899303,0.09266922318875073,0.1204688549041748,0.008535805173330665,0.008535378458240928,0.06254410743713379,9.725984132519706e-20
0.09765025466556561,0.08864204074318938,0.09992126769190003,0.09267016700158813,0.11920046806335449,0.00853537846712146,0.00853495177377539,0.061780691146850586,9.726244654083867e-20
0.09764948708736843,0.08864186456111335,0.09992127464466975,0.09267111072013659,0.11891031265258789,0.008534951782285189,0.008534525109915592,0.06291818618774414,9.726505112982415e-20
0.09764871950554252,0.08864168839016824,0.09992128159730183,0.09267205434440956,0.11444401741027832,0.008534525118822975,0.008534098468260254,0.06177878379821777,9.726765592007648e-20
0.09764795192008915,0.08864151223035233,0.09992128854979596,0.09267299787442042,0.14413714408874512,0.008534098476731594,0.008533671847388291,0.07804083824157715,9.727025981977639e-20
0.09764718433100963,0.08864133608166384,0.09992129550215177,0.09267394131018261,0.11655330657958984,0.008533671856011681,0.008533245248010246,0.06731557846069336,9.7272864356108e-20
0.09764641673830522,0.08864115994410107,0.09992130245436893,0.09267488465170955,0.1175537109375,0.008533245256660847,0.008532818669770847,0.06918835639953613,9.727546850636232e-20
0.0976456491419772,0.08864098381766226,0.09992130940644711,0.09267582789901466,0.11709213256835938,0.008532818678680045,0.008532392113913545,0.06625723838806152,9.72780727402633e-20
0.0976448815420268,0.0886408077023457,0.09992131635838598,0.09267677105211136,0.12040257453918457,0.008532392122064116,0.008531965578129075,0.06826257705688477,9.728067742439342e-20
0.0976441139384553,0.08864063159814964,0.09992132331018522,0.09267771411101312,0.11472320556640625,0.008531965586816766,0.008531539063838522,0.0625007152557373,9.728328088592976e-20
0.09764334633126404,0.08864045550507234,0.0999213302618445,0.09267865707573324,0.11821293830871582,0.008531539072935225,0.008531112571574795,0.06260347366333008,9.728588450123304e-20
0.09764257872045429,0.08864027942311209,0.09992133721336346,0.09267959994628518,0.11533188819885254,0.008531112580417742,0.008530686100272078,0.06270456314086914,9.728848858424808e-20
0.09764181110602732,0.08864010335226717,0.09992134416474181,0.09268054272268234,0.11426115036010742,0.008530686109263533,0.008530259651173822,0.06282448768615723,9.729109217473261e-20
0.09764104348798443,0.08863992729253588,0.09992135111597922,0.09268148540493813,0.11609482765197754,0.008530259659469876,0.008529833222681305,0.06706953048706055,9.729369580347007e-20
0.09764027586632695,0.08863975124391647,0.09992135806707536,0.09268242799306599,0.11384057998657227,0.00852983323103704,0.008529406814972162,0.06446456909179688,9.729629917211673e-20
0.09763950824105613,0.08863957520640725,0.0999213650180299,0.09268337048707931,0.1274712085723877,0.00852940682396507,0.008528980429467481,0.06944680213928223,9.72989021852877e-20
0.0976387406121732,0.0886393991800065,0.09992137196884253,0.09268431288699153,0.11768031120300293,0.008528980438252764,0.00852855406492381,0.06399869918823242,9.730150539810399e-20
0.0976379729796795,0.08863922316471251,0.09992137891951294,0.0926852551928161,0.11383461952209473,0.00852855407389808,0.008528127721696421,0.06328892707824707,9.73041090648167e-20
0.09763720534357635,0.08863904716052357,0.09992138587004082,0.09268619740456639,0.1172339916229248,0.008528127730901329,0.00852770139996295,0.06809067726135254,9.730671174679272e-20
0.09763643770386508,0.08863887116743799,0.09992139282042582,0.09268713952225584,0.11313056945800781,0.008527701409260069,0.008527275100611575,0.06377720832824707,9.730931479562572e-20
0.09763567006054691,0.08863869518545407,0.09992139977066766,0.09268808154589787,0.12011051177978516,0.008527275108971765,0.008526848820800126,0.06224179267883301,9.731191721779212e-20
0.09763490241362328,0.08863851921457012,0.09992140672076603,0.09268902347550592,0.11767959594726562,0.008526848830038267,0.008526422564081315,0.06356191635131836,9.731452049692825e-20
0.09763413476309542,0.08863834325478442,0.09992141367072062,0.09268996531109339,0.11633944511413574,0.008526422572455885,0.008525996327435337,0.0645754337310791,9.731712272118203e-20
0.09763336710896454,0.0886381673060953,0.0999214206205311,0.0926909070526737,0.11635398864746094,0.008525996336225453,0.008525570112638547,0.06699466705322266,9.731972530708333e-20
0.09763259945123201,0.08863799136850108,0.09992142757019717,0.09269184870026026,0.1179358959197998,0.008525570121346143,0.008525143918447498,0.0675961971282959,9.732232819461334e-20
0.09763183178989909,0.08863781544200004,0.09992143451971854,0.09269279025386643,0.11547398567199707,0.008525143927816621,0.00852471774681618,0.06290078163146973,9.732493076066078e-20
0.09763106412496722,0.08863763952659053,0.09992144146909489,0.09269373171350562,0.12001848220825195,0.008524717755634386,0.008524291595612965,0.06259489059448242,9.7327532898413e-20
0.09763029645643763,0.08863746362227085,0.09992144841832593,0.09269467307919127,0.11748909950256348,0.008524291604799738,0.00852386546625894,0.06273937225341797,9.733013455005363e-20
0.09762952878431166,0.08863728772903931,0.09992145536741134,0.09269561435093682,0.12552118301391602,0.008523865475310293,0.008523439358576468,0.06711697578430176,9.733273703694149e-20
0.09762876110859056,0.08863711184689425,0.09992146231635085,0.09269655552875566,0.11968255043029785,0.008523439367165908,0.008523013272032642,0.06795692443847656,9.733533900711398e-20
0.09762799342927568,0.088636935975834,0.09992146926514413,0.09269749661266123,0.11621212959289551,0.008523013280365534,0.008522587206272192,0.06437540054321289,9.73379406356076e-20
0.09762722574636838,0.08863676011585687,0.09992147621379091,0.0926984376026669,0.11719894409179688,0.008522587214908145,0.008522161161828024,0.062391042709350586,9.734054218699445e-20
0.09762645805986984,0.08863658426696122,0.0999214831622909,0.09269937849878612,0.11494255065917969,0.008522161170792733,0.008521735139055409,0.06247115135192871,9.734314404755763e-20
0.09762569036978151,0.08863640842914537,0.09992149011064377,0.09270031930103229,0.11478114128112793,0.008521735148018818,0.008521309137599076,0.0647120475769043,9.734574556878736e-20
0.09762492267610462,0.08863623260240765,0.09992149705884927,0.09270126000941879,0.11721086502075195,0.008521309146584338,0.008520883157991932,0.06763100624084473,9.73483468487712e-20
0.0976241549788406,0.08863605678674641,0.09992150400690708,0.09270220062395904,0.11666274070739746,0.008520883166487803,0.008520457199345799,0.06436824798583984,9.735094801630544e-20
0.09762338727799072,0.08863588098215998,0.09992151095481693,0.09270314114466642,0.11684894561767578,0.00852045720772859,0.008520031261838312,0.06239128112792969,9.735354934611456e-20
0.09762261957355628,0.08863570518864672,0.09992151790257851,0.0927040815715544,0.11388564109802246,0.00852003127030523,0.008519605345824743,0.06398677825927734,9.735615039517025e-20
0.09762185186553864,0.08863552940620496,0.09992152485019157,0.09270502190463635,0.11777043342590332,0.008519605354218024,0.008519179451127457,0.06688880920410156,9.735875157064719e-20
0.09762108415393912,0.08863535363483308,0.09992153179765581,0.09270596214392572,0.11486554145812988,0.008519179459464543,0.008518753577213545,0.06250834465026855,9.736135220139811e-20
0.09762031643875907,0.08863517787452939,0.09992153874497094,0.09270690228943593,0.11911463737487793,0.008518753586044137,0.008518327724971186,0.06255078315734863,9.736395332329002e-20
0.09761954871999981,0.08863500212529225,0.09992154569213668,0.09270784234118035,0.1239161491394043,0.008518327733957012,0.008517901894222746,0.06808829307556152,9.736655375130773e-20
0.09761878099766266,0.08863482638712003,0.09992155263915277,0.09270878229917232,0.11237144470214844,0.008517901903200762,0.008517476084612952,0.06308650970458984,9.736915498567505e-20
0.09761801327174893,0.08863465066001107,0.09992155958601891,0.09270972216342528,0.11838293075561523,0.00851747609377465,0.00851705029667471,0.061682939529418945,9.737175514991122e-20
0.09761724554226003,0.08863447494396376,0.09992156653273482,0.09271066193395265,0.1190636157989502,0.008517050305676935,0.00851662453058566,0.06160426139831543,9.737435575773372e-20
0.09761647780919723,0.08863429923897645,0.09992157347930024,0.09271160161076783,0.11488509178161621,0.008516624538907492,0.008516198784036533,0.062432050704956055,9.737695612349047e-20
0.09761571007256184,0.08863412354504749,0.09992158042571489,0.09271254119388421,0.11389279365539551,0.008516198793466098,0.008515773060580045,0.06308650970458984,9.737955592268433e-20
0.09761494233235524,0.08863394786217525,0.09992158737197848,0.09271348068331521,0.11866545677185059,0.008515773069349161,0.008515347358084568,0.0682065486907959,9.738215573896716e-20
0.09761417458857881,0.08863377219035812,0.09992159431809076,0.09271442007907424,0.11999726295471191,0.008515347366556021,0.008514921676372467,0.06759834289550781,9.73847566222367e-20
0.09761340684123389,0.08863359652959446,0.09992160126405146,0.09271535938117471,0.11804461479187012,0.008514921685087882,0.008514496015976647,0.06793832778930664,9.738735606376994e-20
0.0976126390903218,0.08863342087988266,0.0999216082098603,0.09271629858963004,0.11864733695983887,0.008514496024942442,0.00851407037725238,0.06674480438232422,9.738995612437349e-20
0.09761187133584387,0.08863324524122107,0.09992161515551702,0.09271723770445355,0.11974787712097168,0.0085140703861179,0.008513644759844397,0.063995361328125,9.739255578138884e-20
0.0976111035778015,0.08863306961360808,0.09992162210102135,0.09271817672565863,0.128187894821167,0.008513644768614539,0.008513219163752694,0.0712587833404541,9.739515506382235e-20
0.09761033581619605,0.08863289399704205,0.09992162904637303,0.09271911565325874,0.11541533470153809,0.008513219172430272,0.008512793588266732,0.0626986026763916,9.739775468622734e-20
0.0976095680510288,0.0886327183915214,0.09992163599157179,0.09272005448726729,0.1149444580078125,0.008512793597565124,0.0085123680353405,0.0647118091583252,9.740035392096712e-20
0.09760880028230114,0.0886325427970445,0.09992164293661739,0.09272099322769763,0.11622428894042969,0.008512368044016217,0.008511942503020009,0.06670999526977539,9.740295354627913e-20
0.09760803251001433,0.08863236721360972,0.09992164988150953,0.09272193187456314,0.11866450309753418,0.008511942511783539,0.0085115169920158,0.06369590759277344,9.740555250729099e-20
0.09760726473416984,0.08863219164121548,0.09992165682624797,0.09272287042787727,0.12096524238586426,0.008511517000865351,0.008511091502327872,0.06243896484375,9.74081514988918e-20
0.09760649695476899,0.08863201607986015,0.09992166377083245,0.09272380888765343,0.1199798583984375,0.008511091511260643,0.008510666034133862,0.062134742736816406,9.741075085696624e-20
0.09760572917181311,0.08863184052954215,0.09992167071526271,0.09272474725390493,0.11579012870788574,0.008510666042970598,0.008510240586723228,0.06288385391235352,9.741334995842014e-20
0.09760496138530356,0.08863166499025985,0.09992167765953851,0.09272568552664522,0.11624860763549805,0.008510240595991925,0.008509815161339418,0.06674456596374512,9.741594860851049e-20
0.09760419359524175,0.08863148946201166,0.09992168460365958,0.09272662370588768,0.11811947822570801,0.008509815170324415,0.008509389757449526,0.0662846565246582,9.741854720099739e-20
0.097603425801629,0.08863131394479598,0.09992169154762567,0.0927275617916457,0.11947226524353027,0.008509389765964362,0.008508964374165373,0.06530070304870605,9.742114598171442e-20
0.09760265800446674,0.08863113843861123,0.09992169849143655,0.09272849978393267,0.11936020851135254,0.008508964382915124,0.008508539012552774,0.06396269798278809,9.742374434362619e-20
0.09760189020375631,0.0886309629434558,0.09992170543509193,0.09272943768276198,0.12854719161987305,0.008508539021172552,0.00850811367172355,0.06549572944641113,9.742634241229432e-20
0.09760112239949904,0.08863078745932808,0.09992171237859161,0.09273037548814703,0.11780476570129395,0.008508113680736916,0.008507688352210607,0.06381678581237793,9.742894083994856e-20
0.09760035459169636,0.0886306119862265,0.0999217193219353,0.09273131320010115,0.1146085262298584,0.008507688361607264,0.008507263055257397,0.06462264060974121,9.743153930470662e-20
0.0975995867803496,0.08863043652414948,0.09992172626512277,0.09273225081863776,0.11625361442565918,0.008507263063779693,0.008506837778554655,0.0669400691986084,9.743413722790488e-20
0.09759881896546006,0.08863026107309542,0.09992173320815377,0.09273318834377024,0.11873078346252441,0.008506837787256204,0.008506412523701101,0.06870102882385254,9.743673524797179e-20
0.09759805114702917,0.08863008563306275,0.09992174015102807,0.09273412577551197,0.11768984794616699,0.008506412532035303,0.008505987289275652,0.06744074821472168,9.743933329162936e-20
0.09759728332505829,0.08862991020404988,0.0999217470937454,0.09273506311387632,0.11876487731933594,0.008505987298116132,0.008505562075988848,0.06684255599975586,9.744193112331477e-20
0.09759651549954881,0.08862973478605521,0.09992175403630554,0.0927360003588767,0.11925101280212402,0.008505562085497912,0.008505136885439413,0.06387495994567871,9.744452893425103e-20
0.0975957476705021,0.08862955937907718,0.09992176097870824,0.09273693751052652,0.12119841575622559,0.008505136894177695,0.00850471171531808,0.06328439712524414,9.744712645100558e-20
0.09759497983791952,0.08862938398311422,0.09992176792095325,0.09273787456883908,0.12050795555114746,0.008504711724155616,0.008504286565802488,0.06269168853759766,9.744972405330885e-20
0.09759421200180242,0.08862920859816475,0.09992177486304035,0.09273881153382788,0.11869382858276367,0.008504286575431582,0.008503861439201899,0.0622713565826416,9.745232108480318e-20
0.09759344416215222,0.08862903322422722,0.0999217818049693,0.09273974840550621,0.11638784408569336,0.008503861448001755,0.008503436333029413,0.06268644332885742,9.745491861445037e-20
0.09759267631897034,0.08862885786130002,0.09992178874673988,0.09274068518388745,0.12810945510864258,0.008503436341867156,0.008503011248706116,0.0666038990020752,9.745751549152722e-20
0.09759190847225813,0.08862868250938162,0.09992179568835181,0.09274162186898499,0.11856412887573242,0.00850301125702565,0.008502586184633287,0.06857442855834961,9.746011278541846e-20
0.09759114062201696,0.08862850716847044,0.0999218026298049,0.09274255846081221,0.11683964729309082,0.00850258619347691,0.008502161142587283,0.06679630279541016,9.746270989113022e-20
0.09759037276824827,0.08862833183856492,0.0999218095710989,0.09274349495938247,0.1192474365234375,0.008502161151219201,0.008501736120969383,0.06394720077514648,9.746530670838297e-20
0.09758960491095343,0.08862815651966349,0.09992181651223359,0.09274443136470908,0.12050890922546387,0.008501736130254433,0.008501311121911215,0.06322407722473145,9.746790348673598e-20
0.0975888370501338,0.0886279812117646,0.09992182345320871,0.09274536767680548,0.11840415000915527,0.008501311130577525,0.008500886143458786,0.062314510345458984,9.747049995320555e-20
0.09758806918579076,0.08862780591486667,0.09992183039402407,0.09274630389568504,0.12147760391235352,0.008500886152188726,0.008500461186855546,0.06351780891418457,9.74730964549735e-20
0.09758730131792569,0.08862763062896815,0.09992183733467942,0.09274724002136113,0.11538052558898926,0.008500461195086614,0.00850003625068041,0.06328010559082031,9.747569303221225e-20
0.09758653344653999,0.0886274553540675,0.09992184427517453,0.09274817605384712,0.11526870727539062,0.008500036259270809,0.008499611335288648,0.06527519226074219,9.747828960468437e-20
0.09758576557163504,0.08862728009016317,0.09992185121550919,0.0927491119931564,0.11751770973205566,0.008499611344742072,0.008499186442456619,0.06852245330810547,9.748088600261858e-20
0.09758499769321226,0.0886271048372536,0.09992185815568316,0.09275004783930234,0.17593884468078613,0.008499186451496459,0.0084987615705856,0.11513233184814453,9.748348166859762e-20
0.09758422981127307,0.08862692959533724,0.09992186509569624,0.0927509835922983,0.28604841232299805,0.008498761579533685,0.008498336719853228,0.15436053276062012,9.748607809353298e-20
0.0975834619258188,0.08862675436441259,0.0999218720355482,0.09275191925215767,0.18642258644104004,0.008498336728852971,0.008497911890792409,0.06996369361877441,9.748867406299706e-20
0.09758269403685085,0.08862657914447805,0.09992187897523878,0.09275285481889381,0.14862966537475586,0.008497911899452912,0.008497487082514965,0.07138967514038086,9.74912701941226e-20
0.09758192614437057,0.08862640393553212,0.09992188591476782,0.0927537902925201,0.1470203399658203,0.008497487091332747,0.00849706229608671,0.07220697402954102,9.749386576528552e-20
0.09758115824837942,0.08862622873757323,0.09992189285413508,0.09275472567304988,0.14395356178283691,0.008497062304490493,0.00849663753044183,0.07193946838378906,9.749646156286572e-20
0.09758039034887882,0.08862605355059984,0.09992189979334033,0.09275566096049645,0.1409914493560791,0.008496637538926004,0.008496212785757962,0.07195019721984863,9.749905681621953e-20
0.09757962244587015,0.08862587837461043,0.09992190673238337,0.09275659615487326,0.1504213809967041,0.008496212794639588,0.008495788062923282,0.07283639907836914,9.750165254792394e-20
0.09757885453935485,0.08862570320960347,0.09992191367126396,0.09275753125619364,0.160841703414917,0.008495788071627501,0.008495363360516706,0.06861543655395508,9.7504247751152e-20
0.0975780866293343,0.08862552805557743,0.09992192060998191,0.09275846626447093,0.11417055130004883,0.008495363369891078,0.008494938680492226,0.06581425666809082,9.750684302106631e-20
0.09757731871580994,0.08862535291253075,0.099921927548537,0.09275940117971854,0.11710548400878906,0.008494938689428093,0.008494514021428756,0.061750173568725586,9.750943845811504e-20
0.09757655079878312,0.08862517778046193,0.09992193448692901,0.09276033600194974,0.1145787239074707,0.008494514030236298,0.008494089383681569,0.06288695335388184,9.751203316672852e-20
0.09757578287825529,0.08862500265936943,0.09992194142515774,0.09276127073117796,0.11342835426330566,0.008494089392316162,0.008493664766540121,0.06526041030883789,9.751462824345759e-20
0.09757501495422777,0.08862482754925173,0.09992194836322299,0.09276220536741653,0.11583209037780762,0.00849366477566709,0.00849324017178077,0.06891083717346191,9.751722321336065e-20
0.09757424702670205,0.0886246524501073,0.09992195530112453,0.0927631399106788,0.1147923469543457,0.008493240180285239,0.008492815597271886,0.0643777847290039,9.75198180851865e-20
0.0975734790956795,0.08862447736193464,0.09992196223886217,0.09276407436097815,0.11679840087890625,0.008492815606172972,0.00849239104425692,0.06311535835266113,9.752241257936769e-20
0.0975727111611615,0.08862430228473221,0.09992196917643568,0.09276500871832791,0.11606216430664062,0.008492391053327806,0.008491966512913507,0.062172889709472656,9.752500720338584e-20
0.09757194322314948,0.08862412721849851,0.09992197611384489,0.09276594298274143,0.11346721649169922,0.008491966521748391,0.008491542002531105,0.06250452995300293,9.752760171202448e-20
0.09757117528164487,0.088623952163232,0.09992198305108956,0.0927668771542321,0.11492490768432617,0.008491542011434598,0.008491117513642621,0.06541013717651367,9.753019647518155e-20
0.09757040733664912,0.08862377711893119,0.0999219899881695,0.09276781123281323,0.11863970756530762,0.008491117522383747,0.008490693045892783,0.06779861450195312,9.753279058751936e-20
0.09756963938816357,0.08862360208559455,0.09992199692508451,0.09276874521849815,0.11486124992370605,0.008490693054595447,0.008490268599459228,0.06411385536193848,9.753538430428353e-20
0.09756887143618963,0.08862342706322061,0.09992200386183439,0.0927696791113002,0.12424063682556152,0.008490268608068586,0.008489844173986683,0.06430363655090332,9.753797846476959e-20
0.09756810348072875,0.08862325205180784,0.09992201079841893,0.09277061291123272,0.11969232559204102,0.008489844182803796,0.008489419769652784,0.06496834754943848,9.754057230023605e-20
0.09756733552178239,0.08862307705135469,0.09992201773483793,0.09277154661830905,0.11313247680664062,0.008489419778798673,0.008488995387168075,0.06620335578918457,9.754316655497898e-20
0.09756656755935193,0.0886229020618597,0.0999220246710912,0.0927724802325426,0.11511754989624023,0.008488995396050891,0.008488571025644376,0.06630969047546387,9.754576077437012e-20
0.09756579959343877,0.08862272708332136,0.09992203160717854,0.09277341375394667,0.11455941200256348,0.008488571034559944,0.00848814668543696,0.0629117488861084,9.754835358729876e-20
0.09756503162404434,0.08862255211573819,0.09992203854309976,0.09277434718253459,0.11796307563781738,0.008488146694326475,0.00848772236672346,0.061818838119506836,9.755094797414594e-20
0.09756426365117007,0.08862237715910865,0.09992204547885467,0.09277528051831972,0.11547040939331055,0.008487722375347373,0.008487298068793336,0.06278514862060547,9.755354041934299e-20
0.09756349567481738,0.08862220221343124,0.09992205241444305,0.09277621376131538,0.11413145065307617,0.008487298077623601,0.008486873792534766,0.06435418128967285,9.755613436175917e-20
0.09756272769498767,0.0886220272787045,0.09992205934986471,0.09277714691153492,0.11696648597717285,0.008486873801152102,0.00848644953705957,0.06725645065307617,9.755872742815254e-20
0.09756195971168233,0.0886218523549269,0.09992206628511949,0.09277807996899168,0.11401081085205078,0.00848644954593288,0.008486025302900657,0.0638277530670166,9.756132053163942e-20
0.09756119172490291,0.08862167744209695,0.09992207322020717,0.092779012933699,0.11871123313903809,0.008486025311965455,0.008485601090235662,0.06144428253173828,9.75639139163579e-20
0.09756042373465078,0.08862150254021318,0.09992208015512757,0.09277994580567028,0.11641836166381836,0.008485601099247078,0.008485176898886948,0.06185603141784668,9.756650691105819e-20
0.09755965574092743,0.0886213276492741,0.0999220870898805,0.0927808785849188,0.11338114738464355,0.008485176907778353,0.008484752728499245,0.06364798545837402,9.756909957600376e-20
0.09755888774373424,0.0886211527692782,0.09992209402446577,0.09278181127145789,0.11459040641784668,0.008484752737558322,0.00848432857960546,0.0659024715423584,9.757169220905545e-20
0.09755811974307262,0.08862097790022401,0.09992210095888318,0.09278274386530086,0.11829733848571777,0.008484328588584448,0.008483904451850321,0.06183338165283203,9.757428510532811e-20
0.09755735173894399,0.08862080304211004,0.09992210789313256,0.09278367636646101,0.11543512344360352,0.008483904460855715,0.008483480345411465,0.06320476531982422,9.757687744776041e-20
0.09755658373134989,0.08862062819493481,0.09992211482721372,0.0927846087749517,0.11422610282897949,0.00848348035437211,0.008483056260111255,0.06468486785888672,9.757946991710765e-20
0.09755581572029166,0.08862045335869685,0.09992212176112647,0.09278554109078627,0.11639285087585449,0.008483056269132526,0.008482632196482598,0.06720161437988281,9.75820622406044e-20
0.09755504770577075,0.08862027853339467,0.09992212869487065,0.09278647331397806,0.11275053024291992,0.0084826322051345,0.008482208153637316,0.06191682815551758,9.758465458584082e-20
0.09755427968778861,0.08862010371902682,0.09992213562844604,0.09278740544454035,0.1177675724029541,0.008482208162377713,0.008481784132108316,0.06143546104431152,9.758724732367124e-20
0.09755351166634664,0.08861992891559177,0.09992214256185247,0.09278833748248652,0.11377167701721191,0.008481784140861077,0.008481360131895599,0.06180858612060547,9.758983900328027e-20
0.09755274364144631,0.08861975412308809,0.09992214949508978,0.09278926942782988,0.11534500122070312,0.008481360140583868,0.008480936152466256,0.06638383865356445,9.759243084604835e-20
0.09755197561308908,0.08861957934151429,0.09992215642815776,0.09279020128058373,0.11559700965881348,0.008480936161545709,0.008480512194530831,0.06596088409423828,9.759502269696879e-20
0.0975512075812764,0.0886194045708689,0.09992216336105625,0.09279113304076132,0.11573195457458496,0.008480512203743915,0.008480088257556417,0.0618588924407959,9.759761453100527e-20
0.09755043954600966,0.08861922981115045,0.09992217029378506,0.09279206470837606,0.11947441101074219,0.00848008826718098,0.00847966434331937,0.06148481369018555,9.760020580876433e-20
0.09754967150729038,0.08861905506235745,0.09992217722634403,0.09279299628344125,0.11582827568054199,0.008479664351850144,0.00847924044897752,0.06235814094543457,9.760279766820434e-20
0.09754890346511998,0.08861888032448846,0.09992218415873297,0.09279392776597019,0.12197208404541016,0.008479240457753773,0.00847881657648486,0.06976890563964844,9.760538884398597e-20
0.09754813541949993,0.08861870559754201,0.0999221910909517,0.0927948591559762,0.11835694313049316,0.008478816584889066,0.008478392724775574,0.062438011169433594,9.7607980380483e-20
0.0975473673704316,0.08861853088151664,0.09992219802300005,0.09279579045347262,0.11781930923461914,0.008478392733257024,0.008477968894027299,0.061370134353637695,9.761057197420756e-20
0.09754659931791648,0.08861835617641087,0.09992220495487784,0.09279672165847266,0.11689925193786621,0.008477968902856566,0.008477545085128213,0.06465363502502441,9.761316260477816e-20
0.09754583126195598,0.08861818148222325,0.09992221188658491,0.0927976527709897,0.11817526817321777,0.008477545093685585,0.008477121297012502,0.06832075119018555,9.761575383600475e-20
0.09754506320255153,0.08861800679895233,0.09992221881812109,0.09279858379103705,0.1176300048828125,0.008477121305743416,0.008476697530390709,0.06549239158630371,9.761834510551192e-20
0.09754429513970463,0.08861783212659666,0.0999222257494862,0.09279951471862799,0.11877775192260742,0.008476697539028655,0.00847627378455229,0.06228280067443848,9.762093575909065e-20
0.09754352707341671,0.08861765746515476,0.09992223268068007,0.09280044555377588,0.11920690536499023,0.008476273793541503,0.008475850060385426,0.06171894073486328,9.762352641207563e-20
0.09754275900368921,0.08861748281462521,0.09992223961170253,0.092801376296494,0.11537837982177734,0.00847585006927835,0.008475426357357208,0.06288838386535645,9.762611718255115e-20
0.09754199093052363,0.08861730817500653,0.09992224654255341,0.09280230694679559,0.11904716491699219,0.008475426366239668,0.008475002675822907,0.06762170791625977,9.762870755531014e-20
0.09754122285392137,0.08861713354629729,0.09992225347323255,0.09280323750469396,0.11586165428161621,0.008475002684423784,0.00847457901471671,0.06301546096801758,9.763129803537614e-20
0.09754045477388393,0.08861695892849601,0.09992226040373976,0.09280416797020247,0.12020397186279297,0.008474579023831974,0.008474155375814973,0.061728715896606445,9.76338887634864e-20
0.09753968669041273,0.08861678432160125,0.0999222673340749,0.09280509834333439,0.12115168571472168,0.008474155384459803,0.008473731757163705,0.06152653694152832,9.763647845468499e-20
0.09753891860350922,0.08861660972561158,0.0999222742642378,0.09280602862410302,0.12468171119689941,0.008473731766308936,0.008473308160539261,0.06708669662475586,9.763906872216367e-20
0.09753815051317483,0.08861643514052556,0.09992228119422829,0.09280695881252166,0.11440420150756836,0.00847330816937724,0.008472884584520557,0.06316995620727539,9.764165868659383e-20
0.09753738241941105,0.08861626056634173,0.0999222881240462,0.09280788890860359,0.12119293212890625,0.008472884593664031,0.008472461029640499,0.06169438362121582,9.764424856735001e-20
0.09753661432221938,0.08861608600305865,0.09992229505369138,0.09280881891236208,0.11765909194946289,0.008472461039167593,0.008472037496964901,0.061925649642944336,9.764683857875777e-20
0.09753584622160132,0.08861591145067486,0.09992230198316367,0.09280974882381045,0.1159217357635498,0.008472037505886825,0.008471613984895043,0.06481671333312988,9.764942813196818e-20
0.09753507811755822,0.08861573690918895,0.0999223089124629,0.09281067864296202,0.11773061752319336,0.00847161399382096,0.008471190494319103,0.066314697265625,9.765201776865389e-20
0.0975343100100916,0.08861556237859945,0.09992231584158892,0.09281160836983007,0.11668634414672852,0.008471190502968622,0.008470767024348902,0.06241416931152344,9.765460756851207e-20
0.0975335418992029,0.08861538785890495,0.09992232277054156,0.09281253800442787,0.1216280460357666,0.00847076703332917,0.008470343576405526,0.06201291084289551,9.765719712083056e-20
0.09753277378489354,0.088615213350104,0.09992232969932066,0.09281346754676868,0.11745405197143555,0.008470343584899443,0.008469920149245524,0.06446480751037598,9.765978642348814e-20
0.09753200566716504,0.0886150388521952,0.09992233662792606,0.09281439699686582,0.11891341209411621,0.008469920157682035,0.008469496742691263,0.06828022003173828,9.766237550850047e-20
0.09753123754601895,0.0886148643651771,0.09992234355635761,0.09281532635473247,0.11426591873168945,0.008469496751674296,0.008469073358163826,0.06353235244750977,9.766496464288943e-20
0.09753046942145663,0.08861468988904826,0.09992235048461515,0.09281625562038194,0.12163901329040527,0.008469073366874445,0.008468649994419764,0.06204795837402344,9.766755343336759e-20
0.09752970129347951,0.08861451542380726,0.09992235741269852,0.09281718479382757,0.11843633651733398,0.008468650003282414,0.008468226651991984,0.06224966049194336,9.767014272586286e-20
0.09752893316208912,0.08861434096945267,0.09992236434060757,0.09281811387508263,0.1244804859161377,0.00846822666089717,0.00846780333070285,0.06986880302429199,9.767273151175536e-20
0.09752816502728688,0.08861416652598306,0.09992237126834216,0.09281904286416043,0.11667513847351074,0.008467803339716671,0.008467380030729998,0.062352895736694336,9.767532037722592e-20
0.09752739688907427,0.08861399209339701,0.09992237819590212,0.09281997176107416,0.11983990669250488,0.008467380039740811,0.008466956752073429,0.06223487854003906,9.767790913986426e-20
0.09752662874745277,0.0886138176716931,0.0999223851232873,0.09282090056583713,0.11496496200561523,0.00846695676096755,0.00846653349437787,0.06336784362792969,9.768049768289131e-20
0.09752586060242378,0.0886136432608699,0.09992239205049755,0.0928218292784626,0.11799383163452148,0.008466533503396448,0.0084661102585315,0.06751704216003418,9.768308598499221e-20
0.09752509245398884,0.088613468860926,0.09992239897753273,0.09282275789896385,0.11598896980285645,0.008466110267025125,0.008465687043113235,0.06289243698120117,9.768567413730504e-20
0.09752432430214947,0.08861329447185998,0.09992240590439268,0.09282368642735425,0.11964225769042969,0.008465687051855523,0.008465263849721794,0.062070608139038086,9.768826231950562e-20
0.09752355614690712,0.08861312009367041,0.09992241283107725,0.092824614863647,0.11760663986206055,0.008465263857883503,0.008464840676225549,0.06516027450561523,9.769085088890566e-20
0.09752278798826322,0.08861294572635588,0.0999224197575863,0.09282554320785534,0.11974096298217773,0.008464840685110536,0.008464417524933765,0.0687417984008789,9.769343878419411e-20
0.09752201982621929,0.08861277136991497,0.09992242668391967,0.0928264714599925,0.11451315879821777,0.008464417533533383,0.00846399439424772,0.06362080574035645,9.769602631509812e-20
0.09752125166077683,0.08861259702434628,0.0999224336100772,0.09282739962007173,0.12073183059692383,0.008463994403152065,0.008463571284877958,0.062020063400268555,9.769861410984736e-20
0.09752048349193725,0.08861242268964838,0.09992244053605878,0.09282832768810632,0.1160130500793457,0.008463571293966249,0.008463148197179748,0.06254363059997559,9.770120220725393e-20
0.09751971531970205,0.08861224836581985,0.09992244746186424,0.09282925566410953,0.11861944198608398,0.008463148205973004,0.008462725130087279,0.06783223152160645,9.770378969258245e-20
0.09751894714407278,0.0886120740528593,0.09992245438749345,0.09283018354809468,0.12253880500793457,0.008462725139173418,0.008462302085376905,0.07172417640686035,9.770637709006985e-20
0.09751817896505086,0.08861189975076532,0.09992246131294624,0.09283111134007498,0.11803984642028809,0.008462302093563327,0.008461879060384092,0.0623624324798584,9.770896459326699e-20
0.09751741078263773,0.0886117254595365,0.0999224682382225,0.09283203904006367,0.11812448501586914,0.008461879069144475,0.008461456057240468,0.06683015823364258,9.771155207801974e-20
0.09751664259683492,0.08861155117917144,0.09992247516332206,0.09283296664807399,0.1165611743927002,0.008461456065914384,0.008461033075235491,0.06422114372253418,9.771413963542271e-20
0.09751587440764385,0.08861137690966873,0.0999224820882448,0.09283389416411919,0.11708927154541016,0.00846103308387331,0.008460610113836253,0.06232714653015137,9.771672675730032e-20
0.09751510621506607,0.08861120265102697,0.09992248901299056,0.09283482158821256,0.11710739135742188,0.008460610123021267,0.008460187174819112,0.06202244758605957,9.771931350432248e-20
0.097514338019103,0.08861102840324477,0.0999224959375592,0.09283574892036735,0.11736679077148438,0.008460187183353743,0.008459764256230073,0.06630539894104004,9.772190071441613e-20
0.09751356981975616,0.0886108541663207,0.09992250286195059,0.09283667616059682,0.11533308029174805,0.008459764264870105,0.008459341358957317,0.06372666358947754,9.772448719806027e-20
0.09751280161702706,0.08861067994025337,0.09992250978616458,0.09283760330891415,0.11852550506591797,0.008459341367570893,0.008458918482467936,0.062084197998046875,9.77270740292864e-20
0.09751203341091721,0.0886105057250414,0.09992251671020105,0.09283853036533261,0.11779284477233887,0.008458918491455119,0.008458495627650109,0.06271743774414062,9.772966077531244e-20
0.09751126520142804,0.08861033152068337,0.09992252363405985,0.09283945732986545,0.11801409721374512,0.008458495636522005,0.008458072794148563,0.06634950637817383,9.773224724564892e-20
0.09751049698856103,0.0886101573271779,0.09992253055774084,0.0928403842025259,0.11492013931274414,0.008458072802769124,0.008457649981430393,0.0634911060333252,9.773483373578932e-20
0.09750972877231767,0.08860998314452359,0.09992253748124388,0.09284131098332721,0.12100720405578613,0.008457649990195795,0.008457227190028505,0.06209969520568848,9.773742000797549e-20
0.0975089605526995,0.08860980897271906,0.09992254440456885,0.09284223767228265,0.11661338806152344,0.008457227198801943,0.008456804419587627,0.06287431716918945,9.77400062963813e-20
0.09750819232970803,0.08860963481176291,0.09992255132771562,0.0928431642694054,0.11524009704589844,0.00845680442858554,0.008456381671173574,0.06403684616088867,9.774259207255986e-20
0.09750742410334472,0.08860946066165377,0.09992255825068402,0.09284409077470872,0.12233662605285645,0.008456381679544784,0.008455958942654718,0.06176495552062988,9.77451784704134e-20
0.09750665587361101,0.08860928652239022,0.09992256517347396,0.0928450171882058,0.11636924743652344,0.008455958951681001,0.00845553623598505,0.06222224235534668,9.7747764498502e-20
0.0975058876405084,0.08860911239397089,0.09992257209608528,0.0928459435099099,0.11446142196655273,0.008455536244991811,0.008455113550809301,0.06375646591186523,9.77503499551833e-20
0.09750511940403836,0.08860893827639439,0.09992257901851785,0.09284686973983428,0.12714409828186035,0.008455113559475114,0.008454690886772198,0.06865978240966797,9.775293606512789e-20
0.09750435116420242,0.08860876416965933,0.09992258594077155,0.09284779587799216,0.1226649284362793,0.0084546908951298,0.008454268243340834,0.06619024276733398,9.775552131582911e-20
0.09750358292100206,0.08860859007376434,0.09992259286284626,0.09284872192439675,0.12213969230651855,0.008454268251956215,0.008453845620692846,0.06477999687194824,9.77581070408866e-20
0.0975028146744387,0.08860841598870801,0.09992259978474181,0.09284964787906129,0.1281747817993164,0.008453845629953043,0.008453423020249318,0.06757497787475586,9.776069268506675e-20
0.09750204642451392,0.08860824191448896,0.09992260670645811,0.09285057374199901,0.11902880668640137,0.00845342302911875,0.008453000440411529,0.0649268627166748,9.776327792186104e-20
0.09750127817122921,0.08860806785110582,0.09992261362799501,0.0928514995132231,0.13369441032409668,0.008453000449452693,0.008452577882067658,0.0713655948638916,9.776586298750048e-20
0.09750050991458606,0.08860789379855721,0.09992262054935239,0.09285242519274678,0.11800336837768555,0.008452577890953404,0.008452155345040069,0.0652458667755127,9.776844786174456e-20
0.09749974165458603,0.08860771975684177,0.09992262747053011,0.09285335078058327,0.12505483627319336,0.008452155353620176,0.00845173282897349,0.06662726402282715,9.777103308068607e-20
0.0974989733912306,0.0886075457259581,0.09992263439152807,0.09285427627674582,0.12260246276855469,0.008451732837451272,0.008451310333867923,0.06682181358337402,9.777361806527108e-20
0.09749820512452127,0.08860737170590482,0.09992264131234613,0.09285520168124765,0.12125325202941895,0.008451310342447019,0.008450887860256273,0.06423544883728027,9.777620297014674e-20
0.0974974368544595,0.08860719769668057,0.09992264823298415,0.09285612699410196,0.12781095504760742,0.00845088786860458,0.008450465407427998,0.0691378116607666,9.777878794786211e-20
0.0974966685810468,0.08860702369828398,0.09992265515344202,0.09285705221532195,0.12745237350463867,0.008450465415923984,0.008450042975916006,0.0729212760925293,9.778137210160921e-20
0.09749590030428465,0.08860684971071366,0.09992266207371961,0.09285797734492082,0.1272735595703125,0.008450042984404474,0.008449620565720295,0.06902694702148438,9.778395692707479e-20
0.09749513202417459,0.08860667573396824,0.0999226689938168,0.0928589023829118,0.11890912055969238,0.008449620574044355,0.00844919817630796,0.06448101997375488,9.778654146341929e-20
0.09749436374071813,0.08860650176804637,0.09992267591373345,0.09285982732930813,0.12314319610595703,0.008449198184843248,0.00844877580803427,0.06580185890197754,9.778912595845088e-20
0.09749359545391675,0.08860632781294667,0.09992268283346947,0.09286075218412299,0.12718510627746582,0.008448775816799052,0.008448353461076863,0.06781291961669922,9.779170930148104e-20
0.09749282716377194,0.08860615386866777,0.09992268975302471,0.09286167694736955,0.12063717842102051,0.008448353469911449,0.008447931135080466,0.06543254852294922,9.779429366667535e-20
0.09749205887028527,0.0886059799352083,0.09992269667239906,0.09286260161906103,0.12612295150756836,0.00844793114417996,0.008447508830933259,0.06711363792419434,9.779687801994643e-20
0.09749129057345819,0.08860580601256692,0.09992270359159239,0.09286352619921061,0.1304178237915039,0.008447508839602812,0.008447086547214155,0.0657355785369873,9.779946231482524e-20
0.09749052227329225,0.08860563210074224,0.09992271051060458,0.0928644506878315,0.12519192695617676,0.00844708655617874,0.00844666428498897,0.06682229042053223,9.780204537392305e-20
0.09748975396978891,0.08860545819973291,0.09992271742943552,0.09286537508493685,0.12444376945495605,0.008446664293906274,0.008446242043369523,0.06707978248596191,9.780462892544697e-20
0.09748898566294971,0.08860528430953757,0.0999227243480851,0.09286629939053993,0.11862921714782715,0.008446242052787368,0.008445819824132172,0.0641331672668457,9.780721267689635e-20
0.09748821735277614,0.08860511043015486,0.0999227312665532,0.09286722360465395,0.12833404541015625,0.008445819832816278,0.008445397625322926,0.06921625137329102,9.780979654502188e-20
0.09748744903926973,0.08860493656158341,0.09992273818483968,0.0928681477272921,0.11878490447998047,0.008445397633994258,0.008444975447652325,0.06528449058532715,9.781238010146123e-20
0.09748668072243195,0.08860476270382187,0.09992274510294444,0.09286907175846751,0.1332859992980957,0.008444975456320631,0.008444553291298007,0.0723116397857666,9.781496326545572e-20
0.0974859124022643,0.08860458885686887,0.09992275202086735,0.0928699956981934,0.11769413948059082,0.008444553299792653,0.008444131155727064,0.06491684913635254,9.781754659849361e-20
0.09748514407876835,0.08860441502072307,0.09992275893860833,0.09287091954648292,0.12592315673828125,0.008444131164411266,0.008443709041472403,0.06739187240600586,9.78201296730011e-20
0.0974843757519456,0.0886042411953831,0.09992276585616723,0.09287184330334931,0.1221461296081543,0.008443709050175083,0.008443286948534023,0.06585144996643066,9.782271262621334e-20
0.09748360742179749,0.08860406738084763,0.09992277277354396,0.0928727669688058,0.12174439430236816,0.008443286957081644,0.008442864876556655,0.06473040580749512,9.782529567522569e-20
0.09748283908832558,0.08860389357711528,0.09992277969073837,0.09287369054286548,0.1284162998199463,0.008442864885130656,0.008442442825362662,0.06796503067016602,9.782787844902025e-20
0.0974820707515314,0.08860371978418471,0.09992278660775038,0.09287461402554154,0.12698698043823242,0.008442442834322677,0.008442020796195493,0.07302021980285645,9.783046096183303e-20
0.09748130241141642,0.08860354600205458,0.09992279352457986,0.09287553741684712,0.1270885467529297,0.008442020804653642,0.008441598787101157,0.06807565689086914,9.783304385918166e-20
0.0974805340679822,0.08860337223072352,0.09992280044122671,0.09287646071679542,0.11777305603027344,0.008441598796125537,0.00844117679985601,0.06514525413513184,9.783562625810303e-20
0.09747976572123027,0.0886031984701902,0.09992280735769081,0.09287738392539961,0.1257312297821045,0.008441176808734921,0.008440754833571873,0.0667722225189209,9.783820871858962e-20
0.09747899737116213,0.08860302472045326,0.09992281427397205,0.0928783070426729,0.12249398231506348,0.00844075484248207,0.008440332888604019,0.06694817543029785,9.784079103448742e-20
0.09747822901777926,0.08860285098151134,0.09992282119007032,0.09287923006862844,0.12121796607971191,0.008440332897365233,0.008439910964241903,0.06412148475646973,9.784337338134954e-20
0.09747746066108322,0.08860267725336314,0.0999228281059855,0.09288015300327937,0.12827205657958984,0.008439910973384123,0.008439489061728978,0.06794142723083496,9.784595544264564e-20
0.09747669230107553,0.08860250353600728,0.0999228350217175,0.09288107584663884,0.12856388092041016,0.00843948907053656,0.008439067179999427,0.06416797637939453,9.784853736634833e-20
0.09747592393775764,0.08860232982944242,0.09992284193726621,0.09288199859872001,0.12869524955749512,0.008439067188823193,0.008438645319408522,0.06917405128479004,9.785111905227428e-20
0.09747515557113111,0.08860215613366723,0.0999228488526315,0.09288292125953615,0.1195685863494873,0.008438645328240341,0.0084382234801339,0.06459593772888184,9.785370117145621e-20
0.09747438720119748,0.08860198244868037,0.09992285576781328,0.09288384382910035,0.12406563758850098,0.008438223488788508,0.008437801661820288,0.06631278991699219,9.785628252893799e-20
0.0974736188279583,0.08860180877448048,0.09992286268281143,0.09288476630742581,0.12740278244018555,0.008437801670467046,0.008437379864290051,0.06792044639587402,9.785886467003866e-20
0.09747285045141503,0.08860163511106625,0.09992286959762588,0.09288568869452563,0.11861562728881836,0.008437379873274939,0.008436958088609003,0.06411290168762207,9.786144609701746e-20
0.0974720820715692,0.08860146145843634,0.09992287651225648,0.092886610990413,0.1284189224243164,0.008436958097210318,0.00843653633335606,0.06785702705383301,9.786402737813291e-20
0.09747131368842232,0.0886012878165894,0.09992288342670315,0.09288753319510103,0.11866283416748047,0.008436536342271971,0.008436114599419398,0.06413388252258301,9.786660887351571e-20
0.09747054530197594,0.08860111418552409,0.09992289034096577,0.0928884553086029,0.1275773048400879,0.008436114608460018,0.008435692886443746,0.06894135475158691,9.786918971753827e-20
0.09746977691223156,0.08860094056523908,0.09992289725504423,0.09288937733093179,0.11828470230102539,0.008435692895773166,0.008435271195139649,0.06501102447509766,9.787177080653442e-20
0.0974690085191907,0.08860076695573303,0.09992290416893845,0.09289029926210082,0.12464642524719238,0.00843527120420963,0.008434849524974197,0.06646108627319336,9.787435191681958e-20
0.0974682401228549,0.08860059335700463,0.09992291108264831,0.09289122110212313,0.12794256210327148,0.008434849533768041,0.008434427875414485,0.06802225112915039,9.787693251854195e-20
0.09746747172322562,0.08860041976905252,0.09992291799617371,0.09289214285101187,0.1276547908782959,0.00843442788444798,0.008434006247348691,0.07316470146179199,9.78795139547234e-20
0.09746670332030441,0.08860024619187538,0.09992292490951456,0.09289306450878018,0.12700629234313965,0.008434006256248417,0.008433584640599179,0.06789827346801758,9.788209414059225e-20
0.09746593491409286,0.0886000726254719,0.09992293182267073,0.0928939860754412,0.11925244331359863,0.008433584649167915,0.008433163054633042,0.06472969055175781,9.78846753002412e-20
0.09746516650459243,0.08859989906984074,0.09992293873564213,0.09289490755100813,0.12545204162597656,0.00843316306320609,0.00843274148945028,0.06783652305603027,9.78872556910684e-20
0.09746439809180467,0.08859972552498058,0.09992294564842868,0.09289582893549404,0.12243032455444336,0.008432741498362315,0.008432319945761435,0.06714296340942383,9.788983586892071e-20
0.0974636296757311,0.08859955199089008,0.09992295256103026,0.09289675022891215,0.1201474666595459,0.008432319954633456,0.008431898423211237,0.06473755836486816,9.789241652690616e-20
0.09746286125637334,0.08859937846756791,0.09992295947344677,0.09289767143127552,0.1276695728302002,0.00843189843201881,0.008431476921266778,0.0676267147064209,9.789499677931647e-20
0.09746209283373283,0.08859920495501275,0.09992296638567812,0.09289859254259727,0.12459254264831543,0.008431476930519644,0.008431055441171509,0.06488656997680664,9.7897577023563e-20
0.09746132440781113,0.08859903145322329,0.09992297329772419,0.09289951356289056,0.1265420913696289,0.008431055450132863,0.00843063398203725,0.0677194595336914,9.790015703201628e-20
0.09746055597860978,0.08859885796219819,0.0999229802095849,0.0929004344921685,0.11854338645935059,0.008430633990857427,0.008430212543331095,0.06381797790527344,9.790273669523884e-20
0.09745978754613024,0.08859868448193611,0.09992298712126016,0.09290135533044426,0.12652373313903809,0.008430212552694022,0.008429791126474129,0.06842160224914551,9.790531656120306e-20
0.09745901911037412,0.08859851101243577,0.09992299403274986,0.09290227607773094,0.12280488014221191,0.008429791135640484,0.00842936973111108,0.0674283504486084,9.790789609276322e-20
0.0974582506713429,0.08859833755369581,0.0999230009440539,0.09290319673404165,0.12153482437133789,0.008429369739694723,0.008428948355820864,0.06495404243469238,9.79104761160626e-20
0.09745748222903816,0.08859816410571493,0.09992300785517219,0.09290411729938948,0.12769341468811035,0.008428948364857136,0.008428527002379838,0.06759119033813477,9.791305566029656e-20
0.0974567137834614,0.0885979906684918,0.09992301476610464,0.09290503777378759,0.1210789680480957,0.008428527011126214,0.008428105669899821,0.06521415710449219,9.791563474330468e-20
0.09745594533461413,0.08859781724202513,0.09992302167685115,0.09290595815724907,0.12656664848327637,0.008428105678500645,0.008427684358380816,0.06778430938720703,9.791821367812911e-20
0.09745517688249787,0.08859764382631359,0.09992302858741162,0.09290687844978708,0.12052631378173828,0.008427684366978374,0.008427263068178092,0.0656747817993164,9.792079314932296e-20
0.0974544084271142,0.08859747042135588,0.09992303549778596,0.0929077986514147,0.12679171562194824,0.00842726307655993,0.008426841798581108,0.0670328140258789,9.792337251361266e-20
0.09745363996846466,0.08859729702715068,0.09992304240797407,0.09290871876214506,0.1230623722076416,0.008426841807244671,0.008426420550478042,0.06702685356140137,9.792595165498478e-20
0.09745287150655083,0.08859712364369665,0.09992304931797588,0.09290963878199128,0.12486863136291504,0.008426420559030194,0.008425999322980715,0.06633567810058594,9.792853046775544e-20
0.09745210304137417,0.08859695027099251,0.09992305622779127,0.09291055871096641,0.12389755249023438,0.008425999331916144,0.008425578117332577,0.06569981575012207,9.793110901872579e-20
0.09745133457293624,0.08859677690903696,0.09992306313742015,0.09291147854908362,0.11939239501953125,0.008425578125901684,0.008425156932290179,0.06397604942321777,9.793368793206651e-20
0.09745056610123859,0.08859660355782864,0.09992307004686245,0.09291239829635596,0.12561464309692383,0.00842515694098454,0.008424735768386427,0.06697893142700195,9.793626665930723e-20
0.09744979762628281,0.08859643021736627,0.09992307695611806,0.09291331795279661,0.11884069442749023,0.008424735777165581,0.008424314626154228,0.06522536277770996,9.793884534710323e-20
0.09744902914807035,0.08859625688764854,0.09992308386518689,0.09291423751841861,0.12597060203552246,0.008424314634441056,0.008423893504172497,0.06624698638916016,9.794142350241295e-20
0.09744826066660282,0.08859608356867413,0.09992309077406886,0.09291515699323506,0.12127161026000977,0.008423893512812312,0.008423472403684684,0.0665440559387207,9.794400215778277e-20
0.09744749218188174,0.08859591026044175,0.09992309768276386,0.09291607637725904,0.1273503303527832,0.008423472412277632,0.008423051324335518,0.06758809089660645,9.794658007746957e-20
0.09744672369390865,0.08859573696295009,0.09992310459127182,0.09291699567050364,0.12162327766418457,0.008423051332835925,0.008422630265947362,0.06535649299621582,9.794915817482655e-20
0.0974459552026851,0.08859556367619782,0.09992311149959264,0.09291791487298195,0.12073755264282227,0.00842263027448607,0.008422209229053124,0.0638883113861084,9.795173618896243e-20
0.09744518670821262,0.08859539040018367,0.09992311840772623,0.09291883398470706,0.12616205215454102,0.008422209237226079,0.008421788212054082,0.06726384162902832,9.795431395073461e-20
0.09744441821049277,0.08859521713490633,0.0999231253156725,0.09291975300569208,0.11809039115905762,0.008421788221057293,0.008421367217259501,0.06394457817077637,9.795689206821812e-20
0.097443649709527,0.08859504388036447,0.09992313222343138,0.09292067193595015,0.1265392303466797,0.008421367225976252,0.008420946242893024,0.06836247444152832,9.795946972576008e-20
0.0974428812053169,0.08859487063655683,0.09992313913100277,0.09292159077549426,0.12938594818115234,0.00842094625198324,0.008420525289665193,0.07474708557128906,9.796204738962831e-20
0.09744211269786399,0.08859469740348208,0.09992314603838659,0.09292250952433757,0.12494540214538574,0.008420525299078236,0.008420104358286551,0.06746172904968262,9.796462485259361e-20
0.09744134418716993,0.08859452418113895,0.09992315294558274,0.09292342818249312,0.12244248390197754,0.008420104367257406,0.008419683447691284,0.0665731430053711,9.79672019420291e-20
0.09744057567323623,0.08859435096952611,0.09992315985259113,0.092924346749974,0.12216901779174805,0.008419683456520402,0.008419262558234664,0.06502199172973633,9.796977953109797e-20
0.09743980715606441,0.0885941777686423,0.0999231667594117,0.09292526522679331,0.12833380699157715,0.008419262566865874,0.008418841689561418,0.0679163932800293,9.797235635345613e-20
0.09743903863565603,0.0885940045784862,0.09992317366604435,0.09292618361296408,0.11899948120117188,0.008418841698294436,0.00841842084202682,0.06556224822998047,9.797493400878367e-20
0.09743827011201259,0.0885938313990565,0.09992318057248899,0.0929271019084994,0.12535858154296875,0.008418420850804038,0.00841800001545323,0.06665897369384766,9.797751092851252e-20
0.09743750158513566,0.08859365823035191,0.09992318747874554,0.09292802011341236,0.13021111488342285,0.00841800002439388,0.008417579210195925,0.06440234184265137,9.798008819925996e-20
0.0974367330550268,0.08859348507237115,0.09992319438481392,0.092928938227716,0.1266772747039795,0.00841757921906363,0.008417158426432536,0.06672501564025879,9.798266493736582e-20
0.09743596452168754,0.08859331192511291,0.09992320129069406,0.09292985625142336,0.12818098068237305,0.00841715843480986,0.008416737662564344,0.06805133819580078,9.798524091499881e-20
0.09743519598511943,0.0885931387885759,0.09992320819638584,0.09293077418454757,0.11731839179992676,0.008416737671634566,0.008416316920545341,0.0636448860168457,9.798781823789385e-20
0.09743442744532405,0.08859296566275884,0.0999232151018892,0.09293169202710166,0.12732219696044922,0.008416316929534689,0.008415896199664985,0.06930994987487793,9.799039457905599e-20
0.09743365890230284,0.08859279254766045,0.09992322200720408,0.0929326097790987,0.11790585517883301,0.0084158962085098,0.00841547550010091,0.06436491012573242,9.799297078851377e-20
0.0974328903560574,0.08859261944327944,0.09992322891233037,0.09293352744055176,0.13427162170410156,0.008415475508558517,0.008415054821142576,0.07216310501098633,9.799554726653248e-20
0.09743212180658929,0.08859244634961451,0.09992323581726799,0.09293444501147384,0.11838865280151367,0.008415054829680755,0.008414634163500523,0.06407356262207031,9.799812360150215e-20
0.09743135325390008,0.08859227326666437,0.09992324272201686,0.09293536249187805,0.12625837326049805,0.008414634171873492,0.008414213526108938,0.06686782836914062,9.800069960738911e-20
0.0974305846979913,0.08859210019442773,0.09992324962657691,0.09293627988177747,0.1268141269683838,0.008414213535138432,0.008413792910388906,0.06839966773986816,9.800327552743879e-20
0.09742981613886453,0.08859192713290331,0.09992325653094804,0.0929371971811851,0.11817407608032227,0.008413792919472035,0.00841337231545225,0.06461381912231445,9.800585171021819e-20
0.09742904757652131,0.08859175408208983,0.09992326343513018,0.09293811439011404,0.12821483612060547,0.008413372324876003,0.008412951742542418,0.06793832778930664,9.800842788859233e-20
0.09742827901096318,0.088591581041986,0.09992327033912325,0.09293903150857728,0.12770581245422363,0.00841295175134491,0.00841253119006069,0.07363200187683105,9.801100313237247e-20
0.09742751044219178,0.08859140801259054,0.0999232772429272,0.09293994853658788,0.12839579582214355,0.008412531198881667,0.008412110658539973,0.06784772872924805,9.801357858323445e-20
0.09742674187020862,0.08859123499390216,0.09992328414654192,0.09294086547415892,0.1189568042755127,0.008412110667484266,0.008411690148335538,0.06565117835998535,9.801615412446831e-20
0.09742597329501525,0.08859106198591958,0.09992329104996733,0.09294178232130344,0.12743163108825684,0.008411690157149314,0.008411269659092113,0.06905150413513184,9.801872947260478e-20
0.09742520471661316,0.08859088898864151,0.09992329795320339,0.0929426990780344,0.1176137924194336,0.008411269667879055,0.008410849190987335,0.06435465812683105,9.802130499623396e-20
0.09742443613500389,0.08859071600206668,0.09992330485624998,0.09294361574436488,0.12620830535888672,0.008410849199671137,0.008410428744021203,0.06679868698120117,9.802388017318573e-20
0.09742366755018907,0.08859054302619379,0.09992331175910703,0.09294453232030796,0.1242218017578125,0.00841042875252281,0.008410008317660811,0.06532001495361328,9.80264551977297e-20
0.09742289896217025,0.08859037006102158,0.09992331866177448,0.09294544880587663,0.13109850883483887,0.008410008326435365,0.008409587912794336,0.07228469848632812,9.802903017806172e-20
0.09742213037094896,0.08859019710654875,0.09992332556425224,0.09294636520108394,0.11953306198120117,0.008409587921406706,0.008409167528533601,0.06533002853393555,9.803160542803603e-20
0.09742136177652673,0.08859002416277405,0.09992333246654023,0.09294728150594292,0.12714910507202148,0.008409167537436197,0.008408747165589148,0.06822609901428223,9.803418012107012e-20
0.09742059317890514,0.08858985122969619,0.0999233393686384,0.09294819772046664,0.11832332611083984,0.00840874717452309,0.008408326824138612,0.06400156021118164,9.803675508023322e-20
0.09741982457808576,0.08858967830731392,0.09992334627054665,0.09294911384466804,0.12765169143676758,0.00840832683266554,0.008407906502938545,0.06816673278808594,9.803932962893613e-20
0.09741905597407013,0.08858950539562593,0.0999233531722649,0.09295002987856014,0.1182718276977539,0.008407906511863353,0.00840748620341003,0.06400156021118164,9.804190403138201e-20
0.09741828736685983,0.08858933249463097,0.0999233600737931,0.092950945822156,0.12799453735351562,0.008407486212114018,0.00840706592430962,0.06834173202514648,9.804447861670462e-20
0.09741751875645643,0.08858915960432774,0.09992336697513117,0.09295186167546862,0.12761926651000977,0.008407065933418268,0.00840664566741367,0.06377959251403809,9.804705276192186e-20
0.09741675014286154,0.08858898672471499,0.09992337387627903,0.09295277743851106,0.12723016738891602,0.008406645675773807,0.008406225430945824,0.0682988166809082,9.804962686611139e-20
0.09741598152607665,0.08858881385579141,0.09992338077723661,0.09295369311129632,0.11824965476989746,0.008406225439178353,0.008405805215261353,0.06400012969970703,9.805220088988325e-20
0.09741521290610337,0.08858864099755577,0.09992338767800385,0.09295460869383743,0.12837004661560059,0.008405805223633015,0.00840538502018262,0.06707906723022461,9.805477524069992e-20
0.09741444428294324,0.08858846815000677,0.09992339457858067,0.09295552418614735,0.1188197135925293,0.008405385029137583,0.008404964847130714,0.06522583961486816,9.805734888479532e-20
0.09741367565659778,0.08858829531314316,0.09992340147896699,0.09295643958823913,0.1254899501800537,0.008404964855688656,0.008404544694684546,0.0685722827911377,9.805992270940773e-20
0.09741290702706858,0.08858812248696367,0.09992340837916275,0.09295735490012574,0.12073802947998047,0.00840454470328726,0.008404124562844117,0.06577944755554199,9.806249704709875e-20
0.09741213839435718,0.08858794967146702,0.09992341527916786,0.09295827012182026,0.12838077545166016,0.008404124571931352,0.008403704452675242,0.06437873840332031,9.80650700242955e-20
0.09741136975846518,0.08858777686665197,0.09992342217898226,0.09295918525333564,0.1283566951751709,0.00840370446161912,0.008403284363467378,0.0681300163269043,9.806764358393764e-20
0.0974106011193941,0.08858760407251721,0.09992342907860588,0.09296010029468488,0.11504268646240234,0.008403284372350557,0.008402864295220525,0.06398582458496094,9.807021747717628e-20
0.09740983247714549,0.0885874312890615,0.09992343597803867,0.09296101524588098,0.12596774101257324,0.008402864304123259,0.008402444247757046,0.06683826446533203,9.807279054778647e-20
0.09740906383172102,0.08858725851628359,0.09992344287728053,0.09296193010693693,0.11951947212219238,0.008402444256937527,0.008402024221432214,0.06556820869445801,9.807536364804393e-20
0.09740829518312218,0.08858708575418218,0.09992344977633139,0.09296284487786576,0.11964964866638184,0.008402024230793304,0.00840160421695657,0.06445169448852539,9.807793666652989e-20
0.09740752653135049,0.08858691300275603,0.0999234566751912,0.09296375955868048,0.12796473503112793,0.008401604225685803,0.008401184232731396,0.06876945495605469,9.808050989180077e-20
0.09740675787640754,0.08858674026200389,0.0999234635738599,0.09296467414939408,0.128737211227417,0.008401184241617368,0.008400764270177774,0.06470918655395508,9.808308280479631e-20
0.09740598921829491,0.08858656753192448,0.09992347047233739,0.09296558865001951,0.1223917007446289,0.008400764278584556,0.008400344328229892,0.06535673141479492,9.808565587565683e-20
0.09740522055701416,0.08858639481251653,0.09992347737062363,0.09296650306056971,0.12265443801879883,0.00840034433658738,0.008399924407420656,0.06747031211853027,9.808822851015221e-20
0.09740445189256686,0.08858622210377878,0.09992348426871853,0.09296741738105767,0.12548589706420898,0.008399924415624377,0.008399504506861888,0.06750679016113281,9.809080104972356e-20
0.09740368322495462,0.08858604940571001,0.09992349116662202,0.09296833161149645,0.1260690689086914,0.008399504515696628,0.008399084627974673,0.06760001182556152,9.809337357069553e-20
0.097402914554179,0.0885858767183089,0.09992349806433405,0.09296924575189905,0.12615609169006348,0.008399084636800948,0.008398664769870834,0.06752490997314453,9.809594615078813e-20
0.0974021458802415,0.08858570404157423,0.09992350496185456,0.09297015980227835,0.12828278541564941,0.008398664778937021,0.00839824493290564,0.0709376335144043,9.80985181403425e-20
0.09740137720314372,0.08858553137550473,0.09992351185918347,0.09297107376264738,0.12507104873657227,0.008398244942104479,0.008397825117434365,0.06552934646606445,9.810109035633495e-20
0.09740060852288722,0.08858535872009915,0.0999235187563207,0.09297198763301909,0.12637019157409668,0.00839782512630147,0.008397405322391194,0.0657811164855957,9.810366292934425e-20
0.09739983983947356,0.08858518607535622,0.09992352565326623,0.0929729014134065,0.12391424179077148,0.008397405331527425,0.00839698554884194,0.06546831130981445,9.810623449709135e-20
0.09739907115290432,0.08858501344127469,0.09992353255001996,0.09297381510382258,0.12571239471435547,0.008396985557780505,0.008396565796786604,0.06548094749450684,9.810880694343397e-20
0.09739830246318107,0.0885848408178533,0.09992353944658183,0.09297472870428028,0.13454771041870117,0.008396565805058645,0.008396146064626464,0.07354474067687988,9.811137870207036e-20
0.09739753377030541,0.08858466820509081,0.0999235463429518,0.09297564221479257,0.127763032913208,0.008396146073362873,0.008395726353604971,0.06795883178710938,9.81139499809018e-20
0.0973967650742789,0.08858449560298597,0.09992355323912976,0.09297655563537244,0.12700343132019043,0.00839572636269118,0.008395306664432667,0.06776833534240723,9.811652127695577e-20
0.09739599637510317,0.08858432301153751,0.09992356013511568,0.09297746896603283,0.12682723999023438,0.008395306673041702,0.008394886995688466,0.06648731231689453,9.811909336372649e-20
0.09739522767277978,0.0885841504307442,0.09992356703090949,0.09297838220678667,0.1260395050048828,0.008394887004414816,0.008394467348438184,0.066192626953125,9.812166517439156e-20
0.09739445896731021,0.08858397786060476,0.09992357392651112,0.09297929535764694,0.13470053672790527,0.008394467356808731,0.008394047721438369,0.07490420341491699,9.81242361013803e-20
0.0973936902586961,0.08858380530111798,0.0999235808219205,0.09298020841862664,0.12866592407226562,0.00839404773022286,0.008393628115754836,0.06966328620910645,9.812680729669073e-20
0.09739292154693895,0.08858363275228257,0.0999235877171376,0.09298112138973866,0.1291360855102539,0.008393628124656407,0.00839320853120995,0.07019925117492676,9.812937869940202e-20
0.0973921528320404,0.08858346021409728,0.09992359461216231,0.09298203427099597,0.12954497337341309,0.00839320854010729,0.008392788967981346,0.06937932968139648,9.81319494927139e-20
0.09739138411400196,0.08858328768656089,0.09992360150699461,0.09298294706241156,0.1296100616455078,0.008392788976575112,0.008392369425358481,0.06957864761352539,9.813452044533734e-20
0.09739061539282529,0.08858311516967213,0.09992360840163442,0.09298385976399837,0.12785029411315918,0.008392369434058163,0.008391949903874263,0.06926846504211426,9.813709088136394e-20
0.09738984666851196,0.08858294266342977,0.0999236152960817,0.09298477237576935,0.13493633270263672,0.008391949912556752,0.008391530403351055,0.06830191612243652,9.813966225177652e-20
0.09738907794106355,0.08858277016783256,0.09992362219033635,0.09298568489773744,0.12172889709472656,0.008391530412069479,0.008391110923788858,0.0650782585144043,9.814223260648827e-20
0.09738830921048164,0.08858259768287925,0.09992362908439834,0.09298659732991553,0.1260085105895996,0.008391110932593992,0.008390691465542943,0.06630492210388184,9.814480338279164e-20
0.09738754047676774,0.08858242520856861,0.0999236359782676,0.09298750967231657,0.12629938125610352,0.008390691474130121,0.008390272028080403,0.06721854209899902,9.814737360323581e-20
0.09738677173992337,0.08858225274489939,0.09992364287194407,0.09298842192495356,0.12897396087646484,0.008390272036676904,0.008389852611401238,0.06951045989990234,9.814994405968433e-20
0.09738600299995015,0.08858208029187034,0.0999236497654277,0.09298933408783938,0.1268749237060547,0.008389852620233302,0.00838943321586072,0.06916141510009766,9.815251428893465e-20
0.09738523425684976,0.0885819078494802,0.09992365665871841,0.092990246160987,0.1258249282836914,0.008389433224798605,0.008389013841458848,0.0656120777130127,9.815508459080723e-20
0.0973844655106237,0.08858173541772775,0.09992366355181616,0.09299115814440934,0.12583589553833008,0.00838901385037136,0.008388594488017986,0.06762075424194336,9.815765423420796e-20
0.09738369676127352,0.08858156299661174,0.09992367044472088,0.09299207003811931,0.12780332565307617,0.0083885944969499,0.008388175156071043,0.06988048553466797,9.81602242684143e-20
0.0973829280088008,0.08858139058613092,0.09992367733743251,0.09299298184212987,0.12009263038635254,0.008388175164533438,0.008387755844374567,0.06589627265930176,9.816279435840503e-20
0.09738215925320715,0.08858121818628406,0.09992368422995102,0.09299389355645399,0.12553167343139648,0.008387755853121672,0.008387336553639102,0.06566882133483887,9.816536378276817e-20
0.09738139049449421,0.08858104579706992,0.09992369112227631,0.09299480518110456,0.1285245418548584,0.008387336562713859,0.00838691728457519,0.0691368579864502,9.816793363555709e-20
0.09738062173266349,0.08858087341848726,0.09992369801440835,0.09299571671609455,0.12159323692321777,0.008386917293306267,0.008386498036117018,0.06474161148071289,9.817050298321474e-20
0.09737985296771658,0.08858070105053485,0.09992370490634708,0.0929966281614368,0.1273808479309082,0.008386498044901117,0.008386078808797492,0.06955742835998535,9.817307242619969e-20
0.09737908419965502,0.08858052869321144,0.09992371179809245,0.09299753951714423,0.12094521522521973,0.008386078817495443,0.008385659602438977,0.06492161750793457,9.81756421556483e-20
0.09737831542848041,0.0885803563465158,0.09992371868964438,0.09299845078322978,0.12322473526000977,0.008385659611088786,0.008385240417219109,0.06522631645202637,9.817821130882916e-20
0.09737754665419432,0.08858018401044669,0.09992372558100282,0.09299936195970633,0.12817716598510742,0.00838524042567848,0.00838482125260498,0.06841874122619629,9.818078041136946e-20
0.09737677787679833,0.08858001168500287,0.09992373247216772,0.09300027304658683,0.12805485725402832,0.008384821261266835,0.008384402109307132,0.07523036003112793,9.81833490044068e-20
0.09737600909629407,0.08857983937018313,0.09992373936313903,0.09300118404388416,0.12495851516723633,0.008384402117849379,0.008383982986615024,0.06807899475097656,9.818591856336046e-20
0.09737524031268306,0.0885796670659862,0.09992374625391669,0.09300209495161126,0.11564397811889648,0.008383982995428124,0.008383563885061562,0.06384873390197754,9.818848742820072e-20
0.09737447152596689,0.08857949477241087,0.09992375314450064,0.09300300576978097,0.12648391723632812,0.008383563894000039,0.008383144805002019,0.0674600601196289,9.819105603019629e-20
0.09737370273614711,0.08857932248945588,0.09992376003489083,0.09300391649840627,0.11776876449584961,0.00838314481356362,0.008382725745903485,0.06530523300170898,9.819362454419081e-20
0.09737293394322535,0.08857915021712001,0.0999237669250872,0.09300482713749998,0.12640786170959473,0.008382725754118876,0.008382306706700149,0.06817364692687988,9.819619335732801e-20
0.09737216514720326,0.08857897795540204,0.0999237738150897,0.09300573768707507,0.1182699203491211,0.008382306715665849,0.008381887689523637,0.06430578231811523,9.819876142652582e-20
0.09737139634808244,0.08857880570430073,0.09992378070489828,0.0930066481471444,0.1298985481262207,0.008381887698201727,0.008381468692775229,0.07128143310546875,9.820132989156493e-20
0.09737062754586434,0.08857863346381485,0.09992378759451287,0.09300755851772087,0.11716389656066895,0.008381468701726442,0.008381049717520739,0.06322622299194336,9.820389784563134e-20
0.0973698587405506,0.08857846123394318,0.09992379448393343,0.09300846879881737,0.12851214408874512,0.008381049726237665,0.008380630763049624,0.06797099113464355,9.820646611818113e-20
0.09736908993214284,0.08857828901468448,0.09992380137315991,0.0930093789904468,0.11515069007873535,0.00838063077173561,0.008380211829539519,0.06353330612182617,9.82090346119457e-20
0.09736832112064263,0.08857811680603751,0.09992380826219226,0.09301028909262203,0.1284174919128418,0.008380211838218975,0.008379792916635154,0.06782746315002441,9.821160223373376e-20
0.09736755230605162,0.08857794460800107,0.09992381515103041,0.09301119910535595,0.11539149284362793,0.008379792925686974,0.008379374025224706,0.06340789794921875,9.821417041912846e-20
0.09736678348837131,0.08857777242057392,0.09992382203967431,0.09301210902866142,0.1281416416168213,0.008379374034138937,0.008378955154242362,0.06827306747436523,9.821673775694401e-20
0.09736601466760332,0.08857760024375483,0.09992382892812393,0.09301301886255134,0.12511658668518066,0.008378955163573138,0.008378536305286843,0.06570053100585938,9.821930515708785e-20
0.0973652458437492,0.08857742807754256,0.09992383581637919,0.09301392860703855,0.12362074851989746,0.008378536313987456,0.008378117476581792,0.06435489654541016,9.822187304355286e-20
0.0973644770168106,0.0885772559219359,0.09992384270444006,0.09301483826213594,0.12301778793334961,0.008378117485381233,0.008377698669193023,0.06674337387084961,9.822444056718892e-20
0.09736370818678905,0.08857708377693363,0.09992384959230648,0.09301574782785635,0.12164688110351562,0.008377698677753415,0.008377279882765265,0.06431770324707031,9.82270074873029e-20
0.09736293935368616,0.0885769116425345,0.0999238564799784,0.09301665730421267,0.12264895439147949,0.00837727989110257,0.008376861116943246,0.06659698486328125,9.822957525078868e-20
0.09736217051750352,0.08857673951873732,0.09992386336745576,0.09301756669121786,0.12102317810058594,0.008376861125428991,0.00837644237154933,0.06533527374267578,9.823214234385846e-20
0.09736140167824271,0.08857656740554083,0.09992387025473852,0.09301847598888473,0.1267096996307373,0.008376442380733441,0.00837602364818224,0.06709933280944824,9.823470928811483e-20
0.0973606328359053,0.08857639530294384,0.09992387714182663,0.09301938519722619,0.12764620780944824,0.008376023657011684,0.008375604945065618,0.06385397911071777,9.82372765250497e-20
0.09735986399049289,0.0885762232109451,0.09992388402872004,0.09302029431625508,0.12657475471496582,0.008375604954264471,0.008375186263798184,0.06705260276794434,9.823984338769046e-20
0.09735909514200711,0.08857605112954339,0.0999238909154187,0.09302120334598427,0.12122678756713867,0.008375186272487938,0.008374767602958855,0.06576371192932129,9.824240978930304e-20
0.0973583262904495,0.08857587905873751,0.09992389780192257,0.09302211228642664,0.1199798583984375,0.008374767611684427,0.0083743489629029,0.06562399864196777,9.824497655930605e-20
0.09735755743582168,0.08857570699852622,0.09992390468823158,0.093023021137595,0.12806415557861328,0.008374348971851254,0.008373930343807956,0.06885409355163574,9.824754309464867e-20
0.09735678857812524,0.08857553494890832,0.0999239115743457,0.09302392989950219,0.11893630027770996,0.00837393035298803,0.00837351174620693,0.06507134437561035,9.825010973946644e-20
0.0973560197173618,0.08857536290988258,0.09992391846026487,0.09302483857216108,0.12786412239074707,0.008373511755093373,0.00837309316974455,0.06798291206359863,9.82526758204393e-20
0.09735525085353294,0.08857519088144777,0.09992392534598904,0.09302574715558456,0.1274433135986328,0.008373093178165092,0.00837267461388791,0.07037043571472168,9.825524214813197e-20
0.09735448198664029,0.0885750188636027,0.09992393223151816,0.09302665564978549,0.11500024795532227,0.008372674622202283,0.008372256078104101,0.0637204647064209,9.825780830063807e-20
0.09735371311668538,0.08857484685634615,0.0999239391168522,0.09302756405477668,0.12634539604187012,0.008372256087206617,0.008371837564169482,0.06700634956359863,9.826037436428415e-20
0.09735294424366982,0.08857467485967688,0.0999239460019911,0.09302847237057095,0.12319469451904297,0.00837183757317497,0.008371419070840602,0.06756305694580078,9.826294009009284e-20
0.09735217536759522,0.08857450287359368,0.09992395288693481,0.09302938059718119,0.11807394027709961,0.008371419080106562,0.008371000598650369,0.06493282318115234,9.826550639483874e-20
0.09735140648846312,0.08857433089809533,0.0999239597716833,0.09303028873462028,0.1263737678527832,0.008371000607999762,0.008370582148131689,0.06734919548034668,9.826807191127295e-20
0.09735063760627513,0.08857415893318063,0.0999239666562365,0.09303119678290103,0.12080264091491699,0.008370582156854451,0.008370163717863477,0.06729269027709961,9.827063775846291e-20
0.09734986872103285,0.08857398697884837,0.09992397354059437,0.09303210474203623,0.12525701522827148,0.008370163726668628,0.008369745308556276,0.0668478012084961,9.82732032902854e-20
0.09734909983273785,0.08857381503509731,0.09992398042475688,0.09303301261203874,0.12446284294128418,0.008369745317442518,0.008369326920742992,0.06534123420715332,9.827576856552316e-20
0.09734833094139171,0.08857364310192625,0.09992398730872395,0.09303392039292135,0.1308741569519043,0.008369326929172763,0.008368908553357812,0.06861519813537598,9.8278334016674e-20
0.09734756204699607,0.08857347117933398,0.09992399419249556,0.09303482808469694,0.11702084541320801,0.008368908561859977,0.008368490207111279,0.06535959243774414,9.828089921367247e-20
0.0973467931495525,0.08857329926731927,0.09992400107607166,0.09303573568737833,0.11747980117797852,0.00836849021550244,0.00836807188164812,0.06343531608581543,9.828346445648264e-20
0.09734602424906266,0.08857312736588094,0.09992400795945221,0.09303664320097833,0.12496066093444824,0.008368071890100819,0.008367653576968337,0.06697297096252441,9.828602938446856e-20
0.09734525534552803,0.08857295547501774,0.09992401484263716,0.09303755062550978,0.12239384651184082,0.008367653585652696,0.008367235293071928,0.06767082214355469,9.828859478341132e-20
0.09734448643895031,0.08857278359472849,0.09992402172562646,0.09303845796098545,0.11540675163269043,0.008367235302158747,0.00836681703102471,0.06337714195251465,9.829115941265905e-20
0.09734371752933109,0.08857261172501198,0.09992402860842008,0.09303936520741819,0.12760519981384277,0.008366817039614179,0.008366398789405594,0.07261991500854492,9.829372408204428e-20
0.0973429486166719,0.08857243986586698,0.09992403549101794,0.0930402723648208,0.12434172630310059,0.008366398798020279,0.008365980568392217,0.06382560729980469,9.829628893120922e-20
0.09734217970097446,0.08857226801729232,0.09992404237342002,0.09304117943320611,0.12478923797607422,0.008365980577377375,0.008365562368339852,0.06881880760192871,9.829885358878629e-20
0.09734141078224029,0.08857209617928676,0.09992404925562627,0.09304208641258697,0.11591553688049316,0.008365562377684052,0.008365144190314311,0.0643765926361084,9.830141784309771e-20
0.097340641860471,0.08857192435184907,0.09992405613763665,0.09304299330297616,0.11686348915100098,0.008365144198936199,0.008364726032361602,0.06233358383178711,9.83039823723139e-20
0.09733987293566813,0.0885717525349781,0.09992406301945111,0.09304390010438647,0.12506413459777832,0.008364726041134527,0.008364307895725176,0.06470227241516113,9.830654680506413e-20
0.09733910400783335,0.0885715807286726,0.09992406990106963,0.09304480681683075,0.12406730651855469,0.008364307904278279,0.008363889779694489,0.06865525245666504,9.830911029188251e-20
0.09733833507696824,0.0885714089329314,0.09992407678249214,0.0930457134403218,0.11481142044067383,0.008363889788366038,0.008363471684802448,0.06418848037719727,9.83116748972748e-20
0.09733756614307437,0.08857123714775327,0.0999240836637186,0.09304661997487242,0.11965394020080566,0.008363471693396783,0.008363053610516147,0.062334537506103516,9.831423856305311e-20
0.09733679720615335,0.088571065373137,0.09992409054474899,0.09304752642049537,0.12474441528320312,0.008363053619370495,0.008362635557368492,0.062148332595825195,9.831680254580016e-20
0.09733602826620677,0.0885708936090814,0.09992409742558325,0.09304843277720345,0.12337207794189453,0.008362635566284485,0.008362217525537119,0.06374621391296387,9.831936616197079e-20
0.0973352593232362,0.08857072185558526,0.09992410430622134,0.09304933904500949,0.1262190341949463,0.008362217534139578,0.008361799514489121,0.06749868392944336,9.832193005603861e-20
0.09733449037724326,0.08857055011264738,0.09992411118666322,0.09305024522392627,0.11592555046081543,0.008361799522932485,0.008361381523869227,0.06528043746948242,9.832449398139263e-20
0.09733372142822959,0.08857037838026655,0.09992411806690883,0.09305115131396657,0.11518430709838867,0.008361381532663834,0.008360963554565615,0.06288933753967285,9.83270567633391e-20
0.0973329524761968,0.08857020665844156,0.09992412494695815,0.09305205731514321,0.11862945556640625,0.008360963563332244,0.008360545606223013,0.06302499771118164,9.832962067963284e-20
0.09733218352114645,0.08857003494717124,0.09992413182681113,0.09305296322746898,0.12474417686462402,0.008360545614936585,0.008360127678841422,0.06615638732910156,9.833218391963807e-20
0.09733141456308007,0.08856986324645433,0.09992413870646774,0.09305386905095656,0.12387681007385254,0.008360127687474236,0.008359709772420842,0.06859087944030762,9.833474707630067e-20
0.09733064560199932,0.08856969155628967,0.09992414558592795,0.09305477478561879,0.12565302848815918,0.008359709780947376,0.008359291886961273,0.06867265701293945,9.833731006309628e-20
0.09732987663790577,0.08856951987667605,0.09992415246519169,0.09305568043146849,0.11681270599365234,0.00835929189535234,0.008358874021929807,0.06519079208374023,9.833987273657134e-20
0.09732910767080102,0.08856934820761225,0.09992415934425893,0.09305658598851838,0.11712002754211426,0.008358874030689448,0.008358456177859352,0.06356549263000488,9.834243554502608e-20
0.0973283387006867,0.0885691765490971,0.09992416622312962,0.09305749145678124,0.12075352668762207,0.008358456186958343,0.00835803835510518,0.06429171562194824,9.834499852383276e-20
0.09732756972756441,0.0885690049011294,0.09992417310180374,0.09305839683626989,0.12677955627441406,0.008358038364155888,0.008357620553489653,0.06544637680053711,9.834756170775167e-20
0.09732680075143577,0.08856883326370794,0.09992417998028123,0.09305930212699708,0.12128138542175293,0.008357620562281728,0.008357202772479866,0.06813430786132812,9.835012394518559e-20
0.09732603177230237,0.08856866163683154,0.09992418685856207,0.09306020732897559,0.11535286903381348,0.008357202781335138,0.008356785012608725,0.0641629695892334,9.835268638002573e-20
0.09732526279016583,0.08856849002049899,0.0999241937366462,0.09306111244221818,0.11357474327087402,0.00835678502131575,0.008356367273343324,0.06277871131896973,9.835524897140991e-20
0.09732449380502776,0.08856831841470911,0.09992420061453358,0.09306201746673762,0.12390279769897461,0.008356367282221784,0.008355949555749476,0.06431031227111816,9.835781102939381e-20
0.09732372481688975,0.08856814681946068,0.09992420749222419,0.09306292240254667,0.12323737144470215,0.008355949564051298,0.008355531858406096,0.06287813186645508,9.836037319722193e-20
0.09732295582575341,0.0885679752347525,0.09992421436971799,0.09306382724965806,0.12099456787109375,0.008355531866802844,0.00835511418149082,0.06268692016601562,9.836293557586888e-20
0.09732218683162032,0.0885678036605834,0.09992422124701494,0.0930647320080846,0.12722206115722656,0.008355114190478772,0.008354696526424732,0.06554317474365234,9.836549702986909e-20
0.0973214178344921,0.08856763209695216,0.099924228124115,0.09306563667783908,0.1217653751373291,0.008354696535074617,0.008354278891431477,0.0682532787322998,9.836805938078188e-20
0.09732064883437037,0.0885674605438576,0.09992423500101813,0.09306654125893424,0.11560487747192383,0.008354278900591407,0.008353861278287411,0.06479549407958984,9.837062106272107e-20
0.09731987983125667,0.08856728900129854,0.09992424187772429,0.0930674457513828,0.11429977416992188,0.008353861287026346,0.008353443685749085,0.0631554126739502,9.837318264816449e-20
0.0973191108251527,0.08856711746927377,0.09992424875423345,0.09306835015519756,0.11500406265258789,0.008353443694379433,0.008353026113461226,0.06354188919067383,9.837574454739913e-20
0.09731834181606,0.08856694594778211,0.09992425563054556,0.09306925447039122,0.11893057823181152,0.008353026122650679,0.008352608563022557,0.06349968910217285,9.837830623615484e-20
0.09731757280398015,0.08856677443682236,0.09992426250666059,0.09307015869697649,0.12935614585876465,0.008352608571836617,0.00835219103301199,0.07169938087463379,9.838086739061766e-20
0.09731680378891479,0.08856660293639333,0.0999242693825785,0.09307106283496618,0.11968326568603516,0.008352191041937898,0.008351773524140071,0.06343507766723633,9.838342818871974e-20
0.09731603477086553,0.08856643144649383,0.09992427625829926,0.09307196688437298,0.12155413627624512,0.008351773532954075,0.008351356036051527,0.06319141387939453,9.838598960667139e-20
0.09731526574983401,0.08856625996712265,0.09992428313382283,0.09307287084520964,0.12530112266540527,0.00835135604488217,0.008350938569279265,0.06548905372619629,9.838855063608096e-20
0.0973144967258218,0.08856608849827861,0.09992429000914917,0.09307377471748886,0.12170886993408203,0.008350938577720722,0.008350521122579835,0.06859779357910156,9.839111200380218e-20
0.09731372769883051,0.08856591703996053,0.09992429688427824,0.0930746785012234,0.11670279502868652,0.008350521131470098,0.008350103697196687,0.06643080711364746,9.839367283235581e-20
0.09731295866886176,0.08856574559216723,0.09992430375921,0.09307558219642602,0.11595678329467773,0.008350103706129895,0.008349686292952185,0.06577324867248535,9.83962331978901e-20
0.09731218963591715,0.0885655741548975,0.09992431063394443,0.0930764858031094,0.11455988883972168,0.008349686301697707,0.008349268909313423,0.06381011009216309,9.83987944477555e-20
0.09731142059999821,0.08856540272815017,0.09992431750848148,0.09307738932128629,0.11450719833374023,0.008349268918172862,0.008348851546635672,0.06308674812316895,9.840135464524041e-20
0.0973106515611066,0.08856523131192402,0.09992432438282112,0.09307829275096938,0.11542367935180664,0.008348851555555313,0.008348434205274202,0.06302285194396973,9.840391536811109e-20
0.09730988251924393,0.0885650599062179,0.09992433125696332,0.09307919609217145,0.12622904777526855,0.00834843421384233,0.008348016884696108,0.06382083892822266,9.840647561386843e-20
0.09730911347441182,0.0885648885110306,0.09992433813090802,0.09308009934490519,0.11379599571228027,0.00834801689303346,0.008347599583835574,0.062334537506103516,9.840903639720319e-20
0.09730834442661188,0.08856471712636095,0.09992434500465522,0.09308100250918329,0.1168980598449707,0.008347599593129843,0.00834718230482423,0.06445527076721191,9.841159631587898e-20
0.09730757537584574,0.08856454575220776,0.09992435187820486,0.0930819055850185,0.11511564254760742,0.008347182314128286,0.008346765048017346,0.06199812889099121,9.841415633223258e-20
0.097306806322115,0.08856437438856984,0.09992435875155692,0.09308280857242353,0.11706066131591797,0.00834676505602558,0.008346347810039845,0.061537742614746094,9.841671627018693e-20
0.09730603726542132,0.088564203035446,0.09992436562471135,0.0930837114714111,0.1218423843383789,0.008346347818824647,0.008345930594089168,0.06179618835449219,9.841927615238471e-20
0.09730526820576631,0.08856403169283505,0.09992437249766814,0.09308461428199394,0.12135124206542969,0.008345930602522332,0.00834551339838896,0.062157392501831055,9.842183614317533e-20
0.09730449914315151,0.08856386036073582,0.09992437937042724,0.09308551700418471,0.12127423286437988,0.008345513407118877,0.008345096224005033,0.06291818618774414,9.842439566939556e-20
0.09730373007757853,0.08856368903914712,0.0999243862429886,0.09308641963799617,0.1260080337524414,0.008345096232611916,0.008344679069693939,0.06589174270629883,9.842695523895016e-20
0.09730296100904906,0.08856351772806777,0.09992439311535223,0.09308732218344103,0.12161445617675781,0.008344679079002167,0.008344261937232034,0.06525874137878418,9.842951515152452e-20
0.09730219193756463,0.0885633464274966,0.09992439998751805,0.09308822464053193,0.12352800369262695,0.008344261946287118,0.008343844825908775,0.06370091438293457,9.843207444062605e-20
0.09730142286312689,0.08856317513743239,0.09992440685948605,0.09308912700928162,0.11997032165527344,0.008343844834465756,0.008343427735191256,0.06298184394836426,9.843463420742695e-20
0.0973006537857374,0.08856300385787401,0.09992441373125618,0.0930900292897028,0.12040877342224121,0.008343427743536342,0.008343010664724204,0.06166219711303711,9.843719280211692e-20
0.09729988470539781,0.08856283258882025,0.09992442060282844,0.09309093148180814,0.11673569679260254,0.008343010673498576,0.008342593615218163,0.061856746673583984,9.843975216371811e-20
0.09729911562210976,0.08856266133026994,0.09992442747420277,0.09309183358561028,0.11678957939147949,0.008342593624353401,0.008342176587383676,0.06351518630981445,9.844231099738554e-20
0.09729834653587482,0.08856249008222189,0.09992443434537915,0.09309273560112195,0.11428213119506836,0.008342176596096026,0.008341759579977293,0.06360363960266113,9.844486966881324e-20
0.09729757744669461,0.08856231884467491,0.09992444121635753,0.09309363752835587,0.11669349670410156,0.008341759588728091,0.00834134259353192,0.06602621078491211,9.844742831204409e-20
0.09729680835457076,0.08856214761762783,0.09992444808713791,0.09309453936732473,0.11548924446105957,0.008341342602247915,0.008340925628047557,0.06354141235351562,9.844998780632042e-20
0.09729603925950495,0.08856197640107949,0.09992445495772022,0.09309544111804116,0.11933064460754395,0.008340925636653394,0.00834050868334657,0.06189560890197754,9.845254597207172e-20
0.09729527016149872,0.08856180519502871,0.09992446182810445,0.09309634278051786,0.11632680892944336,0.008340508691945232,0.008340091759251322,0.06254148483276367,9.845510411274809e-20
0.0972945010605538,0.0885616339994743,0.09992446869829057,0.09309724435476747,0.11854696273803711,0.008340091768121689,0.008339674856472357,0.06723976135253906,9.845766279048296e-20
0.0972937319566716,0.08856146281441507,0.09992447556827853,0.09309814584080271,0.1120903491973877,0.008339674865181394,0.00833925797429913,0.061662912368774414,9.846022145879452e-20
0.0972929628498538,0.08856129163984984,0.09992448243806831,0.09309904723863627,0.1125633716583252,0.008339257983122954,0.008338841113619821,0.061994314193725586,9.846277931588318e-20
0.09729219374010205,0.08856112047577747,0.09992448930765988,0.09309994854828073,0.11145877838134766,0.00833884112194486,0.00833842427319098,0.06153154373168945,9.846533751289718e-20
0.09729142462741795,0.08856094932219676,0.09992449617705321,0.09310084976974885,0.11280941963195801,0.008338424281646887,0.00833800745372315,0.06165003776550293,9.84678956120871e-20
0.09729065551180308,0.08856077817910651,0.09992450304624825,0.09310175090305324,0.11233997344970703,0.008338007462229286,0.008337590655216331,0.061643362045288086,9.847045365989833e-20
0.09728988639325906,0.08856060704650559,0.099924509915245,0.0931026519482066,0.11194968223571777,0.008337590663689718,0.00833717387695998,0.061980247497558594,9.84730112413872e-20
0.09728911727178756,0.08856043592439282,0.0999245167840434,0.0931035529052216,0.11234354972839355,0.008337173886028127,0.008336757120197547,0.06172800064086914,9.84755691409837e-20
0.09728834814739022,0.08856026481276699,0.09992452365264344,0.09310445377411093,0.11189413070678711,0.008336757129242756,0.00833634038457376,0.0613102912902832,9.847812690321362e-20
0.09728757902006864,0.08856009371162694,0.09992453052104508,0.09310535455488726,0.11096382141113281,0.008336340393332177,0.008335923669910983,0.061035871505737305,9.848068424623443e-20
0.09728680988982435,0.08855992262097152,0.0999245373892483,0.0931062552475632,0.1123960018157959,0.00833592367829437,0.008335506975321039,0.06118464469909668,9.848324161373445e-20
0.09728604075665903,0.08855975154079955,0.09992454425725304,0.09310715585215142,0.1125638484954834,0.008335506984130691,0.008335090301869741,0.06118345260620117,9.848579907813134e-20
0.09728527162057427,0.08855958047110983,0.0999245511250593,0.0931080563686646,0.1124114990234375,0.008335090310839078,0.008334673649379454,0.06136965751647949,9.848835603345255e-20
0.09728450248157171,0.08855940941190121,0.09992455799266704,0.0931089567971153,0.11188054084777832,0.008334673658418166,0.008334257017494906,0.06117057800292969,9.849091367066691e-20
0.097283733339653,0.08855923836317252,0.09992456486007625,0.09310985713751618,0.11233043670654297,0.008334257026868234,0.008333840407459547,0.06137394905090332,9.849347056632648e-20
0.09728296419481974,0.08855906732492257,0.09992457172728689,0.0931107573898799,0.15189599990844727,0.008333840416186128,0.008333423817674657,0.10138773918151855,9.849602758339159e-20
0.0972821950470736,0.0885588962971502,0.09992457859429892,0.09311165755421914,0.1108543872833252,0.00833342382637055,0.00833300724831787,0.06285500526428223,9.84985843619841e-20
0.09728142589641606,0.08855872527985426,0.09992458546111231,0.09311255763054653,0.10850834846496582,0.008333007257423189,0.008332590700455,0.062139272689819336,9.85011407747761e-20
0.0972806567428488,0.08855855427303354,0.09992459232772705,0.09311345761887474,0.10981440544128418,0.008332590709341135,0.00833217417319787,0.062150001525878906,9.850369753003577e-20
0.09727988758637346,0.08855838327668689,0.09992459919414308,0.09311435751921639,0.1094672679901123,0.008332174182123534,0.008331757667257023,0.062085628509521484,9.850625410907397e-20
0.09727911842699162,0.08855821229081313,0.0999246060603604,0.09311525733158411,0.10886311531066895,0.008331757675768233,0.008331341181566643,0.06219983100891113,9.850881051934694e-20
0.0972783492647049,0.08855804131541112,0.09992461292637896,0.0931161570559905,0.1093599796295166,0.008331341190276235,0.008330924716837274,0.06219744682312012,9.851136720289623e-20
0.09727758009951493,0.08855787035047967,0.09992461979219874,0.09311705669244814,0.1092522144317627,0.00833092472564583,0.008330508273068915,0.06205344200134277,9.851392332902492e-20
0.09727681093142328,0.08855769939601761,0.09992462665781972,0.09311795624096972,0.10932493209838867,0.008330508281875624,0.008330091850439203,0.06220698356628418,9.851647926776576e-20
0.09727604176043159,0.08855752845202379,0.09992463352324188,0.09311885570156782,0.10922384262084961,0.008330091858964857,0.008329675447704687,0.061832427978515625,9.851903581442386e-20
0.09727527258654145,0.08855735751849703,0.09992464038846517,0.09311975507425506,0.10936212539672852,0.008329675456913281,0.008329259066996997,0.061708927154541016,9.852159149444962e-20
0.09727450340975455,0.08855718659543615,0.09992464725348957,0.09312065435904403,0.1106722354888916,0.008329259075718434,0.00832884270671741,0.06218147277832031,9.852414680449446e-20
0.09727373423007249,0.08855701568284004,0.09992465411831504,0.09312155355594744,0.11138725280761719,0.008328842715378882,0.008328426367221198,0.0628352165222168,9.852670242893103e-20
0.09727296504749695,0.08855684478070747,0.09992466098294157,0.0931224526649779,0.11139440536499023,0.008328426375894612,0.008328010048685996,0.06239795684814453,9.85292588425808e-20
0.09727219586202951,0.0885566738890373,0.09992466784736914,0.09312335168614805,0.11092948913574219,0.00832801005726464,0.008327593750756535,0.06229281425476074,9.853181416112002e-20
0.09727142667367175,0.0885565030078284,0.0999246747115977,0.09312425061947043,0.1115574836730957,0.008327593759487538,0.008327177473965719,0.062131643295288086,9.853436939595538e-20
0.09727065748242537,0.08855633213707956,0.09992468157562724,0.09312514946495767,0.11103057861328125,0.008327177482562925,0.008326761217603007,0.06234002113342285,9.853692497103368e-20
0.09726988828829197,0.08855616127678963,0.09992468843945773,0.09312604822262242,0.11079835891723633,0.008326761226490101,0.008326344982201306,0.062082767486572266,9.853948011846961e-20
0.09726911909127309,0.08855599042695743,0.09992469530308914,0.09312694689247726,0.11009550094604492,0.008326344991267687,0.008325928768115887,0.06191706657409668,9.854203561411279e-20
0.09726834989137037,0.08855581958758181,0.09992470216652145,0.09312784547453479,0.1114509105682373,0.008325928776893313,0.008325512574458571,0.06182670593261719,9.854459027590442e-20
0.09726758068858538,0.0885556487586616,0.09992470902975463,0.09312874396880759,0.11088919639587402,0.008325512583367594,0.008325096401762266,0.06161832809448242,9.854714530938455e-20
0.09726681148291984,0.08855547794019566,0.09992471589278865,0.09312964237530828,0.11031985282897949,0.008325096410687838,0.008324680250204608,0.06171751022338867,9.854970020146512e-20
0.09726604227437542,0.08855530713218282,0.09992472275562347,0.09313054069404945,0.11016273498535156,0.008324680258854605,0.008324264119252689,0.06163311004638672,9.855225452791594e-20
0.0972652730629537,0.08855513633462192,0.0999247296182591,0.09313143892504375,0.1303420066833496,0.008324264127865869,0.00832384800890651,0.07411503791809082,9.855480957680547e-20
0.09726450384865626,0.0885549655475118,0.09992473648069548,0.09313233706830373,0.11412954330444336,0.00832384801772128,0.008323431919343705,0.06260180473327637,9.855736454813607e-20
0.09726373463148477,0.08855479477085129,0.09992474334293261,0.09313323512384201,0.10857343673706055,0.0083234319284192,0.008323015851452453,0.06198382377624512,9.855991871905092e-20
0.09726296541144083,0.08855462400463925,0.09992475020497044,0.09313413309167111,0.10984563827514648,0.008323015859957088,0.008322599803101127,0.062185049057006836,9.856247282301487e-20
0.09726219618852602,0.08855445324887448,0.09992475706680895,0.09313503097180359,0.10975146293640137,0.008322599812336056,0.008322183776776626,0.062033653259277344,9.856502707346623e-20
0.09726142696274201,0.08855428250355586,0.09992476392844814,0.09313592876425211,0.1094660758972168,0.008322183785554577,0.008321767770702593,0.06194162368774414,9.856758137482833e-20
0.09726065773409046,0.08855411176868222,0.09992477078988794,0.09313682646902928,0.10991358757019043,0.008321767779611036,0.008321351785234299,0.06201505661010742,9.857013541140043e-20
0.09725988850257285,0.08855394104425239,0.09992477765112837,0.09313772408614762,0.11138558387756348,0.008321351794506732,0.008320935821615194,0.062222957611083984,9.857268929018846e-20
0.09725911926819088,0.08855377033026521,0.09992478451216938,0.09313862161561973,0.11135530471801758,0.00832093583023751,0.008320519878068922,0.06232166290283203,9.85752434661555e-20
0.09725835003094618,0.08855359962671953,0.09992479137301095,0.09313951905745813,0.11083340644836426,0.008320519886803083,0.008320103955306024,0.06204485893249512,9.857779724075826e-20
0.09725758079084038,0.0885534289336142,0.09992479823365308,0.09314041641167542,0.11140227317810059,0.00832010396420375,0.008319688053681773,0.06226468086242676,9.858035010065766e-20
0.09725681154787509,0.08855325825094806,0.09992480509409571,0.0931413136782842,0.1111447811126709,0.008319688062438066,0.008319272172663261,0.06215858459472656,9.858290447041922e-20
0.09725604230205193,0.08855308757871994,0.09992481195433883,0.09314221085729699,0.11049818992614746,0.008319272181504037,0.00831885631260576,0.061988115310668945,9.858545807973662e-20
0.09725527305337255,0.08855291691692868,0.09992481881438242,0.09314310794872639,0.11011123657226562,0.008318856321401245,0.008318440473686906,0.06184101104736328,9.858801108819863e-20
0.09725450380183855,0.08855274626557315,0.09992482567422645,0.09314400495258492,0.11132359504699707,0.008318440482128691,0.008318024654663247,0.06187748908996582,9.859056447884549e-20
0.09725373454745159,0.08855257562465217,0.09992483253387088,0.09314490186888517,0.11066126823425293,0.008318024663685012,0.008317608857133507,0.06174182891845703,9.859311790873325e-20
0.09725296529021325,0.0885524049941646,0.09992483939331571,0.09314579869763966,0.11059856414794922,0.008317608866068108,0.008317193080564778,0.06154990196228027,9.859567116251481e-20
0.09725219603012525,0.08855223437410928,0.09992484625256091,0.09314669543886094,0.1105654239654541,0.008317193089278977,0.008316777324424152,0.061554908752441406,9.859822417062071e-20
0.09725142676718913,0.08855206376448506,0.09992485311160645,0.09314759209256153,0.11141109466552734,0.008316777333316573,0.008316361589599808,0.061707496643066406,9.860077628131161e-20
0.09725065750140655,0.08855189316529079,0.0999248599704523,0.09314848865875404,0.1103982925415039,0.0083163615981778,0.008315945874848296,0.06140947341918945,9.860332939130202e-20
0.09724988823277907,0.08855172257652533,0.09992486682909846,0.09314938513745105,0.11080336570739746,0.008315945883863689,0.008315530181590702,0.061333656311035156,9.860588243749239e-20
0.0972491189613084,0.08855155199818751,0.09992487368754488,0.09315028152866507,0.1108558177947998,0.00831553019037249,0.008315114508938848,0.06151103973388672,9.860843441431465e-20
0.09724834968699612,0.08855138143027619,0.09992488054579154,0.09315117783240863,0.11071968078613281,0.008315114517703143,0.008314698856892733,0.06182599067687988,9.861098759642124e-20
0.09724758040984391,0.08855121087279019,0.09992488740383845,0.09315207404869426,0.11247658729553223,0.008314698865855022,0.008314283225629993,0.06170201301574707,9.861353952860044e-20
0.09724681112985334,0.08855104032572839,0.09992489426168556,0.09315297017753452,0.11379623413085938,0.00831428323482696,0.00831386761586117,0.061956167221069336,9.861609153123657e-20
0.0972460418470261,0.0885508697890896,0.09992490111933286,0.09315386621894198,0.11241579055786133,0.008313867624614956,0.00831345202616518,0.06185793876647949,9.86186441180941e-20
0.09724527256136375,0.0885506992628727,0.09992490797678032,0.09315476217292916,0.11334466934204102,0.00831345203522232,0.008313036457963108,0.06201457977294922,9.86211962390156e-20
0.097244503272868,0.08855052874707653,0.0999249148340279,0.09315565803950861,0.11182594299316406,0.008313036466645034,0.008312620909833868,0.06133389472961426,9.862374839968237e-20
0.09724373398154043,0.08855035824169993,0.09992492169107561,0.0931565538186928,0.11261415481567383,0.008312620918884293,0.008312205383731452,0.06140708923339844,9.86263001128664e-20
0.09724296468738262,0.08855018774674175,0.09992492854792343,0.09315744951049428,0.11162638664245605,0.008312205391936077,0.008311789877346598,0.061334848403930664,9.86288521188866e-20
0.09724219539039625,0.08855001726220087,0.0999249354045713,0.0931583451149256,0.11315512657165527,0.008311789885801729,0.00831137439210039,0.061589717864990234,9.863140384666377e-20
0.09724142609058295,0.0885498467880761,0.09992494226101922,0.09315924063199928,0.1129446029663086,0.008311374400479212,0.008310958926927015,0.0618133544921875,9.863395511845118e-20
0.09724065678794436,0.08854967632436632,0.09992494911726717,0.09316013606172786,0.11244750022888184,0.008310958935969798,0.008310543483247557,0.061937570571899414,9.863650668343527e-20
0.09723988748248209,0.08854950587107036,0.09992495597331513,0.09316103140412384,0.11204910278320312,0.008310543492270787,0.00831012806052911,0.061981916427612305,9.863905807151408e-20
0.09723911817419775,0.08854933542818706,0.09992496282916308,0.09316192665919971,0.11297273635864258,0.00831012806938006,0.008309712658594037,0.06234097480773926,9.86416095426763e-20
0.09723834886309297,0.08854916499571532,0.09992496968481099,0.093162821826968,0.1123037338256836,0.00830971266729702,0.008309297277797612,0.06189441680908203,9.864416039046118e-20
0.09723757954916942,0.08854899457365395,0.09992497654025882,0.09316371690744124,0.11223745346069336,0.008309297286021165,0.008308881916896382,0.062209129333496094,9.864671198586196e-20
0.09723681023242867,0.08854882416200183,0.0999249833955066,0.09316461190063191,0.11146044731140137,0.008308881925551228,0.008308466577311435,0.061904191970825195,9.86492628774619e-20
0.09723604091287238,0.0885486537607578,0.09992499025055425,0.0931655068065525,0.11234903335571289,0.00830846658588649,0.00830805125779932,0.06189227104187012,9.865181315474115e-20
0.09723527159050219,0.0885484833699207,0.09992499710540179,0.09316640162521553,0.11230039596557617,0.008308051267026237,0.008307635960846937,0.06185650825500488,9.86543645054117e-20
0.09723450226531974,0.08854831298948941,0.09992500396004918,0.09316729635663354,0.11257410049438477,0.008307635968967974,0.008307220683079208,0.06228923797607422,9.865691506189671e-20
0.09723373293732665,0.08854814261946277,0.09992501081449641,0.09316819100081904,0.11208486557006836,0.008307220691713146,0.008306805426450126,0.06203603744506836,9.865946566417587e-20
0.09723296360652459,0.08854797225983964,0.09992501766874345,0.0931690855577845,0.11322593688964844,0.008306805435258012,0.008306390190782054,0.06217217445373535,9.866201658472209e-20
0.09723219427291512,0.08854780191061888,0.09992502452279031,0.09316998002754241,0.11326718330383301,0.008306390199603452,0.008305974976074992,0.06207609176635742,9.866456648983721e-20
0.09723142493649989,0.08854763157179935,0.09992503137663693,0.09317087441010526,0.1128385066986084,0.008305974984747524,0.008305559781796035,0.06221747398376465,9.866711701993758e-20
0.09723065559728054,0.08854746124337988,0.09992503823028329,0.09317176870548555,0.11235451698303223,0.008305559790689811,0.008305144608655723,0.06199908256530762,9.866966667432658e-20
0.0972298862552587,0.08854729092535935,0.09992504508372939,0.09317266291369576,0.11290502548217773,0.008305144617429192,0.008304729456298787,0.06214594841003418,9.867221701882493e-20
0.097229116910436,0.0885471206177366,0.0999250519369752,0.09317355703474842,0.11301183700561523,0.008304729464962697,0.008304314324369955,0.06212902069091797,9.867476734168412e-20
0.09722834756281407,0.08854695032051049,0.09992505879002071,0.0931744510686559,0.11280155181884766,0.008304314333291608,0.008303899213757404,0.06221818923950195,9.867731746655542e-20
0.09722757821239451,0.08854678003367988,0.09992506564286589,0.09317534501543076,0.11237597465515137,0.008303899222413888,0.008303484123750593,0.0621037483215332,9.867986698576846e-20
0.09722680885917898,0.08854660975724364,0.09992507249551072,0.09317623887508553,0.11298346519470215,0.008303484132328792,0.008303069054704793,0.06214761734008789,9.868241681704933e-20
0.0972260395031691,0.08854643949120061,0.09992507934795519,0.09317713264763264,0.11264204978942871,0.008303069063034609,0.00830265400590946,0.06197237968444824,9.868496628006011e-20
0.09722527014436654,0.08854626923554965,0.09992508620019928,0.09317802633308458,0.11352682113647461,0.008302654014531709,0.008302238978252774,0.06221437454223633,9.86875159565235e-20
0.09722450078277295,0.08854609899028962,0.09992509305224295,0.09317891993145383,0.11237692832946777,0.008302238986817334,0.008301823971201827,0.062163352966308594,9.869006549351663e-20
0.09722373141838994,0.08854592875541939,0.0999250999040862,0.09317981344275283,0.11278271675109863,0.008301823979891822,0.008301408985467162,0.06224393844604492,9.869261457509235e-20
0.09722296205121918,0.0885457585309378,0.099925106755729,0.0931807068669941,0.11299371719360352,0.00830140899375204,0.008300994018917152,0.06206870079040527,9.869516388939453e-20
0.09722219268126221,0.08854558831684371,0.09992511360717135,0.09318160020419007,0.11304926872253418,0.00830099402840143,0.008300579075815051,0.06219911575317383,9.869771285073383e-20
0.0972214233085207,0.088545418113136,0.09992512045841322,0.09318249345435321,0.1128990650177002,0.008300579083833337,0.008300164151187062,0.062194108963012695,9.870026213653144e-20
0.09722065393299625,0.08854524791981351,0.09992512730945458,0.09318338661749596,0.1130523681640625,0.00830016416005101,0.008299749248408261,0.06245684623718262,9.870281098190284e-20
0.09721988455469059,0.08854507773687512,0.09992513416029541,0.09318427969363077,0.11294126510620117,0.00829974925705121,0.008299334365879929,0.06235527992248535,9.870535978812733e-20
0.09721911517360533,0.08854490756431967,0.09992514101093572,0.09318517268277014,0.11292839050292969,0.008299334374834077,0.008298919504490243,0.062209129333496094,9.870790876231904e-20
0.09721834578974203,0.08854473740214604,0.09992514786137545,0.09318606558492651,0.11282801628112793,0.008298919513398461,0.008298504663883932,0.06216573715209961,9.871045710889388e-20
0.09721757640310234,0.08854456725035308,0.09992515471161462,0.09318695840011232,0.11251664161682129,0.00829850467274199,0.008298089844060996,0.06223702430725098,9.871300578834459e-20
0.09721680701368786,0.08854439710893966,0.0999251615616532,0.09318785112834,0.11298513412475586,0.008298089852864574,0.008297675045021435,0.06215238571166992,9.871555419255871e-20
0.09721603762150026,0.08854422697790465,0.09992516841149116,0.093188743769622,0.1129148006439209,0.008297675053766213,0.00829726026676525,0.06216621398925781,9.871810261422923e-20
0.09721526822654121,0.0885440568572469,0.09992517526112848,0.09318963632397086,0.11279153823852539,0.008297260275443566,0.008296845509292439,0.062262535095214844,9.872065077725576e-20
0.09721449882881235,0.08854388674696527,0.09992518211056517,0.09319052879139898,0.1124262809753418,0.008296845517896537,0.008296430772247732,0.06214547157287598,9.872319862603262e-20
0.09721372942831531,0.08854371664705865,0.09992518895980118,0.09319142117191884,0.11313915252685547,0.008296430781124844,0.008296016056164035,0.062180519104003906,9.872574682898774e-20
0.09721296002505173,0.08854354655752589,0.0999251958088365,0.09319231346554281,0.11319398880004883,0.00829601606512703,0.00829560136139662,0.06230926513671875,9.872829502978068e-20
0.09721219061902317,0.08854337647836584,0.09992520265767113,0.09319320567228333,0.11252570152282715,0.00829560136990136,0.008295186686702039,0.06217193603515625,9.873084288050029e-20
0.09721142121023134,0.08854320640957736,0.09992520950630503,0.09319409779215282,0.11273026466369629,0.00829518669544719,0.008294772032968467,0.06211590766906738,9.873339051359553e-20
0.09721065179867787,0.08854303635115933,0.0999252163547382,0.09319498982516373,0.11312460899353027,0.008294772041763822,0.008294357400551178,0.062187910079956055,9.87359380279348e-20
0.09720988238436436,0.08854286630311062,0.0999252232029706,0.09319588177132855,0.1129465103149414,0.008294357408849422,0.008293942788029085,0.06205916404724121,9.873848571102787e-20
0.09720911296729251,0.0885426962654301,0.09992523005100225,0.09319677363065966,0.11247944831848145,0.00829394279670412,0.008293528196823274,0.06209969520568848,9.874103304918317e-20
0.09720834354746392,0.0885425262381166,0.0999252368988331,0.09319766540316946,0.11319279670715332,0.008293528205326422,0.008293113625690296,0.06219792366027832,9.874358079810158e-20
0.0972075741248802,0.08854235622116903,0.09992524374646315,0.09319855708887041,0.11299633979797363,0.008293113634716093,0.008292699075695964,0.06217336654663086,9.874612765025911e-20
0.097206804699543,0.08854218621458623,0.09992525059389237,0.09319944868777491,0.11297845840454102,0.008292699084872308,0.008292284546662643,0.06210947036743164,9.874867507734764e-20
0.09720603527145401,0.08854201621836709,0.09992525744112074,0.09320034019989534,0.11229753494262695,0.008292284555793051,0.008291870038590332,0.062207698822021484,9.875122175155031e-20
0.0972052658406148,0.08854184623251043,0.09992526428814826,0.09320123162524419,0.11362814903259277,0.00829187004747456,0.008291455551123761,0.06252098083496094,9.875376902942188e-20
0.09720449640702707,0.08854167625701517,0.0999252711349749,0.09320212296383382,0.11294746398925781,0.008291455559919551,0.008291041084440565,0.06221747398376465,9.87563159935575e-20
0.0972037269706924,0.08854150629188015,0.09992527798160064,0.09320301421567669,0.11280965805053711,0.008291041093124932,0.008290626638896015,0.06216239929199219,9.875886277052155e-20
0.09720295753161247,0.08854133633710426,0.09992528482802548,0.09320390538078523,0.11231780052185059,0.008290626647089927,0.008290212213424297,0.062300682067871094,9.876140921837231e-20
0.09720218808978887,0.08854116639268633,0.09992529167424939,0.0932047964591718,0.1130819320678711,0.00829021222181427,0.008289797808025412,0.06221604347229004,9.876395584543499e-20
0.09720141864522328,0.08854099645862527,0.09992529852027236,0.0932056874508488,0.11291384696960449,0.008289797817298994,0.008289383424830987,0.062186479568481445,9.876650261180483e-20
0.0972006491979173,0.08854082653491994,0.09992530536609437,0.09320657835582864,0.11320209503173828,0.008289383433538865,0.008288969061709395,0.06235241889953613,9.876904849117239e-20
0.09719987974787256,0.08854065662156921,0.09992531221171541,0.09320746917412381,0.11273980140686035,0.008288969070535954,0.008288554719548813,0.06229567527770996,9.877159503058894e-20
0.0971991102950907,0.08854048671857194,0.09992531905713546,0.09320835990574657,0.11263465881347656,0.008288554728287548,0.008288140398171606,0.062165021896362305,9.877414115070855e-20
0.09719834083957336,0.08854031682592702,0.09992532590235452,0.09320925055070935,0.11286067962646484,0.008288140406792576,0.008287726097400139,0.062072038650512695,9.87766870849989e-20
0.09719757138132219,0.08854014694363328,0.09992533274737253,0.09321014110902458,0.11318373680114746,0.008287726106051017,0.00828731181687914,0.062398433685302734,9.877923333738374e-20
0.09719680192033886,0.08853997707168963,0.09992533959218952,0.09321103158070469,0.11232328414916992,0.008287311826061865,0.008286897558029693,0.06218743324279785,9.878177908212003e-20
0.09719603245662496,0.08853980721009494,0.09992534643680545,0.09321192196576202,0.11258530616760254,0.008286897566822984,0.008286483319608351,0.062124013900756836,9.878432459959815e-20
0.09719526299018214,0.08853963735884805,0.0999253532812203,0.09321281226420892,0.1131446361541748,0.008286483328333738,0.008286069101970384,0.062070369720458984,9.878687066992024e-20
0.09719449352101206,0.08853946751794786,0.09992536012543407,0.09321370247605784,0.11307001113891602,0.008286069110593396,0.008285654905115791,0.0622255802154541,9.878941599084122e-20
0.09719372404911641,0.08853929768739323,0.09992536696944675,0.09321459260132113,0.11273765563964844,0.0082856549135999,0.008285240729044574,0.06220293045043945,9.879196149523643e-20
0.0971929545744968,0.08853912786718302,0.09992537381325829,0.09321548264001117,0.11251068115234375,0.008285240737353542,0.008284826572868553,0.06223869323730469,9.879450682509893e-20
0.09719218509715483,0.08853895805731611,0.0999253806568687,0.09321637259214037,0.11301064491271973,0.00828482658185375,0.008284412437831179,0.062059879302978516,9.879705226235999e-20
0.09719141561709214,0.08853878825779139,0.09992538750027798,0.09321726245772109,0.11235737800598145,0.008284412447098684,0.008283998324110087,0.062143802642822266,9.879959767166374e-20
0.0971906461343104,0.08853861846860772,0.09992539434348607,0.0932181522367657,0.11250066757202148,0.00828399833308766,0.008283584230994734,0.06219196319580078,9.8802142947e-20
0.09718987664881122,0.08853844868976397,0.09992540118649298,0.09321904192928658,0.11284995079040527,0.008283584239817945,0.008283170158129849,0.06216120719909668,9.880468773515632e-20
0.09718910716059624,0.08853827892125903,0.09992540802929871,0.09321993153529606,0.11274027824401855,0.008283170167290913,0.008282756106581246,0.06212449073791504,9.880723217684656e-20
0.09718833766966713,0.08853810916309177,0.09992541487190322,0.09322082105480656,0.1130211353302002,0.00828275611550476,0.008282342075816018,0.06223940849304199,9.880977751527414e-20
0.09718756817602553,0.08853793941526107,0.0999254217143065,0.09322171048783041,0.11276102066040039,0.008282342084456792,0.008281928065478894,0.06217694282531738,9.881232182992503e-20
0.09718679867967307,0.0885377696777658,0.09992542855650856,0.09322259983437998,0.11271142959594727,0.00828192807414636,0.008281514075569874,0.062210798263549805,9.881486653068463e-20
0.0971860291806114,0.08853759995060485,0.09992543539850936,0.09322348909446763,0.1129453182220459,0.008281514084574438,0.008281100106977135,0.062100887298583984,9.881741144525542e-20
0.09718525967884219,0.08853743023377705,0.09992544224030889,0.09322437826810573,0.11267685890197754,0.008281100115738925,0.0082806861588125,0.06216692924499512,9.881995539339572e-20
0.09718449017436703,0.08853726052728132,0.09992544908190713,0.09322526735530665,0.11243510246276855,0.008280686167638468,0.008280272231253605,0.06208348274230957,9.882249963889317e-20
0.09718372066718764,0.08853709083111651,0.09992545592330408,0.09322615635608272,0.11268019676208496,0.008280272240272703,0.008279858325366263,0.0621645450592041,9.882504408642019e-20
0.09718295115730559,0.0885369211452815,0.09992546276449972,0.09322704527044633,0.11298060417175293,0.00827985833363947,0.008279444439196482,0.06203913688659668,9.88275881049047e-20
0.09718218164472253,0.08853675146977519,0.09992546960549403,0.09322793409840974,0.11278653144836426,0.008279444447737934,0.008279030573810076,0.0623774528503418,9.88301324035636e-20
0.0971814121294401,0.08853658180459643,0.099925476446287,0.09322882283998532,0.11295580863952637,0.008279030582566349,0.008278616729562316,0.062332868576049805,9.883267633274247e-20
0.09718064261145998,0.08853641214974411,0.09992548328687864,0.09322971149518547,0.11277151107788086,0.008278616738125539,0.00827820290574266,0.06225419044494629,9.883522026211714e-20
0.09717987309078377,0.08853624250521709,0.0999254901272689,0.09323060006402252,0.11272239685058594,0.0082782029144136,0.008277789102884014,0.062157630920410156,9.883776355068262e-20
0.0971791035674132,0.08853607287101428,0.09992549696745777,0.0932314885465088,0.11750197410583496,0.008277789111430399,0.008277375320275837,0.06406235694885254,9.884030729832088e-20
0.0971783340413498,0.08853590324713453,0.09992550380744526,0.09323237694265667,0.11476325988769531,0.008277375329174691,0.008276961558983942,0.06332993507385254,9.884285094727318e-20
0.0971775645125953,0.08853573363357674,0.09992551064723133,0.09323326525247842,0.11465716361999512,0.00827696156764364,0.008276547818297786,0.06326866149902344,9.88453940661031e-20
0.09717679498115128,0.08853556403033977,0.09992551748681598,0.09323415347598644,0.11181402206420898,0.008276547826837203,0.00827613409821737,0.0615544319152832,9.884793759785127e-20
0.0971760254470194,0.0885353944374225,0.09992552432619921,0.09323504161319304,0.11218500137329102,0.0082761341067548,0.00827572039838742,0.06171536445617676,9.885048052425551e-20
0.09717525591020128,0.08853522485482385,0.09992553116538097,0.0932359296641105,0.1113579273223877,0.00827572040739695,0.008275306720229025,0.06158638000488281,9.885302392407646e-20
0.09717448637069862,0.08853505528254266,0.09992553800436127,0.0932368176287512,0.11191511154174805,0.008275306728759608,0.008274893061965827,0.0614774227142334,9.885556671981404e-20
0.09717371682851297,0.08853488572057781,0.0999255448431401,0.09323770550712746,0.11176180839538574,0.008274893070843814,0.008274479425374182,0.061567068099975586,9.885810977196275e-20
0.09717294728364607,0.08853471616892822,0.09992555168171743,0.09323859329925158,0.11238479614257812,0.008274479433646103,0.008274065808322462,0.061719655990600586,9.886065243101302e-20
0.09717217773609955,0.08853454662759273,0.09992555852009327,0.09323948100513585,0.11170554161071777,0.008274065817168509,0.008273652212409388,0.061797142028808594,9.886319547950347e-20
0.09717140818587504,0.08853437709657026,0.09992556535826759,0.09324036862479264,0.11252641677856445,0.008273652221408027,0.008273238637634961,0.06187152862548828,9.88657380064737e-20
0.09717063863297414,0.08853420757585966,0.09992557219624038,0.09324125615823428,0.11367464065551758,0.008273238646363238,0.008272825082933366,0.06262993812561035,9.886828021250555e-20
0.09716986907739848,0.0885340380654598,0.09992557903401161,0.09324214360547309,0.1113426685333252,0.008272825092036062,0.008272411549725689,0.06160402297973633,9.887082310208961e-20
0.09716909951914979,0.08853386856536957,0.0999255858715813,0.0932430309665213,0.11169195175170898,0.00827241155842116,0.008271998036590844,0.061666250228881836,9.887336539729252e-20
0.09716832995822965,0.08853369907558788,0.0999255927089494,0.09324391824139125,0.11224532127380371,0.00827199804552085,0.008271584544594646,0.06182694435119629,9.887590734113534e-20
0.09716756039463978,0.08853352959611359,0.09992559954611593,0.09324480543009525,0.11197566986083984,0.008271584553333385,0.008271171072848915,0.06149911880493164,9.88784498736439e-20
0.09716679082838171,0.08853336012694558,0.09992560638308087,0.09324569253264564,0.11233782768249512,0.008271171081857083,0.008270757622419467,0.06190013885498047,9.888099170992558e-20
0.09716602125945718,0.08853319066808274,0.0999256132198442,0.09324657954905469,0.11141324043273926,0.008270757631089906,0.008270344192240486,0.06168484687805176,9.888353375490502e-20
0.09716525168786783,0.08853302121952396,0.0999256200564059,0.0932474664793347,0.112213134765625,0.00827034420103277,0.008269930782667245,0.061628103256225586,9.88860755166128e-20
0.0971644821136153,0.08853285178126812,0.09992562689276598,0.093248353323498,0.11201882362365723,0.008269930791684367,0.00826951739423265,0.061502933502197266,9.888861730138246e-20
0.09716371253670116,0.08853268235331412,0.0999256337289244,0.09324924008155686,0.11241888999938965,0.00826951740304296,0.00826910402658143,0.06180286407470703,9.889115894325095e-20
0.09716294295712703,0.08853251293566082,0.09992564056488118,0.09325012675352351,0.11150979995727539,0.008269104035106802,0.008268690679180679,0.061682939529418945,9.889370043330168e-20
0.09716217337489463,0.08853234352830712,0.09992564740063628,0.09325101333941031,0.11193704605102539,0.008268690687876628,0.00826827735309621,0.06163835525512695,9.88962417534005e-20
0.09716140379000561,0.08853217413125189,0.09992565423618971,0.09325189983922952,0.11216998100280762,0.008268277361349285,0.00826786404637403,0.061632394790649414,9.889878355593039e-20
0.09716063420246161,0.08853200474449402,0.09992566107154144,0.0932527862529934,0.11229729652404785,0.008267864055526238,0.008267450762389217,0.06182980537414551,9.890132455723071e-20
0.09715986461226427,0.0885318353680324,0.09992566790669145,0.09325367258071424,0.1115412712097168,0.008267450770402229,0.008267037497589058,0.06173825263977051,9.89038659450915e-20
0.09715909501941522,0.08853166600186589,0.09992567474163976,0.09325455882240433,0.11157894134521484,0.008267037505980675,0.008266624253572274,0.0614926815032959,9.890640623563309e-20
0.0971583254239161,0.08853149664599343,0.09992568157638633,0.09325544497807597,0.11219525337219238,0.008266624262260262,0.008266211029983594,0.06156516075134277,9.890894753267826e-20
0.09715755582576861,0.08853132730041385,0.09992568841093116,0.09325633104774145,0.11230325698852539,0.00826621103923891,0.008265797828244104,0.061742305755615234,9.891148830240012e-20
0.09715678622497437,0.08853115796512606,0.09992569524527424,0.09325721703141301,0.11139726638793945,0.00826579783691483,0.008265384646577445,0.06159210205078125,9.891402926837605e-20
0.09715601662153502,0.08853098864012895,0.09992570207941556,0.09325810292910296,0.11227107048034668,0.008265384655288043,0.008264971485516526,0.061682939529418945,9.89165700744734e-20
0.09715524701545226,0.08853081932542144,0.0999257089133551,0.09325898874082354,0.11217355728149414,0.00826497149435787,0.008264558345771889,0.06161093711853027,9.891911079077094e-20
0.0971544774067277,0.08853065002100237,0.09992571574709284,0.09325987446658696,0.11225223541259766,0.008264558354121163,0.008264145225922448,0.06167340278625488,9.892165084518697e-20
0.09715370779536299,0.08853048072687066,0.09992572258062879,0.09326076010640554,0.11126017570495605,0.008264145234578343,0.008263732127211654,0.06161355972290039,9.892419152361475e-20
0.09715293818135975,0.08853031144302517,0.09992572941396292,0.09326164566029155,0.11254000663757324,0.008263732135727656,0.008263319049284235,0.061464786529541016,9.892673159545277e-20
0.09715216856471971,0.08853014216946482,0.09992573624709523,0.09326253112825726,0.11194276809692383,0.008263319057568722,0.008262905991429648,0.06153750419616699,9.892927222882688e-20
0.09715139894544446,0.08852997290618847,0.09992574308002572,0.09326341651031492,0.11217451095581055,0.008262906000101836,0.008262492955068979,0.06172013282775879,9.89318118617243e-20
0.09715062932353569,0.08852980365319503,0.09992574991275435,0.09326430180647681,0.1113734245300293,0.008262492963322961,0.008262079938603506,0.061632394790649414,9.8934352087736e-20
0.09714985969899499,0.08852963441048337,0.09992575674528113,0.09326518701675515,0.11263751983642578,0.008262079947232475,0.008261666942743773,0.06173133850097656,9.893689222220452e-20
0.09714909007182404,0.08852946517805238,0.09992576357760605,0.09326607214116218,0.11197447776794434,0.008261666951831299,0.008261253968200322,0.06154823303222656,9.893943132651705e-20
0.09714832044202441,0.08852929595590096,0.09992577040972908,0.09326695717971022,0.11174726486206055,0.008261253977115078,0.008260841014440246,0.061846017837524414,9.894197143569716e-20
0.09714755080959782,0.08852912674402802,0.09992577724165023,0.09326784213241143,0.11169004440307617,0.008260841023084026,0.008260428081463544,0.06144380569458008,9.894451111623783e-20
0.09714678117454593,0.08852895754243242,0.09992578407336948,0.09326872699927811,0.11240601539611816,0.008260428089736416,0.00826001516838204,0.06189751625061035,9.894705059716226e-20
0.09714601153687037,0.08852878835111307,0.0999257909048868,0.09326961178032252,0.11177515983581543,0.008260015177073655,0.008259602276261546,0.06158256530761719,9.894958991891002e-20
0.09714524189657278,0.08852861917006884,0.09992579773620222,0.09327049647555685,0.11167025566101074,0.008259602285092985,0.008259189405812606,0.06181216239929199,9.895212935691995e-20
0.09714447225365479,0.08852844999929864,0.0999258045673157,0.09327138108499342,0.11174249649047852,0.00825918941379231,0.008258776555081226,0.061463356018066406,9.895466830969839e-20
0.0971437026081181,0.08852828083880136,0.09992581139822723,0.09327226560864436,0.11252713203430176,0.008258776563171637,0.00825836372477795,0.061837196350097656,9.895720768845038e-20
0.09714293295996429,0.08852811168857591,0.09992581822893681,0.09327315004652195,0.11199688911437988,0.00825836373323072,0.008257950915080414,0.061557769775390625,9.895974626246031e-20
0.09714216330919502,0.08852794254862116,0.09992582505944442,0.09327403439863839,0.1116030216217041,0.008257950923969085,0.008257538126876796,0.06171107292175293,9.896228501678961e-20
0.09714139365581205,0.088527773418936,0.09992583188975006,0.09327491866500594,0.11226463317871094,0.008257538135384022,0.00825712535874601,0.06147956848144531,9.8964824110932e-20
0.09714062399981693,0.08852760429951934,0.09992583871985371,0.09327580284563683,0.11252832412719727,0.008257125367475839,0.00825671261175387,0.061908721923828125,9.896736251986794e-20
0.09713985434121133,0.08852743519037007,0.09992584554975537,0.0932766869405433,0.11166262626647949,0.008256712620241484,0.008256299885012197,0.06160569190979004,9.89699012889905e-20
0.09713908467999696,0.08852726609148708,0.099925852379455,0.09327757094973753,0.11187553405761719,0.008256299893681606,0.008255887179231536,0.06174039840698242,9.897244004662354e-20
0.09713831501617544,0.08852709700286925,0.09992585920895264,0.09327845487323173,0.11221623420715332,0.008255887187795175,0.008255474494056614,0.06153059005737305,9.8974978614987e-20
0.09713754534974844,0.08852692792451547,0.09992586603824824,0.09327933871103815,0.11220908164978027,0.008255474502579447,0.008255061828954524,0.06168794631958008,9.897751644400673e-20
0.09713677568071753,0.08852675885642466,0.09992587286734181,0.09328022246316899,0.11247467994689941,0.00825506183803684,0.008254649185346352,0.06238126754760742,9.89800548144302e-20
0.0971360060090844,0.08852658979859572,0.09992587969623332,0.09328110612963643,0.11100602149963379,0.008254649194162878,0.008254236562699191,0.06179213523864746,9.898259302918981e-20
0.0971352363348507,0.08852642075102751,0.09992588652492278,0.09328198971045265,0.11173200607299805,0.008254236570956431,0.008253823959947226,0.06133127212524414,9.898513104461984e-20
0.09713446665801814,0.08852625171371895,0.09992589335341016,0.09328287320562993,0.11241793632507324,0.008253823968418915,0.008253411377978637,0.061719417572021484,9.89876685830857e-20
0.09713369697858834,0.08852608268666891,0.09992590018169546,0.09328375661518047,0.11144137382507324,0.00825341138654734,0.00825299881643815,0.06151318550109863,9.899020653282288e-20
0.09713292729656296,0.0885259136698763,0.09992590700977869,0.09328463993911651,0.11217236518859863,0.008252998825342604,0.008252586275858675,0.061537981033325195,9.899274435078825e-20
0.09713215761194362,0.08852574466334004,0.09992591383765981,0.09328552317745022,0.11207938194274902,0.008252586284803718,0.00825217375588494,0.06154346466064453,9.89952820001655e-20
0.09713138792473205,0.08852557566705901,0.09992592066533883,0.09328640633019376,0.11212825775146484,0.008252173764928282,0.00825176125704985,0.06170845031738281,9.899781977297815e-20
0.09713061823492986,0.0885254066810321,0.09992592749281573,0.09328728939735938,0.11133766174316406,0.00825176126571454,0.008251348778642864,0.061553955078125,9.90003573091482e-20
0.0971298485425386,0.08852523770525822,0.0999259343200905,0.09328817237895928,0.11216378211975098,0.008251348787161165,0.008250936320841618,0.061570167541503906,9.900289398608957e-20
0.09712907884755999,0.08852506873973624,0.09992594114716315,0.09328905527500563,0.11197876930236816,0.008250936329267764,0.008250523882935568,0.06154608726501465,9.900543157290765e-20
0.09712830914999568,0.08852489978446508,0.09992594797403365,0.09328993808551057,0.1125943660736084,0.008250523892035767,0.008250111467056342,0.06185030937194824,9.90079688599994e-20
0.09712753944984735,0.08852473083944362,0.09992595480070199,0.09329082081048634,0.11101365089416504,0.008250111475460228,0.008249699070717043,0.061574697494506836,9.901050578279263e-20
0.09712676974711666,0.08852456190467077,0.09992596162716816,0.0932917034499451,0.12318944931030273,0.008249699079543597,0.008249286695516389,0.07185792922973633,9.901304292432197e-20
0.09712600004180522,0.08852439298014543,0.09992596845343217,0.09329258600389904,0.12528514862060547,0.00824928670428287,0.00824887434109911,0.06834244728088379,9.90155796164211e-20
0.09712523033391465,0.08852422406586649,0.099925975279494,0.09329346847236038,0.11997127532958984,0.008248874349677643,0.008248462006577029,0.06621432304382324,9.901811640625279e-20
0.0971244606234467,0.08852405516183287,0.09992598210535364,0.09329435085534125,0.11791348457336426,0.00824846201572855,0.008248049693548865,0.0626676082611084,9.902065310788589e-20
0.09712369091040297,0.08852388626804346,0.09992598893101108,0.09329523315285383,0.12447023391723633,0.008248049702432158,0.008247637400771168,0.06496906280517578,9.902318977603794e-20
0.0971229211947851,0.08852371738449716,0.09992599575646631,0.09329611536491034,0.12459588050842285,0.008247637409788823,0.008247225129309754,0.068939208984375,9.902572626474004e-20
0.09712215147659478,0.08852354851119286,0.09992600258171931,0.0932969974915229,0.11697745323181152,0.008247225137795477,0.008246812877388265,0.06574511528015137,9.90282622179208e-20
0.09712138175583362,0.08852337964812945,0.09992600940677009,0.0932978795327037,0.1153876781463623,0.008246812886452515,0.00824640064713833,0.06307530403137207,9.90307989328584e-20
0.09712061203250326,0.08852321079530585,0.09992601623161862,0.09329876148846494,0.11921119689941406,0.008246400655757082,0.008245988436605955,0.06415009498596191,9.90333344712976e-20
0.09711984230660534,0.08852304195272095,0.09992602305626491,0.09329964335881875,0.12905454635620117,0.008245988445711287,0.00824557624792277,0.07174229621887207,9.903587070841301e-20
0.0971190725781415,0.08852287312037366,0.09992602988070895,0.09330052514377725,0.12364029884338379,0.008245576256311551,0.008245164078601874,0.06425142288208008,9.903840717950367e-20
0.0971183028471135,0.08852270429826288,0.09992603670495073,0.09330140684335263,0.1262342929840088,0.008245164087558444,0.008244751930774896,0.06777024269104004,9.904094235463536e-20
0.09711753311352285,0.0885225354863875,0.09992604352899025,0.0933022884575571,0.11855816841125488,0.008244751939449412,0.008244339803553657,0.06688523292541504,9.904347812781678e-20
0.09711676337737125,0.08852236668474642,0.09992605035282746,0.09330316998640274,0.11555671691894531,0.008244339811984112,0.008243927696227615,0.0648341178894043,9.904601428986007e-20
0.09711599363866039,0.08852219789333855,0.0999260571764624,0.09330405142990177,0.11522221565246582,0.008243927705162985,0.008243515610750762,0.06371808052062988,9.904854999793684e-20
0.09711522389739188,0.0885220291121628,0.09992606399989502,0.09330493278806629,0.1181333065032959,0.0082435156189828,0.008243103544458563,0.06371617317199707,9.905108535477227e-20
0.09711445415356744,0.08852186034121806,0.09992607082312535,0.09330581406090845,0.12284588813781738,0.008243103553444665,0.008242691499660282,0.0638127326965332,9.905362052377781e-20
0.09711368440718872,0.08852169158050324,0.09992607764615336,0.09330669524844039,0.1276247501373291,0.00824269150854646,0.00824227947546774,0.06659555435180664,9.905615562304126e-20
0.09711291465825736,0.08852152283001723,0.09992608446897903,0.09330757635067428,0.12141585350036621,0.008242279484286186,0.008241867472058573,0.06644821166992188,9.905869116970051e-20
0.097112144906775,0.08852135408975893,0.09992609129160239,0.09330845736762226,0.1232602596282959,0.00824186748066377,0.008241455488544602,0.06778168678283691,9.90612259879162e-20
0.09711137515274337,0.08852118535972726,0.0999260981140234,0.09330933829929645,0.1201481819152832,0.00824145549767891,0.008241043526169278,0.06814432144165039,9.90637610159315e-20
0.09711060539616409,0.08852101663992114,0.09992610493624207,0.093310219145709,0.11851835250854492,0.00824104353532923,0.008240631585287872,0.06770181655883789,9.906629619326962e-20
0.09710983563703879,0.08852084793033943,0.09992611175825837,0.09331109990687206,0.11641597747802734,0.008240631593612243,0.008240219663768755,0.06507325172424316,9.906883056886164e-20
0.09710906587536909,0.08852067923098106,0.09992611858007232,0.09331198058279776,0.11431550979614258,0.00824021967252938,0.008239807763033014,0.06320667266845703,9.907136509036735e-20
0.09710829611115666,0.08852051054184494,0.09992612540168389,0.09331286117349825,0.11618995666503906,0.008239807772080946,0.008239395883435918,0.06465649604797363,9.907389991434292e-20
0.0971075263444032,0.08852034186292998,0.09992613222309307,0.09331374167898562,0.1184091567993164,0.00823939589226382,0.008238984024089291,0.06346940994262695,9.907643434746131e-20
0.09710675657511036,0.08852017319423507,0.09992613904429988,0.093314622099272,0.12291932106018066,0.008238984033076985,0.008238572185526039,0.06326603889465332,9.90789692244328e-20
0.09710598680327975,0.08852000453575912,0.09992614586530428,0.09331550243436952,0.129652738571167,0.008238572194520113,0.008238160367568526,0.07207465171813965,9.908150317840331e-20
0.09710521702891306,0.08851983588750104,0.09992615268610629,0.0933163826842903,0.12121248245239258,0.00823816037659117,0.008237748570394388,0.06255769729614258,9.90840373031905e-20
0.09710444725201194,0.08851966724945971,0.09992615950670589,0.09331726284904648,0.12067914009094238,0.008237748579289054,0.008237336793470718,0.06237196922302246,9.908657170345381e-20
0.09710367747257809,0.08851949862163407,0.09992616632710306,0.09331814292865018,0.12076568603515625,0.008237336802614511,0.008236925037685694,0.06265568733215332,9.908910529466909e-20
0.09710290769061311,0.088519330004023,0.0999261731472978,0.09331902292311356,0.12243247032165527,0.008236925046564404,0.008236513302684045,0.06322741508483887,9.909163906533906e-20
0.09710213790611862,0.08851916139662543,0.09992617996729011,0.0933199028324487,0.12173223495483398,0.008236513311137993,0.0082361015881105,0.062290191650390625,9.909417323457358e-20
0.09710136811909637,0.08851899279944024,0.09992618678707997,0.0933207826566677,0.12038564682006836,0.008236101596333622,0.008235689893432152,0.06332659721374512,9.909670690693879e-20
0.09710059832954794,0.08851882421246635,0.09992619360666738,0.09332166239578259,0.11806797981262207,0.008235689902152067,0.008235278220070086,0.06371545791625977,9.909924008682949e-20
0.09709982853747498,0.08851865563570267,0.09992620042605234,0.09332254204980558,0.11661911010742188,0.008235278228591809,0.008234866567491395,0.0641179084777832,9.910177424959866e-20
0.09709905874287916,0.08851848706914811,0.09992620724523482,0.09332342161874875,0.1157538890838623,0.008234866575651131,0.008234454934630264,0.06386232376098633,9.91043073112255e-20
0.09709828894576224,0.08851831851280158,0.09992621406421484,0.09332430110262419,0.11894845962524414,0.008234454943331127,0.008234043322730145,0.06836414337158203,9.910684079348424e-20
0.09709751914612577,0.08851814996666196,0.09992622088299238,0.09332518050144405,0.11776304244995117,0.00823404333162902,0.008233631731791036,0.06693792343139648,9.910937396780382e-20
0.09709674934397142,0.08851798143072817,0.09992622770156744,0.09332605981522037,0.12163352966308594,0.008233631740544428,0.00823322016128003,0.06205630302429199,9.9111907256549e-20
0.09709597953930087,0.08851781290499915,0.09992623451993998,0.09332693904396526,0.11727309226989746,0.008233220170075713,0.008232808611374764,0.06271862983703613,9.911444016007981e-20
0.09709520973211577,0.08851764438947378,0.09992624133811004,0.09332781818769084,0.11750388145446777,0.00823280862022209,0.008232397082075238,0.0665900707244873,9.911697356453889e-20
0.09709443992241779,0.08851747588415097,0.09992624815607758,0.09332869724640923,0.11901617050170898,0.008232397090982554,0.00823198557338145,0.06897163391113281,9.911950563053328e-20
0.09709367011020861,0.08851730738902965,0.09992625497384261,0.09332957622013245,0.11415767669677734,0.008231985582355814,0.008231574085648674,0.06403803825378418,9.912203872975138e-20
0.09709290029548985,0.08851713890410869,0.09992626179140511,0.0933304551088726,0.12201476097106934,0.008231574094340045,0.00823116261798873,0.06262779235839844,9.912457138634929e-20
0.09709213047826316,0.08851697042938703,0.09992626860876508,0.09333133391264181,0.1220712661743164,0.008231162626935988,0.008230751171289796,0.06285572052001953,9.912710382510866e-20
0.09709136065853025,0.08851680196486356,0.0999262754259225,0.09333221263145211,0.12031435966491699,0.008230751180141504,0.008230339745196602,0.06225943565368652,9.912963618887857e-20
0.09709059083629272,0.08851663351053721,0.09992628224287738,0.09333309126531553,0.11947274208068848,0.008230339753955639,0.008229928339531511,0.0632772445678711,9.913216852111658e-20
0.09708982101155225,0.08851646506640687,0.09992628905962972,0.09333396981424416,0.12100672721862793,0.008229928348379028,0.008229516955182703,0.06321835517883301,9.913470107901128e-20
0.09708905118431055,0.08851629663247147,0.0999262958761795,0.09333484827825007,0.1199038028717041,0.0082295169634059,0.00822910559037382,0.06322479248046875,9.913723317264314e-20
0.09708828135456923,0.08851612820872994,0.09992630269252671,0.09333572665734535,0.1274731159210205,0.008229105599040248,0.008228694246525947,0.06280064582824707,9.913976508586948e-20
0.09708751152232996,0.08851595979518115,0.09992630950867135,0.09333660495154211,0.11542344093322754,0.008228694255279775,0.008228282923106178,0.06266069412231445,9.914229714582261e-20
0.09708674168759433,0.08851579139182401,0.0999263163246134,0.09333748316085237,0.11393356323242188,0.008228282932122428,0.008227871620469784,0.06292080879211426,9.914482869700105e-20
0.09708597185036405,0.08851562299865746,0.09992632314035288,0.09333836128528816,0.11450839042663574,0.008227871629568187,0.008227460338972037,0.06248641014099121,9.914736039385364e-20
0.09708520201064076,0.0885154546156804,0.09992632995588976,0.09333923932486156,0.11555314064025879,0.00822746034761459,0.008227049077369486,0.06274867057800293,9.914989210441111e-20
0.09708443216842616,0.08851528624289176,0.09992633677122405,0.09334011727958463,0.11481881141662598,0.008227049086262617,0.008226637836905581,0.06253314018249512,9.91524235318189e-20
0.09708366232372188,0.08851511788029044,0.09992634358635573,0.09334099514946943,0.11440873146057129,0.008226637845509265,0.00822622661686978,0.06250715255737305,9.91549547670207e-20
0.09708289247652963,0.08851494952787534,0.0999263504012848,0.09334187293452802,0.11480593681335449,0.008226226625353534,0.008225815417439719,0.062460899353027344,9.9157486582587e-20
0.09708212262685098,0.08851478118564537,0.09992635721601124,0.09334275063477246,0.11646723747253418,0.008225815425795355,0.008225404238260126,0.06322097778320312,9.916001802937527e-20
0.09708135277468759,0.08851461285359946,0.09992636403053506,0.09334362825021482,0.11594462394714355,0.008225404246834711,0.008224993080219178,0.0632789134979248,9.916254908408494e-20
0.09708058292004115,0.08851444453173651,0.09992637084485625,0.09334450578086716,0.12359952926635742,0.00822499308846887,0.008224581942251064,0.06837320327758789,9.916508045492755e-20
0.09707981306291344,0.08851427622005544,0.09992637765897482,0.0933453832267415,0.1184546947479248,0.008224581950696846,0.008224170824711052,0.0680537223815918,9.916761108880736e-20
0.09707904320330599,0.08851410791855516,0.09992638447289073,0.09334626058784995,0.11988711357116699,0.008224170833518958,0.008223759728132052,0.06852149963378906,9.917014210157748e-20
0.09707827334122053,0.08851393962723458,0.099926391286604,0.0933471378642045,0.1243906021118164,0.008223759736933194,0.008223348652514062,0.07378649711608887,9.917267265426934e-20
0.09707750347665874,0.08851377134609263,0.0999263981001146,0.09334801505581719,0.1171879768371582,0.008223348660938361,0.008222937596791269,0.06751561164855957,9.917520345485646e-20
0.0970767336096222,0.08851360307512822,0.09992640491342253,0.09334889216270002,0.11812019348144531,0.008222937605533276,0.008222526562207122,0.06701827049255371,9.917773415014045e-20
0.09707596374011256,0.08851343481434026,0.09992641172652779,0.09334976918486504,0.1166849136352539,0.008222526570718093,0.008222115547873443,0.06693601608276367,9.918026420580302e-20
0.09707519386813152,0.08851326656372767,0.09992641853943038,0.09335064612232434,0.12460494041442871,0.008222115556490887,0.008221704553790232,0.07245922088623047,9.918279518375631e-20
0.09707442399368071,0.08851309832328937,0.09992642535213028,0.0933515229750899,0.14298534393310547,0.008221704562851642,0.008221293580668032,0.07240486145019531,9.918532500516494e-20
0.0970736541167618,0.08851293009302426,0.09992643216462749,0.09335239974317372,0.13394927978515625,0.008221293589798952,0.00822088262903975,0.0652310848236084,9.918785552891045e-20
0.09707288423737649,0.08851276187293126,0.09992643897692202,0.09335327642658792,0.1240549087524414,0.008220882637329346,0.008220471696951392,0.06278657913208008,9.91903854177348e-20
0.09707211435552639,0.0885125936630093,0.09992644578901384,0.09335415302534444,0.11275172233581543,0.008220471705443917,0.00822006078564641,0.06464266777038574,9.919291545046238e-20
0.09707134447121313,0.08851242546325729,0.09992645260090295,0.09335502953945535,0.11500430107116699,0.008220060794141601,0.008219649894591896,0.06717729568481445,9.919544537978249e-20
0.09707057458443843,0.08851225727367414,0.09992645941258935,0.09335590596893266,0.11511969566345215,0.008219649903423033,0.008219239024676028,0.06758809089660645,9.919797522613839e-20
0.09706980469520403,0.08851208909425877,0.09992646622407304,0.09335678231378837,0.1159965991973877,0.00821923903328382,0.008218828174832993,0.0690009593963623,9.920050459481178e-20
0.09706903480351148,0.0885119209250101,0.09992647303535401,0.0933576585740345,0.11554384231567383,0.00821882818372435,0.00821841734630624,0.06747937202453613,9.92030342718592e-20
0.09706826490936246,0.08851175276592706,0.09992647984643226,0.09335853474968304,0.11449646949768066,0.008218417354742815,0.008218006537674682,0.0673069953918457,9.920556408877925e-20
0.09706749501275866,0.08851158461700853,0.09992648665730776,0.09335941084074606,0.11835002899169922,0.008218006546340516,0.0082175957498265,0.06606841087341309,9.920809358120092e-20
0.09706672511370167,0.08851141647825346,0.0999264934679805,0.09336028684723552,0.11919689178466797,0.008217595758514527,0.008217184982584058,0.06605720520019531,9.921062277095892e-20
0.09706595521219322,0.08851124834966075,0.09992650027845053,0.09336116276916345,0.1176598072052002,0.008217184991264408,0.008216774235592084,0.06617546081542969,9.921315182951017e-20
0.09706518530823496,0.08851108023122933,0.0999265070887178,0.09336203860654188,0.12639784812927246,0.008216774244589525,0.008216363509916391,0.07204246520996094,9.921568112572483e-20
0.09706441540182849,0.08851091212295813,0.0999265138987823,0.09336291435938278,0.12017345428466797,0.008216363518487807,0.008215952804135895,0.062125444412231445,9.921820999274919e-20
0.09706364549297551,0.08851074402484604,0.09992652070864404,0.09336379002769814,0.1190640926361084,0.008215952812957896,0.008215542119138775,0.062223196029663086,9.922073877890902e-20
0.09706287558167774,0.088510575936892,0.09992652751830301,0.09336466561149999,0.11898279190063477,0.008215542128000748,0.008215131455102664,0.06210470199584961,9.922326771256608e-20
0.09706210566793681,0.08851040785909492,0.0999265343277592,0.09336554111080034,0.11645293235778809,0.008215131463613612,0.008214720810784115,0.06293106079101562,9.92257965962024e-20
0.09706133575175432,0.08851023979145373,0.09992654113701262,0.09336641652561115,0.1154625415802002,0.008214720819797187,0.008214310187426577,0.06319570541381836,9.92283250335778e-20
0.09706056583313194,0.08851007173396733,0.09992654794606325,0.0933672918559444,0.1136937141418457,0.008214310196548818,0.008213899585207685,0.062384843826293945,9.923085368685325e-20
0.09705979591207131,0.08850990368663465,0.09992655475491108,0.09336816710181212,0.1122291088104248,0.008213899593867664,0.008213489003416896,0.06236410140991211,9.923338169305353e-20
0.09705902598857412,0.08850973564945464,0.09992656156355612,0.09336904226322626,0.11495089530944824,0.008213489011752076,0.008213078441521304,0.06541323661804199,9.923591051123033e-20
0.09705825606264207,0.08850956762242618,0.09992656837199836,0.09336991734019888,0.11598896980285645,0.008213078450202457,0.008212667900586723,0.06616950035095215,9.92384384681023e-20
0.09705748613427687,0.0885093996055482,0.09992657518023779,0.09337079233274186,0.11698603630065918,0.008212667909216414,0.008212257380257881,0.06654024124145508,9.924096670743711e-20
0.09705671620348018,0.08850923159881961,0.09992658198827442,0.09337166724086718,0.1164388656616211,0.008212257388794175,0.008211846880179507,0.06657171249389648,9.924349470562733e-20
0.09705594627025364,0.08850906360223938,0.09992658879610823,0.09337254206458684,0.11862707138061523,0.008211846888934107,0.008211436400884509,0.06161141395568848,9.924602265110805e-20
0.09705517633459888,0.0885088956158064,0.09992659560373922,0.09337341680391284,0.11777043342590332,0.00821143640963653,0.008211025942372885,0.06111955642700195,9.924855036559446e-20
0.09705440639651758,0.08850872763951959,0.09992660241116738,0.09337429145885714,0.11777043342590332,0.008211025950897953,0.008210615504289365,0.06177234649658203,9.925107808563645e-20
0.09705363645601142,0.08850855967337788,0.0999266092183927,0.09337516602943167,0.11667013168334961,0.008210615512718138,0.008210205086633948,0.06204032897949219,9.925360633956168e-20
0.09705286651308208,0.08850839171738019,0.09992661602541521,0.0933760405156484,0.11763978004455566,0.008210205095096625,0.008209794689761907,0.06420588493347168,9.925613336030588e-20
0.0970520965677312,0.08850822377152544,0.09992662283223487,0.09337691491751936,0.11455368995666504,0.008209794698032102,0.008209384312785062,0.06349754333496094,9.925866102223797e-20
0.09705132661996041,0.08850805583581255,0.09992662963885167,0.09337778923505648,0.11718392372131348,0.008209384321525268,0.008208973956769228,0.06537723541259766,9.92611885370552e-20
0.09705055666977136,0.08850788791024043,0.09992663644526562,0.09337866346827167,0.11925745010375977,0.008208973965573015,0.008208563621536769,0.06772375106811523,9.92637156329878e-20
0.09704978671716577,0.08850771999480801,0.09992664325147671,0.09337953761717696,0.12072563171386719,0.008208563630174645,0.008208153306554777,0.06755352020263672,9.926624252496371e-20
0.09704901676214528,0.08850755208951422,0.09992665005748494,0.09338041168178432,0.11852407455444336,0.008208153315329205,0.008207743013066704,0.06618952751159668,9.926876989201345e-20
0.09704824680471158,0.08850738419435797,0.0999266568632903,0.09338128566210574,0.12511372566223145,0.008207743021034816,0.008207332738585649,0.07220578193664551,9.927129657171862e-20
0.09704747684486632,0.08850721630933821,0.09992666366889279,0.09338215955815314,0.12059640884399414,0.008207332747292993,0.008206922485598511,0.06198692321777344,9.927382386563359e-20
0.09704670688261118,0.08850704843445384,0.0999266704742924,0.09338303336993846,0.12182426452636719,0.008206922494101574,0.008206512252861842,0.06282162666320801,9.92763499145853e-20
0.09704593691794777,0.0885068805697038,0.09992667727948915,0.09338390709747366,0.11783790588378906,0.008206512261458241,0.008206102040553276,0.06218218803405762,9.927887718236937e-20
0.09704516695087785,0.088506712715087,0.099926684084483,0.09338478074077064,0.11656045913696289,0.008206102049362967,0.008205691849383356,0.06489419937133789,9.928140330983916e-20
0.09704439698140305,0.08850654487060239,0.09992669088927397,0.09338565429984136,0.1151876449584961,0.008205691857814383,0.008205281677753362,0.06376266479492188,9.928393039518082e-20
0.09704362700952497,0.08850637703624886,0.09992669769386205,0.09338652777469779,0.11749553680419922,0.008205281686812803,0.008204871527084379,0.06665253639221191,9.928645679407724e-20
0.0970428570352453,0.08850620921202537,0.09992670449824721,0.09338740116535184,0.11969423294067383,0.008204871536356542,0.008204461398264584,0.06777310371398926,9.928898255253931e-20
0.09704208705856569,0.08850604139793082,0.09992671130242949,0.09338827447181547,0.11889529228210449,0.00820446140644212,0.008204051287918901,0.06662702560424805,9.92915091803189e-20
0.09704131707948782,0.08850587359396413,0.09992671810640885,0.09338914769410056,0.11835932731628418,0.008204051297072362,0.008203641199777678,0.06430172920227051,9.929403537912776e-20
0.09704054709801337,0.08850570580012423,0.0999267249101853,0.09339002083221909,0.11876463890075684,0.008203641208242443,0.008203231131354016,0.06344223022460938,9.929656117893057e-20
0.09703977711414404,0.08850553801641006,0.09992673171375883,0.093390893886183,0.13162851333618164,0.00820323113995433,0.008202821083536094,0.06728577613830566,9.929908706258271e-20
0.09703900712788144,0.08850537024282054,0.09992673851712944,0.09339176685600424,0.11698222160339355,0.00820282109220507,0.008202411056501546,0.06259274482727051,9.930161262831123e-20
0.09703823713922724,0.0885052024793546,0.09992674532029712,0.09339263974169466,0.11476659774780273,0.008202411064994862,0.008202001049895102,0.06352972984313965,9.930413857966198e-20
0.09703746714818307,0.08850503472601115,0.09992675212326187,0.09339351254326624,0.1172633171081543,0.008202001058321395,0.008201591063539126,0.06744599342346191,9.930666427274295e-20
0.09703669715475069,0.08850486698278914,0.09992675892602368,0.09339438526073085,0.11856365203857422,0.008201591072185323,0.008201181098144161,0.06757593154907227,9.930918976265977e-20
0.09703592715893174,0.08850469924968749,0.09992676572858254,0.09339525789410046,0.11877202987670898,0.008201181106584604,0.008200771152999664,0.06669378280639648,9.93117150866729e-20
0.09703515716072784,0.08850453152670511,0.09992677253093847,0.09339613044338697,0.11965632438659668,0.008200771161517236,0.008200361228105635,0.06394505500793457,9.931424021755406e-20
0.09703438716014066,0.08850436381384094,0.09992677933309145,0.09339700290860233,0.12111735343933105,0.00820036123698451,0.008199951324172616,0.06276941299438477,9.931676585933223e-20
0.09703361715717186,0.08850419611109393,0.09992678613504147,0.09339787528975842,0.11978411674499512,0.008199951332985072,0.008199541441022973,0.0621640682220459,9.931929038605117e-20
0.09703284715182313,0.08850402841846298,0.09992679293678854,0.09339874758686714,0.11824250221252441,0.008199541449514784,0.008199131578301433,0.06247830390930176,9.932181541302644e-20
0.09703207714409615,0.08850386073594703,0.09992679973833264,0.09339961979994042,0.11764240264892578,0.008199131586575077,0.008198721735830361,0.06329941749572754,9.932434071675214e-20
0.09703130713399255,0.08850369306354498,0.09992680653967377,0.09340049192899012,0.11753153800964355,0.00819872174416491,0.008198311913432121,0.06498265266418457,9.932686546107999e-20
0.09703053712151398,0.08850352540125579,0.09992681334081194,0.09340136397402818,0.11537861824035645,0.00819831192228459,0.008197902112172528,0.06484699249267578,9.932939008530599e-20
0.09702976710666214,0.08850335774907839,0.09992682014174714,0.0934022359350665,0.12196969985961914,0.008197902120931322,0.008197492330985767,0.06279563903808594,9.933191459673805e-20
0.0970289970894387,0.08850319010701171,0.09992682694247937,0.09340310781211698,0.12135481834411621,0.008197492340105226,0.008197082571292924,0.06185650825500488,9.933443905541585e-20
0.0970282270698453,0.08850302247505468,0.09992683374300862,0.09340397960519153,0.11986303329467773,0.008197082579802142,0.008196672831317642,0.06323790550231934,9.933696391945063e-20
0.09702745704788367,0.0885028548532062,0.09992684054333488,0.09340485131430201,0.11659836769104004,0.008196672840023756,0.008196263112125735,0.0635976791381836,9.933948775687776e-20
0.09702668702355545,0.08850268724146525,0.09992684734345815,0.09340572293946035,0.1155083179473877,0.008196263120768682,0.008195853413894838,0.06442761421203613,9.934201243034862e-20
0.09702591699686225,0.08850251963983073,0.09992685414337842,0.09340659448067846,0.11949753761291504,0.008195853422034832,0.008195443735026231,0.06876730918884277,9.934453629472013e-20
0.09702514696780576,0.08850235204830158,0.09992686094309569,0.09340746593796818,0.11848568916320801,0.008195443743823073,0.00819503407729627,0.06671881675720215,9.934706068208843e-20
0.09702437693638771,0.08850218446687672,0.09992686774260996,0.09340833731134142,0.11860013008117676,0.008195034086132199,0.008194624440349685,0.06364703178405762,9.934958480125845e-20
0.09702360690260974,0.08850201689555508,0.09992687454192123,0.09340920860081002,0.12225198745727539,0.008194624448960165,0.008194214823653567,0.06296443939208984,9.93521079588951e-20
0.09702283686647348,0.0885018493343356,0.09992688134102948,0.09341007980638585,0.11847090721130371,0.008194214832307343,0.008193805227740825,0.062098026275634766,9.935463228754313e-20
0.09702206682798067,0.0885016817832172,0.09992688813993472,0.0934109509280808,0.11757397651672363,0.008193805236169024,0.008193395651723279,0.06300854682922363,9.935715552688794e-20
0.09702129678713288,0.08850151424219882,0.09992689493863696,0.09341182196590671,0.12561583518981934,0.0081933956605482,0.008192986096666743,0.06791949272155762,9.935967926859286e-20
0.09702052674393183,0.0885013467112794,0.09992690173713617,0.09341269291987546,0.11770462989807129,0.008192986105441787,0.008192576562038312,0.06510376930236816,9.936220285663206e-20
0.09701975669837917,0.08850117919045787,0.09992690853543236,0.09341356378999897,0.11842060089111328,0.008192576570850455,0.008192167048193255,0.06312775611877441,9.936472614347479e-20
0.09701898665047656,0.08850101167973315,0.09992691533352552,0.0934144345762891,0.12070798873901367,0.008192167056771128,0.008191757554776302,0.06234574317932129,9.936724936246186e-20
0.09701821660022572,0.08850084417910417,0.09992692213141564,0.09341530527875774,0.12153005599975586,0.008191757563202819,0.00819134808107691,0.06331777572631836,9.936977257512161e-20
0.0970174465476283,0.08850067668856987,0.09992692892910274,0.09341617589741673,0.11816072463989258,0.008191348090146188,0.008190938628871436,0.06468534469604492,9.93722954690684e-20
0.09701667649268597,0.08850050920812919,0.09992693572658679,0.09341704643227798,0.11786842346191406,0.00819093863759824,0.00819052919691643,0.06674814224243164,9.937481853943201e-20
0.09701590643540033,0.08850034173778104,0.09992694252386779,0.09341791688335337,0.11982345581054688,0.008190529205559176,0.008190119785211891,0.0679922103881836,9.93773414119714e-20
0.09701513637577311,0.08850017427752438,0.09992694932094576,0.09341878725065472,0.11728715896606445,0.0081901197940287,0.00818971039375782,0.06395268440246582,9.937986379101254e-20
0.097014366313806,0.08850000682735815,0.09992695611782067,0.09341965753419389,0.11875581741333008,0.008189710403005179,0.008189301023797668,0.06253600120544434,9.938238663071638e-20
0.0970135962495007,0.08849983938728126,0.09992696291449253,0.0934205277339827,0.12107276916503906,0.008189301032487085,0.008188891673555077,0.06225156784057617,9.938490949682913e-20
0.09701282618285878,0.08849967195729264,0.09992696971096134,0.09342139785003298,0.11847925186157227,0.008188891682474497,0.008188482344628767,0.06358671188354492,9.938743217989307e-20
0.09701205611388193,0.08849950453739122,0.09992697650722708,0.09342226788235664,0.12561345100402832,0.008188482352964344,0.008188073034887111,0.06749200820922852,9.938995407547887e-20
0.09701128604257182,0.08849933712757595,0.09992698330328977,0.0934231378309655,0.11695027351379395,0.008188073043958653,0.008187663746817009,0.06374406814575195,9.93924764377447e-20
0.09701051596893015,0.08849916972784576,0.09992699009914939,0.09342400769587142,0.11961841583251953,0.008187663755452662,0.008187254478819739,0.06247568130493164,9.939499861167562e-20
0.09700974589295859,0.08849900233819959,0.09992699689480594,0.09342487747708628,0.12112021446228027,0.008187254487448708,0.008186845231072937,0.062107086181640625,9.939752079125045e-20
0.09700897581465881,0.08849883495863638,0.09992700369025942,0.09342574717462188,0.11752009391784668,0.008186845239943773,0.008186436003754238,0.06326985359191895,9.940004304350875e-20
0.09700820573403245,0.08849866758915505,0.09992701048550982,0.09342661678849007,0.11525630950927734,0.008186436012937549,0.008186026798284729,0.06409811973571777,9.940256492168532e-20
0.09700743565108116,0.08849850022975456,0.09992701728055714,0.0934274863187027,0.11889457702636719,0.008186026806426838,0.008185617611999874,0.06679892539978027,9.940508649169409e-20
0.09700666556580667,0.08849833288043381,0.09992702407540137,0.09342835576527157,0.11603260040283203,0.008185617620413387,0.008185208445965486,0.06369709968566895,9.940760867871997e-20
0.09700589547821063,0.08849816554119175,0.09992703087004251,0.09342922512820852,0.12196898460388184,0.008185208454896266,0.00818479930124738,0.06231856346130371,9.941012997955414e-20
0.09700512538829471,0.08849799821202732,0.09992703766448058,0.09343009440752538,0.12065768241882324,0.008184799309872957,0.008184390176779743,0.06212949752807617,9.941265164125657e-20
0.09700435529606058,0.08849783089293944,0.09992704445871556,0.09343096360323398,0.11554479598999023,0.00818439018534323,0.008183981072384938,0.06239032745361328,9.941517308286076e-20
0.09700358520150994,0.08849766358392708,0.09992705125274742,0.09343183271534616,0.1176919937133789,0.008183981081305617,0.008183571988773508,0.06661462783813477,9.941769404979081e-20
0.09700281510464431,0.08849749628498914,0.09992705804657621,0.09343270174387375,0.1187276840209961,0.008183571997760134,0.008183162926123089,0.06742167472839355,9.94202156662433e-20
0.09700204500546547,0.08849732899612459,0.0999270648402019,0.09343357068882854,0.12047314643859863,0.008183162934703718,0.008182753884078409,0.062375545501708984,9.942273664455722e-20
0.09700127490397506,0.08849716171733236,0.09992707163362448,0.09343443955022239,0.11684250831604004,0.008182753892135353,0.008182344861218382,0.06253457069396973,9.942525761175692e-20
0.09700050480017475,0.08849699444861138,0.09992707842684395,0.09343530832806708,0.11681365966796875,0.008182344870056068,0.008181935859319367,0.06635594367980957,9.942777840882787e-20
0.09699973469406624,0.08849682718996059,0.09992708521986031,0.09343617702237443,0.11859488487243652,0.008181935868465488,0.008181526878736634,0.06758308410644531,9.943029924689794e-20
0.09699896458565112,0.08849665994137894,0.09992709201267355,0.09343704563315625,0.11659431457519531,0.008181526887359526,0.008181117918049097,0.0636744499206543,9.943281996020297e-20
0.09699819447493113,0.08849649270286536,0.09992709880528368,0.0934379141604243,0.12155604362487793,0.008181117926739857,0.0081807089779673,0.062096595764160156,9.943534083114265e-20
0.09699742436190796,0.08849632547441875,0.09992710559769069,0.09343878260419047,0.11915040016174316,0.008180708986604453,0.00818030005813597,0.06331110000610352,9.943786100511795e-20
0.09699665424658324,0.08849615825603811,0.09992711238989457,0.09343965096446658,0.11451935768127441,0.00818030006695199,0.00817989115891038,0.06394076347351074,9.944038172006781e-20
0.09699588412895865,0.08849599104772235,0.09992711918189533,0.09344051924126438,0.11983609199523926,0.008179891167781726,0.008179482281001071,0.06775021553039551,9.944290235557326e-20
0.0969951140090359,0.08849582384947041,0.09992712597369297,0.09344138743459568,0.11509561538696289,0.008179482289090555,0.008179073422276417,0.06389951705932617,9.944542250196044e-20
0.09699434388681663,0.08849565666128122,0.09992713276528747,0.09344225554447225,0.12105774879455566,0.008179073430880613,0.008178664584335138,0.062438011169433594,9.944794249641296e-20
0.09699357376230253,0.08849548948315374,0.09992713955667884,0.09344312357090591,0.1202392578125,0.008178664593151128,0.008178255766821962,0.062293052673339844,9.945046214500339e-20
0.0969928036354952,0.08849532231508689,0.09992714634786706,0.09344399151390849,0.12628602981567383,0.008178255775899122,0.008177846970092162,0.06864714622497559,9.945298246753645e-20
0.0969920335063964,0.0884951551570796,0.09992715313885214,0.09344485937349173,0.11732244491577148,0.008177846979123908,0.008177438193790465,0.06418800354003906,9.945550217422938e-20
0.09699126337500782,0.08849498800913085,0.0999271599296341,0.09344572714966742,0.11898207664489746,0.008177438202824364,0.008177029438094507,0.062355995178222656,9.945802204948621e-20
0.09699049324133116,0.08849482087123955,0.0999271667202129,0.09344659484244743,0.12143778800964355,0.008177029447000144,0.00817662070300429,0.062135934829711914,9.946054161442591e-20
0.09698972310536806,0.08849465374340465,0.09992717351058855,0.09344746245184346,0.11757326126098633,0.008176620711648635,0.008176211987986903,0.06491851806640625,9.946306119147963e-20
0.09698895296712015,0.08849448662562509,0.09992718030076105,0.09344832997786731,0.11847209930419922,0.008176211996770412,0.008175803293397621,0.06865739822387695,9.946558054361289e-20
0.09698818282658907,0.08849431951789981,0.0999271870907304,0.09344919742053073,0.11779594421386719,0.00817580330236445,0.00817539462012462,0.06461310386657715,9.94680997944512e-20
0.09698741268377653,0.08849415242022775,0.09992719388049659,0.09345006477984547,0.11830854415893555,0.008175394628428001,0.008174985966036274,0.062027931213378906,9.947061975623468e-20
0.09698664253868419,0.08849398533260786,0.09992720067005963,0.09345093205582339,0.12127327919006348,0.00817498597496286,0.008174577333619482,0.062335968017578125,9.947313830826244e-20
0.09698587239131375,0.08849381825503906,0.09992720745941949,0.09345179924847623,0.1146841049194336,0.008174577341964542,0.008174168720742614,0.06282401084899902,9.947565784534467e-20
0.09698510224166688,0.08849365118752031,0.0999272142485762,0.09345266635781582,0.11923432350158691,0.00817416872943472,0.008173760128826757,0.06910014152526855,9.947817623253407e-20
0.09698433208974522,0.08849348413005055,0.09992722103752974,0.0934535333838539,0.11468315124511719,0.008173760137370714,0.008173351556983732,0.0637974739074707,9.948069509202874e-20
0.09698356193555054,0.08849331708262871,0.09992722782628012,0.09345440032660222,0.12177348136901855,0.00817335156577255,0.008172943005568811,0.062254905700683594,9.948321458943991e-20
0.09698279177908438,0.08849315004525374,0.09992723461482733,0.09345526718607251,0.12774252891540527,0.008172943014640138,0.008172534475292537,0.06346416473388672,9.948573308613043e-20
0.09698202162034851,0.08849298301792456,0.09992724140317136,0.09345613396227656,0.1196448802947998,0.008172534483971065,0.00817212596526673,0.06800460815429688,9.94882513597772e-20
0.09698125145934458,0.08849281600064014,0.09992724819131221,0.09345700065522616,0.11384725570678711,0.008172125973763714,0.008171717474958484,0.06348800659179688,9.949076990931519e-20
0.09698048129607416,0.08849264899339941,0.09992725497924988,0.09345786726493306,0.1210947036743164,0.008171717484019087,0.008171309006321792,0.06223797798156738,9.949328829867012e-20
0.096979711130539,0.08849248199620133,0.09992726176698437,0.09345873379140898,0.11869430541992188,0.00817130901473443,0.00817090055704739,0.0628671646118164,9.949580702000461e-20
0.09697894096274082,0.08849231500904482,0.09992726855451567,0.09345960023466567,0.11748600006103516,0.008170900565910057,0.008170492129266904,0.06661081314086914,9.94983246790726e-20
0.09697817079268127,0.08849214803192884,0.0999272753418438,0.09346046659471488,0.11704325675964355,0.008170492137542907,0.008170083721026344,0.06657242774963379,9.950084267958567e-20
0.09697740062036206,0.08849198106485233,0.09992728212896874,0.09346133287156838,0.1168050765991211,0.008170083729633354,0.008169675334102067,0.062464237213134766,9.950336090113779e-20
0.09697663044578474,0.08849181410781422,0.09992728891589049,0.09346219906523794,0.12093949317932129,0.00816967534217863,0.008169266966362443,0.062461137771606445,9.95058789942456e-20
0.09697586026895104,0.08849164716081348,0.09992729570260904,0.09346306517573527,0.1144561767578125,0.008169266975181841,0.008168858619939101,0.0632174015045166,9.950839692831527e-20
0.09697509008986265,0.08849148022384905,0.0999273024891244,0.09346393120307207,0.11918306350708008,0.00816885862863824,0.008168450293943863,0.06763386726379395,9.951091459573711e-20
0.09697431990852125,0.08849131329691987,0.09992730927543657,0.09346479714726015,0.11455821990966797,0.008168450302547408,0.008168041987843822,0.06318545341491699,9.951343246304677e-20
0.0969735497249285,0.08849114638002488,0.09992731606154553,0.09346566300831122,0.11996960639953613,0.008168041996911086,0.008167633703237698,0.06220889091491699,9.951594974192096e-20
0.09697277953908608,0.08849097947316303,0.09992732284745129,0.09346652878623704,0.12946248054504395,0.008167633711723478,0.008167225438704406,0.06681704521179199,9.951846745148235e-20
0.09697200935099559,0.08849081257633327,0.09992732963315384,0.09346739448104933,0.11756253242492676,0.008167225446986223,0.008166817194243947,0.06580638885498047,9.952098485319009e-20
0.09697123916065876,0.08849064568953455,0.0999273364186532,0.09346826009275985,0.11696362495422363,0.008166817202699003,0.00816640896985632,0.06220436096191406,9.952350157525672e-20
0.09697046896807726,0.0884904788127658,0.09992734320394935,0.09346912562138031,0.12148141860961914,0.00816640897886089,0.00816600076660734,0.06211209297180176,9.952601886433799e-20
0.09696969877325282,0.08849031194602595,0.09992734998904229,0.09346999106692241,0.11563277244567871,0.008166000775469723,0.008165592583608827,0.06425356864929199,9.952853594447158e-20
0.09696892857618708,0.08849014508931398,0.09992735677393201,0.09347085642939795,0.11808419227600098,0.008165592592524858,0.008165184420860783,0.06651854515075684,9.953105274545557e-20
0.09696815837688169,0.08848997824262882,0.09992736355861852,0.09347172170881858,0.11531472206115723,0.008165184430025596,0.008164776279073749,0.0624239444732666,9.953356997467712e-20
0.09696738817533833,0.08848981140596941,0.09992737034310181,0.093472586905196,0.12009310722351074,0.008164776287969917,0.008164368157892454,0.061936140060424805,9.953608614876067e-20
0.09696661797155871,0.08848964457933471,0.09992737712738188,0.09347345201854194,0.11510348320007324,0.00816436816635638,0.008163960056783992,0.06313610076904297,9.953860340631729e-20
0.09696584776554451,0.08848947776272367,0.09992738391145874,0.09347431704886819,0.11855816841125488,0.008163960065184703,0.008163551975925998,0.06766939163208008,9.954111955608923e-20
0.09696507755729736,0.08848931095613524,0.09992739069533238,0.09347518199618643,0.11504817008972168,0.00816355198445421,0.008163143915851379,0.0632174015045166,9.954363622560662e-20
0.09696430734681889,0.08848914415956835,0.0999273974790028,0.09347604686050838,0.12069249153137207,0.008163143924162827,0.008162735875671956,0.0621488094329834,9.954615262607263e-20
0.09696353713411077,0.08848897737302196,0.09992740426246999,0.09347691164184571,0.11612176895141602,0.00816273588431131,0.008162327856275908,0.06382012367248535,9.954866859476684e-20
0.09696276691917474,0.08848881059649501,0.09992741104573394,0.09347777634021018,0.11621642112731934,0.008162327864897212,0.008161919857130329,0.06534767150878906,9.955118481696867e-20
0.09696199670201246,0.08848864382998645,0.09992741782879466,0.09347864095561347,0.1203160285949707,0.008161919865921196,0.008161511878235217,0.06229209899902344,9.955370061433792e-20
0.09696122648262558,0.08848847707349522,0.09992742461165216,0.0934795054880672,0.11497831344604492,0.008161511887381276,0.008161103919768209,0.06290602684020996,9.955621686423824e-20
0.09696045626101578,0.0884883103270203,0.09992743139430643,0.09348036993758317,0.11899375915527344,0.008161103929277713,0.00816069598315039,0.06800723075866699,9.955873258652662e-20
0.09695968603718477,0.08848814359056062,0.09992743817675745,0.0934812343041731,0.11452960968017578,0.008160695991605375,0.008160288065184318,0.06241297721862793,9.956124830562955e-20
0.09695891581113421,0.08848797686411514,0.09992744495900523,0.09348209858784869,0.12134814262390137,0.008160288074367122,0.00815988016924507,0.06219649314880371,9.956376446356008e-20
0.09695814558286583,0.08848781014768275,0.09992745174104978,0.09348296278862159,0.11467790603637695,0.008159880177559016,0.00815947229195757,0.0628347396850586,9.956628008996383e-20
0.09695737535238128,0.08848764344126246,0.09992745852289109,0.09348382690650345,0.11871194839477539,0.00815947230118259,0.008159064436696895,0.06782793998718262,9.956879495099405e-20
0.09695660511968227,0.08848747674485322,0.09992746530452914,0.09348469094150601,0.11430811882019043,0.008159064445235658,0.00815865660115378,0.062020301818847656,9.957131074560268e-20
0.09695583488477043,0.08848731005845395,0.09992747208596396,0.09348555489364095,0.12006998062133789,0.008158656609716954,0.008158248785683497,0.06182503700256348,9.957382604942133e-20
0.09695506464764742,0.08848714338206361,0.09992747886719552,0.09348641876291996,0.11619019508361816,0.008158248794626791,0.008157840991174226,0.06369972229003906,9.957634085130164e-20
0.09695429440831496,0.08848697671568116,0.09992748564822385,0.0934872825493547,0.11950349807739258,0.008157840999962817,0.008157433217448329,0.06644558906555176,9.9578856170995e-20
0.09695352416677468,0.08848681005930555,0.09992749242904891,0.09348814625295687,0.11473822593688965,0.008157433225724205,0.008157025463084722,0.06215071678161621,9.95813717048975e-20
0.09695275392302828,0.0884866434129357,0.09992749920967071,0.09348900987373816,0.11864733695983887,0.008157025471912072,0.008156617729682125,0.06298685073852539,9.958388604942902e-20
0.09695198367707743,0.0884864767765706,0.09992750599008927,0.09348987341171021,0.12288808822631836,0.00815661773852307,0.008156210016707632,0.06960153579711914,9.958640099216936e-20
0.09695121342892388,0.08848631015020918,0.09992751277030458,0.09349073686688467,0.11712288856506348,0.008156210025556455,0.008155802323983607,0.06212186813354492,9.958891583601313e-20
0.09695044317856921,0.08848614353385038,0.09992751955031663,0.09349160023927323,0.12094545364379883,0.008155802333012264,0.008155394651865322,0.06303167343139648,9.95914295647704e-20
0.09694967292601517,0.08848597692749319,0.09992752633012542,0.0934924635288876,0.11746907234191895,0.008155394660887041,0.00815498700017514,0.06440234184265137,9.959394520566815e-20
0.09694890267126334,0.08848581033113652,0.09992753310973095,0.09349332673573937,0.12000823020935059,0.008154987009182133,0.008154579369623605,0.06458139419555664,9.959645923406629e-20
0.09694813241431552,0.08848564374477934,0.09992753988913321,0.09349418985984032,0.11945700645446777,0.008154579377893805,0.008154171758256723,0.06448578834533691,9.959897354090852e-20
0.0969473621551733,0.08848547716842062,0.09992754666833221,0.09349505290120207,0.1254732608795166,0.008154171767024826,0.008153764168206123,0.06779098510742188,9.960148745480595e-20
0.09694659189383842,0.08848531060205929,0.09992755344732795,0.09349591585983626,0.11786174774169922,0.008153764176570686,0.008153356598228356,0.06394624710083008,9.960400181425668e-20
0.0969458216303125,0.0884851440456943,0.09992756022612041,0.09349677873575454,0.12691426277160645,0.008153356606532434,0.008152949048678693,0.06756019592285156,9.960651597485663e-20
0.09694505136459722,0.0884849774993246,0.09992756700470962,0.09349764152896861,0.11760544776916504,0.00815294905690802,0.008152541519024226,0.06461620330810547,9.96090300953857e-20
0.09694428109669427,0.08848481096294915,0.09992757378309555,0.09349850423949009,0.12544775009155273,0.008152541527697177,0.008152134010508405,0.062212228775024414,9.96115437769153e-20
0.09694351082660524,0.0884846444365669,0.09992758056127822,0.09349936686733068,0.1232306957244873,0.008152134018898496,0.008151726522243052,0.06552481651306152,9.961405736696823e-20
0.09694274055433193,0.08848447792017679,0.0999275873392576,0.09350022941250202,0.12119483947753906,0.00815172653051124,0.008151319053517625,0.06528139114379883,9.961657114716339e-20
0.096941970279876,0.08848431141377779,0.09992759411703372,0.09350109187501572,0.12049055099487305,0.008151319062536494,0.008150911606463751,0.06489706039428711,9.961908458814575e-20
0.09694120000323916,0.08848414491736886,0.09992760089460657,0.09350195425488346,0.12752580642700195,0.008150911614969128,0.008150504179305074,0.06812572479248047,9.962159847917305e-20
0.096940429724423,0.08848397843094895,0.09992760767197614,0.0935028165521169,0.11856389045715332,0.00815050418780985,0.008150096772752136,0.06528258323669434,9.962411169075166e-20
0.09693965944342925,0.088483811954517,0.09992761444914243,0.09350367876672765,0.12604665756225586,0.008150096781057554,0.008149689386094394,0.06757473945617676,9.962662472134052e-20
0.09693888916025957,0.08848364548807197,0.09992762122610543,0.09350454089872734,0.12570595741271973,0.008149689394711621,0.008149282020397663,0.06860017776489258,9.96291382046247e-20
0.09693811887491557,0.08848347903161283,0.09992762800286516,0.0935054029481276,0.11382007598876953,0.008149282028772012,0.008148874674418494,0.06251978874206543,9.963165132701828e-20
0.09693734858739898,0.0884833125851385,0.09992763477942158,0.09350626491494013,0.12444877624511719,0.00814887468323642,0.008148467349400335,0.06610631942749023,9.963416377045922e-20
0.09693657829771146,0.08848314614864797,0.09992764155577474,0.09350712679917653,0.12157607078552246,0.00814846735810306,0.008148060044632643,0.0663151741027832,9.963667646844118e-20
0.09693580800585468,0.08848297972214017,0.0999276483319246,0.09350798860084836,0.11877107620239258,0.008148060053372668,0.008147652760648327,0.06375813484191895,9.9639189763625e-20
0.0969350377118303,0.08848281330561407,0.09992765510787119,0.09350885031996731,0.12689924240112305,0.008147652769042122,0.008147245496559208,0.06869697570800781,9.964170228278884e-20
0.09693426741564003,0.08848264689906861,0.09992766188361449,0.09350971195654503,0.11482024192810059,0.008147245505111814,0.008146838252898192,0.0631716251373291,9.964421509282314e-20
0.09693349711728552,0.08848248050250278,0.09992766865915449,0.09351057351059312,0.13004589080810547,0.008146838261580356,0.008146431030020551,0.07123064994812012,9.964672770830233e-20
0.0969327268167685,0.0884823141159155,0.0999276754344912,0.09351143498212316,0.12825822830200195,0.00814643103844674,0.008146023826860471,0.0690925121307373,9.964923990424259e-20
0.09693195651409063,0.08848214773930575,0.09992768220962461,0.09351229637114683,0.1144862174987793,0.008146023835710921,0.008145616644483766,0.0630342960357666,9.965175211506564e-20
0.09693118620925364,0.08848198137267246,0.09992768898455473,0.09351315767767573,0.12314820289611816,0.008145616653371287,0.008145209482890436,0.06640625,9.965426455510094e-20
0.09693041590225916,0.08848181501601461,0.09992769575928155,0.09351401890172148,0.12032675743103027,0.008145209491425696,0.008144802341014667,0.06597375869750977,9.965677597839078e-20
0.09692964559310886,0.08848164866933116,0.09992770253380509,0.09351488004329568,0.11883974075317383,0.008144802349875184,0.008144395220632816,0.06435132026672363,9.965928840346519e-20
0.09692887528180451,0.08848148233262106,0.09992770930812532,0.09351574110240994,0.12732934951782227,0.00814439522871632,0.00814398811979089,0.06826996803283691,9.966180041077533e-20
0.09692810496834772,0.08848131600588323,0.09992771608224224,0.0935166020790759,0.11793327331542969,0.008143988127948514,0.008143581038844161,0.06275367736816406,9.966431217624681e-20
0.0969273346527402,0.08848114968911668,0.09992772285615587,0.0935174629733051,0.12470746040344238,0.0081435810475731,0.008143173978858442,0.06337618827819824,9.966682345045207e-20
0.09692656433498353,0.08848098338232033,0.0999277296298662,0.09351832378510917,0.12611627578735352,0.008143173987587318,0.008142766939833734,0.06760430335998535,9.966933520775492e-20
0.09692579401507954,0.08848081708549317,0.09992773640337321,0.09351918451449973,0.11394262313842773,0.008142766947990416,0.008142359919816045,0.06266069412231445,9.967184644789624e-20
0.09692502369302983,0.08848065079863414,0.09992774317667692,0.09352004516148836,0.12593746185302734,0.008142359928782547,0.008141952921292273,0.06610536575317383,9.967435834531906e-20
0.09692425336883607,0.0884804845217422,0.09992774994977734,0.09352090572608673,0.12121033668518066,0.008141952929960233,0.008141545943196604,0.06599712371826172,9.967686966844048e-20
0.09692348304250001,0.08848031825481631,0.09992775672267445,0.09352176620830634,0.1182410717010498,0.008141545951522096,0.008141138984463225,0.0644235610961914,9.967938080434496e-20
0.09692271271402329,0.08848015199785542,0.09992776349536825,0.09352262660815884,0.12685060501098633,0.00814113899347055,0.008140732046868493,0.06849288940429688,9.968189201584579e-20
0.09692194238340758,0.08847998575085847,0.09992777026785873,0.09352348692565583,0.12402915954589844,0.008140732055802855,0.008140325129701864,0.06631183624267578,9.968440331346933e-20
0.09692117205065454,0.08847981951382444,0.09992777704014592,0.09352434716080885,0.11742544174194336,0.008140325138517354,0.00813991823331861,0.06329822540283203,9.968691368228552e-20
0.09692040171576581,0.0884796532867523,0.0999277838122298,0.0935252073136295,0.1271345615386963,0.008139918241612568,0.008139511356297646,0.06754517555236816,9.968942481202747e-20
0.09691963137874318,0.08847948706964098,0.09992779058411037,0.09352606738412936,0.11421418190002441,0.008139511365088937,0.008139104500592964,0.06316542625427246,9.969193571167026e-20
0.0969188610395883,0.0884793208624895,0.09992779735578762,0.09352692737232003,0.12473869323730469,0.008139104508944735,0.008138697664605843,0.06725311279296875,9.969444661334884e-20
0.09691809069830289,0.08847915466529677,0.09992780412726157,0.0935277872782131,0.12001466751098633,0.008138697673179254,0.008138290849402097,0.06640291213989258,9.969695658774917e-20
0.09691732035488852,0.08847898847806174,0.0999278108985322,0.09352864710182016,0.11653518676757812,0.00813829085779117,0.008137884054448818,0.06309342384338379,9.969946726130696e-20
0.09691655000934696,0.0884788223007834,0.09992781766959952,0.0935295068431528,0.12497615814208984,0.008137884062779419,0.008137477279746008,0.06595873832702637,9.970197816936722e-20
0.09691577966167987,0.08847865613346069,0.09992782444046353,0.09353036650222256,0.12600326538085938,0.008137477288143014,0.008137070525471302,0.06740283966064453,9.970448776974243e-20
0.09691500931188891,0.08847848997609256,0.09992783121112421,0.093531226079041,0.11713480949401855,0.008137070533881265,0.008136663791624699,0.06421971321105957,9.97069981387381e-20
0.0969142389599757,0.088478323828678,0.09992783798158157,0.09353208557361968,0.12583255767822266,0.00813666379999315,0.0081362570782062,0.0677788257598877,9.970950807085645e-20
0.09691346860594201,0.08847815769121596,0.09992784475183562,0.09353294498597016,0.11690545082092285,0.008136257086477609,0.00813585038414999,0.06431961059570312,9.971201821542711e-20
0.09691269824978951,0.08847799156370541,0.09992785152188635,0.09353380431610404,0.12078428268432617,0.008135850393333388,0.008135443711942969,0.06433701515197754,9.971452759079415e-20
0.09691192789151985,0.08847782544614528,0.09992785829173376,0.09353466356403282,0.12431669235229492,0.008135443720559726,0.008135037059986416,0.06726455688476562,9.971703778977074e-20
0.09691115753113473,0.08847765933853458,0.09992786506137784,0.09353552272976809,0.12695527076721191,0.008135037068154924,0.008134630427392153,0.06988143920898438,9.971954750681237e-20
0.0969103871686358,0.08847749324087223,0.0999278718308186,0.09353638181332136,0.1186513900756836,0.008134630436120654,0.0081342238157589,0.06417489051818848,9.972205690004079e-20
0.09690961680402477,0.0884773271531572,0.09992787860005603,0.09353724081470424,0.12550759315490723,0.008134223824451869,0.008133817224376116,0.06778621673583984,9.972456632780195e-20
0.09690884643730338,0.08847716107538844,0.09992788536909014,0.0935380997339283,0.1167759895324707,0.008133817233149258,0.008133410653954343,0.06425118446350098,9.972707555111981e-20
0.09690807606847324,0.08847699500756494,0.09992789213792093,0.09353895857100504,0.12531495094299316,0.00813341066221173,0.008133004102894859,0.06642365455627441,9.972958476850523e-20
0.09690730569753608,0.08847682894968564,0.09992789890654839,0.09353981732594605,0.11720585823059082,0.008133004111639652,0.008132597572441114,0.06456971168518066,9.973209439779254e-20
0.0969065353244935,0.08847666290174952,0.09992790567497253,0.09354067599876287,0.12015318870544434,0.008132597581431032,0.00813219106294838,0.06484580039978027,9.973460347449113e-20
0.09690576494934725,0.08847649686375553,0.09992791244319335,0.09354153458946705,0.12714147567749023,0.008132191071584456,0.008131784573883749,0.0686807632446289,9.973711249473075e-20
0.09690499457209892,0.08847633083570261,0.09992791921121084,0.09354239309807011,0.1269361972808838,0.008131784582097193,0.008131378104181408,0.0644686222076416,9.973962147098339e-20
0.09690422419275027,0.08847616481758977,0.09992792597902501,0.09354325152458365,0.11993980407714844,0.008131378112972031,0.008130971655972985,0.06391453742980957,9.974213035730228e-20
0.09690345381130301,0.08847599880941596,0.09992793274663583,0.09354410986901916,0.12756776809692383,0.008130971664204779,0.008130565227126851,0.06838393211364746,9.974463878875954e-20
0.09690268342775879,0.08847583281118014,0.09992793951404334,0.09354496813138818,0.1179506778717041,0.008130565235796234,0.008130158819419364,0.06471657752990723,9.974714748122188e-20
0.0969019130421192,0.08847566682288126,0.09992794628124751,0.09354582631170229,0.1264033317565918,0.008130158827743632,0.008129752431607074,0.06817913055419922,9.974965582122687e-20
0.09690114265438601,0.08847550084451827,0.09992795304824835,0.09354668440997299,0.1166226863861084,0.0081297524400483,0.008129346063867615,0.06416487693786621,9.97521644870741e-20
0.0969003722645609,0.08847533487609018,0.09992795981504586,0.09354754242621181,0.12184429168701172,0.008129346072708574,0.008128939716733896,0.06444478034973145,9.9754672475198e-20
0.09689960187264543,0.08847516891759591,0.09992796658164003,0.09354840036043027,0.12435269355773926,0.008128939725723074,0.008128533390205916,0.06741595268249512,9.975718074311318e-20
0.09689883147864141,0.08847500296903443,0.09992797334803089,0.09354925821263992,0.12212181091308594,0.008128533399089812,0.008128127083928405,0.06597685813903809,9.97596891901648e-20
0.09689806108255049,0.08847483703040472,0.0999279801142184,0.09355011598285232,0.11961913108825684,0.00812812709280937,0.008127720798256632,0.06512832641601562,9.976219723940149e-20
0.09689729068437437,0.08847467110170575,0.09992798688020257,0.09355097367107895,0.12768983840942383,0.008127720806879736,0.008127314532480057,0.06876921653747559,9.976470481950044e-20
0.09689652028411476,0.08847450518293647,0.09992799364598341,0.09355183127733134,0.11830711364746094,0.00812731454130026,0.008126908287131585,0.06516599655151367,9.976721291125422e-20
0.09689574988177335,0.08847433927409584,0.0999280004115609,0.09355268880162097,0.12763547897338867,0.008126908296069938,0.008126502062921759,0.06797933578491211,9.976972054323795e-20
0.09689497947735183,0.08847417337518285,0.09992800717693505,0.09355354624395938,0.1164703369140625,0.008126502071186328,0.008126095858074223,0.06441783905029297,9.977222826308275e-20
0.0968942090708518,0.08847400748619647,0.09992801394210586,0.09355440360435802,0.12686896324157715,0.008126095866650477,0.008125689673477154,0.0722200870513916,9.977473561032037e-20
0.09689343866227504,0.08847384160713563,0.09992802070707335,0.09355526088282845,0.12552666664123535,0.00812568968246141,0.008125283510196368,0.06654715538024902,9.97772430104638e-20
0.09689266825162321,0.08847367573799932,0.09992802747183749,0.09355611807938218,0.11816573143005371,0.008125283518616326,0.008124877366810779,0.06449651718139648,9.977975071683525e-20
0.09689189783889796,0.08847350987878652,0.09992803423639829,0.09355697519403072,0.11932730674743652,0.00812487737511423,0.008124471243675657,0.0634307861328125,9.978225784387012e-20
0.09689112742410096,0.08847334402949616,0.09992804100075575,0.09355783222678556,0.12644600868225098,0.008124471251954455,0.008124065140435732,0.0676417350769043,9.978476495789351e-20
0.09689035700723395,0.08847317819012723,0.09992804776490988,0.09355868917765818,0.11665654182434082,0.008124065149137383,0.008123659057979182,0.06453323364257812,9.978727228143072e-20
0.09688958658829856,0.08847301236067869,0.09992805452886065,0.0935595460466601,0.124359130859375,0.008123659066661293,0.008123252995595465,0.06569218635559082,9.978977928821265e-20
0.09688881616729647,0.0884728465411495,0.09992806129260809,0.0935604028338029,0.11740541458129883,0.00812325300452613,0.008122846953995122,0.06388401985168457,9.979228590377288e-20
0.09688804574422931,0.08847268073153863,0.09992806805615219,0.09356125953909798,0.12773466110229492,0.008122846962728608,0.008122440932289976,0.06367301940917969,9.979479248709626e-20
0.0968872753190989,0.08847251493184506,0.09992807481949295,0.09356211616255687,0.12511157989501953,0.008122440941269654,0.00812203493119057,0.06535887718200684,9.979729936642566e-20
0.09688650489190682,0.08847234914206772,0.09992808158263036,0.0935629727041911,0.11783695220947266,0.008122034940147242,0.00812162895034163,0.06441020965576172,9.979980583246569e-20
0.09688573446265478,0.08847218336220561,0.09992808834556442,0.0935638291640121,0.11851668357849121,0.008121628959361353,0.008121222990276067,0.06437158584594727,9.980231271254234e-20
0.09688496403134444,0.08847201759225769,0.09992809510829516,0.09356468554203133,0.1279296875,0.0081212229989083,0.008120817050283335,0.06817460060119629,9.980481893790886e-20
0.0968841935979775,0.08847185183222292,0.09992810187082254,0.09356554183826031,0.11722850799560547,0.008120817058789694,0.008120411130541072,0.06469869613647461,9.980732515946256e-20
0.0968834231625556,0.08847168608210029,0.09992810863314658,0.09356639805271051,0.12633872032165527,0.008120411139003544,0.008120005231404548,0.06732630729675293,9.98098317782304e-20
0.09688265272508048,0.08847152034188874,0.09992811539526728,0.09356725418539343,0.12737679481506348,0.008120005239548509,0.008119599351985585,0.07086467742919922,9.981233749609771e-20
0.0968818822855538,0.08847135461158724,0.09992812215718462,0.09356811023632047,0.11357641220092773,0.008119599360423913,0.008119193492994725,0.06292581558227539,9.9814843345006e-20
0.09688111184397724,0.08847118889119478,0.09992812891889863,0.09356896620550319,0.12508606910705566,0.008119193501628402,0.008118787654609605,0.06607961654663086,9.98173494217422e-20
0.0968803414003525,0.08847102318071032,0.09992813568040927,0.09356982209295303,0.12027835845947266,0.008118787663161629,0.008118381836474953,0.06575775146484375,9.981985471957641e-20
0.09687957095468133,0.08847085748013282,0.09992814244171658,0.09357067789868147,0.11940741539001465,0.008118381845022235,0.008117976037880226,0.06505894660949707,9.982236069021478e-20
0.09687880050696532,0.08847069178946126,0.09992814920282055,0.09357153362269997,0.1270124912261963,0.008117976047211574,0.008117570260957052,0.06882572174072266,9.982486672969748e-20
0.09687803005720616,0.08847052610869463,0.09992815596372115,0.09357238926502,0.1132502555847168,0.00811757026972623,0.008117164503396168,0.06291055679321289,9.98273723517996e-20
0.09687725960540554,0.08847036043783187,0.09992816272441842,0.09357324482565302,0.1293022632598877,0.00811716451256491,0.00811675876697393,0.07043313980102539,9.982987725769347e-20
0.09687648915156516,0.08847019477687196,0.09992816948491233,0.09357410030461051,0.12779450416564941,0.00811675877572648,0.008116353050624525,0.06896686553955078,9.983238299260608e-20
0.09687571869568673,0.08847002912581386,0.09992817624520291,0.09357495570190393,0.11449313163757324,0.008116353059209653,0.008115947354347952,0.0628652572631836,9.983488783822056e-20
0.09687494823777185,0.08846986348465656,0.09992818300529012,0.09357581101754474,0.1251544952392578,0.008115947363015432,0.008115541678854754,0.06644272804260254,9.983739330979192e-20
0.09687417777782228,0.08846969785339902,0.09992818976517398,0.09357666625154437,0.11883664131164551,0.008115541687140095,0.008115136022901481,0.06627678871154785,9.983989764283758e-20
0.0968734073158397,0.08846953223204018,0.0999281965248545,0.0935775214039143,0.11994767189025879,0.008115136031584662,0.008114730388086855,0.06519770622253418,9.98424028730996e-20
0.0968726368518258,0.08846936662057904,0.09992820328433168,0.09357837647466596,0.12893438339233398,0.008114730396347034,0.008114324772812154,0.06900382041931152,9.984490809611572e-20
0.09687186638578227,0.08846920101901457,0.09992821004360548,0.09357923146381082,0.12459969520568848,0.00811432478142697,0.00811391917778792,0.06788015365600586,9.984741233301295e-20
0.09687109591771075,0.08846903542734573,0.09992821680267594,0.09358008637136035,0.1215660572052002,0.008113919186824777,0.00811351360407997,0.06409239768981934,9.984991718683578e-20
0.09687032544761301,0.08846886984557151,0.09992822356154306,0.09358094119732596,0.14266204833984375,0.00811351361253668,0.008113108049734308,0.07701373100280762,9.985242170405084e-20
0.09686955497549067,0.08846870427369087,0.09992823032020683,0.09358179594171911,0.1207571029663086,0.00811310805856376,0.008112702516704928,0.06369233131408691,9.985492632880927e-20
0.09686878450134548,0.08846853871170278,0.09992823707866724,0.09358265060455126,0.12302422523498535,0.008112702524902878,0.008112297002682567,0.0684196949005127,9.9857430586206e-20
0.09686801402517914,0.08846837315960622,0.09992824383692431,0.09358350518583386,0.11372566223144531,0.008112297011555455,0.008111891509621216,0.06347179412841797,9.985993451809484e-20
0.09686724354699328,0.08846820761740017,0.09992825059497802,0.09358435968557831,0.12463140487670898,0.008111891518519118,0.008111486037165605,0.06661152839660645,9.986243902127426e-20
0.09686647306678962,0.08846804208508358,0.0999282573528284,0.09358521410379604,0.11980366706848145,0.008111486045793538,0.008111080584249919,0.06732463836669922,9.986494318772938e-20
0.09686570258456982,0.08846787656265544,0.09992826411047541,0.09358606844049847,0.1253519058227539,0.008111080593376997,0.008110675152295244,0.06344342231750488,9.986744739805469e-20
0.0968649321003356,0.0884677110501147,0.09992827086791908,0.09358692269569706,0.1227269172668457,0.00811067516126946,0.008110269740591036,0.06638050079345703,9.986995139990766e-20
0.09686416161408863,0.08846754554746035,0.0999282776251594,0.09358777686940327,0.12090182304382324,0.00811026974946793,0.008109864349137297,0.06666779518127441,9.987245506502857e-20
0.09686339112583056,0.08846738005469137,0.09992828438219636,0.0935886309616285,0.11581993103027344,0.008109864357972632,0.008109458977934025,0.0638890266418457,9.987495884541134e-20
0.096862620635563,0.08846721457180673,0.09992829113902997,0.0935894849723842,0.12651658058166504,0.00810945898678204,0.008109053627514129,0.06826210021972656,9.987746198567393e-20
0.09686185014328773,0.08846704909880539,0.09992829789566024,0.09359033890168174,0.11440300941467285,0.008109053635894967,0.008108648296456522,0.0642695426940918,9.987996587642143e-20
0.09686107964900639,0.08846688363568633,0.09992830465208716,0.09359119274953247,0.12300825119018555,0.00810864830531222,0.008108242986537562,0.06673312187194824,9.98824689725678e-20
0.09686030915272065,0.08846671818244853,0.09992831140831072,0.09359204651594791,0.12637114524841309,0.008108242995030986,0.008107837696869069,0.0715036392211914,9.988497232144364e-20
0.0968595386544323,0.08846655273909096,0.09992831816433093,0.09359290020093947,0.1170506477355957,0.008107837705049598,0.008107432426918137,0.06486845016479492,9.988747533139068e-20
0.09685876815414295,0.08846638730561258,0.09992832492014779,0.09359375380451854,0.11748075485229492,0.008107432435369112,0.008107027177040038,0.06454777717590332,9.988997870136217e-20
0.09685799765185434,0.08846622188201239,0.09992833167576129,0.09359460732669654,0.12685203552246094,0.00810702718598788,0.008106621948300585,0.0687863826751709,9.989248169365824e-20
0.09685722714756806,0.08846605646828935,0.09992833843117144,0.0935954607674849,0.11319804191589355,0.008106621956904456,0.008106216739633965,0.0629265308380127,9.989498454368986e-20
0.09685645664128588,0.08846589106444246,0.09992834518637823,0.09359631412689502,0.12502789497375488,0.008106216748117819,0.008105811551040176,0.06652641296386719,9.989748733502839e-20
0.09685568613300945,0.08846572567047066,0.09992835194138168,0.09359716740493829,0.1208946704864502,0.008105811559627626,0.008105406383052127,0.06656956672668457,9.98999904087469e-20
0.09685491562274047,0.08846556028637294,0.09992835869618177,0.09359802060162609,0.12500715255737305,0.008105406391431882,0.008105001234604003,0.07271838188171387,9.990249295299673e-20
0.09685414511048061,0.08846539491214826,0.0999283654507785,0.09359887371696983,0.12328362464904785,0.008105001243530943,0.008104596106939255,0.06648683547973633,9.99049954515067e-20
0.09685337459623158,0.0884652295477956,0.09992837220517188,0.09359972675098095,0.12140321731567383,0.008104596115922786,0.008104191000057881,0.06642508506774902,9.990749811279849e-20
0.09685260407999503,0.08846506419331396,0.09992837895936192,0.09360057970367083,0.1161656379699707,0.008104191008606,0.008103785913071704,0.06328606605529785,9.990999994568486e-20
0.09685183356177272,0.08846489884870229,0.09992838571334858,0.09360143257505085,0.12605905532836914,0.008103785921580573,0.00810338084651363,0.06698751449584961,9.991250212458444e-20
0.09685106304156624,0.08846473351395957,0.0999283924671319,0.0936022853651324,0.11340165138244629,0.00810338085484444,0.008102975799850753,0.06325268745422363,9.991500443576961e-20
0.09685029251937734,0.08846456818908478,0.09992839922071185,0.09360313807392688,0.11812353134155273,0.00810297580839839,0.008102570773971252,0.06314277648925781,9.991750657541753e-20
0.09684952199520773,0.08846440287407689,0.09992840597408846,0.09360399070144565,0.12578034400939941,0.008102570782237924,0.00810216576780931,0.06730461120605469,9.992000873746195e-20
0.09684875146905907,0.08846423756893489,0.09992841272726172,0.0936048432477001,0.125166654586792,0.008102165776365466,0.008101760781897838,0.06415009498596191,9.9922510073819e-20
0.096847980940933,0.08846407227365773,0.09992841948023162,0.09360569571270164,0.11907339096069336,0.00810176079077934,0.008101355816414468,0.06310796737670898,9.992501211042173e-20
0.09684721041083127,0.0884639069882444,0.09992842623299816,0.09360654809646163,0.1264030933380127,0.008101355825478477,0.008100950871714474,0.06753063201904297,9.992751388219225e-20
0.09684643987875559,0.08846374171269387,0.09992843298556137,0.09360740039899143,0.11339616775512695,0.008100950880460202,0.00810054594673204,0.06341719627380371,9.993001506082027e-20
0.09684566934470756,0.08846357644700514,0.09992843973792122,0.09360825262030248,0.12071418762207031,0.008100545955724868,0.008100141042532982,0.0639796257019043,9.993251641731241e-20
0.09684489880868889,0.08846341119117716,0.09992844649007772,0.09360910476040615,0.12160372734069824,0.008100141051271352,0.008099736158584392,0.06711697578430176,9.993501833504058e-20
0.09684412827070131,0.08846324594520893,0.09992845324203087,0.09360995681931379,0.11727428436279297,0.00809973616709833,0.008099331294708634,0.06397485733032227,9.993751932287209e-20
0.09684335773074654,0.08846308070909943,0.09992845999378065,0.09361080879703677,0.1254746913909912,0.008099331303205545,0.008098926451083344,0.06712675094604492,9.994002057632984e-20
0.09684258718882617,0.08846291548284761,0.0999284667453271,0.0936116606935865,0.12704873085021973,0.00809892645959093,0.008098521627886157,0.06837058067321777,9.994252166369646e-20
0.09684181664494197,0.08846275026645246,0.0999284734966702,0.0936125125089743,0.11585712432861328,0.008098521636253783,0.008098116824761803,0.06347274780273438,9.994502262491321e-20
0.09684104609909555,0.08846258505991299,0.09992848024780993,0.09361336424321154,0.12586617469787598,0.008098116833193777,0.008097712042420824,0.0662844181060791,9.99475237866505e-20
0.09684027555128864,0.08846241986322814,0.09992848699874632,0.09361421589630958,0.11833834648132324,0.00809771205040784,0.008097307279442134,0.0646977424621582,9.995002443457736e-20
0.09683950500152291,0.08846225467639691,0.09992849374947936,0.09361506746827976,0.11980986595153809,0.008097307287897704,0.008096902536713912,0.0641014575958252,9.995252556254426e-20
0.09683873444980007,0.08846208949941828,0.09992850050000905,0.09361591895913342,0.1274886131286621,0.008096902545662083,0.008096497814769066,0.06821966171264648,9.995502589133173e-20
0.09683796389612176,0.0884619243322912,0.09992850725033539,0.09361677036888191,0.12775468826293945,0.008096497823698492,0.008096093113607594,0.06980490684509277,9.995752625407314e-20
0.09683719334048972,0.08846175917501468,0.09992851400045838,0.09361762169753665,0.12030029296875,0.008096093122005887,0.008095688432163684,0.06431126594543457,9.996002675292533e-20
0.0968364227829056,0.08846159402758767,0.09992852075037802,0.09361847294510899,0.12076401710510254,0.008095688440583665,0.008095283771147876,0.06281733512878418,9.996252670529611e-20
0.09683565222337116,0.08846142889000916,0.0999285275000943,0.09361932411161027,0.12570786476135254,0.008095283779430137,0.008094879129316723,0.06943345069885254,9.996502697414136e-20
0.09683488166188806,0.08846126376227814,0.09992853424960724,0.0936201751970518,0.12606191635131836,0.008094879138547995,0.00809447450933476,0.06814360618591309,9.996752728601216e-20
0.09683411109845795,0.08846109864439358,0.09992854099891682,0.09362102620144494,0.1260979175567627,0.00809447451793149,0.008094069909247992,0.0665750503540039,9.997002688004749e-20
0.09683334053308254,0.08846093353635447,0.09992854774802305,0.09362187712480105,0.1266005039215088,0.008094069917581567,0.00809366532870115,0.06711316108703613,9.997252714813797e-20
0.09683256996576359,0.08846076843815978,0.09992855449692593,0.09362272796713149,0.13264894485473633,0.008093665337497327,0.008093260768760047,0.0722341537475586,9.997502714387968e-20
0.09683179939650277,0.08846060334980851,0.09992856124562548,0.09362357872844757,0.1285245418548584,0.008093260777677682,0.008092856229779954,0.06847143173217773,9.99775268806587e-20
0.09683102882530173,0.08846043827129962,0.09992856799412166,0.09362442940876063,0.12602519989013672,0.00809285623812026,0.008092451710162152,0.06795716285705566,9.998002628928497e-20
0.09683025825216217,0.08846027320263211,0.09992857474241448,0.09362528000808196,0.12561249732971191,0.008092451718826056,0.008092047211150089,0.06711983680725098,9.998252589089357e-20
0.09682948767708584,0.08846010814380495,0.09992858149050397,0.09362613052642292,0.12722134590148926,0.008092047219793438,0.008091642732566129,0.06736111640930176,9.998502539988438e-20
0.09682871710007428,0.08845994309481711,0.09992858823839011,0.09362698096379486,0.13321638107299805,0.008091642741020335,0.008091238273877366,0.07174921035766602,9.998752463788564e-20
0.09682794652112922,0.08845977805566758,0.0999285949860729,0.09362783132020905,0.12529492378234863,0.00809123828250682,0.008090833835261435,0.06848788261413574,9.99900242024145e-20
0.09682717594025239,0.08845961302635535,0.09992860173355234,0.09362868159567683,0.1244819164276123,0.008090833844252502,0.008090429417606515,0.06824755668640137,9.999252313703591e-20
0.09682640535744542,0.08845944800687941,0.09992860848082842,0.09362953179020951,0.12627315521240234,0.008090429426254951,0.008090025019669156,0.06986761093139648,9.999502249645707e-20
0.09682563477271008,0.08845928299723871,0.09992861522790117,0.09363038190381845,0.126800537109375,0.008090025028514533,0.008089620641982265,0.07008171081542969,9.999752156995276e-20
0.09682486418604802,0.08845911799743225,0.09992862197477057,0.09363123193651494,0.1266307830810547,0.008089620651029647,0.008089216285256384,0.06807804107666016,1.000000198982794e-19
0.09682409359746097,0.08845895300745901,0.09992862872143661,0.09363208188831032,0.1255497932434082,0.008089216293798147,0.0080888119484257,0.06784462928771973,1.0000251855736184e-19
0.09682332300695051,0.08845878802731798,0.0999286354678993,0.09363293175921586,0.12599492073059082,0.008088811956819026,0.008088407631667849,0.06731700897216797,1.0000501737774018e-19
0.09682255241451841,0.08845862305700812,0.09992864221415866,0.09363378154924291,0.12720942497253418,0.008088407640093016,0.008088003334627558,0.0690603256225586,1.0000751585779422e-19
0.09682178182016635,0.08845845809652843,0.09992864896021467,0.09363463125840277,0.12636947631835938,0.008088003343618458,0.008087599058548278,0.06928062438964844,1.0001001467063574e-19
0.09682101122389605,0.08845829314587787,0.09992865570606732,0.09363548088670672,0.13225030899047852,0.008087599067393578,0.008087194802719466,0.07589197158813477,1.0001251355650515e-19
0.09682024062570915,0.08845812820505546,0.09992866245171664,0.09363633043416614,0.12548041343688965,0.008087194811419071,0.00808679056678585,0.06599164009094238,1.0001501113861116e-19
0.09681947002560738,0.08845796327406015,0.0999286691971626,0.09363717990079226,0.12569785118103027,0.008086790575692606,0.00808638635163561,0.06687188148498535,1.0001750942838026e-19
0.09681869942359242,0.08845779835289094,0.09992867594240523,0.0936380292865964,0.12691950798034668,0.008086386360212413,0.008085982156380567,0.06816434860229492,1.000200074173326e-19
0.09681792881966593,0.08845763344154682,0.09992868268744452,0.09363887859158988,0.12793660163879395,0.008085982164978574,0.00808557798102072,0.06964588165283203,1.0002250556055581e-19
0.09681715821382961,0.08845746854002678,0.09992868943228046,0.09363972781578396,0.12840008735656738,0.008085577989990397,0.008085173826266612,0.0700840950012207,1.0002500369387796e-19
0.09681638760608517,0.0884573036483298,0.09992869617691306,0.09364057695919,0.1306302547454834,0.008085173835246165,0.008084769692118243,0.06557202339172363,1.0002750126922182e-19
0.0968156169964343,0.08845713876645483,0.09992870292134232,0.09364142602181923,0.12534046173095703,0.008084769700744185,0.008084365578220343,0.06550717353820801,1.0002999916001867e-19
0.0968148463848787,0.0884569738944009,0.09992870966556823,0.09364227500368294,0.12895464897155762,0.008084365586484153,0.008083961484217639,0.06779122352600098,1.0003249699570031e-19
0.09681407577142001,0.08845680903216695,0.0999287164095908,0.09364312390479251,0.1297917366027832,0.00808396149246533,0.008083557410465403,0.06879305839538574,1.000349942404546e-19
0.09681330515605996,0.08845664417975199,0.09992872315341002,0.09364397272515923,0.1223750114440918,0.008083557418685392,0.008083153356075456,0.06641864776611328,1.0003749178599938e-19
0.09681253453880026,0.08845647933715502,0.09992872989702589,0.09364482146479428,0.1310877799987793,0.008083153365147061,0.008082749323357064,0.07366800308227539,1.0003998865118084e-19
0.09681176391964257,0.08845631450437501,0.09992873664043844,0.09364567012370895,0.12946772575378418,0.008082749331844904,0.00808234531000096,0.06861019134521484,1.0004248597007955e-19
0.09681099329858855,0.08845614968141093,0.09992874338364764,0.09364651870191451,0.12188029289245605,0.008082345318781263,0.008081941317428232,0.0663442611694336,1.0004498308209649e-19
0.09681022267563998,0.08845598486826177,0.0999287501266535,0.09364736719942231,0.12256312370300293,0.008081941325953466,0.008081537344573064,0.06510400772094727,1.0004748017563379e-19
0.09680945205079852,0.08845582006492653,0.09992875686945601,0.09364821561624356,0.1287837028503418,0.008081537353360486,0.008081133392323636,0.06950020790100098,1.0004997708933233e-19
0.09680868142406589,0.0884556552714042,0.0999287636120552,0.09364906395238957,0.12325358390808105,0.008081133401001996,0.008080729460679947,0.0673520565032959,1.0005247465424958e-19
0.09680791079544375,0.08845549048769373,0.09992877035445104,0.09364991220787164,0.1314990520477295,0.008080729468874906,0.00808032554875382,0.07008886337280273,1.0005497060106681e-19
0.09680714016493379,0.08845532571379414,0.09992877709664354,0.09365076038270097,0.12597250938415527,0.008080325556979587,0.008079921656900524,0.06818008422851562,1.0005746766946419e-19
0.0968063695325377,0.08845516094970442,0.09992878383863268,0.09365160847688889,0.11887288093566895,0.008079921665315393,0.00807951778512006,0.06449294090270996,1.0005996422811199e-19
0.09680559889825718,0.08845499619542355,0.09992879058041851,0.09365245649044668,0.1271803379058838,0.008079517793881648,0.008079113933945337,0.06920671463012695,1.0006246042453953e-19
0.09680482826209387,0.08845483145095052,0.09992879732200098,0.09365330442338557,0.12438464164733887,0.008079113942677262,0.008078710102843445,0.06790757179260254,1.0006495671321699e-19
0.0968040576240495,0.0884546667162843,0.09992880406338013,0.09365415227571684,0.12170672416687012,0.008078710111701009,0.008078306291814386,0.06474947929382324,1.0006745343158643e-19
0.09680328698412577,0.08845450199142389,0.09992881080455594,0.09365500004745173,0.12989282608032227,0.008078306300951786,0.008077902501746337,0.06850576400756836,1.000699496544441e-19
0.09680251634232438,0.08845433727636827,0.09992881754552842,0.0936558477386015,0.12774276733398438,0.008077902510427889,0.008077498731395849,0.06508564949035645,1.0007244541736197e-19
0.09680174569864702,0.08845417257111644,0.09992882428629755,0.09365669534917742,0.12645530700683594,0.008077498740128374,0.00807709498129583,0.06834983825683594,1.0007494140700843e-19
0.09680097505309544,0.0884540078756674,0.09992883102686335,0.09365754287919076,0.11723923683166504,0.008077094990053175,0.008076691251979184,0.06384801864624023,1.0007743737860026e-19
0.09680020440567126,0.08845384319002011,0.09992883776722583,0.0936583903286527,0.12897396087646484,0.00807669126019988,0.008076287541847194,0.06861400604248047,1.00079933272463e-19
0.09679943375637622,0.08845367851417357,0.09992884450738496,0.09365923769757453,0.11971879005432129,0.008076287550569319,0.008075883852676213,0.06621122360229492,1.0008242928446756e-19
0.09679866310521196,0.08845351384812677,0.09992885124734076,0.0936600849859675,0.12856674194335938,0.008075883861158659,0.008075480183222794,0.06856608390808105,1.0008492432757534e-19
0.09679789245218012,0.0884533491918787,0.09992885798709322,0.09366093219384283,0.1279592514038086,0.008075480191968258,0.008075076534019843,0.07307815551757812,1.0008742007227962e-19
0.09679712179728248,0.08845318454542833,0.09992886472664235,0.09366177932121175,0.1300034523010254,0.008075076542997857,0.008074672905600266,0.06847906112670898,1.0008991532239055e-19
0.0967963511405207,0.08845301990877466,0.09992887146598815,0.09366262636808556,0.11870479583740234,0.00807467291424264,0.008074269297431158,0.06559562683105469,1.0009241079837579e-19
0.09679558048189643,0.08845285528191668,0.09992887820513063,0.09366347333447546,0.1265864372253418,0.008074269305703957,0.008073865708446704,0.0696420669555664,1.0009490587341521e-19
0.09679480982141139,0.08845269066485338,0.09992888494406978,0.0936643202203927,0.11929178237915039,0.008073865717382249,0.008073462140245624,0.06541800498962402,1.0009740081598232e-19
0.0967940391590673,0.08845252605758376,0.09992889168280558,0.0936651670258485,0.1292428970336914,0.00807346214927643,0.008073058592472648,0.06940698623657227,1.0009989541586383e-19
0.09679326849486583,0.0884523614601068,0.09992889842133806,0.09366601375085407,0.11793947219848633,0.008073058601383413,0.008072655064417233,0.0641484260559082,1.0010239102229692e-19
0.0967924978288087,0.08845219687242148,0.09992890515966721,0.09366686039542069,0.12767910957336426,0.008072655073705314,0.008072251557855736,0.06805825233459473,1.0010488616938443e-19
0.0967917271608976,0.08845203229452682,0.09992891189779302,0.09366770695955956,0.12192583084106445,0.008072251566235597,0.008071848070301257,0.06725335121154785,1.0010738066258853e-19
0.09679095649113424,0.08845186772642177,0.09992891863571551,0.09366855344328191,0.1200721263885498,0.008071848078977437,0.008071444603174882,0.06493496894836426,1.0010987524419276e-19
0.0967901858195203,0.08845170316810534,0.09992892537343467,0.09366939984659892,0.12466073036193848,0.008071444611929383,0.008071041156831882,0.06701111793518066,1.0011236991438662e-19
0.09678941514605749,0.08845153861957653,0.0999289321109505,0.09367024616952183,0.12030935287475586,0.008071041165088716,0.008070637729673535,0.06486701965332031,1.0011486419049821e-19
0.09678864447074746,0.0884513740808343,0.099928938848263,0.09367109241206192,0.1278998851776123,0.008070637738456543,0.0080702343234762,0.06913614273071289,1.0011735822314487e-19
0.09678787379359194,0.08845120955187767,0.09992894558537217,0.09367193857423035,0.11926865577697754,0.008070234332030449,0.00806983093717406,0.06480908393859863,1.0011985277757205e-19
0.0967871031145926,0.08845104503270562,0.09992895232227803,0.09367278465603834,0.12573814392089844,0.008069830945809448,0.008069427571477661,0.06701374053955078,1.0012234677981674e-19
0.09678633243375111,0.08845088052331715,0.09992895905898055,0.09367363065749716,0.12541985511779785,0.008069427579792815,0.008069024225498822,0.06817984580993652,1.0012484136646977e-19
0.09678556175106914,0.08845071602371123,0.09992896579547975,0.093674476578618,0.11587071418762207,0.008069024233980225,0.008068620899592815,0.06345272064208984,1.0012733501396148e-19
0.09678479106654846,0.08845055153388685,0.09992897253177563,0.09367532241941201,0.12783122062683105,0.00806862090837077,0.008068217594114913,0.0670785903930664,1.0012982904026116e-19
0.09678402038019071,0.08845038705384303,0.09992897926786817,0.09367616817989044,0.1190338134765625,0.008068217602962323,0.008067814308887478,0.06519412994384766,1.001323224272922e-19
0.09678324969199759,0.08845022258357875,0.09992898600375741,0.09367701386006454,0.12151098251342773,0.008067814317754898,0.00806741104391051,0.06572866439819336,1.0013481623813867e-19
0.09678247900197086,0.08845005812309298,0.09992899273944332,0.09367785945994545,0.1283409595489502,0.008067411052748153,0.008067007799184012,0.06950163841247559,1.0013730998081755e-19
0.09678170831011214,0.08844989367238472,0.09992899947492591,0.09367870497954435,0.1151115894317627,0.008067007807938398,0.008066604574530345,0.06478452682495117,1.0013980353986065e-19
0.09678093761642319,0.08844972923145297,0.09992900621020517,0.09367955041887248,0.1305389404296875,0.008066604583326612,0.008066201370127146,0.06463837623596191,1.0014229679089857e-19
0.09678016692090569,0.08844956480029674,0.09992901294528113,0.093680395777941,0.12911772727966309,0.008066201378911455,0.008065798186329687,0.0671532154083252,1.0014479031893088e-19
0.09677939622356126,0.088449400378915,0.09992901968015376,0.09368124105676119,0.12035536766052246,0.008065798194690877,0.008065395022072153,0.06717109680175781,1.001472835403266e-19
0.09677862552439166,0.08844923596730674,0.09992902641482308,0.09368208625534419,0.11837482452392578,0.008065395030665602,0.008064991878420358,0.0636286735534668,1.0014977645174964e-19
0.0967778548233986,0.08844907156547095,0.09992903314928908,0.09368293137370119,0.1269545555114746,0.008064991886832547,0.00806458875466376,0.06746625900268555,1.0015226945926257e-19
0.09677708412058375,0.08844890717340663,0.09992903988355176,0.0936837764118434,0.11951899528503418,0.008064588763193083,0.008064185651335265,0.06753396987915039,1.0015476227084584e-19
0.0967763134159488,0.08844874279111278,0.09992904661761112,0.09368462136978194,0.11706709861755371,0.008064185659743203,0.008063782567724331,0.06298470497131348,1.001572550994414e-19
0.09677554270949544,0.08844857841858841,0.09992905335146716,0.09368546624752806,0.13184309005737305,0.008063782576485544,0.008063379504541501,0.07311058044433594,1.0015974771811434e-19
0.09677477200122538,0.08844841405583251,0.0999290600851199,0.09368631104509294,0.12758207321166992,0.008063379513417464,0.00806297646196441,0.06818532943725586,1.0016224048034168e-19
0.09677400129114026,0.08844824970284404,0.09992906681856932,0.0936871557624877,0.11885404586791992,0.008062976470537253,0.008062573438571974,0.06592035293579102,1.001647331402995e-19
0.09677323057924181,0.08844808535962202,0.09992907355181543,0.09368800039972354,0.11635732650756836,0.008062573447846253,0.008062170437206362,0.06321954727172852,1.0016722562221334e-19
0.09677245986553167,0.08844792102616544,0.09992908028485822,0.09368884495681162,0.1256558895111084,0.008062170445337705,0.008061767454492497,0.06509542465209961,1.0016971797259088e-19
0.09677168915001162,0.08844775670247329,0.0999290870176977,0.09368968943376318,0.12457776069641113,0.00806176746301566,0.00806136449238437,0.06926727294921875,1.0017220977031491e-19
0.09677091843268333,0.08844759238854458,0.09992909375033387,0.0936905338305894,0.11569380760192871,0.008061364500878068,0.008060961550526713,0.06426072120666504,1.0017470234980216e-19
0.09677014771354851,0.08844742808437828,0.09992910048276674,0.0936913781473014,0.12038373947143555,0.00806096155892463,0.008060558628386616,0.06408858299255371,1.0017719441822173e-19
0.09676937699260885,0.08844726378997338,0.09992910721499627,0.09369222238391035,0.13098549842834473,0.008060558637153976,0.008060155726852258,0.07228207588195801,1.0017968615797637e-19
0.09676860626986597,0.0884470995053289,0.09992911394702252,0.0936930665404274,0.12632513046264648,0.008060155735563436,0.008059752845213097,0.06722807884216309,1.0018217779656381e-19
0.09676783554532162,0.08844693523044383,0.09992912067884545,0.09369391061686373,0.11873435974121094,0.008059752854153753,0.008059349984712583,0.06733250617980957,1.0018466950435709e-19
0.09676706481897751,0.08844677096531717,0.09992912741046507,0.09369475461323047,0.11451125144958496,0.00805934999292202,0.008058947143219086,0.06321072578430176,1.0018716166198647e-19
0.09676629409083537,0.08844660670994789,0.09992913414188138,0.09369559852953879,0.11895298957824707,0.008058947151869097,0.008058544322508965,0.06318902969360352,1.001896530042082e-19
0.09676552336089686,0.08844644246433499,0.09992914087309439,0.09369644236579988,0.12603282928466797,0.008058544330993869,0.008058141521161133,0.06686234474182129,1.0019214424693805e-19
0.0967647526291637,0.0884462782284775,0.09992914760410408,0.09369728612202485,0.12457537651062012,0.008058141530295103,0.008057738741307219,0.06959056854248047,1.0019463608085893e-19
0.09676398189563756,0.08844611400237441,0.09992915433491047,0.09369812979822491,0.11574411392211914,0.008057738749770673,0.00805733598099323,0.06478309631347656,1.0019712700719669e-19
0.09676321116032018,0.08844594978602469,0.09992916106551356,0.09369897339441118,0.12211251258850098,0.00805733598942086,0.008056933240396802,0.06348371505737305,1.0019961850192499e-19
0.09676244042321316,0.08844578557942732,0.09992916779591335,0.09369981691059481,0.12222170829772949,0.00805693324924446,0.008056530520761385,0.0627601146697998,1.0020210961334834e-19
0.09676166968431821,0.08844562138258134,0.09992917452610983,0.09370066034678698,0.12319087982177734,0.00805653052923938,0.008056127820843528,0.0645296573638916,1.002046007109587e-19
0.09676089894363706,0.08844545719548572,0.09992918125610302,0.09370150370299879,0.12726283073425293,0.008056127829405998,0.008055725140998504,0.06836724281311035,1.0020709143635196e-19
0.09676012820117143,0.08844529301813947,0.09992918798589291,0.09370234697924139,0.11769795417785645,0.008055725149742947,0.00805532248175922,0.06619906425476074,1.002095825482526e-19
0.09675935745692298,0.0884451288505416,0.09992919471547951,0.0937031901755259,0.11654806137084961,0.008055322490248809,0.008054919842237496,0.06474184989929199,1.0021207272805891e-19
0.09675858671089337,0.08844496469269106,0.09992920144486281,0.0937040332918635,0.11738276481628418,0.008054919850923364,0.008054517223499147,0.0633077621459961,1.0021456355170968e-19
0.09675781596308429,0.0884448005445869,0.09992920817404281,0.09370487632826531,0.12607455253601074,0.008054517231764797,0.00805411462359018,0.0671083927154541,1.0021705411857591e-19
0.09675704521349754,0.08844463640622807,0.09992921490301951,0.09370571928474242,0.12467575073242188,0.008054114632772912,0.008053712044997496,0.06946563720703125,1.0021954441345653e-19
0.09675627446213474,0.08844447227761361,0.09992922163179292,0.09370656216130602,0.1264033317565918,0.008053712053946963,0.008053309486832916,0.07000946998596191,1.0022203450351738e-19
0.09675550370899763,0.0884443081587425,0.09992922836036304,0.09370740495796714,0.1165151596069336,0.008053309495283219,0.008052906948563532,0.06570172309875488,1.0022452483821098e-19
0.0967547329540879,0.08844414404961375,0.09992923508872986,0.09370824767473694,0.11428499221801758,0.00805290695678134,0.008052504429656437,0.06344413757324219,1.0022701499659934e-19
0.0967539621974073,0.08844397995022633,0.09992924181689339,0.09370909031162658,0.1183176040649414,0.008052504438442737,0.008052101932065625,0.06425762176513672,1.0022950487990142e-19
0.09675319143895747,0.08844381586057927,0.09992924854485362,0.09370993286864712,0.12250041961669922,0.0080521019402643,0.008051699454014738,0.06414985656738281,1.002319952210452e-19
0.09675242067874008,0.08844365178067155,0.09992925527261057,0.09371077534580975,0.12680578231811523,0.008051699462246393,0.008051296996214319,0.06821680068969727,1.002344848013527e-19
0.09675164991675689,0.08844348771050217,0.09992926200016422,0.09371161774312554,0.11887049674987793,0.008051297004386693,0.008050894558309096,0.06746697425842285,1.0023697423466951e-19
0.09675087915300949,0.08844332365007014,0.09992926872751458,0.09371246006060562,0.11678504943847656,0.008050894566685177,0.008050492140654342,0.06517577171325684,1.0023946403144487e-19
0.09675010838749974,0.08844315959937445,0.09992927545466165,0.09371330229826112,0.11583113670349121,0.00805049214914085,0.00805008974342769,0.0639657974243164,1.0024195363297055e-19
0.09674933762022926,0.08844299555841409,0.09992928218160545,0.09371414445610313,0.1269242763519287,0.008050089751753012,0.008049687365385694,0.06322240829467773,1.002444433059524e-19
0.0967485668511997,0.08844283152718807,0.09992928890834595,0.09371498653414276,0.11625790596008301,0.008049687374521726,0.008049285008837614,0.06252717971801758,1.0024693266697453e-19
0.09674779608041276,0.08844266750569539,0.09992929563488315,0.09371582853239113,0.11854410171508789,0.008049285017442854,0.00804888267182946,0.06256628036499023,1.0024942165462223e-19
0.09674702530787022,0.08844250349393505,0.09992930236121707,0.09371667045085932,0.1222543716430664,0.008048882680517462,0.008048480355071774,0.06352543830871582,1.0025191133970231e-19
0.09674625453357374,0.08844233949190605,0.0999293090873477,0.09371751228955846,0.127943754196167,0.008048480363743516,0.008048078058564556,0.06665849685668945,1.0025440005239969e-19
0.096745483757525,0.0884421754996074,0.09992931581327505,0.09371835404849962,0.12160825729370117,0.008048078067121326,0.008047675781774899,0.06880903244018555,1.0025688905708965e-19
0.09674471297972574,0.0884420115170381,0.09992932253899912,0.093719195727694,0.1181650161743164,0.008047675790649248,0.00804727352523571,0.0669407844543457,1.0025937811349994e-19
0.0967439422001776,0.08844184754419714,0.0999293292645199,0.09372003732715263,0.11504817008972168,0.008047273534325942,0.008046871289479895,0.0642695426940918,1.0026186698411262e-19
0.09674317141888224,0.08844168358108352,0.0999293359898374,0.0937208788468866,0.11654114723205566,0.00804687129815035,0.008046469073441642,0.06399369239807129,1.002643554556894e-19
0.09674240063584139,0.08844151962769624,0.09992934271495162,0.09372172028690703,0.1279287338256836,0.00804646908212149,0.008046066877653857,0.06378030776977539,1.0026684393873721e-19
0.0967416298510568,0.08844135568403429,0.09992934943986255,0.09372256164722503,0.11782598495483398,0.008046066886237685,0.008045664701938904,0.06503701210021973,1.002693327272005e-19
0.09674085906453012,0.08844119175009668,0.09992935616457022,0.09372340292785167,0.11872506141662598,0.008045664710499612,0.008045262546119147,0.06399917602539062,1.0027182099140129e-19
0.09674008827626301,0.08844102782588244,0.0999293628890746,0.09372424412879804,0.1221461296081543,0.008045262554905248,0.008044860411260402,0.0631401538848877,1.0027430958416561e-19
0.09673931748625728,0.08844086391139053,0.0999293696133757,0.09372508525007521,0.12592172622680664,0.008044860419452151,0.008044458295231038,0.06431722640991211,1.002767976677309e-19
0.09673854669451454,0.08844070000661997,0.09992937633747354,0.09372592629169424,0.12407493591308594,0.00804445830414284,0.008044056200162686,0.06807947158813477,1.0027928582621306e-19
0.09673777590103654,0.08844053611156975,0.09992938306136809,0.09372676725366619,0.12162423133850098,0.008044056208973858,0.008043654125344801,0.06919407844543457,1.0028177341800033e-19
0.09673700510582495,0.0884403722262389,0.09992938978505937,0.09372760813600219,0.11653470993041992,0.008043654133945798,0.008043252070777385,0.06717777252197266,1.0028426172052399e-19
0.09673623430888145,0.08844020835062641,0.09992939650854739,0.09372844893871334,0.11635160446166992,0.008043252079055038,0.008042850035927529,0.06487822532653809,1.0028674948225458e-19
0.09673546351020784,0.08844004448473128,0.09992940323183212,0.09372928966181067,0.12600350379943848,0.00804285004430263,0.008042448021150506,0.06916451454162598,1.0028923708347543e-19
0.09673469270980568,0.08843988062855253,0.09992940995491359,0.09373013030530526,0.11731410026550293,0.008042448029687182,0.008042046026091043,0.06697273254394531,1.002917252699723e-19
0.0967339219076767,0.08843971678208913,0.09992941667779179,0.09373097086920817,0.1169281005859375,0.00804204603520778,0.008041644052525498,0.06595921516418457,1.002942122390502e-19
0.09673315110382268,0.08843955294534009,0.09992942340046672,0.09373181135353047,0.11615419387817383,0.008041644060862227,0.008041242098144608,0.06441426277160645,1.0029670001797143e-19
0.09673238029824517,0.08843938911830443,0.09992943012293838,0.09373265175828321,0.11499881744384766,0.008041242106650592,0.008040840163836549,0.06316375732421875,1.0029918728760914e-19
0.09673160949094599,0.08843922530098114,0.09992943684520676,0.09373349208347748,0.11690521240234375,0.008040840172571607,0.008040438250489501,0.06416082382202148,1.0030167491960746e-19
0.09673083868192683,0.08843906149336923,0.09992944356727189,0.0937343323291243,0.11667609214782715,0.008040438258623122,0.008040036355438929,0.06302905082702637,1.0030416154120585e-19
0.09673006787118935,0.0884388976954677,0.09992945028913373,0.0937351724952348,0.11794805526733398,0.008040036364809329,0.008039634482770452,0.06346893310546875,1.0030664837414788e-19
0.09672929705873518,0.08843873390727557,0.09992945701079231,0.09373601258182002,0.1195230484008789,0.008039634491121677,0.008039232629108994,0.06263351440429688,1.003091355483162e-19
0.09672852624456607,0.08843857012879182,0.09992946373224763,0.09373685258889104,0.12232708930969238,0.008039232637563586,0.008038830795698004,0.06331181526184082,1.003116227784054e-19
0.0967277554286838,0.08843840636001546,0.09992947045349969,0.09373769251645887,0.11366820335388184,0.008038830804133073,0.008038428982537482,0.06354045867919922,1.0031410939931193e-19
0.09672698461109003,0.0884382426009455,0.09992947717454849,0.09373853236453455,0.11441779136657715,0.008038428990828697,0.008038027189805064,0.06280660629272461,1.0031659621510326e-19
0.0967262137917865,0.08843807885158095,0.09992948389539402,0.09373937213312918,0.11565756797790527,0.008038027197649178,0.008037625415902028,0.06308770179748535,1.0031908311886528e-19
0.09672544297077483,0.08843791511192081,0.0999294906160363,0.09374021182225377,0.1142277717590332,0.00803762542459555,0.008037223663137638,0.06274986267089844,1.0032156936823782e-19
0.09672467214805676,0.08843775138196407,0.09992949733647533,0.09374105143191938,0.11466813087463379,0.008037223671665466,0.008036821930268445,0.06292390823364258,1.0032405548125935e-19
0.09672390132363395,0.08843758766170974,0.09992950405671108,0.09374189096213706,0.11422324180603027,0.008036821938858877,0.00803642021764972,0.06263303756713867,1.0032654186540596e-19
0.09672313049750819,0.08843742395115682,0.09992951077674359,0.09374273041291792,0.1151123046875,0.008036420226174446,0.008036018525103827,0.06292915344238281,1.0032902823130739e-19
0.09672235966968112,0.08843726025030434,0.09992951749657283,0.09374356978427294,0.11475181579589844,0.008036018533609775,0.008035616852986038,0.06269645690917969,1.0033151414546142e-19
0.09672158884015439,0.08843709655915129,0.09992952421619883,0.09374440907621308,0.11467814445495605,0.00803561686116356,0.008035215200408174,0.06308126449584961,1.0033400050461353e-19
0.09672081800892972,0.08843693287769668,0.09992953093562155,0.09374524828874942,0.11431884765625,0.008035215208836833,0.008034813567725507,0.06263446807861328,1.003364859078022e-19
0.09672004717600882,0.0884367692059395,0.09992953765484104,0.09374608742189301,0.11544656753540039,0.008034813576627617,0.00803441195600385,0.06308770179748535,1.0033897211968105e-19
0.0967192763413934,0.08843660554387878,0.09992954437385727,0.09374692647565487,0.11417508125305176,0.008034411964535098,0.00803401036382212,0.06277871131896973,1.0034145782286792e-19
0.09671850550508516,0.08843644189151352,0.09992955109267025,0.09374776545004604,0.11455011367797852,0.008034010372558745,0.008033608792423763,0.06280851364135742,1.0034394338047171e-19
0.09671773466708583,0.08843627824884273,0.09992955781127999,0.09374860434507752,0.11495304107666016,0.008033608800696116,0.008033207240387696,0.0625457763671875,1.0034642871974875e-19
0.0967169638273971,0.0884361146158654,0.09992956452968649,0.09374944316076031,0.11528754234313965,0.00803320724894758,0.008032805708779733,0.06277608871459961,1.0034891431583903e-19
0.09671619298602063,0.08843595099258054,0.09992957124788973,0.09375028189710545,0.11401939392089844,0.008032805717312469,0.008032404197244603,0.06279969215393066,1.0035139963124974e-19
0.09671542214295817,0.08843578737898716,0.09992957796588972,0.09375112055412396,0.11517620086669922,0.008032404205788076,0.00803200270595994,0.06279444694519043,1.0035388446827642e-19
0.09671465129821136,0.08843562377508428,0.09992958468368647,0.09375195913182689,0.11457467079162598,0.00803200271437406,0.008031601234570473,0.06268572807312012,1.0035637002554166e-19
0.09671388045178199,0.08843546018087088,0.09992959140127998,0.09375279763022529,0.1153721809387207,0.008031601243070771,0.00803119978325384,0.06305122375488281,1.003588555539231e-19
0.09671310960367174,0.088435296596346,0.09992959811867025,0.0937536360493301,0.11388993263244629,0.008031199791875216,0.008030798352187674,0.0627741813659668,1.0036134040962713e-19
0.09671233875388234,0.08843513302150863,0.09992960483585728,0.09375447438915238,0.11567115783691406,0.008030798360786696,0.008030396941016704,0.06268548965454102,1.0036382472458418e-19
0.09671156790241552,0.08843496945635777,0.09992961155284105,0.09375531264970315,0.11468625068664551,0.008030396949804518,0.008029995550451474,0.06266140937805176,1.0036631009592889e-19
0.09671079704927285,0.08843480590089245,0.0999296182696216,0.09375615083099338,0.11470437049865723,0.008029995558927732,0.00802959417942617,0.06279277801513672,1.0036879456000893e-19
0.09671002619445611,0.08843464235511167,0.0999296249861989,0.09375698893303412,0.11473369598388672,0.008029594188156245,0.008029192828828968,0.06267070770263672,1.0037127907385872e-19
0.09670925533796697,0.08843447881901442,0.09992963170257295,0.09375782695583637,0.11535143852233887,0.008029192837487409,0.0080287914983046,0.06283974647521973,1.0037376367947031e-19
0.09670848447980708,0.08843431529259972,0.09992963841874378,0.09375866489941106,0.11465573310852051,0.008028791506921271,0.008028390187675427,0.06305837631225586,1.003762481613695e-19
0.0967077136199782,0.08843415177586658,0.09992964513471136,0.0937595027637693,0.11405062675476074,0.008028390196456167,0.008027988897296723,0.06296992301940918,1.0037873231598281e-19
0.09670694275848198,0.08843398826881399,0.09992965185047573,0.09376034054892204,0.11480188369750977,0.008027988906092971,0.008027587627346122,0.06247997283935547,1.003812162115259e-19
0.09670617189532016,0.08843382477144099,0.09992965856603685,0.09376117825488026,0.11509299278259277,0.008027587635828398,0.008027186377113082,0.062774658203125,1.0038370053457108e-19
0.09670540103049444,0.08843366128374658,0.09992966528139473,0.09376201588165495,0.1144106388092041,0.00802718638566248,0.008026785146952875,0.06261539459228516,1.0038618417046214e-19
0.09670463016400653,0.08843349780572977,0.09992967199654938,0.0937628534292571,0.11476731300354004,0.008026785155594171,0.008026383937043136,0.06266546249389648,1.0038866858154225e-19
0.09670385929585812,0.08843333433738956,0.09992967871150081,0.09376369089769769,0.11516976356506348,0.008026383945622152,0.0080259827475615,0.06275153160095215,1.0039115193506431e-19
0.09670308842605092,0.08843317087872496,0.099929685426249,0.0937645282869877,0.1147770881652832,0.008025982755744343,0.008025581577442154,0.06273937225341797,1.0039363587661959e-19
0.09670231755458668,0.08843300742973498,0.09992969214079396,0.0937653655971381,0.11433815956115723,0.008025581585961165,0.00802518042739564,0.06272482872009277,1.0039611959242071e-19
0.09670154668146709,0.08843284399041863,0.09992969885513571,0.09376620282815992,0.11484003067016602,0.008025180436273292,0.008024779298665408,0.06267666816711426,1.0039860302143123e-19
0.09670077580669381,0.08843268056077494,0.09992970556927422,0.09376703998006417,0.1150352954864502,0.008024779306676224,0.008024378188764558,0.06269693374633789,1.0040108665528358e-19
0.09670000493026858,0.0884325171408029,0.09992971228320952,0.0937678770528618,0.11493039131164551,0.00802437819717011,0.008023977099291812,0.06285881996154785,1.0040357013897197e-19
0.09669923405219298,0.08843235373050153,0.09992971899694159,0.0937687140465638,0.11439681053161621,0.008023977107755202,0.008023576029891899,0.06267166137695312,1.0040605337227944e-19
0.09669846317246877,0.0884321903298698,0.09992972571047043,0.09376955096118113,0.11528348922729492,0.008023576038429223,0.008023174980387182,0.06284952163696289,1.0040853613782237e-19
0.09669769229109772,0.08843202693890677,0.09992973242379605,0.09377038779672475,0.11484146118164062,0.008023174989192137,0.00802277395166584,0.06267166137695312,1.0041101973501843e-19
0.09669692140808143,0.08843186355761144,0.09992973913691845,0.09377122455320569,0.11464285850524902,0.00802277396004156,0.008022372942306788,0.06296682357788086,1.0041350243148977e-19
0.09669615052342162,0.08843170018598281,0.09992974584983763,0.09377206123063489,0.11457443237304688,0.008022372950976919,0.008021971953020568,0.06255769729614258,1.0041598519491667e-19
0.09669537963712004,0.0884315368240199,0.09992975256255358,0.09377289782902329,0.11515617370605469,0.008021971962000152,0.008021570984517723,0.0629737377166748,1.0041846774512869e-19
0.09669460874917833,0.08843137347172171,0.09992975927506634,0.09377373434838189,0.11454033851623535,0.008021570993107218,0.008021170035377168,0.06299829483032227,1.00420950321507e-19
0.09669383785959819,0.08843121012908725,0.09992976598737587,0.09377457078872159,0.11443662643432617,0.008021170044297527,0.008020769107019987,0.06286215782165527,1.0042343317855849e-19
0.09669306696838134,0.08843104679611556,0.09992977269948218,0.09377540715005339,0.11541271209716797,0.008020769115569256,0.008020368198558003,0.0627586841583252,1.0042591549092476e-19
0.09669229607552951,0.08843088347280563,0.09992977941138528,0.09377624343238826,0.11553049087524414,0.008020368206922814,0.008019967309458309,0.06289410591125488,1.0042839798692703e-19
0.09669152518104444,0.08843072015915647,0.09992978612308519,0.09377707963573718,0.11463165283203125,0.00801996731835721,0.008019566441497261,0.06278824806213379,1.0043088045901147e-19
0.09669075428492781,0.08843055685516711,0.09992979283458188,0.09377791576011107,0.11490082740783691,0.008019566449869384,0.008019165593253774,0.06266427040100098,1.0043336230556843e-19
0.09668998338718127,0.08843039356083655,0.09992979954587534,0.09377875180552088,0.11519241333007812,0.008019165601459722,0.008018764764727848,0.06276583671569824,1.0043584451635259e-19
0.09668921248780658,0.08843023027616381,0.09992980625696561,0.09377958777197756,0.11393380165100098,0.00801876477312788,0.008018363955919483,0.06281065940856934,1.0043832676641473e-19
0.09668844158680552,0.08843006700114789,0.09992981296785267,0.0937804236594921,0.11438560485839844,0.008018363964873546,0.008017963168072129,0.06293630599975586,1.0044080852476352e-19
0.0966876706841797,0.08842990373578782,0.09992981967853652,0.0937812594680754,0.11492681503295898,0.008017963176693978,0.00801756240011997,0.06297588348388672,1.0044329017717068e-19
0.09668689977993077,0.0884297404800826,0.09992982638901717,0.09378209519773843,0.11500263214111328,0.008017562408587857,0.00801716165206301,0.06272292137145996,1.0044577183282229e-19
0.0966861288740605,0.08842957723403123,0.09992983309929461,0.09378293084849217,0.11502289772033691,0.008017161660555145,0.00801676092372361,0.06297469139099121,1.00448253798817e-19
0.09668535796657057,0.08842941399763275,0.09992983980936886,0.09378376642034746,0.11507105827331543,0.008016760932595639,0.008016360215812313,0.06261491775512695,1.004507353235811e-19
0.0966845870574627,0.08842925077088618,0.0999298465192399,0.09378460191331522,0.11543941497802734,0.008016360224707557,0.008015959528506755,0.06257486343383789,1.0045321707841987e-19
0.09668381614673863,0.08842908755379049,0.09992985322890774,0.09378543732740648,0.11524558067321777,0.008015959536888797,0.008015558860563488,0.06302070617675781,1.0045569796195599e-19
0.09668304523440002,0.08842892434634472,0.09992985993837238,0.09378627266263215,0.11387252807617188,0.008015558869138148,0.008015158212870688,0.06269311904907227,1.0045817919907429e-19
0.09668227432044862,0.08842876114854789,0.09992986664763381,0.09378710791900317,0.11514854431152344,0.008015158221456938,0.00801475758525072,0.0625455379486084,1.0046066063657912e-19
0.09668150340488613,0.08842859796039901,0.09992987335669205,0.09378794309653046,0.1154623031616211,0.00801475759384249,0.00801435697788122,0.06282687187194824,1.0046314144468828e-19
0.09668073248771411,0.08842843478189709,0.0999298800655471,0.09378877819522492,0.11429262161254883,0.00801435698629373,0.008013956390051646,0.06273221969604492,1.0046562231199605e-19
0.09667996156893433,0.08842827161304115,0.09992988677419894,0.09378961321509748,0.11481380462646484,0.008013956398810723,0.008013555823005447,0.06269025802612305,1.0046810312038383e-19
0.09667919064854844,0.0884281084538302,0.09992989348264758,0.09379044815615903,0.11466336250305176,0.0080135558313921,0.008013155275499173,0.06264090538024902,1.0047058364768719e-19
0.09667841972655825,0.08842794530426326,0.09992990019089304,0.09379128301842053,0.11499261856079102,0.008013155284037829,0.00801275474771046,0.06270051002502441,1.0047306473981862e-19
0.0966776488029654,0.08842778216433933,0.09992990689893531,0.09379211780189288,0.11434054374694824,0.008012754756746315,0.008012354240527486,0.06299877166748047,1.0047554512552114e-19
0.09667687787777166,0.08842761903405746,0.09992991360677439,0.09379295250658701,0.11508750915527344,0.008012354249515827,0.008011953753417345,0.06268191337585449,1.004780261967445e-19
0.09667610695097875,0.08842745591341664,0.09992992031441028,0.09379378713251384,0.11438989639282227,0.008011953762345394,0.008011553287090578,0.06214594841003418,1.0048050637066788e-19
0.09667533602258842,0.08842729280241587,0.09992992702184299,0.09379462167968429,0.11351227760314941,0.00801155329523191,0.008011152839593194,0.062159061431884766,1.00482986848703e-19
0.09667456509260232,0.08842712970105421,0.0999299337290725,0.09379545614810925,0.1142268180847168,0.008011152848176837,0.00801075241305682,0.06186103820800781,1.0048546693719052e-19
0.0966737941610221,0.08842696660933062,0.09992994043609883,0.09379629053779963,0.115264892578125,0.008010752421178692,0.008010352005527466,0.06205129623413086,1.0048794688353903e-19
0.09667302322784951,0.08842680352724415,0.09992994714292197,0.0937971248487663,0.11490392684936523,0.00801035201423861,0.008009951618781486,0.06211733818054199,1.0049042648627353e-19
0.09667225229308615,0.08842664045479383,0.09992995384954194,0.09379795908102023,0.11453366279602051,0.008009951627352574,0.008009551251753066,0.06240677833557129,1.0049290663635601e-19
0.09667148135673373,0.08842647739197866,0.09992996055595872,0.0937987932345723,0.1152803897857666,0.008009551260521167,0.008009150905152751,0.06266903877258301,1.0049538656591532e-19
0.09667071041879395,0.08842631433879766,0.09992996726217232,0.09379962730943345,0.11435151100158691,0.00800915091374307,0.008008750578802903,0.06254029273986816,1.0049786624890566e-19
0.09666993947926864,0.08842615129524985,0.09992997396818275,0.09380046130561456,0.11479616165161133,0.008008750587015548,0.008008350271460074,0.062398433685302734,1.0050034576189036e-19
0.09666916853815942,0.08842598826133423,0.09992998067398999,0.09380129522312645,0.11444807052612305,0.008008350280341144,0.00800794998490062,0.062441349029541016,1.0050282502380597e-19
0.09666839759546803,0.08842582523704984,0.09992998737959406,0.09380212906198013,0.11538195610046387,0.00800794999371633,0.008007549718946905,0.0625753402709961,1.0050530487113134e-19
0.09666762665119615,0.08842566222239567,0.09992999408499496,0.09380296282218646,0.1150670051574707,0.00800754972713973,0.008007149471644937,0.06271624565124512,1.0050778405734453e-19
0.09666685570534549,0.08842549921737076,0.09993000079019268,0.09380379650375634,0.11414551734924316,0.008007149480612208,0.008006749245126343,0.06255531311035156,1.0051026347249433e-19
0.09666608475791773,0.08842533622197413,0.09993000749518723,0.09380463010670068,0.1146538257598877,0.00800674925413167,0.008006349039746397,0.0625450611114502,1.0051274270442641e-19
0.09666531380891455,0.08842517323620476,0.0999300141999786,0.09380546363103039,0.1150810718536377,0.008006349047695961,0.008005948853018197,0.06277775764465332,1.0051522161458234e-19
0.09666454285833767,0.08842501026006172,0.0999300209045668,0.09380629707675628,0.11449170112609863,0.008005948861305519,0.008005548686185193,0.0627744197845459,1.0051770091594722e-19
0.09666377190618886,0.088424847293544,0.09993002760895184,0.09380713044388923,0.11385083198547363,0.008005548694961073,0.008005148540490836,0.0626223087310791,1.0052017922040778e-19
0.09666300095246985,0.08842468433665061,0.0999300343131337,0.09380796373244017,0.11538147926330566,0.00800514854865821,0.008004748413981133,0.06284737586975098,1.0052265857803847e-19
0.09666222999718235,0.08842452138938058,0.09993004101711239,0.09380879694241995,0.11460399627685547,0.008004748422397295,0.008004348307366627,0.06267237663269043,1.0052513691578843e-19
0.09666145904032801,0.08842435845173292,0.09993004772088793,0.09380963007383943,0.11565732955932617,0.008004348316178302,0.00800394822135786,0.06303286552429199,1.0052761526061257e-19
0.0966606880819085,0.08842419552370666,0.09993005442446029,0.0938104631267095,0.1135568618774414,0.008003948229998597,0.008003548155421925,0.06262707710266113,1.0053009361407079e-19
0.09665991712192563,0.08842403260530081,0.09993006112782948,0.09381129610104107,0.11592364311218262,0.008003548163858419,0.008003148109025915,0.06282711029052734,1.0053257213444448e-19
0.09665914616038108,0.08842386969651439,0.09993006783099553,0.09381212899684495,0.11524343490600586,0.00800314811775685,0.008002748083768552,0.06268596649169922,1.0053505066647583e-19
0.09665837519727655,0.08842370679734643,0.09993007453395841,0.09381296181413204,0.11395549774169922,0.008002748091690088,0.008002348076807664,0.06284880638122559,1.005375288343443e-19
0.09665760423261371,0.08842354390779593,0.09993008123671814,0.09381379455291325,0.11453628540039062,0.008002348085661684,0.008001948090985422,0.06258797645568848,1.0054000694750232e-19
0.0966568332663943,0.08842338102786192,0.0999300879392747,0.09381462721319936,0.1154317855834961,0.008001948099667807,0.008001548125058378,0.06293082237243652,1.0054248473667935e-19
0.09665606229861998,0.08842321815754343,0.0999300946416281,0.09381545979500126,0.11494731903076172,0.008001548133707174,0.008001148179204165,0.06278514862060547,1.005449626923675e-19
0.09665529132929247,0.08842305529683948,0.09993010134377835,0.09381629229832987,0.11405158042907715,0.00800114818778005,0.00800074825360042,0.06298685073852539,1.0054744047606976e-19
0.09665452035841347,0.0884228924457491,0.09993010804572544,0.09381712472319605,0.11448478698730469,0.008000748261884454,0.008000348347536601,0.06266093254089355,1.0054991815811005e-19
0.0966537493859847,0.08842272960427128,0.09993011474746938,0.09381795706961057,0.11361384391784668,0.008000348356020114,0.007999948461545614,0.06268525123596191,1.0055239595379462e-19
0.09665297841200787,0.08842256677240505,0.09993012144901016,0.09381878933758435,0.11362957954406738,0.007999948470186993,0.007999548595805095,0.06266403198242188,1.0055487350124884e-19
0.09665220743648463,0.08842240395014944,0.0999301281503478,0.09381962152712825,0.1139833927154541,0.007999548604382057,0.00799914875049268,0.06293940544128418,1.0055735049427376e-19
0.09665143645941665,0.08842224113750347,0.09993013485148229,0.0938204536382531,0.11481165885925293,0.007999148758604262,0.00799874892383201,0.06263470649719238,1.0055982794419983e-19
0.0966506654808057,0.08842207833446614,0.09993014155241361,0.0938212856709697,0.11528849601745605,0.007998748932855099,0.007998349118309989,0.06289100646972656,1.0056230568305934e-19
0.09664989450065348,0.08842191554103648,0.0999301482531418,0.09382211762528896,0.11478734016418457,0.00799834912713077,0.007997949333038434,0.06284070014953613,1.0056478235810657e-19
0.09664912351896177,0.08842175275721353,0.09993015495366683,0.09382294950122172,0.11503148078918457,0.007997949341431235,0.007997549567839712,0.06315398216247559,1.0056725933363869e-19
0.09664835253573216,0.0884215899829963,0.09993016165398873,0.09382378129877879,0.11404633522033691,0.007997549575754511,0.007997149821825644,0.06285834312438965,1.005697369386723e-19
0.09664758155096648,0.08842142721838381,0.0999301683541075,0.09382461301797101,0.11510109901428223,0.007997149830101344,0.007996750095884408,0.06272220611572266,1.0057221314490226e-19
0.09664681056466637,0.08842126446337507,0.09993017505402312,0.09382544465880925,0.1151418685913086,0.007996750104470367,0.00799635039019364,0.06287717819213867,1.0057469009053636e-19
0.09664603957683349,0.08842110171796912,0.0999301817537356,0.09382627622130432,0.11501216888427734,0.007996350398860886,0.007995950704220434,0.06291437149047852,1.0057716674053234e-19
0.09664526858746961,0.08842093898216496,0.09993018845324494,0.0938271077054671,0.11409139633178711,0.007995950713272618,0.007995551038852966,0.06288647651672363,1.0057964352967074e-19
0.09664449759657642,0.08842077625596165,0.09993019515255115,0.09382793911130838,0.11529159545898438,0.007995551047703145,0.00799515139320306,0.06285357475280762,1.0058211999308139e-19
0.09664372660415556,0.08842061353935818,0.09993020185165423,0.09382877043883896,0.11479830741882324,0.0079951514021515,0.00799475176780362,0.06267786026000977,1.0058459660346357e-19
0.09664295561020876,0.08842045083235359,0.09993020855055415,0.09382960168806966,0.11481428146362305,0.00799475177661631,0.007994352162477014,0.06285595893859863,1.0058707241766315e-19
0.09664218461473777,0.0884202881349469,0.09993021524925094,0.09383043285901137,0.11442995071411133,0.007994352171096623,0.007993952577045604,0.06292200088500977,1.0058954847422411e-19
0.09664141361774437,0.08842012544713714,0.09993022194774462,0.09383126395167488,0.11513781547546387,0.007993952585592387,0.007993553011687027,0.06298589706420898,1.005920251696997e-19
0.09664064261923012,0.08841996276892333,0.09993022864603515,0.09383209496607102,0.11469173431396484,0.007993553020102304,0.00799315346604601,0.06268668174743652,1.0059450083906755e-19
0.09663987161919686,0.08841980010030448,0.09993023534412256,0.09383292590221062,0.11500239372253418,0.007993153474624343,0.007992753940655462,0.06287670135498047,1.0059697676963438e-19
0.09663910061764626,0.08841963744127962,0.09993024204200683,0.09383375676010458,0.11391687393188477,0.007992753949158538,0.00799235443551538,0.06273770332336426,1.0059945274952855e-19
0.09663832961458002,0.08841947479184777,0.09993024873968799,0.09383458753976363,0.11426258087158203,0.0079923544437018,0.007991954949559954,0.06298112869262695,1.006019284112718e-19
0.09663755860999983,0.08841931215200795,0.09993025543716602,0.09383541824119858,0.11469435691833496,0.007991954958257582,0.007991555484743174,0.06261563301086426,1.0060440419156301e-19
0.09663678760390737,0.0884191495217592,0.09993026213444092,0.09383624886442021,0.11454653739929199,0.007991555492820426,0.00799115603857814,0.06292843818664551,1.0060687959798096e-19
0.09663601659630437,0.08841898690110053,0.09993026883151271,0.09383707940943938,0.11449694633483887,0.007991156047393127,0.007990756613196481,0.06263422966003418,1.0060935502662935e-19
0.09663524558719253,0.08841882429003098,0.09993027552838137,0.09383790987626683,0.11427021026611328,0.007990756621972597,0.00799035720806529,0.06328344345092773,1.0061183025207331e-19
0.09663447457657359,0.08841866168854955,0.0999302822250469,0.09383874026491343,0.1143488883972168,0.00799035721655714,0.007989957822118754,0.06252264976501465,1.0061430579572575e-19
0.0966337035644493,0.08841849909665528,0.0999302889215093,0.09383957057538991,0.11418414115905762,0.00798995783114822,0.007989558457310864,0.06262350082397461,1.0061678052892076e-19
0.09663293255082125,0.08841833651434719,0.0999302956177686,0.09384040080770713,0.1138615608215332,0.00798955846574137,0.007989159111509991,0.0626077651977539,1.0061925555893442e-19
0.09663216153569122,0.08841817394162428,0.09993030231382477,0.09384123096187588,0.11379647254943848,0.007989159120338613,0.007988759786314859,0.06262660026550293,1.0062173046919012e-19
0.0966313905190609,0.08841801137848561,0.09993030900967784,0.09384206103790697,0.11368489265441895,0.007988759794937288,0.007988360481014922,0.06238722801208496,1.0062420570809849e-19
0.09663061950093202,0.08841784882493017,0.09993031570532779,0.09384289103581121,0.11483955383300781,0.007988360489537384,0.007987961195254911,0.06265592575073242,1.0062668017551304e-19
0.09662984848130628,0.088417686280957,0.09993032240077464,0.09384372095559938,0.11423492431640625,0.007987961204137278,0.007987561930455911,0.06258845329284668,1.0062915505341023e-19
0.09662907746018531,0.08841752374656515,0.09993032909601837,0.09384455079728235,0.11450362205505371,0.00798756193873451,0.0079871626850192,0.06294846534729004,1.0063162919633625e-19
0.09662830643757088,0.08841736122175363,0.09993033579105899,0.09384538056087081,0.11303997039794922,0.007987162693330212,0.007986763459477686,0.06235909461975098,1.0063410373566226e-19
0.09662753541346467,0.08841719870652145,0.0999303424858965,0.09384621024637557,0.11436104774475098,0.007986763467923668,0.007986364253653733,0.06245303153991699,1.0063657798047923e-19
0.0966267643878684,0.08841703620086766,0.0999303491805309,0.09384703985380742,0.11423611640930176,0.00798636426251385,0.007985965068435519,0.062293052673339844,1.0063905260484553e-19
0.0966259933607838,0.08841687370479127,0.0999303558749622,0.09384786938317716,0.11454343795776367,0.007985965077098804,0.007985565903112501,0.06261944770812988,1.0064152674777869e-19
0.09662522233221259,0.08841671121829132,0.0999303625691904,0.09384869883449554,0.1131284236907959,0.007985565911675842,0.00798516675768468,0.06234884262084961,1.0064400078548489e-19
0.0966244513021564,0.08841654874136684,0.0999303692632155,0.09384952820777338,0.11375951766967773,0.00798516676624655,0.007984767632329692,0.06230926513671875,1.0064647466722219e-19
0.09662368027061699,0.08841638627401686,0.09993037595703749,0.09385035750302144,0.1138007640838623,0.007984767640809392,0.007984368526336993,0.06217312812805176,1.0064894894311768e-19
0.09662290923759613,0.0884162238162404,0.09993038265065637,0.09385118672025046,0.11432194709777832,0.00798436853536362,0.00798396944112767,0.0625603199005127,1.0065142281736991e-19
0.0966221382030955,0.08841606136803648,0.09993038934407217,0.09385201585947127,0.11350798606872559,0.007983969449907598,0.007983570376168814,0.06232571601867676,1.0065389654226587e-19
0.09662136716711682,0.08841589892940413,0.09993039603728486,0.0938528449206946,0.11357641220092773,0.007983570384439578,0.007983171331105154,0.062346696853637695,1.0065637001996435e-19
0.09662059612966177,0.08841573650034239,0.09993040273029445,0.09385367390393114,0.11388063430786133,0.007983171338958553,0.007982772305226149,0.06224370002746582,1.0065884389015931e-19
0.09661982509073201,0.08841557408085027,0.09993040942310095,0.09385450280919179,0.11418437957763672,0.00798277231346473,0.007982373299419976,0.0622556209564209,1.0066131709641894e-19
0.09661905405032926,0.0884154116709268,0.09993041611570436,0.09385533163648727,0.11416482925415039,0.007982373307956878,0.007981974313331364,0.06210136413574219,1.0066379021534145e-19
0.09661828300845524,0.08841524927057101,0.09993042280810467,0.09385616038582828,0.11413383483886719,0.007981974322435855,0.007981575348203762,0.062366485595703125,1.0066626359892898e-19
0.09661751196511158,0.08841508687978193,0.09993042950030188,0.09385698905722566,0.1134037971496582,0.007981575356898526,0.007981176402616086,0.062120676040649414,1.0066873692464469e-19
0.09661674092030008,0.08841492449855859,0.09993043619229601,0.09385781765069018,0.11381816864013672,0.007981176411344234,0.007980777477101242,0.062439918518066406,1.0067120953286602e-19
0.09661596987402239,0.0884147621269,0.09993044288408705,0.09385864616623256,0.11397123336791992,0.007980777485769627,0.007980378571481594,0.06210803985595703,1.0067368249809312e-19
0.09661519882628028,0.0884145997648052,0.09993044957567501,0.0938594746038636,0.11406373977661133,0.007980378580176396,0.007979979685757144,0.06211090087890625,1.0067615562443509e-19
0.09661442777707543,0.08841443741227323,0.09993045626705989,0.09386030296359403,0.11383414268493652,0.007979979694563594,0.007979580820105525,0.0621187686920166,1.0067862839790877e-19
0.09661365672640958,0.0884142750693031,0.09993046295824166,0.09386113124543459,0.11343598365783691,0.007979580828928799,0.007979181974526739,0.06231331825256348,1.0068110087946938e-19
0.09661288567428444,0.08841411273589386,0.09993046964922037,0.09386195944939599,0.11423444747924805,0.007979181983272047,0.00797878314919842,0.061882972717285156,1.0068357371226764e-19
0.09661211462070171,0.08841395041204451,0.099930476339996,0.093862787575489,0.11522459983825684,0.00797878315759197,0.007978384343054756,0.062055349349975586,1.0068604641249897e-19
0.09661134356566313,0.0884137880977541,0.09993048303056853,0.09386361562372439,0.11540603637695312,0.007978384351889299,0.007977985557694467,0.06195354461669922,1.00688518891764e-19
0.0966105725091704,0.08841362579302166,0.099930489720938,0.09386444359411286,0.11504077911376953,0.007977985566160596,0.007977586791518831,0.062293052673339844,1.0069099050922286e-19
0.09660980145122526,0.08841346349784622,0.0999304964111044,0.09386527148666524,0.11468315124511719,0.00797758680040703,0.007977188045948935,0.0622403621673584,1.0069346306733698e-19
0.09660903039182941,0.08841330121222679,0.0999305031010677,0.09386609930139223,0.11605095863342285,0.007977188054625436,0.007976789320451871,0.06240081787109375,1.006959350969979e-19
0.09660825933098448,0.08841313893616244,0.09993050979082793,0.09386692703830456,0.11650800704956055,0.00797678932881451,0.007976390614139461,0.06231331825256348,1.0069840692186853e-19
0.09660748826869223,0.08841297666965217,0.09993051648038509,0.09386775469741293,0.11664676666259766,0.0079763906229757,0.007975991928255155,0.0625312328338623,1.00700878878704e-19
0.09660671720495437,0.08841281441269501,0.09993052316973919,0.09386858227872817,0.11534380912780762,0.007975991937106552,0.007975593262621317,0.06255316734313965,1.0070335093929161e-19
0.09660594613977265,0.08841265216529,0.09993052985889021,0.09386940978226097,0.11638832092285156,0.00797559327120604,0.007975194617237946,0.06266999244689941,1.0070582247891808e-19
0.09660517507314877,0.08841248992743615,0.09993053654783816,0.09387023720802201,0.1165921688079834,0.007975194625271527,0.007974795990861594,0.0626060962677002,1.0070829426705375e-19
0.0966044040050844,0.0884123276991325,0.09993054323658306,0.09387106455602205,0.1164255142211914,0.007974795999305753,0.007974397385268617,0.0628499984741211,1.0071076597804583e-19
0.09660363293558123,0.08841216548037809,0.09993054992512486,0.09387189182627179,0.1157984733581543,0.007974397393304283,0.007973998798860293,0.06260895729064941,1.0071323694774974e-19
0.09660286186464095,0.08841200327117194,0.0999305566134636,0.09387271901878198,0.11523699760437012,0.00797399880726821,0.007973600232169531,0.06271505355834961,1.0071570885316371e-19
0.0966020907922654,0.08841184107151308,0.09993056330159929,0.09387354613356336,0.11669635772705078,0.007973600241196864,0.00797320168679505,0.062591552734375,1.0071817981681711e-19
0.0966013197184562,0.08841167888140056,0.09993056998953191,0.0938743731706266,0.11636114120483398,0.007973201695087475,0.00797280315953941,0.06254792213439941,1.0072065097691253e-19
0.09660054864321503,0.08841151670083339,0.09993057667726148,0.09387520012998243,0.11935281753540039,0.007972803168941896,0.007972404653955323,0.06550455093383789,1.0072312146126223e-19
0.09659977756654357,0.08841135452981061,0.09993058336478798,0.09387602701164158,0.11572623252868652,0.007972404662755263,0.007972006167911161,0.06291532516479492,1.0072559307049945e-19
0.09659900648844359,0.08841119236833127,0.09993059005211143,0.09387685381561475,0.11613774299621582,0.007972006176528955,0.007971607701229289,0.062323808670043945,1.0072806367946762e-19
0.09659823540891675,0.08841103021639436,0.09993059673923183,0.09387768054191266,0.11640715599060059,0.007971607710262408,0.007971209255330791,0.06271886825561523,1.0073053459683749e-19
0.09659746432796483,0.08841086807399894,0.09993060342614916,0.09387850719054601,0.11604857444763184,0.0079712092639531,0.007970810828616948,0.06254696846008301,1.007330051108767e-19
0.09659669324558944,0.08841070594114404,0.09993061011286346,0.09387933376152555,0.11681151390075684,0.00797081083760018,0.00797041242268648,0.06276416778564453,1.0073547586699661e-19
0.09659592216179237,0.0884105438178287,0.09993061679937469,0.09388016025486196,0.11551880836486816,0.007970412431202587,0.007970014036295936,0.06262445449829102,1.0073794630898784e-19
0.09659515107657538,0.08841038170405194,0.09993062348568288,0.09388098667056591,0.11656785011291504,0.007970014044759294,0.007969615670511132,0.062591552734375,1.0074041642391045e-19
0.09659437998994018,0.08841021959981281,0.099930630171788,0.09388181300864809,0.11594057083129883,0.007969615678269319,0.007969217323022804,0.06256628036499023,1.0074288712101807e-19
0.09659360890188848,0.08841005750511031,0.09993063685769009,0.09388263926911927,0.11611676216125488,0.007969217331733114,0.007968818996850757,0.06276297569274902,1.0074535749188308e-19
0.09659283781242191,0.0884098954199435,0.09993064354338912,0.09388346545199014,0.11475682258605957,0.007968819005149194,0.007968420689863365,0.06299781799316406,1.0074782735248851e-19
0.09659206672154216,0.08840973334431142,0.09993065022888512,0.09388429155727135,0.11612200736999512,0.007968420698516986,0.007968022403304076,0.06262469291687012,1.00750297212569e-19
0.09659129562925099,0.08840957127821308,0.09993065691417806,0.09388511758497362,0.11607980728149414,0.007968022411833076,0.007967624136284712,0.06252312660217285,1.0075276692174341e-19
0.09659052453555013,0.08840940922164753,0.09993066359926796,0.09388594353510767,0.11645722389221191,0.007967624145099541,0.007967225889338181,0.06268787384033203,1.0075523693672186e-19
0.09658975344044131,0.08840924717461379,0.09993067028415482,0.09388676940768412,0.11539793014526367,0.007967225898313992,0.007966827663175025,0.06251883506774902,1.007577070352433e-19
0.09658898234392628,0.0884090851371109,0.09993067696883864,0.09388759520271373,0.11575889587402344,0.007966827671473484,0.00796642945584125,0.0633840560913086,1.0076017644025304e-19
0.09658821124600664,0.08840892310913791,0.09993068365331943,0.09388842092020717,0.1161954402923584,0.007966429464579306,0.007966031269290852,0.06243300437927246,1.0076264594153756e-19
0.09658744014668415,0.08840876109069384,0.09993069033759719,0.09388924656017512,0.11653375625610352,0.00796603127762911,0.007965633102458014,0.06276607513427734,1.0076511583156473e-19
0.09658666904596051,0.08840859908177771,0.09993069702167191,0.09389007212262827,0.1152338981628418,0.007965633110623243,0.007965234954987466,0.06282496452331543,1.0076758461158149e-19
0.09658589794383741,0.0884084370823886,0.0999307037055436,0.09389089760757724,0.11514949798583984,0.007965234963560709,0.007964836828477928,0.06283807754516602,1.0077005417531442e-19
0.09658512684031656,0.08840827509252551,0.09993071038921225,0.09389172301503268,0.11629843711853027,0.007964836836437776,0.007964438720797773,0.0629575252532959,1.007725230888138e-19
0.09658435573539977,0.08840811311218748,0.09993071707267788,0.09389254834500532,0.11635208129882812,0.007964438729258278,0.007964040633900993,0.06252312660217285,1.007749925750169e-19
0.09658358462908871,0.08840795114137354,0.09993072375594048,0.09389337359750584,0.1161344051361084,0.007964040642017053,0.007963642566188867,0.0624845027923584,1.0077746129140819e-19
0.09658281352138505,0.08840778918008271,0.09993073043900005,0.09389419877254493,0.11561417579650879,0.00796364257471589,0.007963244518904844,0.0626826286315918,1.0077992991103774e-19
0.09658204241229051,0.08840762722831405,0.0999307371218566,0.09389502387013325,0.11538100242614746,0.007963244527351407,0.007962846491516018,0.06257081031799316,1.007823987667508e-19
0.09658127130180681,0.08840746528606658,0.09993074380451013,0.09389584889028149,0.11678457260131836,0.007962846499924217,0.00796244848313421,0.06342267990112305,1.0078486766298795e-19
0.09658050018993564,0.08840730335333935,0.09993075048696062,0.09389667383300024,0.11592864990234375,0.007962448492434443,0.007962050496423956,0.06259274482727051,1.0078733641943233e-19
0.09657972907667872,0.0884071414301314,0.0999307571692081,0.0938974986983002,0.11621952056884766,0.007962050504877936,0.00796165252872072,0.06267809867858887,1.007898051770435e-19
0.09657895796203776,0.08840697951644175,0.09993076385125255,0.09389832348619206,0.11525893211364746,0.007961652537255455,0.007961254581267951,0.06256270408630371,1.007922733894926e-19
0.09657818684601457,0.08840681761226944,0.09993077053309397,0.0938991481966865,0.11566495895385742,0.007961254589565295,0.007960856653355108,0.06254029273986816,1.0079474163167658e-19
0.09657741572861078,0.08840665571761351,0.09993077721473238,0.09389997282979412,0.11629748344421387,0.007960856661806452,0.007960458745159826,0.06309795379638672,1.0079720990859246e-19
0.09657664460982804,0.088406493832473,0.09993078389616777,0.09390079738552556,0.11585211753845215,0.007960458753980338,0.007960060857392648,0.06254768371582031,1.0079967823250214e-19
0.09657587348966813,0.08840633195684691,0.09993079057740015,0.0939016218638915,0.11583566665649414,0.007960060866083531,0.007959662989698302,0.062407493591308594,1.0080214595629139e-19
0.09657510236813273,0.08840617009073432,0.0999307972584295,0.09390244626490261,0.1155703067779541,0.007959662998115761,0.007959265141543881,0.06284642219543457,1.0080461383845385e-19
0.09657433124522352,0.08840600823413423,0.09993080393925585,0.09390327058856957,0.11528134346008301,0.007959265150076014,0.007958867313639928,0.06252026557922363,1.008070819274455e-19
0.09657356012094223,0.08840584638704573,0.0999308106198792,0.09390409483490295,0.11662530899047852,0.007958867321961874,0.0079584695052759,0.0627131462097168,1.0080954927276547e-19
0.09657278899529059,0.08840568454946782,0.09993081730029953,0.09390491900391339,0.11611390113830566,0.007958469513773471,0.007958071716984705,0.06251120567321777,1.0081201700456803e-19
0.0965720178682703,0.08840552272139955,0.09993082398051685,0.0939057430956116,0.11570405960083008,0.007958071725510068,0.007957673948588706,0.06257820129394531,1.008144845575244e-19
0.09657124673988307,0.08840536090283996,0.09993083066053117,0.0939065671100082,0.11517643928527832,0.007957673957170995,0.007957276199910268,0.06257486343383789,1.0081695195190695e-19
0.09657047561013062,0.08840519909378806,0.0999308373403425,0.09390739104711379,0.11593413352966309,0.007957276208754626,0.007956878471659934,0.062469482421875,1.0081941911836236e-19
0.09656970447901467,0.08840503729424293,0.09993084401995081,0.09390821490693904,0.11646080017089844,0.007956878480259274,0.007956480763482432,0.06271576881408691,1.0082188685794649e-19
0.09656893334653698,0.08840487550420358,0.09993085069935612,0.09390903868949459,0.11675143241882324,0.007956480771684527,0.00795608307466722,0.06292223930358887,1.008243538266975e-19
0.0965681622126992,0.08840471372366904,0.09993085737855843,0.09390986239479109,0.11491179466247559,0.007956083083029482,0.00795568540592484,0.06266522407531738,1.0082682082079267e-19
0.09656739107750309,0.08840455195263835,0.09993086405755774,0.09391068602283915,0.11576485633850098,0.00795568541429411,0.007955287757255292,0.06241941452026367,1.0082928771326241e-19
0.09656661994095034,0.08840439019111059,0.09993087073635407,0.09391150957364945,0.11653447151184082,0.007955287765476729,0.007954890127948033,0.062478065490722656,1.0083175465522813e-19
0.09656584880304266,0.08840422843908477,0.09993087741494738,0.09391233304723254,0.11616754531860352,0.007954890136576416,0.007954492519068879,0.0625300407409668,1.0083422190267008e-19
0.09656507766378168,0.08840406669655992,0.09993088409333771,0.09391315644359903,0.11654353141784668,0.0079544925275918,0.00795409493008492,0.06263256072998047,1.008366884272447e-19
0.09656430652316918,0.0884039049635351,0.09993089077152503,0.0939139797627596,0.1153099536895752,0.007954094938522163,0.007953697361173795,0.06245684623718262,1.0083915482819576e-19
0.09656353538120688,0.08840374324000934,0.09993089744950938,0.0939148030047249,0.11564445495605469,0.007953697369364535,0.007953299811624959,0.062424659729003906,1.0084162149502844e-19
0.09656276423789655,0.08840358152598167,0.09993090412729072,0.09391562616950558,0.11661338806152344,0.007953299820120318,0.007952902282148955,0.0630030632019043,1.0084408773248183e-19
0.09656199309323986,0.08840341982145114,0.09993091080486907,0.09391644925711222,0.11476802825927734,0.007952902290789442,0.00795250477203524,0.06270384788513184,1.0084655424093591e-19
0.09656122194723846,0.08840325812641679,0.09993091748224445,0.0939172722675554,0.11561298370361328,0.007952504781370034,0.00795210728359308,0.06258416175842285,1.0084902009671017e-19
0.09656045079989409,0.08840309644087764,0.09993092415941683,0.09391809520084572,0.11581158638000488,0.007952107291858529,0.007951709813802665,0.06250667572021484,1.0085148629054505e-19
0.09655967965120849,0.08840293476483274,0.09993093083638624,0.0939189180569938,0.11596560478210449,0.007951709822255418,0.007951312363552177,0.06250953674316406,1.0085395215979046e-19
0.09655890850118341,0.08840277309828112,0.09993093751315266,0.09391974083601025,0.11553144454956055,0.007951312372562715,0.007950914934085063,0.0625920295715332,1.0085641834963834e-19
0.09655813734982055,0.08840261144122184,0.09993094418971608,0.09392056353790572,0.11509227752685547,0.007950914942775975,0.007950517523980238,0.06254458427429199,1.0085888427791495e-19
0.09655736619712157,0.08840244979365394,0.09993095086607653,0.09392138616269076,0.11644864082336426,0.007950517532894961,0.007950120133948246,0.06241774559020996,1.0086135027767984e-19
0.0965565950430882,0.08840228815557645,0.09993095754223401,0.09392220871037604,0.1156461238861084,0.007950120142918998,0.007949722763811451,0.06209850311279297,1.0086381566788817e-19
0.09655582388772217,0.08840212652698842,0.09993096421818849,0.0939230311809721,0.11498260498046875,0.007949722772847754,0.00794932541410276,0.06185650825500488,1.0086628164385791e-19
0.09655505273102521,0.0884019649078889,0.09993097089394001,0.09392385357448953,0.11504149436950684,0.00794932542267783,0.007948928084289264,0.062066078186035156,1.0086874656237698e-19
0.09655428157299906,0.08840180329827692,0.09993097756948856,0.09392467589093896,0.11648130416870117,0.00794892809240858,0.007948530773127516,0.0622403621673584,1.0087121197222392e-19
0.09655351041364534,0.0884016416981515,0.09993098424483414,0.09392549813033105,0.1153566837310791,0.007948530782041809,0.007948133483104414,0.06210041046142578,1.0087367756833127e-19
0.09655273925296584,0.08840148010751171,0.09993099091997674,0.0939263202926763,0.11606121063232422,0.007948133491574375,0.007947736212621237,0.06216597557067871,1.0087614277037993e-19
0.0965519680909623,0.08840131852635659,0.09993099759491637,0.09392714237798536,0.11522650718688965,0.007947736221005298,0.007947338961677985,0.062110185623168945,1.0087860758823554e-19
0.0965511969276364,0.08840115695468517,0.09993100426965304,0.09392796438626877,0.11594605445861816,0.007947338970334263,0.007946941731162838,0.06204533576965332,1.008810725139352e-19
0.09655042576298983,0.0884009953924965,0.09993101094418673,0.09392878631753715,0.11608386039733887,0.00794694173955927,0.00794654452000998,0.06230473518371582,1.0088353750768227e-19
0.09654965459702435,0.08840083383978961,0.09993101761851746,0.09392960817180113,0.11607861518859863,0.007946544528681295,0.007946147329285225,0.06228065490722656,1.008860018735636e-19
0.09654888342974169,0.08840067229656355,0.0999310242926452,0.09393042994907123,0.11547541618347168,0.007946147337697112,0.007945750158100395,0.06229853630065918,1.0088846681219056e-19
0.09654811226114356,0.08840051076281737,0.09993103096657,0.09393125164935807,0.11588501930236816,0.007945750166607632,0.007945353006810763,0.062192440032958984,1.008909316672291e-19
0.09654734109123161,0.08840034923855009,0.09993103764029182,0.09393207327267222,0.11591672897338867,0.00794535301541122,0.007944955875771598,0.0624234676361084,1.0089339631343101e-19
0.09654656992000757,0.08840018772376078,0.0999310443138107,0.09393289481902423,0.11631107330322266,0.007944955884106188,0.007944558763917087,0.0623929500579834,1.0089586027061376e-19
0.09654579874747315,0.08840002621844847,0.09993105098712661,0.0939337162884247,0.11566972732543945,0.007944558772692295,0.00794416167284595,0.06263518333435059,1.0089832494198023e-19
0.09654502757363008,0.0883998647226122,0.09993105766023958,0.09393453768088426,0.11637592315673828,0.007944161681168377,0.007943764600959469,0.0626225471496582,1.0090078897767461e-19
0.09654425639848008,0.088399703236251,0.09993106433314958,0.09393535899641343,0.11644244194030762,0.007943764609532923,0.007943367549323455,0.06265687942504883,1.0090325339750144e-19
0.09654348522202488,0.08839954175936394,0.09993107100585663,0.0939361802350228,0.11631655693054199,0.007943367557785831,0.007942970517760273,0.0625450611114502,1.0090571744250861e-19
0.09654271404426619,0.08839938029195005,0.09993107767836074,0.09393700139672295,0.11552119255065918,0.007942970525925429,0.007942573505737016,0.06261348724365234,1.0090818139178534e-19
0.0965419428652057,0.08839921883400836,0.09993108435066189,0.0939378224815244,0.11670827865600586,0.007942573513950122,0.00794217651343132,0.0633082389831543,1.009106453187544e-19
0.09654117168484518,0.08839905738553794,0.09993109102276009,0.09393864348943776,0.11456465721130371,0.007942176521859927,0.007941779541553728,0.06183648109436035,1.0091310898720797e-19
0.0965404005031863,0.08839889594653783,0.09993109769465534,0.09393946442047356,0.11568021774291992,0.007941779549653114,0.007941382588327883,0.06164836883544922,1.0091557244353327e-19
0.09653962932023083,0.08839873451700705,0.09993110436634765,0.09394028527464239,0.1151583194732666,0.007941382597331171,0.00794098565641832,0.06180143356323242,1.0091803633036498e-19
0.09653885813598051,0.08839857309694468,0.09993111103783701,0.09394110605195477,0.11536145210266113,0.007940985664890227,0.007940588743515775,0.062195539474487305,1.0092050004238524e-19
0.09653808695043696,0.08839841168634972,0.09993111770912343,0.09394192675242129,0.11667609214782715,0.00794058875233043,0.007940191850863698,0.06271123886108398,1.0092296334781884e-19
0.09653731576360187,0.08839825028522125,0.0999311243802069,0.0939427473760525,0.11516666412353516,0.007940191859650706,0.007939794977751546,0.06199479103088379,1.0092542671819836e-19
0.09653654457547702,0.0883980888935583,0.09993113105108745,0.09394356792285895,0.11558341979980469,0.007939794986850754,0.007939398124712227,0.062296390533447266,1.0092788963718969e-19
0.09653577338606409,0.08839792751135991,0.09993113772176505,0.09394438839285121,0.11487770080566406,0.007939398133928664,0.007939001292278647,0.06219148635864258,1.0093035275362245e-19
0.09653500219536479,0.08839776613862514,0.09993114439223971,0.0939452087860398,0.11614108085632324,0.007939001300882532,0.007938604479384992,0.062293291091918945,1.0093281577167184e-19
0.09653423100338088,0.08839760477535302,0.09993115106251144,0.0939460291024353,0.11610722541809082,0.007938604487711227,0.007938207686031262,0.06285429000854492,1.0093527869996942e-19
0.09653345981011402,0.08839744342154261,0.09993115773258023,0.09394684934204824,0.11548972129821777,0.007938207694415332,0.00793781091257273,0.062329769134521484,1.0093774152466209e-19
0.09653268861556603,0.08839728207719295,0.09993116440244608,0.09394766950488918,0.1146092414855957,0.007937810920993243,0.007937414158831757,0.062368154525756836,1.0094020434687167e-19
0.09653191741973852,0.08839712074230309,0.099931171072109,0.09394848959096865,0.11521100997924805,0.007937414167444918,0.007937017425518889,0.062105417251586914,1.0094266667217327e-19
0.09653114622263327,0.08839695941687208,0.099931177741569,0.09394930960029715,0.1151580810546875,0.00793701743376803,0.00793662071156831,0.062120914459228516,1.0094512928026901e-19
0.09653037502425199,0.08839679810089893,0.09993118441082607,0.09395012953288528,0.11573958396911621,0.007936620719961632,0.007936224017512927,0.062267303466796875,1.0094759196399261e-19
0.09652960382459637,0.08839663679438271,0.09993119107988022,0.09395094938874354,0.11400747299194336,0.007936224026026348,0.007935827343530377,0.06217646598815918,1.0095005424790705e-19
0.0965288326236681,0.08839647549732246,0.09993119774873144,0.09395176916788246,0.11521506309509277,0.007935827351959837,0.00793543068962066,0.062203407287597656,1.009525164579718e-19
0.09652806142146893,0.08839631420971725,0.09993120441737972,0.09395258887031263,0.11500692367553711,0.007935430697759503,0.007935034055250867,0.06209278106689453,1.0095497840860834e-19
0.09652729021800055,0.08839615293156611,0.09993121108582509,0.09395340849604458,0.11489272117614746,0.007935034063426875,0.007934637440243364,0.06219077110290527,1.0095744074550726e-19
0.09652651901326477,0.0883959916628681,0.09993121775406755,0.0939542280450888,0.11417007446289062,0.007934637448960839,0.007934240845308693,0.06229853630065918,1.0095990294620754e-19
0.09652574780726321,0.08839583040362227,0.09993122442210708,0.09395504751745576,0.11515617370605469,0.007934240854359974,0.007933844270979762,0.06218433380126953,1.0096236439721223e-19
0.09652497659999765,0.08839566915382764,0.0999312310899437,0.09395586691315602,0.11531925201416016,0.007933844279622203,0.00793344771601312,0.06194949150085449,1.0096482643595323e-19
0.09652420539146975,0.08839550791348327,0.0999312377575774,0.09395668623220005,0.11553168296813965,0.007933447724747595,0.007933051181296946,0.06215357780456543,1.0096728789300276e-19
0.09652343418168123,0.08839534668258822,0.09993124442500818,0.0939575054745984,0.11445283889770508,0.007933051189735103,0.007932654665943062,0.06218552589416504,1.0096974980644074e-19
0.09652266297063383,0.08839518546114153,0.09993125109223605,0.09395832464036159,0.11536931991577148,0.007932654674584524,0.007932258170839646,0.062166690826416016,1.009722107921213e-19
0.09652189175832934,0.08839502424914225,0.09993125775926101,0.09395914372950015,0.11551237106323242,0.007932258179293062,0.007931861695098519,0.06219935417175293,1.0097467225810971e-19
0.0965211205447694,0.08839486304658942,0.09993126442608306,0.0939599627420246,0.11565756797790527,0.007931861703861776,0.007931465239785496,0.0624232292175293,1.0097713363416704e-19
0.09652034932995578,0.08839470185348208,0.09993127109270221,0.09396078167794546,0.1143960952758789,0.007931465248286973,0.007931068804012398,0.0623164176940918,1.0097959459120458e-19
0.09651957811389018,0.0883945406698193,0.09993127775911846,0.09396160053727322,0.11517620086669922,0.007931068812569345,0.007930672388134496,0.0623173713684082,1.0098205620438909e-19
0.09651880689657429,0.08839437949560013,0.09993128442533179,0.0939624193200184,0.1154637336730957,0.007930672396708239,0.007930275991974156,0.062146902084350586,1.0098451679701387e-19
0.09651803567800979,0.08839421833082359,0.09993129109134223,0.0939632380261915,0.11529040336608887,0.007930276000701316,0.00792987961624192,0.062065839767456055,1.0098697802041694e-19
0.09651726445819848,0.08839405717548875,0.09993129775714976,0.09396405665580296,0.11170506477355957,0.007929879624547899,0.0079294832595167,0.061799049377441406,1.009894388510209e-19
0.09651649323714205,0.08839389602959465,0.09993130442275439,0.09396487520886333,0.11367344856262207,0.007929483268249053,0.00792908692304195,0.06252074241638184,1.0099189948097861e-19
0.09651572201484217,0.08839373489314034,0.09993131108815612,0.09396569368538313,0.12877440452575684,0.007929086931802106,0.00792869060628476,0.06342077255249023,1.0099436001983231e-19
0.09651495079130054,0.08839357376612486,0.09993131775335495,0.09396651208537285,0.12116122245788574,0.007928690615205989,0.007928294309245132,0.0620417594909668,1.0099682072224856e-19
0.09651417956651892,0.08839341264854729,0.0999313244183509,0.09396733040884296,0.12231898307800293,0.007928294318461126,0.007927898032988878,0.0661470890045166,1.0099928123554011e-19
0.09651340834049901,0.08839325154040667,0.09993133108314393,0.09396814865580395,0.11340975761413574,0.00792789804156345,0.007927501775384371,0.06266927719116211,1.0100174157116937e-19
0.09651263711324252,0.08839309044170204,0.09993133774773408,0.09396896682626629,0.11797308921813965,0.007927501784515002,0.007927105538740875,0.0630946159362793,1.0100420201557982e-19
0.09651186588475122,0.08839292935243245,0.09993134441212134,0.09396978492024051,0.12348031997680664,0.007927105547312395,0.007926709321637304,0.06371784210205078,1.0100666226042499e-19
0.09651109465502675,0.08839276827259694,0.0999313510763057,0.09397060293773712,0.1264643669128418,0.007926709329955022,0.007926313123363116,0.06724762916564941,1.0100912235009843e-19
0.0965103234240709,0.08839260720219456,0.09993135774028718,0.09397142087876652,0.11691927909851074,0.0079263131324449,0.007925916946227574,0.06648468971252441,1.0101158175713838e-19
0.09650955219188538,0.08839244614122438,0.09993136440406575,0.09397223874333928,0.11484384536743164,0.00792591695477699,0.007925520788276685,0.06333088874816895,1.0101404209046828e-19
0.09650878095847187,0.08839228508968541,0.09993137106764144,0.09397305653146591,0.1270127296447754,0.007925520796952001,0.007925124650220994,0.06399679183959961,1.0101650168559083e-19
0.09650800972383217,0.08839212404757674,0.09993137773101425,0.09397387424315687,0.11688113212585449,0.007925124658969631,0.007924728532771042,0.06323933601379395,1.0101896137257886e-19
0.09650723848796786,0.08839196301489739,0.09993138439418418,0.09397469187842267,0.12000370025634766,0.007924728540828034,0.007924332434505743,0.06288480758666992,1.0102142114275628e-19
0.09650646725088072,0.08839180199164642,0.09993139105715122,0.09397550943727372,0.12470769882202148,0.007924332442524766,0.007923936355247463,0.0640723705291748,1.0102388060779706e-19
0.09650569601257243,0.08839164097782289,0.09993139771991538,0.09397632691972047,0.12447834014892578,0.007923936364063439,0.007923540296772558,0.06758618354797363,1.0102634037641312e-19
0.09650492477304477,0.08839147997342583,0.09993140438247666,0.09397714432577346,0.1172342300415039,0.007923540305439408,0.007923144258015213,0.06649661064147949,1.0102879957023814e-19
0.09650415353229952,0.08839131897845433,0.09993141104483506,0.09397796165544314,0.11655330657958984,0.007923144266653269,0.00792274823897543,0.0644681453704834,1.0103125847612326e-19
0.09650338229033832,0.08839115799290742,0.0999314177069906,0.09397877890873998,0.11661958694458008,0.007922748247702473,0.007922352239653208,0.06437873840332031,1.0103371783676236e-19
0.09650261104716296,0.08839099701678416,0.09993142436894326,0.09397959608567442,0.12325596809387207,0.007922352248586943,0.007921956260936724,0.06403136253356934,1.010361768695748e-19
0.09650183980277507,0.08839083605008358,0.09993143103069305,0.09398041318625694,0.12322378158569336,0.007921956269304302,0.007921560301049624,0.06259942054748535,1.0103863564642358e-19
0.09650106855717644,0.08839067509280474,0.09993143769223997,0.09398123021049799,0.12258005142211914,0.00792156030985597,0.007921164361768263,0.06310701370239258,1.0104109444033242e-19
0.09650029731036872,0.08839051414494671,0.09993144435358402,0.09398204715840805,0.12444114685058594,0.007921164370239247,0.00792076844184919,0.0633232593536377,1.0104355316047907e-19
0.0964995260623536,0.08839035320650854,0.0999314510147252,0.09398286402999756,0.12293052673339844,0.007920768450453872,0.00792037254164768,0.06697559356689453,1.0104601180840216e-19
0.0964987548131329,0.08839019227748927,0.09993145767566351,0.09398368082527706,0.11956286430358887,0.007920372550498801,0.007919976661874273,0.06789565086364746,1.010484707113058e-19
0.09649798356270833,0.08839003135788796,0.09993146433639896,0.09398449754425696,0.1163015365600586,0.007919976670371379,0.007919580801640791,0.06579852104187012,1.0105092904904506e-19
0.09649721231108155,0.08838987044770366,0.09993147099693155,0.09398531418694772,0.11460995674133301,0.007919580810072546,0.00791918496112487,0.06353545188903809,1.010533873946419e-19
0.09649644105825422,0.08838970954693542,0.09993147765726128,0.09398613075335976,0.1140890121459961,0.00791918496960072,0.007918789140859417,0.06266069412231445,1.0105584574312181e-19
0.0964956698042281,0.08838954865558231,0.09993148431738814,0.09398694724350358,0.11496973037719727,0.007918789148953862,0.007918393339600982,0.06223583221435547,1.0105830376133473e-19
0.09649489854900498,0.08838938777364336,0.09993149097731215,0.09398776365738962,0.12500786781311035,0.007918393348134042,0.00791799755841538,0.06297445297241211,1.0106076227945742e-19
0.09649412729258654,0.08838922690111763,0.0999314976370333,0.0939885799950283,0.11613583564758301,0.007917997567138926,0.007917601797480245,0.06412911415100098,1.0106322005363132e-19
0.09649335603497455,0.08838906603800417,0.09993150429655158,0.09398939625643006,0.11624956130981445,0.007917601805966155,0.007917206056262671,0.0621793270111084,1.0106567780870151e-19
0.09649258477617065,0.08838890518430204,0.09993151095586701,0.09399021244160537,0.11679553985595703,0.007917206064615363,0.007916810334052116,0.06135272979736328,1.0106813550651385e-19
0.09649181351617656,0.08838874434001029,0.0999315176149796,0.0939910285505646,0.11969184875488281,0.007916810343087008,0.0079164146324473,0.06129288673400879,1.0107059331509369e-19
0.09649104225499405,0.08838858350512799,0.09993152427388935,0.09399184458331823,0.12079429626464844,0.00791641464137868,0.007916018950915316,0.06224846839904785,1.0107305112069809e-19
0.0964902709926248,0.08838842267965417,0.09993153093259624,0.09399266053987672,0.12564778327941895,0.00791601895948837,0.007915623288923257,0.06521868705749512,1.010755086925983e-19
0.09648949972907048,0.08838826186358789,0.09993153759110028,0.09399347642025052,0.12273263931274414,0.00791562329741538,0.007915227646471124,0.0671076774597168,1.0107796567459058e-19
0.09648872846433283,0.08838810105692822,0.09993154424940148,0.09399429222445006,0.12115240097045898,0.007915227655160484,0.007914832024091822,0.06865978240966797,1.0108042330194823e-19
0.09648795719841366,0.08838794025967421,0.09993155090749983,0.09399510795248575,0.1170816421508789,0.00791483203272264,0.007914436421785354,0.06600451469421387,1.0108288071940882e-19
0.0964871859313147,0.0883877794718249,0.09993155756539533,0.09399592360436802,0.12267065048217773,0.007914436430099826,0.007914040839196446,0.06569218635559082,1.0108533789907547e-19
0.09648641466303758,0.08838761869337936,0.09993156422308799,0.09399673918010731,0.12139439582824707,0.007914040847289718,0.007913645275614556,0.06744194030761719,1.0108779502105684e-19
0.09648564339358406,0.08838745792433661,0.09993157088057782,0.09399755467971402,0.11880302429199219,0.007913645284293738,0.007913249732638405,0.06865167617797852,1.0109025152581481e-19
0.09648487212295587,0.08838729716469576,0.09993157753786479,0.09399837010319856,0.11626005172729492,0.007913249741109178,0.00791285420920218,0.06635165214538574,1.0109270852388388e-19
0.09648410085115473,0.08838713641445582,0.09993158419494894,0.09399918545057137,0.11614227294921875,0.007912854217736371,0.00791245870530588,0.0663447380065918,1.0109516525798868e-19
0.09648332957818236,0.08838697567361586,0.09993159085183025,0.09400000072184288,0.11569404602050781,0.007912458714174671,0.007912063221837684,0.06531786918640137,1.0109762218838275e-19
0.09648255830404044,0.08838681494217494,0.0999315975085087,0.09400081591702347,0.11539649963378906,0.007912063230420764,0.007911667758087049,0.0644686222076416,1.0110007869062092e-19
0.0964817870287307,0.08838665422013212,0.09993160416498434,0.09400163103612356,0.11483621597290039,0.007911667766475537,0.007911272313343432,0.06431818008422852,1.011025349749548e-19
0.09648101575225483,0.08838649350748645,0.09993161082125715,0.0940024460791536,0.11445212364196777,0.00791127232233823,0.007910876889205554,0.06408810615539551,1.0110499194704356e-19
0.09648024447461459,0.088386332804237,0.09993161747732712,0.09400326104612398,0.12313628196716309,0.007910876898007966,0.007910481484785237,0.06853055953979492,1.011074479069669e-19
0.09647947319581168,0.08838617211038279,0.09993162413319427,0.09400407593704511,0.11832880973815918,0.007910481493482457,0.00791008610008248,0.06861114501953125,1.0110990398198255e-19
0.09647870191584781,0.0883860114259229,0.0999316307888586,0.0940048907519274,0.13359951972961426,0.007910086108759765,0.00790969073491965,0.07982277870178223,1.0111236057543489e-19
0.09647793063472479,0.08838585075085638,0.0999316374443201,0.09400570549078131,0.11877202987670898,0.007909690743841952,0.007909295390007287,0.06481313705444336,1.011148161570389e-19
0.09647715935244422,0.08838569008518228,0.09993164409957878,0.09400652015361717,0.11311793327331543,0.007909295398726566,0.007908900064990121,0.06450343132019043,1.0111727248200293e-19
0.09647638806900788,0.08838552942889967,0.09993165075463463,0.09400733474044541,0.11332869529724121,0.007908900073410632,0.007908504759690516,0.06461238861083984,1.0111972794373167e-19
0.09647561678441754,0.0883853687820076,0.09993165740948767,0.0940081492512764,0.11445093154907227,0.007908504767894209,0.007908109473220293,0.06455755233764648,1.0112218382920536e-19
0.09647484549867487,0.08838520814450514,0.09993166406413789,0.09400896368612056,0.11379218101501465,0.007908109482180008,0.007907714208243988,0.06468605995178223,1.0112463944294822e-19
0.09647407421178159,0.08838504751639133,0.0999316707185853,0.09400977804498829,0.11415910720825195,0.007907714216261824,0.00790731896191943,0.06527209281921387,1.0112709469396579e-19
0.09647330292373944,0.08838488689766523,0.09993167737282989,0.09401059232788996,0.11559057235717773,0.00790731897014124,0.007906923735134797,0.06573081016540527,1.0112955042670821e-19
0.09647253163455011,0.08838472628832592,0.09993168402687166,0.09401140653483595,0.1235051155090332,0.007906923743817502,0.007906528529311174,0.07077193260192871,1.0113200525616354e-19
0.09647176034421537,0.08838456568837244,0.09993169068071063,0.09401222066583668,0.11908984184265137,0.007906528537288265,0.007906133341784027,0.06773114204406738,1.0113446122325469e-19
0.09647098905273685,0.08838440509780385,0.09993169733434679,0.09401303472090261,0.1186823844909668,0.007906133350554307,0.00790573817486262,0.06781339645385742,1.0113691638377443e-19
0.09647021776011638,0.08838424451661919,0.09993170398778013,0.09401384870004402,0.11797142028808594,0.007905738183614572,0.00790534302819168,0.0676264762878418,1.0113937131673442e-19
0.09646944646635566,0.08838408394481753,0.09993171064101067,0.09401466260327132,0.11833405494689941,0.007905343036466032,0.007904947900705395,0.06766200065612793,1.0114182651393881e-19
0.09646867517145637,0.08838392338239794,0.09993171729403841,0.09401547643059494,0.11885762214660645,0.0079049479091087,0.007904552793469577,0.0680699348449707,1.0114428141839764e-19
0.09646790387542029,0.08838376282935946,0.09993172394686334,0.09401629018202522,0.12045812606811523,0.007904552801541908,0.007904157705418413,0.0696866512298584,1.0114673575888398e-19
0.09646713257824907,0.08838360228570118,0.09993173059948546,0.09401710385757253,0.11953067779541016,0.007904157713763734,0.007903762637440082,0.06951165199279785,1.0114919108168741e-19
0.09646636127994447,0.08838344175142213,0.09993173725190477,0.09401791745724725,0.11927437782287598,0.007903762645774491,0.007903367589356947,0.0691373348236084,1.0115164530643455e-19
0.09646558998050822,0.08838328122652139,0.0999317439041213,0.09401873098105974,0.11963391304016113,0.007903367597572096,0.00790297256028083,0.06898665428161621,1.0115409981219557e-19
0.09646481867994203,0.088383120710998,0.09993175055613501,0.09401954442902041,0.11703610420227051,0.00790297256915741,0.007902577552165724,0.06627392768859863,1.0115655392878152e-19
0.09646404737824761,0.08838296020485104,0.09993175720794593,0.09402035780113958,0.12555956840515137,0.007902577560527604,0.007902182563057636,0.06473231315612793,1.011590081592101e-19
0.09646327607542671,0.08838279970807954,0.09993176385955406,0.09402117109742764,0.12180829048156738,0.007902182571682091,0.007901787594377652,0.06475305557250977,1.0116146271365438e-19
0.09646250477148108,0.08838263922068258,0.09993177051095939,0.09402198431789496,0.12207794189453125,0.00790178760261952,0.00790139264452705,0.06594133377075195,1.011639169762311e-19
0.09646173346641246,0.08838247874265923,0.09993177716216194,0.09402279746255189,0.12209916114807129,0.007901392653340604,0.007900997715637459,0.06627774238586426,1.0116637139602459e-19
0.09646096216022254,0.08838231827400851,0.09993178381316169,0.0940236105314088,0.12193536758422852,0.007900997723841903,0.007900602805399615,0.06693339347839355,1.0116882481023654e-19
0.09646019085291303,0.08838215781472952,0.09993179046395866,0.09402442352447606,0.12242603302001953,0.007900602814124602,0.007900207915056967,0.06678175926208496,1.0117127910258348e-19
0.09645941954448567,0.0883819973648213,0.09993179711455284,0.09402523644176403,0.12018918991088867,0.007900207924188298,0.007899813045497694,0.06611371040344238,1.0117373225593884e-19
0.09645864823494207,0.0883818369242829,0.09993180376494423,0.09402604928328306,0.12117886543273926,0.007899813054028955,0.007899418195300711,0.06592607498168945,1.0117618610497087e-19
0.09645787692428409,0.0883816764931134,0.09993181041513284,0.09402686204904348,0.12256598472595215,0.007899418203646931,0.007899023364998925,0.06635141372680664,1.0117863985880778e-19
0.0964571056125134,0.08838151607131185,0.09993181706511867,0.09402767473905564,0.1275036334991455,0.007899023373039861,0.007898628553348885,0.07216310501098633,1.0118109337764673e-19
0.09645633429963174,0.08838135565887732,0.09993182371490171,0.09402848735332996,0.12097024917602539,0.00789862856220989,0.007898233762304585,0.062483787536621094,1.0118354663368e-19
0.09645556298564081,0.08838119525580886,0.09993183036448197,0.09402929989187678,0.11984133720397949,0.007898233771154306,0.007897838991155481,0.06220889091491699,1.0118600029187265e-19
0.0964547916705424,0.08838103486210552,0.09993183701385945,0.09403011235470643,0.11903500556945801,0.007897838999872705,0.00789744424007921,0.062235116958618164,1.0118845348343345e-19
0.09645402035433814,0.08838087447776638,0.09993184366303416,0.09403092474182925,0.12142729759216309,0.007897444248361486,0.007897049508365228,0.06242036819458008,1.0119090623528434e-19
0.09645324903702975,0.0883807141027905,0.0999318503120061,0.09403173705325558,0.11902379989624023,0.007897049516621955,0.007896654796368807,0.06336331367492676,1.0119335948549826e-19
0.09645247771861894,0.08838055373717695,0.09993185696077526,0.09403254928899582,0.11776614189147949,0.007896654804654164,0.00789626010355704,0.062357425689697266,1.0119581262150145e-19
0.09645170639910747,0.08838039338092478,0.09993186360934166,0.09403336144906019,0.11671018600463867,0.007896260112456501,0.007895865431528648,0.06264209747314453,1.0119826533866711e-19
0.09645093507849702,0.08838023303403306,0.09993187025770528,0.09403417353345904,0.11500048637390137,0.007895865440026503,0.007895470779040181,0.0632166862487793,1.0120071785884145e-19
0.09645016375678937,0.08838007269650085,0.09993187690586613,0.09403498554220278,0.1161506175994873,0.007895470787363603,0.007895076145736368,0.06423592567443848,1.0120317038620669e-19
0.09644939243398624,0.08837991236832721,0.09993188355382422,0.09403579747530173,0.11754345893859863,0.0078950761544685,0.007894681532860659,0.06663918495178223,1.0120562286172721e-19
0.0964486211100893,0.08837975204951119,0.09993189020157954,0.0940366093327662,0.1185903549194336,0.00789468154133846,0.007894286939169604,0.06615638732910156,1.0120807521099892e-19
0.09644784978510026,0.08837959174005189,0.0999318968491321,0.09403742111460654,0.11935138702392578,0.007894286947973598,0.007893892365906652,0.06406712532043457,1.0121052768806922e-19
0.09644707845902097,0.08837943143994835,0.0999319034964819,0.09403823282083308,0.12130117416381836,0.007893892374371766,0.007893497811828354,0.0635831356048584,1.012129796883457e-19
0.09644630713185307,0.08837927114919962,0.09993191014362893,0.09403904445145614,0.12279534339904785,0.007893497820533144,0.007893103277822888,0.06328153610229492,1.0121543237280631e-19
0.09644553580359827,0.08837911086780477,0.09993191679057319,0.09403985600648607,0.12321996688842773,0.007893103286456295,0.007892708763890255,0.06311869621276855,1.0121788439536593e-19
0.09644476447425833,0.08837895059576285,0.09993192343731469,0.09404066748593312,0.12145471572875977,0.007892708772138907,0.007892314269319911,0.06269049644470215,1.0122033623425348e-19
0.09644399314383498,0.08837879033307294,0.09993193008385344,0.09404147888980766,0.12007355690002441,0.007892314277581011,0.007891919793934221,0.06218314170837402,1.0122278781807014e-19
0.0964432218123299,0.0883786300797341,0.09993193673018942,0.09404229021811995,0.11971497535705566,0.007891919802782676,0.007891525340042449,0.06171870231628418,1.0122523988562152e-19
0.09644245047974478,0.08837846983574539,0.09993194337632266,0.09404310147088034,0.1194758415222168,0.00789152534773908,0.007891130903914245,0.06230807304382324,1.0122769152430248e-19
0.09644167914608136,0.08837830960110588,0.09993195002225316,0.09404391264809912,0.11687779426574707,0.007891130912455083,0.007890736487858874,0.06224346160888672,1.0123014313450564e-19
0.09644090781134142,0.08837814937581462,0.09993195666798091,0.0940447237497867,0.11420488357543945,0.00789073649692731,0.007890342092764513,0.0627436637878418,1.0123259451732966e-19
0.09644013647552654,0.08837798915987069,0.0999319633135059,0.0940455347759533,0.12507271766662598,0.007890342101152014,0.00788994771667717,0.07058429718017578,1.0123504611357853e-19
0.09643936513863853,0.08837782895327313,0.09993196995882814,0.09404634572660926,0.12039756774902344,0.007889947725130592,0.007889553359952117,0.06658792495727539,1.0123749772470046e-19
0.09643859380067911,0.08837766875602104,0.09993197660394763,0.09404715660176488,0.12000131607055664,0.007889553368863437,0.007889159023655168,0.06410813331604004,1.0123994828492346e-19
0.09643782246165002,0.08837750856811348,0.09993198324886439,0.09404796740143048,0.1204836368560791,0.007889159032348145,0.00788876470707578,0.06337428092956543,1.0124239998676534e-19
0.09643705112155299,0.08837734838954951,0.0999319898935784,0.0940487781256164,0.12195849418640137,0.007888764715583065,0.007888370410213952,0.06275391578674316,1.012448509938515e-19
0.0964362797803897,0.0883771882203282,0.09993199653808968,0.09404958877433295,0.12070536613464355,0.007888370418566581,0.007887976133069685,0.06240415573120117,1.0124730208545436e-19
0.09643550843816193,0.0883770280604486,0.09993200318239821,0.09405039934759035,0.11977529525756836,0.007887976141298669,0.007887581875287708,0.06182742118835449,1.0124975225144466e-19
0.09643473709487144,0.08837686790990978,0.099932009826504,0.09405120984539896,0.11760663986206055,0.0078875818837794,0.007887187637756199,0.06217384338378906,1.0125220336572706e-19
0.09643396575051992,0.08837670776871082,0.09993201647040707,0.09405202026776904,0.11720967292785645,0.007887187646006013,0.007886793419409344,0.06392621994018555,1.0125465382552654e-19
0.09643319440510906,0.08837654763685074,0.0999320231141074,0.09405283061471092,0.11563849449157715,0.00788679342797932,0.007886399221490592,0.06447720527648926,1.0125710462394947e-19
0.09643242305864057,0.08837638751432864,0.099932029757605,0.09405364088623491,0.11734676361083984,0.007886399229696216,0.007886005042756494,0.06667280197143555,1.0125955534865913e-19
0.09643165171111617,0.08837622740114356,0.09993203640089987,0.09405445108235126,0.11768388748168945,0.00788600505115707,0.0078856108844505,0.06614112854003906,1.0126200565423549e-19
0.09643088036253766,0.0883760672972946,0.09993204304399202,0.09405526120307023,0.12099099159240723,0.007885610892359547,0.007885216745151524,0.06209540367126465,1.0126445600485792e-19
0.09643010901290672,0.0883759072027808,0.09993204968688142,0.0940560712484021,0.12050724029541016,0.007885216753305684,0.007884822624859567,0.0619502067565918,1.0126690603354023e-19
0.0964293376622251,0.08837574711760122,0.0999320563295681,0.09405688121835717,0.11799240112304688,0.007884822633994232,0.007884428525706255,0.06337761878967285,1.0126935615059083e-19
0.09642856631049455,0.08837558704175497,0.09993206297205205,0.09405769111294576,0.11580061912536621,0.007884428534421154,0.007884034445559962,0.06290650367736816,1.0127180606420634e-19
0.09642779495771674,0.08837542697524106,0.09993206961433328,0.09405850093217813,0.11709403991699219,0.00788403445458707,0.007883640385486501,0.06552338600158691,1.0127425593794366e-19
0.09642702360389342,0.08837526691805861,0.09993207625641179,0.09405931067606457,0.12042403221130371,0.007883640394491014,0.007883246345485873,0.06910538673400879,1.012767059641095e-19
0.09642625224902628,0.08837510687020667,0.09993208289828757,0.09406012034461535,0.1160745620727539,0.007883246354131637,0.00788285232502517,0.0665898323059082,1.0127915539049762e-19
0.09642548089311705,0.0883749468316843,0.09993208953996065,0.09406092993784076,0.11927175521850586,0.007882852333507311,0.007882458323926755,0.06399130821228027,1.0128160541540513e-19
0.09642470953616741,0.08837478680249056,0.099932096181431,0.09406173945575108,0.12230944633483887,0.007882458332618445,0.007882064342723538,0.06285500526428223,1.0128405465386253e-19
0.09642393817817911,0.0883746267826245,0.09993210282269863,0.09406254889835657,0.1219944953918457,0.00788206435146327,0.007881670381237882,0.06240129470825195,1.0128650416351603e-19
0.09642316681915385,0.08837446677208524,0.09993210946376356,0.0940633582656675,0.12023186683654785,0.007881670390040871,0.007881276439469787,0.062159061431884766,1.0128895377926515e-19
0.09642239545909341,0.08837430677087182,0.09993211610462578,0.09406416755769417,0.12768793106079102,0.007881276448350284,0.007880882517774523,0.06472253799438477,1.0129140282991397e-19
0.09642162409799954,0.0883741467789833,0.09993212274528528,0.09406497677444678,0.11921072006225586,0.00788088252638973,0.007880488615796821,0.06894135475158691,1.0129385184245217e-19
0.09642085273587396,0.08837398679641874,0.09993212938574206,0.09406578591593559,0.11910128593444824,0.007880488624160286,0.007880094733181409,0.06658649444580078,1.0129630075887125e-19
0.09642008137271832,0.08837382682317722,0.09993213602599614,0.09406659498217089,0.11696887016296387,0.007880094741658645,0.007879700870461193,0.06378507614135742,1.0129874996663371e-19
0.09641931000853438,0.08837366685925782,0.09993214266604751,0.09406740397316293,0.12175989151000977,0.007879700878885423,0.007879307027636173,0.0627436637878418,1.0130119897947468e-19
0.09641853864332386,0.08837350690465959,0.09993214930589617,0.09406821288892198,0.11967635154724121,0.007879307035838699,0.007878913203818172,0.06213212013244629,1.013036479091709e-19
0.0964177672770885,0.0883733469593816,0.09993215594554214,0.09406902172945826,0.11810469627380371,0.007878913212519174,0.007878519400428274,0.062416791915893555,1.0130609635274669e-19
0.09641699590983002,0.08837318702342292,0.0999321625849854,0.09406983049478204,0.11514496803283691,0.007878519408923769,0.007878125616578302,0.06310868263244629,1.0130854485809909e-19
0.09641622454155024,0.08837302709678263,0.09993216922422596,0.09407063918490365,0.11848783493041992,0.007878125625052199,0.00787773185244589,0.06748008728027344,1.0131099307913574e-19
0.09641545317225078,0.08837286717945977,0.09993217586326382,0.09407144779983323,0.11897945404052734,0.00787773186090418,0.007877338107675769,0.06768178939819336,1.0131344151791757e-19
0.09641468180193341,0.08837270727145345,0.099932182502099,0.09407225633958106,0.11605262756347656,0.00787733811647906,0.007876944383156115,0.06402921676635742,1.0131589006332476e-19
0.0964139104305998,0.0883725473727627,0.09993218914073146,0.09407306480415742,0.12783217430114746,0.007876944391774814,0.007876550678531657,0.06481504440307617,1.0131833801997284e-19
0.09641313905825169,0.08837238748338663,0.09993219577916124,0.09407387319357254,0.11981964111328125,0.007876550686789073,0.007876156993447125,0.06354618072509766,1.0132078653657088e-19
0.09641236768489082,0.08837222760332428,0.09993220241738832,0.09407468150783664,0.1168220043182373,0.007876157001521885,0.007875763327724883,0.06548619270324707,1.0132323424632992e-19
0.09641159631051893,0.08837206773257471,0.09993220905541271,0.09407548974696003,0.12004518508911133,0.007875763335972967,0.00787536968136493,0.06825041770935059,1.013256825614714e-19
0.09641082493513771,0.08837190787113701,0.09993221569323442,0.0940762979109529,0.11753010749816895,0.007875369690142693,0.007874976054900173,0.06588244438171387,1.0132813065539378e-19
0.09641005355874888,0.08837174801901024,0.09993222233085343,0.09407710599982547,0.11837077140808105,0.00787497606402773,0.007874582449396428,0.06300878524780273,1.0133057826747121e-19
0.09640928218135421,0.08837158817619346,0.09993222896826975,0.09407791401358798,0.1204071044921875,0.007874582457626594,0.007874188862544429,0.06219053268432617,1.01333025756046e-19
0.0964085108029554,0.08837142834268576,0.09993223560548341,0.09407872195225066,0.11908173561096191,0.007874188870940085,0.007873795295587627,0.0627286434173584,1.0133547349581869e-19
0.09640773942355423,0.0883712685184862,0.09993224224249438,0.09407952981582379,0.11513972282409668,0.007873795303966593,0.00787340174817075,0.06298255920410156,1.0133792061055148e-19
0.0964069680431524,0.08837110870359385,0.09993224887930266,0.09408033760431765,0.1181480884552002,0.007873401756706385,0.00787300822064907,0.06723618507385254,1.0134036804332287e-19
0.09640619666175161,0.08837094889800778,0.09993225551590826,0.09408114531774238,0.1186227798461914,0.007873008229156153,0.007872614712489678,0.06670475006103516,1.013428152025077e-19
0.09640542527935364,0.08837078910172708,0.09993226215231119,0.0940819529561082,0.1165003776550293,0.007872614721317645,0.007872221224580755,0.0638124942779541,1.0134526247297343e-19
0.09640465389596015,0.0883706293147508,0.09993226878851144,0.09408276051942534,0.1245582103729248,0.007872221233187477,0.007871827756389393,0.0620119571685791,1.0134770970947297e-19
0.09640388251157286,0.08837046953707801,0.09993227542450903,0.09408356800770402,0.12576556205749512,0.007871827764764618,0.007871434307737957,0.0647733211517334,1.0135015678043602e-19
0.0964031111261935,0.0883703097687078,0.09993228206030394,0.09408437542095449,0.11732292175292969,0.007871434316048451,0.007871040878626445,0.06677031517028809,1.0135260338646173e-19
0.09640233973982378,0.08837015000963924,0.09993228869589617,0.09408518275918695,0.11864256858825684,0.007871040887038716,0.007870647469232495,0.06674528121948242,1.0135505012370286e-19
0.09640156835246548,0.0883699902598714,0.09993229533128573,0.09408599002241165,0.11637139320373535,0.007870647477735053,0.007870254079556105,0.06365108489990234,1.0135749691924546e-19
0.0964007969641203,0.08836983051940334,0.09993230196647261,0.09408679721063876,0.12094688415527344,0.007870254088135098,0.007869860709952547,0.062410593032836914,1.013599436540114e-19
0.09640002557478997,0.08836967078823414,0.09993230860145683,0.0940876043238785,0.12085437774658203,0.007869860718237538,0.007869467359888915,0.0623013973236084,1.0136239027307547e-19
0.09639925418447624,0.08836951106636287,0.09993231523623837,0.09408841136214102,0.11746358871459961,0.007869467368043092,0.007869074029009937,0.06444549560546875,1.01364836766199e-19
0.09639848279318082,0.0883693513537886,0.09993232187081726,0.09408921832543664,0.11774277687072754,0.007869074037549762,0.007868680718203791,0.06685972213745117,1.0136728326915293e-19
0.09639771140090544,0.08836919165051038,0.09993232850519347,0.09409002521377553,0.11885452270507812,0.007868680726756899,0.007868287427292842,0.06697559356689453,1.0136972880364205e-19
0.0963969400076519,0.08836903195652732,0.09993233513936704,0.09409083202716792,0.11650419235229492,0.007868287435663113,0.007867894155921817,0.06350398063659668,1.0137217545254618e-19
0.09639616861342187,0.08836887227183847,0.09993234177333796,0.094091638765624,0.12049078941345215,0.007867894164267145,0.007867500904090718,0.06212162971496582,1.0137462145040067e-19
0.096395397218217,0.08836871259644292,0.09993234840710621,0.09409244542915397,0.11834430694580078,0.00786750091256898,0.00786710767197718,0.06251215934753418,1.0137706709890255e-19
0.09639462582203913,0.08836855293033974,0.09993235504067181,0.09409325201776804,0.12506508827209473,0.007867107680567727,0.007866714459581203,0.06756877899169922,1.0137951332690088e-19
0.09639385442488993,0.08836839327352797,0.09993236167403476,0.09409405853147636,0.11502385139465332,0.007866714468261652,0.007866321267435694,0.06362009048461914,1.0138195922628835e-19
0.09639308302677113,0.08836823362600671,0.09993236830719504,0.09409486497028915,0.12026643753051758,0.007866321275648737,0.007865928094119568,0.06209588050842285,1.013844048055122e-19
0.09639231162768447,0.08836807398777503,0.09993237494015267,0.09409567133421662,0.12170720100402832,0.007865928102730015,0.007865534941053909,0.06211280822753906,1.013868501896956e-19
0.09639154022763163,0.08836791435883203,0.09993238157290765,0.09409647762326895,0.11757445335388184,0.007865534949503195,0.007865141807883447,0.06317305564880371,1.0138929595076692e-19
0.09639076882661433,0.08836775473917674,0.09993238820546,0.09409728383745633,0.11737394332885742,0.00786514181596756,0.007864748693542367,0.06662368774414062,1.01391741330907e-19
0.09638999742463437,0.08836759512880828,0.09993239483780969,0.0940980899767889,0.1187431812286377,0.007864748702122566,0.007864355599451756,0.06666803359985352,1.013941864978614e-19
0.09638922602169346,0.0883674355277257,0.09993240146995674,0.09409889604127694,0.11562919616699219,0.00786435560796746,0.007863962524723433,0.06273818016052246,1.0139663189895403e-19
0.09638845461779333,0.08836727593592808,0.09993240810190114,0.09409970203093056,0.12043023109436035,0.007863962533500666,0.00786356947024558,0.0619959831237793,1.0139907658939846e-19
0.09638768321293559,0.08836711635341449,0.0999324147336429,0.09410050794575996,0.11795926094055176,0.00786356947872078,0.007863176435485286,0.06300497055053711,1.0140152208835503e-19
0.09638691180712208,0.088366956780184,0.09993242136518202,0.09410131378577535,0.11699938774108887,0.007863176443627514,0.007862783419732011,0.06551933288574219,1.0140396679585525e-19
0.09638614040035452,0.08836679721623569,0.0999324279965185,0.09410211955098692,0.11816859245300293,0.007862783428219547,0.007862390423518661,0.06664657592773438,1.014064121215114e-19
0.09638536899263463,0.08836663766156863,0.09993243462765235,0.09410292524140479,0.12407350540161133,0.00786239043249731,0.007861997447378144,0.07201075553894043,1.0140885608196224e-19
0.09638459758396403,0.0883664781161819,0.09993244125858355,0.09410373085703917,0.11693453788757324,0.00786199745645837,0.00786160449166573,0.0626375675201416,1.014113013480021e-19
0.09638382617434459,0.08836631858007456,0.09993244788931213,0.09410453639790026,0.11694908142089844,0.007861604500100736,0.007861211554427427,0.06621026992797852,1.0141374559470258e-19
0.09638305476377798,0.0883661590532457,0.09993245451983808,0.09410534186399817,0.11891436576843262,0.007861211563425185,0.007860818638150135,0.06636619567871094,1.0141619041815455e-19
0.09638228335226598,0.08836599953569438,0.0999324611501614,0.09410614725534311,0.11602950096130371,0.007860818646429218,0.007860425740702226,0.06282424926757812,1.014186345899271e-19
0.09638151193981027,0.08836584002741968,0.09993246778028209,0.09410695257194523,0.11960983276367188,0.007860425749113022,0.007860032863149513,0.06214499473571777,1.014210788434418e-19
0.09638074052641257,0.08836568052842068,0.09993247441020016,0.09410775781381468,0.11698198318481445,0.007860032871475476,0.007859640005314361,0.06283211708068848,1.0142352262121683e-19
0.0963799691120746,0.08836552103869645,0.09993248103991559,0.09410856298096162,0.11731481552124023,0.007859640013515431,0.007859247166663863,0.06654691696166992,1.0142596718911481e-19
0.09637919769679804,0.08836536155824606,0.0999324876694284,0.09410936807339619,0.11749649047851562,0.00785924717523153,0.007858854347908562,0.06656765937805176,1.0142841104931976e-19
0.09637842628058468,0.08836520208706862,0.09993249429873859,0.09411017309112854,0.11726522445678711,0.007858854356623993,0.007858461549581364,0.06214451789855957,1.014308549084237e-19
0.09637765486343627,0.08836504262516319,0.09993250092784615,0.09411097803416892,0.12046551704406738,0.007858461557688554,0.007858068769905913,0.06209969520568848,1.0143329903976788e-19
0.09637688344535458,0.08836488317252883,0.09993250755675111,0.09411178290252745,0.11627793312072754,0.007858068778428928,0.007857676010658565,0.06371450424194336,1.0143574253551295e-19
0.09637611202634125,0.08836472372916462,0.09993251418545343,0.09411258769621426,0.11903858184814453,0.00785767601884077,0.0078572832702406,0.06877541542053223,1.0143818651247211e-19
0.09637534060639802,0.08836456429506964,0.09993252081395315,0.09411339241523956,0.12207937240600586,0.00785728327892481,0.007856890550428375,0.0719614028930664,1.0144062978476639e-19
0.09637456918552664,0.08836440487024297,0.09993252744225024,0.09411419705961342,0.11729145050048828,0.007856890558678971,0.007856497849445532,0.06266260147094727,1.0144307314855823e-19
0.09637379776372881,0.0883642454546837,0.09993253407034472,0.09411500162934608,0.11621212959289551,0.007856497858103351,0.007856105168357885,0.06445050239562988,1.0144551650317286e-19
0.09637302634100624,0.0883640860483909,0.09993254069823658,0.09411580612444767,0.11926031112670898,0.007856105177196933,0.007855712507698343,0.06658077239990234,1.0144795983784633e-19
0.09637225491736073,0.08836392665136364,0.09993254732592584,0.09411661054492834,0.11592936515808105,0.007855712515957333,0.007855319865690547,0.0626688003540039,1.0145040288222054e-19
0.09637148349279398,0.08836376726360098,0.09993255395341248,0.09411741489079822,0.12038660049438477,0.007855319874385704,0.007854927243755583,0.06225252151489258,1.0145284617803403e-19
0.09637071206730766,0.08836360788510203,0.09993256058069652,0.09411821916206743,0.11681151390075684,0.00785492725248059,0.007854534641715816,0.06444883346557617,1.0145528973230106e-19
0.09636994064090348,0.08836344851586585,0.09993256720777796,0.0941190233587461,0.11902427673339844,0.007854534650238085,0.00785414205939361,0.06844258308410645,1.0145773165815625e-19
0.09636916921358324,0.08836328915589152,0.0999325738346568,0.0941198274808444,0.11450076103210449,0.007854142067659785,0.007853749496256057,0.06397390365600586,1.0146017492430973e-19
0.09636839778534863,0.08836312980517812,0.09993258046133303,0.09412063152837244,0.12065720558166504,0.007853749504744816,0.007853356953368973,0.062074899673461914,1.0146261717287816e-19
0.09636762635620152,0.08836297046372472,0.09993258708780667,0.0941214355013404,0.11765146255493164,0.00785335696149073,0.007852964429488907,0.062378644943237305,1.0146505973390937e-19
0.09636685492614358,0.08836281113153044,0.09993259371407771,0.09412223939975835,0.11691069602966309,0.007852964437896976,0.007852571925681673,0.06568121910095215,1.0146750216660331e-19
0.09636608349517656,0.0883626518085943,0.09993260034014616,0.09412304322363643,0.11789584159851074,0.00785257193396385,0.007852179441592,0.06644439697265625,1.0146994455323352e-19
0.09636531206330218,0.08836249249491543,0.099932606966012,0.09412384697298476,0.12304902076721191,0.007852179449687758,0.00785178697633171,0.06375885009765625,1.0147238761252571e-19
0.09636454063052215,0.08836233319049287,0.09993261359167524,0.09412465064781352,0.12016963958740234,0.00785178698507172,0.007851394531499523,0.06344056129455566,1.0147482901685731e-19
0.09636376919683817,0.08836217389532572,0.09993262021713589,0.09412545424813279,0.11936831474304199,0.007851394540112704,0.00785100210585199,0.06796956062316895,1.0147727147541758e-19
0.09636299776225196,0.08836201460941304,0.09993262684239394,0.09412625777395266,0.11480212211608887,0.007851002114809396,0.007850609700810196,0.0636589527130127,1.0147971334799721e-19
0.09636222632676533,0.08836185533275392,0.0999326334674494,0.09412706122528335,0.12096452713012695,0.007850609709159117,0.007850217314597785,0.062218427658081055,1.0148215577212437e-19
0.09636145489037995,0.08836169606534745,0.09993264009230228,0.09412786460213496,0.11666607856750488,0.007850217323164224,0.007849824947747663,0.06253767013549805,1.0148459762517093e-19
0.09636068345309748,0.0883615368071927,0.09993264671695258,0.0941286679045176,0.11764359474182129,0.007849824956822519,0.007849432601680917,0.06781578063964844,1.0148703878084167e-19
0.09635991201491975,0.08836137755828875,0.0999326533414003,0.09412947113244137,0.11501169204711914,0.007849432610131832,0.007849040274621188,0.06396770477294922,1.0148948085597046e-19
0.09635914057584846,0.0883612183186347,0.09993265996564542,0.09413027428591636,0.12015485763549805,0.00784904028309158,0.00784864796692375,0.062233924865722656,1.0149192223621955e-19
0.0963583691358853,0.08836105908822958,0.09993266658968797,0.09413107736495267,0.11782169342041016,0.007848647975703171,0.007848255679654415,0.062201738357543945,1.0149436384133366e-19
0.09635759769503208,0.08836089986707252,0.09993267321352793,0.09413188036956045,0.11705303192138672,0.007848255687961159,0.007847863411392098,0.06675362586975098,1.0149680512394438e-19
0.09635682625329046,0.08836074065516256,0.0999326798371653,0.0941326832997498,0.11734557151794434,0.007847863419868685,0.007847471163024977,0.06462526321411133,1.0149924648279071e-19
0.09635605481066221,0.0883605814524988,0.09993268646060012,0.09413348615553084,0.11789846420288086,0.00784747117142173,0.007847078934197782,0.06214404106140137,1.0150168769202473e-19
0.09635528336714907,0.08836042225908033,0.09993269308383236,0.09413428893691365,0.11922550201416016,0.007847078942621918,0.007846686724910512,0.06272625923156738,1.0150412811754567e-19
0.09635451192275282,0.08836026307490621,0.09993269970686201,0.09413509164390836,0.12404370307922363,0.007846686733467056,0.007846294535340803,0.06980252265930176,1.0150656953583672e-19
0.09635374047747512,0.08836010389997555,0.09993270632968909,0.09413589427652506,0.11661767959594727,0.007846294543955662,0.00784590236566629,0.062098026275634766,1.0150901093682721e-19
0.09635296903131772,0.08835994473428739,0.09993271295231361,0.09413669683477387,0.12069845199584961,0.007845902374086822,0.007845510215354068,0.06206035614013672,1.0151145165575038e-19
0.09635219758428228,0.08835978557784085,0.09993271957473555,0.09413749931866483,0.11574697494506836,0.007845510223860895,0.007845118084759406,0.06408381462097168,1.0151389196498398e-19
0.09635142613637059,0.088359626430635,0.09993272619695492,0.09413830172820807,0.11744189262390137,0.00784511809327625,0.00784472597370467,0.0668797492980957,1.0151633297714129e-19
0.09635065468758441,0.08835946729266891,0.09993273281897173,0.09413910406341369,0.11610794067382812,0.007844725982331883,0.007844333882722765,0.06212115287780762,1.0151877313475194e-19
0.09634988323792547,0.08835930816394166,0.09993273944078598,0.09413990632429174,0.12109184265136719,0.007844333891025752,0.007843941810747879,0.06242632865905762,1.0152121390368582e-19
0.09634911178739541,0.08835914904445236,0.09993274606239766,0.09414070851085235,0.11535406112670898,0.007843941819358982,0.007843549758845825,0.0645906925201416,1.0152365403694808e-19
0.09634834033599607,0.08835898993420005,0.09993275268380677,0.09414151062310556,0.11752176284790039,0.007843549767328163,0.007843157726128425,0.06681632995605469,1.0152609471325515e-19
0.09634756888372902,0.08835883083318383,0.09993275930501334,0.09414231266106149,0.11742401123046875,0.007843157734934058,0.007842765713839128,0.062070369720458984,1.0152853457371963e-19
0.09634679743059606,0.08835867174140277,0.09993276592601735,0.09414311462473024,0.11915445327758789,0.007842765722174929,0.007842373720734486,0.06351351737976074,1.0153097475321721e-19
0.09634602597659893,0.08835851265885597,0.0999327725468188,0.09414391651412186,0.11716532707214355,0.00784237372905018,0.007841981747347404,0.06632208824157715,1.015334142444554e-19
0.09634525452173939,0.0883583535855425,0.0999327791674177,0.09414471832924644,0.11785173416137695,0.007841981755557196,0.00784158979296734,0.06528925895690918,1.0153585425749241e-19
0.09634448306601917,0.08835819452146146,0.09993278578781406,0.09414552007011405,0.11653614044189453,0.007841589801697552,0.007841197859548288,0.0622251033782959,1.0153829427288072e-19
0.09634371160944005,0.08835803546661192,0.09993279240800784,0.09414632173673478,0.12741947174072266,0.007841197867467595,0.007840805944603346,0.06465768814086914,1.0154073397600815e-19
0.09634294015200373,0.08835787642099295,0.09993279902799908,0.09414712332911869,0.11698722839355469,0.007840805952868454,0.007840414049553601,0.0656595230102539,1.0154317377991579e-19
0.09634216869371191,0.08835771738460366,0.09993280564778777,0.09414792484727588,0.1173090934753418,0.00784041405789812,0.007840022174043781,0.06215834617614746,1.0154561314923504e-19
0.0963413972345664,0.0883575583574431,0.09993281226737392,0.0941487262912164,0.11919736862182617,0.007840022182557228,0.007839630317896251,0.06584429740905762,1.0154805264676225e-19
0.09634062577456888,0.0883573993395104,0.09993281888675752,0.0941495276609503,0.12809991836547852,0.007839630326844198,0.007839238481821553,0.06775641441345215,1.0155049170838687e-19
0.09633985431372108,0.08835724033080461,0.09993282550593859,0.09415032895648766,0.1181795597076416,0.007839238490757943,0.007838846666174959,0.06484580039978027,1.0155293080880191e-19
0.09633908285202473,0.08835708133132485,0.0999328321249171,0.09415113017783856,0.12496018409729004,0.007838846674295814,0.007838454868469569,0.06587886810302734,1.0155537019643195e-19
0.09633831138948158,0.08835692234107018,0.09993283874369309,0.09415193132501302,0.12717962265014648,0.007838454877458316,0.007838063091902825,0.06775641441345215,1.0155780921740628e-19
0.09633753992609333,0.08835676336003968,0.09993284536226653,0.09415273239802117,0.12702107429504395,0.007838063100243247,0.007837671334165464,0.0728769302368164,1.0156024833328645e-19
0.09633676846186172,0.08835660438823245,0.09993285198063744,0.09415353339687306,0.12567353248596191,0.007837671342651124,0.00783727959667857,0.06777453422546387,1.015626868405142e-19
0.09633599699678852,0.08835644542564756,0.0999328585988058,0.09415433432157867,0.12344169616699219,0.007837279604679517,0.00783688787802106,0.06705689430236816,1.0156512572045907e-19
0.09633522553087538,0.0883562864722841,0.09993286521677162,0.09415513517214813,0.11902451515197754,0.007836887886328517,0.00783649617943638,0.06392908096313477,1.0156756441846876e-19
0.09633445406412401,0.08835612752814113,0.0999328718345349,0.09415593594859147,0.12596797943115234,0.007836496187596749,0.007836104500213992,0.06744647026062012,1.0157000326097658e-19
0.09633368259653621,0.08835596859321776,0.09993287845209567,0.09415673665091871,0.12312459945678711,0.007836104508482647,0.007835712840353892,0.06437206268310547,1.0157244134425587e-19
0.09633291112811371,0.08835580966751305,0.0999328850694539,0.09415753727913999,0.13069391250610352,0.007835712848987209,0.007835321200921896,0.06781697273254395,1.0157488024775292e-19
0.09633213965885824,0.08835565075102611,0.09993289168660961,0.09415833783326534,0.12688922882080078,0.00783532120910701,0.007834929580141647,0.06686997413635254,1.0157731816633927e-19
0.09633136818877153,0.088355491843756,0.09993289830356279,0.09415913831330479,0.11882829666137695,0.007834929588843537,0.00783453797943423,0.06399345397949219,1.0157975663301166e-19
0.09633059671785528,0.08835533294570184,0.09993290492031345,0.0941599387192684,0.12433815002441406,0.007834537988194395,0.00783414639862201,0.0664365291595459,1.0158219445691603e-19
0.09632982524611121,0.08835517405686269,0.09993291153686158,0.09416073905116618,0.12543392181396484,0.007834146407158904,0.007833754837349716,0.06691765785217285,1.0158463279009192e-19
0.09632905377354115,0.08835501517723765,0.09993291815320719,0.09416153930900818,0.11900877952575684,0.007833754845735815,0.00783336329543971,0.06420660018920898,1.015870706867372e-19
0.09632828230014676,0.0883548563068258,0.09993292476935028,0.0941623394928044,0.1271984577178955,0.00783336330392418,0.007832971773247266,0.06686019897460938,1.0158950845313601e-19
0.09632751082592979,0.08835469744562621,0.09993293138529086,0.0941631396025649,0.13357758522033691,0.007832971781723593,0.007832580270772382,0.06685400009155273,1.015919460561374e-19
0.09632673935089198,0.08835453859363798,0.09993293800102891,0.0941639396382997,0.12105917930603027,0.007832580279132095,0.007832188787126881,0.06503653526306152,1.0159438373425355e-19
0.096325967875035,0.08835437975086019,0.09993294461656445,0.09416473960001887,0.12750744819641113,0.007832188796150769,0.007831797323909484,0.06913423538208008,1.015968213258105e-19
0.09632519639836058,0.08835422091729192,0.09993295123189748,0.09416553948773244,0.12264347076416016,0.00783179733277622,0.007831405880587283,0.06718182563781738,1.0159925835453101e-19
0.0963244249208705,0.08835406209293228,0.09993295784702799,0.09416633930145045,0.11925745010375977,0.007831405889006793,0.007831014456627372,0.06399154663085938,1.0160169567762507e-19
0.09632365344256653,0.08835390327778035,0.09993296446195599,0.09416713904118287,0.12672996520996094,0.007831014464843163,0.007830623051674479,0.06763887405395508,1.016041333172983e-19
0.0963228819634504,0.08835374447183521,0.09993297107668148,0.09416793870693979,0.13132953643798828,0.007830623060284054,0.00783023166714969,0.06531786918640137,1.0160657040172551e-19
0.09632211048352383,0.08835358567509592,0.09993297769120445,0.09416873829873124,0.1233832836151123,0.007830231675328479,0.007829840302164826,0.06503033638000488,1.0160900766307743e-19
0.09632133900278855,0.0883534268875616,0.09993298430552491,0.0941695378165672,0.1285707950592041,0.007829840309974745,0.007829448956009344,0.06924629211425781,1.0161144454284113e-19
0.09632056752124632,0.08835326810923134,0.09993299091964288,0.09417033726045769,0.12302017211914062,0.007829448964223919,0.007829057629571423,0.06707954406738281,1.0161388157697639e-19
0.0963197960388988,0.08835310934010422,0.09993299753355835,0.09417113663041275,0.12116694450378418,0.007829057638074064,0.00782866632338397,0.06490254402160645,1.0161631817515037e-19
0.09631902455574773,0.08835295058017933,0.09993300414727131,0.09417193592644237,0.1278972625732422,0.007828666331523453,0.007828275035848264,0.06851935386657715,1.0161875500228695e-19
0.09631825307179488,0.08835279182945577,0.09993301076078179,0.09417273514855658,0.1313304901123047,0.00782827504457281,0.007827883768207755,0.06623601913452148,1.0162119186210699e-19
0.09631748158704197,0.0883526330879326,0.09993301737408974,0.09417353429676545,0.12594127655029297,0.007827883777219553,0.00782749252135062,0.06645488739013672,1.0162362793643103e-19
0.0963167101014907,0.08835247435560892,0.09993302398719521,0.09417433337107894,0.12720298767089844,0.007827492529462132,0.007827101292789962,0.06804037094116211,1.0162606447805513e-19
0.09631593861514279,0.0883523156324838,0.09993303060009819,0.09417513237150706,0.12049102783203125,0.00782710130130177,0.007826710084657407,0.06486868858337402,1.0162850101633325e-19
0.09631516712800005,0.08835215691855637,0.09993303721279867,0.09417593129805979,0.12281918525695801,0.007826710092735029,0.007826318894998963,0.06490731239318848,1.016309369433256e-19
0.09631439564006418,0.08835199821382571,0.09993304382529666,0.09417673015074714,0.1278841495513916,0.007826318903762721,0.007825927725946258,0.06965065002441406,1.0163337329332771e-19
0.09631362415133692,0.08835183951829088,0.09993305043759218,0.09417752892957916,0.1287398338317871,0.007825927734382102,0.007825536575900571,0.06450557708740234,1.0163580953756955e-19
0.09631285266182002,0.08835168083195098,0.0999330570496852,0.09417832763456581,0.12457513809204102,0.00782553658459459,0.007825145445927717,0.06698822975158691,1.0163824553200606e-19
0.09631208117151517,0.0883515221548051,0.09993306366157574,0.09417912626571716,0.12504363059997559,0.007825145454396821,0.007824754334961881,0.06705832481384277,1.0164068104498815e-19
0.09631130968042416,0.08835136348685232,0.0999330702732638,0.09417992482304316,0.11911296844482422,0.00782475434378985,0.007824363244246513,0.06415534019470215,1.0164311704415578e-19
0.09631053818854872,0.08835120482809174,0.09993307688474937,0.09418072330655382,0.1258697509765625,0.007824363252771296,0.007823972172715798,0.06672978401184082,1.0164555247608265e-19
0.09630976669589056,0.08835104617852245,0.09993308349603244,0.09418152171625913,0.12655091285705566,0.007823972181341225,0.007823581120902645,0.06918716430664062,1.016479881683295e-19
0.09630899520245147,0.08835088753814355,0.09993309010711304,0.09418232005216906,0.12896251678466797,0.007823581129498311,0.007823190088451781,0.06462287902832031,1.016504235612358e-19
0.09630822370823311,0.08835072890695411,0.09993309671799115,0.09418311831429367,0.12799763679504395,0.007823190097241917,0.007822799076606657,0.0691530704498291,1.0165285907461145e-19
0.0963074522132372,0.08835057028495323,0.09993310332866678,0.09418391650264288,0.1231987476348877,0.007822799084568649,0.007822408082880372,0.06816530227661133,1.0165529419188271e-19
0.09630668071746547,0.08835041167213999,0.09993310993913994,0.09418471461722673,0.12211322784423828,0.007822408091479955,0.007822017109404555,0.06471133232116699,1.0165772971314402e-19
0.09630590922091967,0.08835025306851349,0.09993311654941062,0.09418551265805514,0.12682437896728516,0.00782201711797448,0.007821626155291028,0.06864380836486816,1.016601646347186e-19
0.0963051377236015,0.0883500944740728,0.09993312315947882,0.09418631062513814,0.12302398681640625,0.007821626164050636,0.007821235221427969,0.06756877899169922,1.0166259999159704e-19
0.09630436622551278,0.08834993588881702,0.09993312976934456,0.09418710851848573,0.12467265129089355,0.00782123522970701,0.007820844306216657,0.06736135482788086,1.0166503484529384e-19
0.0963035947266551,0.08834977731274526,0.09993313637900783,0.09418790633810789,0.12543439865112305,0.007820844314944366,0.007820453411255812,0.06698060035705566,1.0166746961676328e-19
0.09630282322703028,0.08834961874585659,0.09993314298846864,0.0941887040840146,0.11971426010131836,0.007820453419761973,0.007820062535834893,0.06444430351257324,1.0166990412045465e-19
0.09630205172664007,0.08834946018815011,0.09993314959772699,0.0941895017562158,0.12631654739379883,0.007820062544155904,0.007819671679776263,0.0669548511505127,1.016723389620878e-19
0.09630128022548622,0.0883493016396249,0.09993315620678286,0.09419029935472145,0.1286160945892334,0.007819671688126868,0.007819280843435195,0.06810283660888672,1.0167477342665524e-19
0.0963005087235705,0.08834914310028005,0.09993316281563627,0.09419109687954161,0.11951589584350586,0.00781928085167416,0.00781889002627878,0.06635665893554688,1.016772076818703e-19
0.09629973722089459,0.08834898457011467,0.09993316942428723,0.09419189433068618,0.13381218910217285,0.00781889003479685,0.007818499229017561,0.07306671142578125,1.0167964287826561e-19
0.09629896571746022,0.08834882604912785,0.09993317603273572,0.09419269170816515,0.12348270416259766,0.007818499237493887,0.007818108451473904,0.06791853904724121,1.0168207665874566e-19
0.09629819421326914,0.08834866753731865,0.09993318264098175,0.0941934890119885,0.12205696105957031,0.007818108459763672,0.00781771769275963,0.06484246253967285,1.0168451089220284e-19
0.09629742270832312,0.08834850903468619,0.09993318924902532,0.09419428624216614,0.12732481956481934,0.007817717701606268,0.007817326954295822,0.06937098503112793,1.0168694491363206e-19
0.09629665120262389,0.08834835054122957,0.09993319585686644,0.09419508339870805,0.12337493896484375,0.007817326963020312,0.007816936235727212,0.06747794151306152,1.0168937896334314e-19
0.0962958796961732,0.08834819205694786,0.09993320246450511,0.09419588048162421,0.12025594711303711,0.007816936244003404,0.00781654553616562,0.06450963020324707,1.0169181318490456e-19
0.09629510818897273,0.08834803358184015,0.09993320907194132,0.09419667749092459,0.1280670166015625,0.007816545544555673,0.007816154856143953,0.06735944747924805,1.0169424655377242e-19
0.09629433668102427,0.08834787511590554,0.09993321567917508,0.09419747442661917,0.11817193031311035,0.007816154864677457,0.007815764196195119,0.06450629234313965,1.0169668042724517e-19
0.09629356517232947,0.08834771665914312,0.09993322228620641,0.09419827128871783,0.12528777122497559,0.007815764204366034,0.007815373555253302,0.06696748733520508,1.0169911407507439e-19
0.09629279366289009,0.08834755821155199,0.09993322889303528,0.09419906807723061,0.12460494041442871,0.007815373563621546,0.007814982933851411,0.06723332405090332,1.0170154751922419e-19
0.09629202215270785,0.08834739977313123,0.09993323549966171,0.09419986479216742,0.11842632293701172,0.007814982942442641,0.007814592332344716,0.06421208381652832,1.0170398103108735e-19
0.09629125064178441,0.08834724134387995,0.09993324210608569,0.09420066143353821,0.12482738494873047,0.007814592340826255,0.007814201750555583,0.06655693054199219,1.0170641443540209e-19
0.09629047913012159,0.08834708292379723,0.09993324871230722,0.09420145800135293,0.12756752967834473,0.007814201758773788,0.007813811187951103,0.06740450859069824,1.0170884785701567e-19
0.09628970761772111,0.08834692451288216,0.0999332553183263,0.09420225449562156,0.1244356632232666,0.007813811196283318,0.007813420645064184,0.0650322437286377,1.0171128097068332e-19
0.09628893610458465,0.08834676611113383,0.09993326192414294,0.09420305091635396,0.12885069847106934,0.007813420653354792,0.007813030121361919,0.06833052635192871,1.0171371374148187e-19
0.09628816459071401,0.08834660771855136,0.09993326852975715,0.09420384726356017,0.12168574333190918,0.007813030129987575,0.007812639617377215,0.06486701965332031,1.0171614652004821e-19
0.09628739307611096,0.08834644933513384,0.09993327513516892,0.09420464353725011,0.12004947662353516,0.007812639626180066,0.007812249133642979,0.06448554992675781,1.0171858004671388e-19
0.09628662156077727,0.08834629096088036,0.09993328174037824,0.09420543973743373,0.12751460075378418,0.0078122491419302335,0.007811858668738125,0.06883025169372559,1.0172101232245823e-19
0.09628585004471474,0.08834613259578998,0.09993328834538515,0.09420623586412097,0.12813925743103027,0.007811858677238725,0.007811468223373197,0.07318425178527832,1.017234453228631e-19
0.096285078527925,0.08834597423986182,0.09993329495018961,0.09420703191732172,0.1260237693786621,0.007811468232102976,0.007811077798436372,0.06690740585327148,1.0172587764940749e-19
0.09628430701040981,0.08834581589309497,0.09993330155479166,0.09420782789704595,0.12224817276000977,0.00781107780652225,0.007810687391796023,0.0660243034362793,1.0172831045822042e-19
0.09628353549217093,0.08834565755548854,0.09993330815919127,0.09420862380330355,0.11877894401550293,0.007810687400497346,0.007810297005228506,0.06376075744628906,1.0173074250559537e-19
0.09628276397321005,0.0883454992270416,0.09993331476338844,0.09420941963610449,0.12599658966064453,0.007810297014026246,0.0078099066390890926,0.06781339645385742,1.0173317520607886e-19
0.0962819924535289,0.08834534090775326,0.0999333213673832,0.09421021539545871,0.12297272682189941,0.007809906647105582,0.00780951629142379,0.06767535209655762,1.0173560741047605e-19
0.09628122093312927,0.0883451825976226,0.09993332797117553,0.09421101108137617,0.13041925430297852,0.007809516299737731,0.007809125963120778,0.06933999061584473,1.0173803969788515e-19
0.09628044941201286,0.0883450242966487,0.09993333457476544,0.09421180669386675,0.12442731857299805,0.007809125971921143,0.007808735655423504,0.06823372840881348,1.0174047152696721e-19
0.09627967789018134,0.08834486600483069,0.09993334117815293,0.0942126022329404,0.11902952194213867,0.007808735663653001,0.0078083453665556135,0.06441307067871094,1.0174290338532615e-19
0.09627890636763649,0.08834470772216764,0.099933347781338,0.09421339769860701,0.1255180835723877,0.007808345374933491,0.007807955097050012,0.06644821166992188,1.0174533559513138e-19
0.09627813484438008,0.08834454944865865,0.09993335438432063,0.09421419309087652,0.12444090843200684,0.007807955105762536,0.007807564847794879,0.06741905212402344,1.0174776747571764e-19
0.09627736332041376,0.0883443911843028,0.09993336098710086,0.09421498840975881,0.1188666820526123,0.007807564856137091,0.007807174617369128,0.06416940689086914,1.0175019880772907e-19
0.0962765917957393,0.08834423292909924,0.09993336758967868,0.09421578365526387,0.12559270858764648,0.007807174626058672,0.007806784406838574,0.06619691848754883,1.0175263053557532e-19
0.09627582027035851,0.08834407468304703,0.09993337419205409,0.09421657882740156,0.1342020034790039,0.007806784415525808,0.007806394216203216,0.06490755081176758,1.0175506199471483e-19
0.09627504874427308,0.08834391644614525,0.09993338079422708,0.09421737392618182,0.12079334259033203,0.007806394224535605,0.00780600404404197,0.06461071968078613,1.0175749332204712e-19
0.09627427721748474,0.08834375821839303,0.09993338739619766,0.09421816895161456,0.12641191482543945,0.007806004053088754,0.007805613892486463,0.06887125968933105,1.0175992467493819e-19
0.09627350568999518,0.08834359999978947,0.09993339399796583,0.09421896390370967,0.11994552612304688,0.007805613901183263,0.007805223760115609,0.06437110900878906,1.0176235539166311e-19
0.09627273416180622,0.08834344179033363,0.0999334005995316,0.09421975878247701,0.12222003936767578,0.007805223768818478,0.007804833647462317,0.06461954116821289,1.0176478706553884e-19
0.09627196263291955,0.08834328359002462,0.09993340720089497,0.09422055358792653,0.12689781188964844,0.007804833655993741,0.0078044435539936785,0.06917595863342285,1.017672177473232e-19
0.09627119110333691,0.08834312539886155,0.09993341380205593,0.09422134832006811,0.12859630584716797,0.007804443562706773,0.007804053480242601,0.06423521041870117,1.017696485844364e-19
0.09627041957305998,0.08834296721684351,0.09993342040301449,0.09422214297891167,0.12417149543762207,0.00780405348895756,0.007803663426209084,0.06655478477478027,1.0177207955683338e-19
0.0962696480420905,0.0883428090439696,0.09993342700377066,0.09422293756446709,0.12285375595092773,0.0078036634347458025,0.0078032733918931285,0.0669698715209961,1.0177451043164611e-19
0.09626887651043031,0.08834265088023889,0.09993343360432441,0.0942237320767443,0.11784148216247559,0.007803273400069147,0.007802883376761827,0.06344962120056152,1.0177694102344291e-19
0.09626810497808112,0.08834249272565052,0.09993344020467577,0.09422452651575322,0.12761998176574707,0.007802883384928254,0.00780249338117045,0.06840658187866211,1.0177937190235131e-19
0.09626733344504464,0.08834233458020356,0.09993344680482474,0.09422532088150375,0.12216472625732422,0.007802493389320235,0.00780210340423082,0.0664210319519043,1.0178180182713045e-19
0.09626656191132256,0.08834217644389712,0.0999334534047713,0.09422611517400574,0.12741637229919434,0.0078021034132468615,0.007801713448429837,0.06607389450073242,1.0178423271601946e-19
0.09626579037691665,0.08834201831673029,0.09993346000451547,0.09422690939326911,0.12448787689208984,0.007801713456704329,0.007801323511458236,0.06618666648864746,1.0178666259643112e-19
0.09626501884182864,0.08834186019870216,0.09993346660405726,0.09422770353930374,0.11819338798522949,0.007801323519692328,0.00780093359402656,0.06383609771728516,1.0178909332400495e-19
0.09626424730606029,0.08834170208981183,0.09993347320339666,0.09422849761211952,0.12610602378845215,0.007800933602210898,0.007800543695424267,0.06617379188537598,1.0179152288770232e-19
0.0962634757696133,0.0883415439900584,0.09993347980253366,0.09422929161172632,0.12570738792419434,0.0078005437042595145,0.007800153816361899,0.06683921813964844,1.017939535423352e-19
0.09626270423248942,0.08834138589944097,0.09993348640146828,0.09423008553813401,0.11918401718139648,0.0078001538258381485,0.007799763958438177,0.06370043754577637,1.0179638287106075e-19
0.09626193269469036,0.08834122781795864,0.0999334930002005,0.09423087939135254,0.12830758094787598,0.007799763966941021,0.0077993741191662025,0.06789970397949219,1.0179881286029027e-19
0.09626116115621788,0.0883410697456105,0.09993349959873034,0.09423167317139174,0.11878275871276855,0.007799374127570544,0.007798984299256517,0.0636148452758789,1.0180124257036028e-19
0.09626038961707374,0.08834091168239565,0.09993350619705779,0.09423246687826149,0.12450599670410156,0.007798984307724801,0.007798594499242029,0.06609487533569336,1.0180367212468508e-19
0.09625961807725966,0.08834075362831319,0.09993351279518287,0.09423326051197169,0.12494754791259766,0.007798594507403109,0.0077982047180569225,0.06618738174438477,1.0180610157082088e-19
0.09625884653677744,0.08834059558336221,0.09993351939310556,0.09423405407253216,0.11902594566345215,0.007798204726605471,0.007797814956411742,0.06372857093811035,1.0180853097227569e-19
0.09625807499562877,0.08834043754754184,0.09993352599082587,0.09423484755995282,0.12606000900268555,0.007797814965331284,0.007797425215194664,0.06676340103149414,1.0181096057219517e-19
0.09625730345381543,0.08834027952085113,0.09993353258834382,0.09423564097424356,0.12676620483398438,0.007797425223576205,0.00779703549280697,0.07090997695922852,1.0181338989013908e-19
0.0962565319113392,0.08834012150328924,0.09993353918565939,0.09423643431541423,0.1253068447113037,0.00779703550134159,0.0077966457908473785,0.0664980411529541,1.0181581878953847e-19
0.09625576036820169,0.08833996349485522,0.0999335457827726,0.09423722758347472,0.129075288772583,0.007796645798625081,0.007796256107006627,0.06801819801330566,1.0181824817858849e-19
0.09625498882440471,0.08833980549554818,0.09993355237968342,0.09423802077843485,0.11939787864685059,0.0077962561154281676,0.007795866443238708,0.06485104560852051,1.0182067686299125e-19
0.09625421727995002,0.08833964750536721,0.09993355897639189,0.09423881390030453,0.12368893623352051,0.007795866451748409,0.007795476799010714,0.06439208984375,1.0182310592737295e-19
0.09625344573483931,0.08833948952431145,0.09993356557289798,0.09423960694909364,0.12770605087280273,0.007795476807584524,0.007795087173612103,0.06780815124511719,1.018255346862898e-19
0.09625267418907427,0.08833933155237998,0.0999335721692017,0.09424039992481197,0.12658452987670898,0.007795087182938346,0.007794697569174502,0.07379937171936035,1.0182796302943282e-19
0.09625190264265673,0.0883391735895719,0.09993357876530307,0.0942411928274694,0.1274549961090088,0.007794697577804651,0.007794307983921556,0.06807661056518555,1.0183039202239625e-19
0.0962511310955884,0.08833901563588631,0.09993358536120206,0.0942419856570758,0.11948847770690918,0.0077943079921831936,0.007793918417675627,0.06452488899230957,1.0183282026255642e-19
0.09625035954787105,0.08833885769132231,0.09993359195689869,0.09424277841364101,0.1237185001373291,0.007793918426075758,0.0077935288711472595,0.06470704078674316,1.0183524916013959e-19
0.09624958799950635,0.08833869975587899,0.09993359855239296,0.09424357109717493,0.12659859657287598,0.007793528879479287,0.007793139343803546,0.06786990165710449,1.0183767719810542e-19
0.09624881645049606,0.08833854182955546,0.09993360514768489,0.09424436370768738,0.12022161483764648,0.007793139352394186,0.007792749835999757,0.06622195243835449,1.0184010559469243e-19
0.09624804490084189,0.08833838391235083,0.09993361174277446,0.09424515624518819,0.1259140968322754,0.007792749844817502,0.007792360348091165,0.06705021858215332,1.0184253339071097e-19
0.09624727335054556,0.08833822600426418,0.09993361833766166,0.09424594870968721,0.13095450401306152,0.0077923603567505075,0.0077919708797224985,0.06445097923278809,1.0184496165944603e-19
0.09624650179960889,0.08833806810529464,0.09993362493234652,0.0942467411011943,0.12267589569091797,0.007791970888191264,0.007791581430893757,0.062290191650390625,1.018473893555018e-19
0.0962457302480336,0.08833791021544128,0.09993363152682902,0.0942475334197193,0.1228325366973877,0.0077915814391367605,0.007791192001427305,0.06605887413024902,1.0184981789337048e-19
0.09624495869582138,0.08833775233470322,0.09993363812110917,0.09424832566527205,0.12526607513427734,0.007791192009587373,0.007790802590790236,0.06602954864501953,1.0185224525697172e-19
0.09624418714297395,0.08833759446307955,0.09993364471518698,0.09424911783786238,0.12514972686767578,0.0077908025995431646,0.007790413200936541,0.06571316719055176,1.0185467315563075e-19
0.0962434155894931,0.08833743660056936,0.09993365130906244,0.09424990993750014,0.12534022331237793,0.0077904132090023965,0.007790023829379322,0.06531023979187012,1.0185710043833143e-19
0.0962426440353806,0.08833727874717177,0.09993365790273555,0.09425070196419515,0.13431859016418457,0.007790023837965808,0.0077896344777173,0.06942892074584961,1.0185952805691795e-19
0.09624187248063813,0.0883371209028859,0.09993366449620632,0.09425149391795729,0.1265726089477539,0.007789634486430141,0.00778924514612811,0.06757521629333496,1.018619554843658e-19
0.0962411009252675,0.0883369630677108,0.09993367108947472,0.09425228579879638,0.12790179252624512,0.007789245154394049,0.007788855832835395,0.06803441047668457,1.0186438276257737e-19
0.09624032936927042,0.08833680524164562,0.09993367768254079,0.09425307760672225,0.12696099281311035,0.007788855841860258,0.0077884665403260556,0.06656503677368164,1.0186680992929207e-19
0.09623955781264859,0.08833664742468947,0.09993368427540453,0.09425386934174472,0.1268935203552246,0.007788466548823677,0.00778807726700137,0.06595826148986816,1.0186923695524287e-19
0.09623878625540376,0.0883364896168414,0.09993369086806592,0.09425466100387361,0.13489794731140137,0.007788077275284076,0.007787688012150795,0.06794309616088867,1.0187166411327385e-19
0.09623801469753765,0.08833633181810055,0.09993369746052498,0.09425545259311875,0.12569427490234375,0.007787688021242821,0.007787298778261231,0.0666501522064209,1.0187409100518184e-19
0.09623724313905198,0.08833617402846602,0.09993370405278171,0.09425624410948996,0.1266617774963379,0.007787298786695855,0.007786909562668143,0.06681537628173828,1.0187651754579204e-19
0.09623647157994854,0.08833601624793691,0.0999337106448361,0.09425703555299712,0.1264810562133789,0.0077869095716453125,0.007786520367325522,0.06623291969299316,1.0187894431976974e-19
0.09623570002022898,0.08833585847651232,0.09993371723668815,0.09425782692364999,0.12679052352905273,0.007786520376088167,0.007786131191522827,0.06610965728759766,1.01881371035107e-19
0.09623492845989516,0.08833570071419133,0.09993372382833787,0.0942586182214584,0.1313159465789795,0.007786131200023401,0.007785742034904786,0.06711053848266602,1.0188379801205805e-19
0.09623415689894874,0.08833554296097308,0.09993373041978526,0.09425940944643219,0.12635421752929688,0.007785742043449734,0.007785352897649034,0.0672459602355957,1.0188622425406832e-19
0.09623338533739145,0.08833538521685666,0.09993373701103032,0.09426020059858115,0.1279301643371582,0.007785352906366847,0.007784963780466114,0.0693824291229248,1.018886506279499e-19
0.09623261377522511,0.08833522748184118,0.09993374360207308,0.09426099167791507,0.12887954711914062,0.007784963788773791,0.007784574683000756,0.06977558135986328,1.0189107721090928e-19
0.09623184221245146,0.08833506975592573,0.09993375019291349,0.09426178268444381,0.12897992134094238,0.007784574690668431,0.007784185603298965,0.06957507133483887,1.0189350336080112e-19
0.09623107064907227,0.08833491203910943,0.0999337567835516,0.09426257361817719,0.12749028205871582,0.00778418561205408,0.007783796544025279,0.06842732429504395,1.0189592929621932e-19
0.09623029908508923,0.08833475433139139,0.09993376337398738,0.094263364479125,0.12210559844970703,0.0077837965529259315,0.007783407505179696,0.06496953964233398,1.0189835454921175e-19
0.09622952752050405,0.08833459663277067,0.09993376996422083,0.09426415526729705,0.12666678428649902,0.007783407513282626,0.00778301848498586,0.06597208976745605,1.0190078102214353e-19
0.09622875595531849,0.08833443894324641,0.09993377655425197,0.0942649459827031,0.1267547607421875,0.007783018493123923,0.007782629483799042,0.06571149826049805,1.0190320644889718e-19
0.0962279843895343,0.08833428126281773,0.09993378314408079,0.094265736625353,0.12604212760925293,0.007782629492450174,0.007782240502685056,0.06745171546936035,1.0190563234516325e-19
0.09622721282315316,0.08833412359148371,0.09993378973370728,0.09426652719525648,0.12866830825805664,0.007782240511260066,0.007781851541821538,0.06972527503967285,1.0190805819339766e-19
0.0962264412561769,0.08833396592924347,0.09993379632313147,0.09426731769242347,0.13314437866210938,0.007781851549550207,0.007781462598543953,0.0675210952758789,1.0191048376479736e-19
0.0962256696886072,0.0883338082760961,0.09993380291235335,0.09426810811686369,0.12235689163208008,0.007781462607324484,0.007781073676049743,0.06519460678100586,1.0191290880106866e-19
0.09622489812044581,0.08833365063204072,0.09993380950137293,0.09426889846858699,0.12778115272521973,0.00778107368457677,0.007780684772917823,0.06942510604858398,1.019153346029555e-19
0.09622412655169439,0.08833349299707642,0.09993381609019018,0.09426968874760312,0.12531280517578125,0.007780684781308069,0.007780295888615285,0.0679323673248291,1.0191776026158966e-19
0.09622335498235472,0.08833333537120232,0.09993382267880514,0.09427047895392188,0.12235808372497559,0.007780295897517855,0.007779907024740851,0.06673049926757812,1.0192018503531677e-19
0.09622258341242854,0.08833317775441751,0.09993382926721779,0.09427126908755305,0.1329350471496582,0.007779907033205742,0.007779518179518163,0.06757688522338867,1.0192260990143012e-19
0.09622181184191762,0.08833302014672109,0.09993383585542814,0.09427205914850643,0.12748122215270996,0.00777951818836977,0.007779129354545944,0.06749367713928223,1.0192503528917199e-19
0.09622104027082368,0.08833286254811216,0.09993384244343619,0.09427284913679182,0.11976099014282227,0.0077791293630092235,0.007778740548758378,0.06435108184814453,1.01927459796229e-19
0.09622026869914847,0.08833270495858986,0.09993384903124193,0.09427363905241902,0.12656617164611816,0.007778740557121517,0.007778351761977831,0.06813430786132812,1.0192988462808397e-19
0.09621949712689377,0.08833254737815327,0.09993385561884538,0.0942744288953978,0.12182092666625977,0.007778351770708037,0.007777962994914844,0.06751179695129395,1.0193230937476509e-19
0.09621872555406129,0.08833238980680151,0.09993386220624653,0.09427521866573796,0.12142467498779297,0.007777963003767822,0.0077775742482799615,0.06491827964782715,1.0193473423521639e-19
0.09621795398065275,0.08833223224453368,0.09993386879344537,0.09427600836344922,0.12882280349731445,0.007777574256296368,0.007777185519586283,0.06942892074584961,1.0193715878846658e-19
0.09621718240666999,0.08833207469134889,0.09993387538044193,0.09427679798854138,0.13033080101013184,0.00777718552829797,0.0077767968113207075,0.06457114219665527,1.019395830514089e-19
0.09621641083211466,0.08833191714724624,0.0999338819672362,0.09427758754102422,0.12715530395507812,0.007776796819768133,0.007776408121884515,0.06904268264770508,1.0194200735239161e-19
0.09621563925698849,0.08833175961222484,0.09993388855382816,0.09427837702090754,0.12401199340820312,0.007776408130706024,0.007776019452165883,0.0677499771118164,1.0194443140155589e-19
0.09621486768129324,0.0883316020862838,0.09993389514021785,0.0942791664282011,0.12190675735473633,0.007776019461112612,0.007775630802520084,0.0653071403503418,1.0194685572710397e-19
0.09621409610503062,0.08833144456942221,0.09993390172640525,0.09427995576291467,0.12655997276306152,0.007775630810984476,0.007775242171526031,0.06833267211914062,1.0194927995015454e-19
0.09621332452820246,0.08833128706163919,0.09993390831239034,0.09428074502505805,0.11772871017456055,0.007775242180323466,0.0077748535607824465,0.06353569030761719,1.0195170425820046e-19
0.09621255295081045,0.08833112956293385,0.09993391489817315,0.09428153421464096,0.1304175853729248,0.0077748535691251255,0.007774464968690609,0.06738018989562988,1.0195412775935316e-19
0.09621178137285634,0.08833097207330527,0.09993392148375368,0.09428232333167313,0.12193179130554199,0.007774464977391606,0.007774076396849239,0.06548476219177246,1.0195655104588771e-19
0.09621100979434184,0.0883308145927526,0.09993392806913194,0.09428311237616435,0.12618017196655273,0.007774076405118867,0.007773687843659616,0.06846475601196289,1.0195897500711839e-19
0.09621023821526872,0.08833065712127494,0.09993393465430792,0.09428390134812438,0.11871862411499023,0.007773687852308942,0.007773299310720461,0.06481099128723145,1.0196139918074534e-19
0.09620946663563867,0.08833049965887138,0.0999339412392816,0.09428469024756299,0.12731003761291504,0.007773299318958839,0.007772910796610688,0.06691646575927734,1.0196382217420425e-19
0.09620869505545354,0.08833034220554103,0.09993394782405302,0.09428547907448995,0.11905694007873535,0.00777291080506792,0.007772522302396112,0.06483745574951172,1.0196624599073048e-19
0.09620792347471502,0.088330184761283,0.09993395440862217,0.09428626782891497,0.1281273365020752,0.007772522310636215,0.00777213382736619,0.06772565841674805,1.0196866906218378e-19
0.0962071518934248,0.0883300273260964,0.09993396099298904,0.09428705651084783,0.12576913833618164,0.007772133835661785,0.007771745371698557,0.06824827194213867,1.01971092391502e-19
0.09620638031158472,0.08832986989998035,0.09993396757715363,0.0942878451202983,0.11948037147521973,0.007771745380144967,0.007771356935393214,0.06458258628845215,1.0197351531184845e-19
0.09620560872919648,0.08832971248293393,0.09993397416111595,0.0942886336572761,0.12578535079956055,0.007771356944084127,0.007770968518805432,0.06748676300048828,1.0197593831107714e-19
0.09620483714626175,0.08832955507495627,0.09993398074487601,0.09428942212179103,0.1188650131225586,0.00777096852747825,0.007770580121935211,0.06470870971679688,1.0197836124637717e-19
0.09620406556278235,0.08832939767604646,0.0999339873284338,0.09429021051385285,0.12671780586242676,0.007770580130326038,0.0077701917444272794,0.06750202178955078,1.019807845942881e-19
0.09620329397875996,0.08832924028620363,0.09993399391178931,0.09429099883347128,0.11836051940917969,0.007770191752625848,0.007769803385926366,0.06446099281311035,1.019832070414841e-19
0.09620252239419637,0.08832908290542688,0.09993400049494257,0.09429178708065605,0.12778687477111816,0.007769803394378039,0.007769415047320649,0.06938815116882324,1.0198563001453683e-19
0.09620175080909332,0.08832892553371531,0.09993400707789357,0.09429257525541691,0.12583231925964355,0.0077694150555803095,0.007769026728432493,0.0653538703918457,1.0198805227129813e-19
0.09620097922345251,0.08832876817106806,0.0999340136606423,0.0942933633577636,0.11833500862121582,0.007769026736231628,0.007768638428196084,0.0643467903137207,1.0199047473773963e-19
0.09620020763727566,0.08832861081748422,0.09993402024318877,0.09429415138770582,0.12573933601379395,0.007768638436331797,0.007768250147677236,0.0680551528930664,1.019928973569906e-19
0.09619943605056457,0.08832845347296289,0.09993402682553298,0.09429493934525336,0.11800789833068848,0.007768250155881091,0.0077678618863430415,0.06464600563049316,1.0199531936205357e-19
0.09619866446332091,0.0883282961375032,0.09993403340767494,0.09429572723041592,0.12706756591796875,0.007767861894877671,0.007767473644726408,0.06807541847229004,1.0199774169445904e-19
0.09619789287554649,0.08832813881110427,0.09993403998961464,0.09429651504320326,0.11686944961547852,0.007767473653320761,0.007767085422827336,0.06456136703491211,1.0200016413430761e-19
0.09619712128724298,0.08832798149376518,0.09993404657135209,0.09429730278362512,0.12441897392272949,0.007767085431207398,0.007766697219935281,0.0659630298614502,1.0200258591509801e-19
0.09619634969841215,0.08832782418548506,0.0999340531528873,0.09429809045169121,0.12657880783081055,0.007766697228539349,0.007766309036760788,0.06891465187072754,1.0200500744775647e-19
0.09619557810905581,0.088327666886263,0.09993405973422025,0.09429887804741126,0.1190035343170166,0.0077663090453141655,0.00776592087312622,0.06496262550354004,1.0200742974469925e-19
0.09619480651917567,0.08832750959609816,0.09993406631535094,0.09429966557079499,0.11867690086364746,0.007765920881530641,0.007765532728853941,0.06378531455993652,1.0200985113594005e-19
0.09619403492877346,0.08832735231498959,0.09993407289627938,0.0943004530218521,0.12700700759887695,0.007765532737188411,0.007765144603943952,0.06794428825378418,1.0201227264116333e-19
0.09619326333785096,0.08832719504293643,0.09993407947700557,0.09430124040059237,0.11472821235656738,0.007765144612285538,0.007764756498573888,0.06404256820678711,1.0201469430869316e-19
0.09619249174640992,0.08832703777993778,0.09993408605752953,0.09430202770702552,0.11951780319213867,0.0077647565068217125,0.0077643684122108425,0.06375646591186523,1.0201711569512931e-19
0.09619172015445206,0.08832688052599276,0.09993409263785123,0.09430281494116126,0.12852859497070312,0.0077643684207972935,0.007763980345920629,0.06851696968078613,1.0201953738510195e-19
0.09619094856197903,0.08832672328110047,0.0999340992179707,0.09430360210300927,0.11549663543701172,0.007763980354209343,0.007763592298459798,0.06413626670837402,1.0202195833430046e-19
0.09619017696899262,0.08832656604526003,0.09993410579788792,0.09430438919257925,0.12809443473815918,0.007763592307057494,0.0077632042710718,0.06388974189758301,1.0202437943999291e-19
0.09618940537549459,0.08832640881847052,0.0999341123776029,0.09430517620988099,0.12453866004943848,0.007763204279340772,0.007762816262868455,0.06533360481262207,1.020268010356799e-19
0.09618863378148676,0.08832625160073108,0.09993411895711565,0.09430596315492416,0.12407588958740234,0.00776281627105822,0.007762428273849764,0.06869339942932129,1.0202922168627064e-19
0.09618786218697077,0.08832609439204082,0.09993412553642617,0.09430675002771848,0.11512207984924316,0.0077624282822092005,0.0077620403043709985,0.0630042552947998,1.0203164246889253e-19
0.09618709059194833,0.08832593719239885,0.09993413211553444,0.0943075368282737,0.12134861946105957,0.007762040312792767,0.007761652354076887,0.06466388702392578,1.0203406348732791e-19
0.09618631899642122,0.0883257800018043,0.09993413869444048,0.09430832355659949,0.12756848335266113,0.0077616523628085896,0.007761264424033243,0.06901073455810547,1.020364845673687e-19
0.09618554740039119,0.08832562282025626,0.0999341452731443,0.09430911021270559,0.11475634574890137,0.00776126443225365,0.007760876512641346,0.06412196159362793,1.0203890476823031e-19
0.09618477580385995,0.08832546564775384,0.09993415185164589,0.09430989679660169,0.12816500663757324,0.007760876521128357,0.0077604886211446455,0.07042121887207031,1.0204132524261064e-19
0.09618400420682928,0.08832530848429618,0.09993415842994524,0.09431068330829746,0.12022590637207031,0.007760488629430717,0.007760100749010235,0.06370782852172852,1.020437456340484e-19
0.09618323260930096,0.08832515132988236,0.09993416500804238,0.09431146974780268,0.12959980964660645,0.007760100757159713,0.007759712895527571,0.06824588775634766,1.0204616652432891e-19
0.09618246101127667,0.08832499418451152,0.09993417158593729,0.09431225611512693,0.11488556861877441,0.0077597129043165125,0.007759325062295375,0.06504631042480469,1.0204858633612245e-19
0.09618168941275815,0.08832483704818277,0.09993417816362997,0.09431304241027996,0.1141810417175293,0.007759325070899338,0.007758937248425468,0.0629737377166748,1.0205100663504733e-19
0.0961809178137472,0.08832467992089522,0.09993418474112044,0.09431382863327147,0.12029361724853516,0.007758937256905253,0.007758549454273123,0.06378626823425293,1.0205342666211069e-19
0.09618014621424553,0.08832452280264798,0.09993419131840868,0.09431461478411114,0.12958312034606934,0.0077585494623348995,0.007758161679127795,0.06783843040466309,1.020558469800342e-19
0.09617937461425488,0.08832436569344014,0.09993419789549471,0.0943154008628087,0.11700272560119629,0.00775816168718671,0.007757773922989486,0.06593060493469238,1.0205826631696342e-19
0.09617860301377697,0.08832420859327085,0.09993420447237851,0.09431618686937378,0.11699485778808594,0.007757773931461374,0.007757386186746373,0.06425189971923828,1.0206068625598248e-19
0.09617783141281357,0.0883240515021392,0.0999342110490601,0.0943169728038161,0.12944293022155762,0.007757386195156199,0.00775699846986555,0.06513524055480957,1.0206310622410176e-19
0.09617705981136644,0.08832389442004433,0.09993421762553949,0.09431775866614533,0.12384605407714844,0.007756998478270614,0.007756610772169381,0.06408834457397461,1.0206552578033087e-19
0.09617628820943733,0.08832373734698534,0.09993422420181666,0.09431854445637113,0.12857532501220703,0.007756610780804999,0.0077562230943684085,0.06814789772033691,1.0206794529641536e-19
0.09617551660702801,0.08832358028296135,0.09993423077789163,0.09431933017450322,0.11695265769958496,0.007756223102755938,0.007755835435574454,0.06646490097045898,1.0207036486596314e-19
0.09617474500414024,0.08832342322797145,0.09993423735376437,0.09432011582055133,0.11516237258911133,0.007755835444124202,0.007755447796853332,0.06322813034057617,1.0207278401067905e-19
0.0961739734007757,0.08832326618201478,0.09993424392943492,0.09432090139452508,0.11734223365783691,0.0077554478049068,0.007755060176961592,0.06268119812011719,1.0207520320518375e-19
0.0961732017969361,0.08832310914509045,0.09993425050490326,0.09432168689643411,0.12482810020446777,0.007755060185104331,0.007754672576432142,0.06565070152282715,1.0207762216355249e-19
0.0961724301926233,0.08832295211719755,0.09993425708016938,0.09432247232628818,0.12202787399291992,0.007754672584716621,0.007754284995087346,0.06759214401245117,1.0208004162512414e-19
0.09617165858783892,0.08832279509833524,0.09993426365523331,0.09432325768409691,0.12439560890197754,0.007754285003742017,0.007753897433637746,0.06849002838134766,1.0208246049415131e-19
0.09617088698258477,0.0883226380885026,0.09993427023009503,0.09432404296987001,0.11490869522094727,0.007753897442179168,0.007753509892083343,0.06410670280456543,1.020848791595887e-19
0.09617011537686261,0.08832248108769876,0.09993427680475456,0.09432482818361715,0.11663937568664551,0.007753509900026042,0.00775312236864778,0.06423020362854004,1.0208729810457014e-19
0.09616934377067415,0.08832232409592283,0.09993428337921188,0.09432561332534799,0.12116575241088867,0.0077531223772841565,0.007752734865817956,0.06410431861877441,1.0208971672723976e-19
0.09616857216402112,0.08832216711317394,0.09993428995346701,0.09432639839507213,0.1276388168334961,0.007752734873951063,0.0077523473814622434,0.06622719764709473,1.0209213546482656e-19
0.09616780055690524,0.08832201013945118,0.09993429652751994,0.09432718339279932,0.12072157859802246,0.007752347390025912,0.007751959916824092,0.06844282150268555,1.0209455379019788e-19
0.09616702894932826,0.08832185317475368,0.09993430310137068,0.09432796831853921,0.11570882797241211,0.007751959925507678,0.007751572472258772,0.06459593772888184,1.0209697213518046e-19
0.09616625734129196,0.08832169621908056,0.09993430967501922,0.09432875317230144,0.11755561828613281,0.00775157248039428,0.0077511850461675635,0.06419539451599121,1.020993907879524e-19
0.09616548573279801,0.08832153927243093,0.09993431624846556,0.09432953795409568,0.12953686714172363,0.0077511850546869016,0.007750797640326823,0.07297468185424805,1.0210180871430513e-19
0.09616471412384829,0.0883213823348039,0.09993432282170973,0.0943303226639316,0.11867737770080566,0.0077507976483830975,0.007750410252782558,0.06298208236694336,1.021042268944315e-19
0.09616394251444452,0.08832122540619858,0.09993432939475172,0.09433110730181882,0.12483382225036621,0.007750410261482711,0.007750022885666397,0.06478643417358398,1.0210664469411749e-19
0.09616317090458838,0.0883210684866141,0.09993433596759152,0.09433189186776703,0.12551116943359375,0.007750022893985582,0.007749635537379618,0.06797957420349121,1.0210906285374024e-19
0.09616239929428162,0.08832091157604957,0.09993434254022913,0.09433267636178586,0.11736106872558594,0.007749635545888578,0.007749248208632764,0.06640911102294922,1.0211148084824207e-19
0.09616162768352605,0.08832075467450412,0.09993434911266458,0.09433346078388494,0.11470341682434082,0.007749248217192327,0.007748860899425836,0.06367087364196777,1.0211389867739859e-19
0.0961608560723234,0.08832059778197686,0.09993435568489782,0.09433424513407399,0.11664390563964844,0.007748860907894532,0.007748473609936468,0.06318187713623047,1.0211631612762496e-19
0.09616008446067538,0.0883204408984669,0.0999343622569289,0.09433502941236256,0.12074422836303711,0.007748473617994482,0.00774808633856594,0.06308436393737793,1.0211873359223896e-19
0.09615931284858378,0.08832028402397335,0.0999343688287578,0.09433581361876037,0.12266993522644043,0.00774808634749403,0.007747699087978788,0.06307506561279297,1.0212115100741844e-19
0.09615854123605028,0.08832012715849533,0.09993437540038451,0.09433659775327706,0.12801265716552734,0.007747699096388699,0.0077473118562210175,0.06971025466918945,1.0212356888356666e-19
0.09615776962307666,0.08831997030203197,0.09993438197180905,0.09433738181592229,0.12447428703308105,0.007747311864678969,0.0077469246434702654,0.06376791000366211,1.0212598591767771e-19
0.09615699800966468,0.08831981345458238,0.09993438854303142,0.09433816580670566,0.1235952377319336,0.00774692465236415,0.007746537450259439,0.06730389595031738,1.0212840317054822e-19
0.09615622639581614,0.08831965661614569,0.09993439511405161,0.0943389497256368,0.11957192420959473,0.007746537459443346,0.00774615027729908,0.06760764122009277,1.0213082025299093e-19
0.0961554547815327,0.088319499786721,0.09993440168486964,0.0943397335727254,0.1156775951385498,0.007746150285913427,0.007745763123345739,0.06527543067932129,1.0213323724264296e-19
0.09615468316681608,0.08831934296630745,0.0999344082554855,0.09434051734798109,0.11412334442138672,0.007745763131774871,0.007745375988399417,0.06326127052307129,1.0213565432977423e-19
0.09615391155166803,0.08831918615490413,0.09993441482589918,0.09434130105141346,0.11652684211730957,0.007745375997026932,0.007744988872993019,0.06405854225158691,1.0213807097892223e-19
0.0961531399360903,0.08831902935251018,0.09993442139611071,0.09434208468303217,0.1176443099975586,0.007744988881668435,0.007744601777481819,0.06318926811218262,1.0214048784953252e-19
0.09615236832008471,0.08831887255912471,0.09993442796612008,0.09434286824284685,0.12023520469665527,0.0077446017856976235,0.007744214700622365,0.06371665000915527,1.0214290422412694e-19
0.09615159670365292,0.08831871577474683,0.09993443453592729,0.09434365173086713,0.12950468063354492,0.007744214709114265,0.007743827643302836,0.07135939598083496,1.0214532084892194e-19
0.09615082508679675,0.08831855899937567,0.09993444110553233,0.09434443514710263,0.12243318557739258,0.0077438276519187135,0.007743440605523233,0.06302905082702637,1.0214773717596491e-19
0.0961500534695179,0.08831840223301035,0.09993444767493521,0.09434521849156295,0.12431645393371582,0.007743440614108673,0.007743053587105919,0.06391000747680664,1.0215015375573129e-19
0.09614928185181816,0.08831824547564998,0.09993445424413594,0.09434600176425778,0.12350869178771973,0.007743053595682547,0.007742666588050895,0.0661168098449707,1.0215257033840319e-19
0.09614851023369927,0.08831808872729369,0.0999344608131345,0.09434678496519672,0.1206364631652832,0.007742666596640578,0.007742279608535796,0.06844234466552734,1.0215498620381923e-19
0.0961477386151629,0.08831793198794059,0.09993446738193093,0.09434756809438935,0.11709880828857422,0.007742279616981845,0.007741892648205351,0.06684327125549316,1.0215740243179591e-19
0.09614696699621085,0.08831777525758981,0.09993447395052518,0.09434835115184535,0.11723566055297852,0.007741892656704059,0.007741505707947738,0.0666341781616211,1.0215981857885819e-19
0.0961461953768448,0.08831761853624046,0.09993448051891729,0.09434913413757426,0.11586284637451172,0.007741505715806184,0.007741118786164236,0.06537032127380371,1.0216223436290305e-19
0.09614542375706654,0.08831746182389165,0.09993448708710724,0.09434991705158574,0.11493897438049316,0.0077411187942879565,0.0077407318833877525,0.06404924392700195,1.0216465014949533e-19
0.09614465213687783,0.08831730512054252,0.09993449365509505,0.09435069989388939,0.11457443237304688,0.007740731892149527,0.007740345001394644,0.06335735321044922,1.0216706584348152e-19
0.09614388051628035,0.08831714842619219,0.0999345002228807,0.0943514826644948,0.12528324127197266,0.007740345009386757,0.007739958137698011,0.06650948524475098,1.0216948157715485e-19
0.09614310889527589,0.08831699174083976,0.0999345067904642,0.09435226536341157,0.11650252342224121,0.00773995814600175,0.007739571293363667,0.0664675235748291,1.021718967356209e-19
0.09614233727386619,0.08831683506448436,0.09993451335784558,0.09435304799064932,0.11477375030517578,0.0077395713019938715,0.007739184468746885,0.06425690650939941,1.0217431236945411e-19
0.09614156565205302,0.0883166783971251,0.09993451992502479,0.09435383054621768,0.11527419090270996,0.007739184477361131,0.007738797663847663,0.0642554759979248,1.0217672820531281e-19
0.09614079402983818,0.08831652173876113,0.09993452649200188,0.09435461303012621,0.11430931091308594,0.007738797672101141,0.007738410877600188,0.06338095664978027,1.02179143135504e-19
0.09614002240722334,0.08831636508939154,0.09993453305877682,0.09435539544238455,0.11432218551635742,0.00773841088621509,0.007738024111603181,0.06365251541137695,1.0218155811228371e-19
0.09613925078421025,0.08831620844901546,0.09993453962534964,0.09435617778300233,0.11527824401855469,0.007738024119700191,0.007737637364257921,0.0629420280456543,1.0218397315316483e-19
0.09613847916080064,0.088316051817632,0.0999345461917203,0.0943569600519891,0.11810660362243652,0.007737637372555926,0.007737250636985493,0.0648190975189209,1.0218638817462616e-19
0.09613770753699628,0.08831589519524029,0.09993455275788884,0.09435774224935446,0.11635208129882812,0.007737250644781564,0.0077368639281871765,0.06262397766113281,1.0218880319285451e-19
0.09613693591279893,0.08831573858183946,0.09993455932385525,0.09435852437510804,0.11748862266540527,0.007736863936376207,0.007736477239106421,0.06271886825561523,1.0219121779803141e-19
0.09613616428821033,0.08831558197742861,0.09993456588961953,0.0943593064292594,0.12825942039489746,0.007736477247339179,0.00773609056956559,0.06307315826416016,1.021936329975905e-19
0.09613539266323225,0.08831542538200689,0.09993457245518167,0.09436008841181816,0.12198209762573242,0.007736090577668797,0.007735703919031778,0.06294822692871094,1.0219604748012878e-19
0.09613462103786641,0.0883152687955734,0.09993457902054169,0.0943608703227938,0.12433862686157227,0.007735703927365249,0.007735317288215526,0.06766200065612793,1.0219846191542201e-19
0.0961338494121146,0.08831511221812727,0.09993458558569958,0.09436165216219598,0.11532044410705566,0.007735317296427089,0.0077349306769392,0.06412339210510254,1.0220087650757376e-19
0.09613307778597854,0.08831495564966764,0.09993459215065534,0.09436243393003427,0.11776304244995117,0.007734930684852967,0.007734544084314621,0.06242942810058594,1.0220329087133529e-19
0.09613230615945997,0.0883147990901936,0.09993459871540898,0.09436321562631828,0.12328839302062988,0.007734544092642409,0.007734157511407602,0.06377220153808594,1.0220570547434886e-19
0.09613153453256064,0.08831464253970428,0.0999346052799605,0.09436399725105755,0.12717795372009277,0.0077341575197946745,0.007733770957507602,0.06769466400146484,1.0220811889117766e-19
0.09613076290528227,0.08831448599819881,0.09993461184430989,0.09436477880426172,0.1187441349029541,0.0077337709663085705,0.0077333844233251625,0.06696677207946777,1.0221053302612912e-19
0.09612999127762664,0.08831432946567634,0.09993461840845716,0.09436556028594036,0.11539149284362793,0.007733384432183,0.007732997908860284,0.06397700309753418,1.0221294711600606e-19
0.09612921964959552,0.08831417294213595,0.09993462497240231,0.094366341696103,0.12865257263183594,0.007732997917415656,0.0077326114135800594,0.06462287902832031,1.02215360596623e-19
0.09612844802119065,0.08831401642757677,0.09993463153614535,0.09436712303475929,0.11462068557739258,0.007732611422007244,0.007732224937484489,0.06304240226745605,1.0221777504488516e-19
0.09612767639241375,0.08831385992199793,0.09993463809968628,0.09436790430191876,0.11604523658752441,0.007732224945955864,0.007731838481106479,0.06271982192993164,1.0222018834519335e-19
0.09612690476326655,0.08831370342539854,0.0999346446630251,0.09436868549759098,0.12114453315734863,0.007731838489260086,0.0077314520435578515,0.06393289566040039,1.0222260224149668e-19
0.09612613313375085,0.08831354693777774,0.0999346512261618,0.09436946662178552,0.12592744827270508,0.00773145205192006,0.0077310656260820565,0.06659698486328125,1.0222501581717615e-19
0.0961253615038683,0.08831339045913464,0.09993465778909638,0.09437024767451199,0.12440371513366699,0.007731065633934046,0.007730679226902737,0.06916427612304688,1.0222742914586405e-19
0.09612458987362063,0.08831323398946837,0.09993466435182885,0.09437102865577994,0.11629176139831543,0.007730679235302523,0.00773029284779625,0.06641411781311035,1.0222984221781042e-19
0.09612381824300965,0.08831307752877807,0.09993467091435922,0.0943718095655989,0.1158747673034668,0.007730292856023804,0.007729906487874416,0.06400799751281738,1.0223225547545479e-19
0.09612304661203708,0.08831292107706284,0.09993467747668748,0.09437259040397843,0.11722278594970703,0.007729906496095924,0.007729520146959601,0.06398463249206543,1.0223466899860662e-19
0.09612227498070469,0.08831276463432182,0.09993468403881363,0.09437337117092812,0.12638258934020996,0.007729520155519246,0.007729133825939982,0.06291317939758301,1.0223708203733355e-19
0.09612150334901423,0.08831260820055413,0.09993469060073769,0.09437415186645753,0.11612081527709961,0.007729133834292117,0.007728747524282653,0.06270718574523926,1.0223949492342785e-19
0.09612073171696751,0.08831245177575887,0.09993469716245965,0.09437493249057623,0.12021422386169434,0.007728747532412531,0.0077283612414547065,0.06315040588378906,1.022419077288845e-19
0.09611996008456618,0.08831229535993519,0.09993470372397949,0.09437571304329373,0.12485003471374512,0.007728361249881891,0.0077279749785219565,0.06417489051818848,1.0224432015321383e-19
0.096119188451812,0.08831213895308221,0.09993471028529723,0.09437649352461963,0.12412667274475098,0.007727974986696915,0.007727588734063318,0.0658266544342041,1.0224673320518024e-19
0.09611841681870671,0.08831198255519905,0.09993471684641289,0.09437727393456351,0.12063002586364746,0.007727588742859647,0.007727202510388054,0.06817483901977539,1.0224914537633824e-19
0.09611764518525209,0.08831182616628483,0.09993472340732644,0.09437805427313484,0.11650896072387695,0.007727202518364994,0.007726816305186901,0.06579351425170898,1.0225155859253584e-19
0.0961168735514499,0.08831166978633868,0.0999347299680379,0.09437883454034322,0.11514639854431152,0.0077268163132144015,0.007726430118815131,0.06407928466796875,1.0225397039878835e-19
0.09611610191730185,0.08831151341535974,0.09993473652854727,0.09437961473619816,0.1140131950378418,0.0077264301274079916,0.007726043952516193,0.06320977210998535,1.0225638292745079e-19
0.09611533028280972,0.08831135705334713,0.09993474308885456,0.09438039486070922,0.12364959716796875,0.007726043960943349,0.007725657805579544,0.06588935852050781,1.0225879521661916e-19
0.0961145586479753,0.08831120070029994,0.09993474964895974,0.09438117491388595,0.11555814743041992,0.007725657813819469,0.0077252716774722785,0.06380176544189453,1.0226120726789474e-19
0.09611378701280027,0.08831104435621732,0.09993475620886284,0.09438195489573786,0.11542916297912598,0.00772527168603521,0.007724885568904938,0.06339001655578613,1.0226361940176327e-19
0.09611301537728642,0.0883108880210984,0.09993476276856386,0.09438273480627456,0.11350131034851074,0.007724885577590829,0.007724499479877522,0.062227487564086914,1.0226603090590448e-19
0.0961122437414355,0.0883107316949423,0.0999347693280628,0.09438351464550557,0.11579394340515137,0.007724499488483334,0.007724113410390032,0.06293702125549316,1.0226844242494055e-19
0.09611147210524922,0.08831057537774814,0.09993477588735966,0.09438429441344043,0.11645770072937012,0.007724113418712432,0.0077237273597319245,0.06149578094482422,1.0227085499530643e-19
0.09611070046872937,0.08831041906951506,0.09993478244645444,0.09438507411008865,0.11745977401733398,0.007723727368279213,0.007723341328791378,0.06126070022583008,1.0227326671512409e-19
0.09610992883187766,0.08831026277024218,0.09993478900534715,0.09438585373545974,0.12072372436523438,0.007723341337179966,0.0077229553177460275,0.06115269660949707,1.0227567826201681e-19
0.09610915719469584,0.08831010647992862,0.09993479556403777,0.09438663328956329,0.1225740909576416,0.007722955325413677,0.007722569324641881,0.06242251396179199,1.022780894883106e-19
0.09610838555718565,0.08830995019857352,0.09993480212252631,0.0943874127724088,0.13079237937927246,0.00772256933298184,0.007722183351255296,0.0698702335357666,1.0228050093825031e-19
0.09610761391934886,0.08830979392617598,0.09993480868081278,0.09438819218400579,0.12267827987670898,0.00772218335988248,0.0077217973972310006,0.06349873542785645,1.0228291232415882e-19
0.09610684228118721,0.08830963766273517,0.09993481523889718,0.09438897152436383,0.12508392333984375,0.007721797406114241,0.007721411462924266,0.06519818305969238,1.0228532314499788e-19
0.09610607064270248,0.08830948140825018,0.0999348217967795,0.0943897507934924,0.12238216400146484,0.007721411471677173,0.007721025548335092,0.06623101234436035,1.0228773479402501e-19
0.09610529900389639,0.08830932516272015,0.09993482835445974,0.09439052999140106,0.1215970516204834,0.007721025556568187,0.007720639652575301,0.06734347343444824,1.0229014554659652e-19
0.09610452736477067,0.0883091689261442,0.09993483491193793,0.0943913091180993,0.11859703063964844,0.007720639660787778,0.007720253776000163,0.06844019889831543,1.0229255614803416e-19
0.09610375572532708,0.08830901269852144,0.09993484146921404,0.09439208817359664,0.11705231666564941,0.007720253784334587,0.007719867918787315,0.06707048416137695,1.0229496776101927e-19
0.09610298408556738,0.08830885647985104,0.09993484802628809,0.09439286715790263,0.11636686325073242,0.007719867927207382,0.007719482080936757,0.06651473045349121,1.0229737829662279e-19
0.09610221244549332,0.08830870027013209,0.09993485458316008,0.09439364607102674,0.11706829071044922,0.007719482089406482,0.007719096262626124,0.06630897521972656,1.0229978893423341e-19
0.09610144080510669,0.08830854406936373,0.09993486113983,0.09439442491297852,0.1167910099029541,0.007719096270929901,0.007718710463322509,0.0665431022644043,1.0230219917453011e-19
0.09610066916440915,0.0883083878775451,0.09993486769629785,0.09439520368376747,0.12489080429077148,0.00771871047177604,0.007718324683736455,0.07083010673522949,1.0230460960882545e-19
0.09609989752340249,0.0883082316946753,0.09993487425256366,0.0943959823834031,0.11943435668945312,0.007718324691944561,0.0077179389229797835,0.0688009262084961,1.0230702055956457e-19
0.09609912588208847,0.0883080755207535,0.09993488080862739,0.09439676101189504,0.11934709548950195,0.0077179389314355334,0.007717553181763037,0.06862926483154297,1.0230943067440475e-19
0.09609835424046878,0.08830791935577878,0.09993488736448906,0.09439753956925268,0.11765241622924805,0.007717553190246288,0.007717167460263852,0.06746768951416016,1.0231184077387422e-19
0.0960975825985452,0.0883077631997503,0.09993489392014869,0.0943983180554855,0.11638569831848145,0.007717167468376192,0.007716781757416413,0.0670621395111084,1.0231425101195169e-19
0.0960968109563195,0.08830760705266717,0.09993490047560627,0.09439909647060307,0.13267874717712402,0.007716781765824953,0.007716396074286536,0.0768284797668457,1.0231666117914423e-19
0.09609603931379342,0.08830745091452855,0.09993490703086179,0.09439987481461486,0.11662673950195312,0.0077163960825919345,0.007716010410341312,0.06393289566040039,1.0231907099210678e-19
0.0960952676709687,0.08830729478533353,0.09993491358591525,0.09440065308753039,0.1136314868927002,0.007716010418674511,0.007715624765758378,0.06461429595947266,1.0232148080497878e-19
0.09609449602784717,0.08830713866508126,0.09993492014076666,0.09440143128935917,0.11409497261047363,0.0077156247740733435,0.007715239140360097,0.06465816497802734,1.0232389027650701e-19
0.09609372438443058,0.08830698255377087,0.09993492669541601,0.09440220942011067,0.11344695091247559,0.007715239148787174,0.0077148535343241065,0.06500601768493652,1.023263000290367e-19
0.0960929527407206,0.08830682645140148,0.09993493324986333,0.0944029874797944,0.12402486801147461,0.0077148535428150575,0.007714467947828041,0.07016563415527344,1.023287094300901e-19
0.09609218109671903,0.08830667035797223,0.0999349398041086,0.09440376546841989,0.1186513900756836,0.007714467956154951,0.007714082380161358,0.06860947608947754,1.0233111867962636e-19
0.0960914094524276,0.08830651427348224,0.09993494635815182,0.09440454338599659,0.11896014213562012,0.007714082388807305,0.007713696832922778,0.06820440292358398,1.0233352820014756e-19
0.09609063780784806,0.08830635819793065,0.09993495291199302,0.09440532123253394,0.11857318878173828,0.00771369684076867,0.0077133113039806744,0.06820464134216309,1.0233593765351263e-19
0.0960898661629822,0.08830620213131656,0.09993495946563216,0.09440609900804149,0.11894583702087402,0.007713311312041485,0.00771292579440086,0.06782793998718262,1.023383468781889e-19
0.09608909451783165,0.08830604607363912,0.09993496601906926,0.09440687671252876,0.11845970153808594,0.007712925802622897,0.0077125403040056995,0.06813740730285645,1.0234075573513203e-19
0.09608832287239825,0.08830589002489747,0.09993497257230433,0.0944076543460052,0.11935067176818848,0.007712540312513149,0.0077121548335057355,0.06895613670349121,1.0234316473203689e-19
0.09608755122668379,0.08830573398509071,0.09993497912533736,0.09440843190848035,0.11921548843383789,0.007712154841708614,0.007711769381835154,0.0693216323852539,1.023455738507363e-19
0.09608677958068992,0.08830557795421799,0.09993498567816836,0.09440920939996358,0.11964774131774902,0.007711769390211353,0.007711383949526862,0.06907200813293457,1.023479824516333e-19
0.0960860079344184,0.08830542193227844,0.09993499223079733,0.09440998682046446,0.11988592147827148,0.0077113839580193995,0.007710998536225588,0.06914520263671875,1.0235039135360473e-19
0.09608523628787097,0.08830526591927121,0.09993499878322426,0.09441076416999246,0.11725401878356934,0.007710998545132811,0.007710613143174783,0.06634020805358887,1.0235279971814628e-19
0.09608446464104943,0.08830510991519538,0.09993500533544916,0.09441154144855705,0.12541413307189941,0.007710613151546586,0.007710227768420452,0.06485533714294434,1.0235520840110218e-19
0.09608369299395551,0.08830495392005011,0.09993501188747203,0.09441231865616767,0.12298059463500977,0.007710227777264425,0.00770984241391659,0.06573271751403809,1.0235761707020542e-19
0.09608292134659098,0.08830479793383451,0.09993501843929288,0.09441309579283384,0.12326216697692871,0.007709842422282629,0.007709457078419746,0.06715226173400879,1.023600255568504e-19
0.09608214969895763,0.08830464195654775,0.09993502499091171,0.09441387285856499,0.12261414527893066,0.007709457086600924,0.007709071761752284,0.06718230247497559,1.023624335191487e-19
0.09608137805105717,0.08830448598818894,0.09993503154232851,0.09441464985337063,0.12205743789672852,0.007709071770219093,0.007708686464980019,0.0671544075012207,1.0236484149260396e-19
0.09608060640289134,0.08830433002875722,0.09993503809354329,0.09441542677726018,0.12112164497375488,0.0077086864731350496,0.007708301187214772,0.06704974174499512,1.0236725013543155e-19
0.09607983475446191,0.08830417407825171,0.09993504464455605,0.09441620363024313,0.12283039093017578,0.007708301195347589,0.007707915928634179,0.0671236515045166,1.0236965762234934e-19
0.09607906310577057,0.08830401813667155,0.09993505119536679,0.09441698041232897,0.12251114845275879,0.007707915936857671,0.007707530688882969,0.06705665588378906,1.0237206612924134e-19
0.09607829145681904,0.08830386220401586,0.09993505774597551,0.09441775712352714,0.1215829849243164,0.007707530697663461,0.0077071454697374975,0.06653785705566406,1.0237447349258533e-19
0.09607751980760916,0.08830370628028376,0.09993506429638221,0.09441853376384714,0.1239016056060791,0.007707145477762804,0.00770676026853323,0.07058072090148926,1.0237688094967322e-19
0.09607674815814261,0.08830355036547441,0.0999350708465869,0.09441931033329844,0.12017107009887695,0.007706760277156262,0.007706375087579431,0.06220436096191406,1.0237928856560169e-19
0.09607597650842122,0.08830339445958695,0.09993507739658956,0.09442008683189046,0.12030720710754395,0.007706375095841398,0.007705989925099743,0.06171250343322754,1.0238169640453456e-19
0.09607520485844666,0.08830323856262048,0.09993508394639022,0.09442086325963273,0.12102484703063965,0.007705989933817639,0.0077056047826928875,0.06228971481323242,1.0238410381589152e-19
0.09607443320822075,0.08830308267457418,0.09993509049598888,0.09442163961653463,0.11847591400146484,0.007705604791084954,0.007705219659470686,0.06168246269226074,1.0238651067754633e-19
0.09607366155774529,0.08830292679544714,0.09993509704538552,0.0944224159026056,0.11845660209655762,0.007705219667641051,0.007704834555255502,0.06275510787963867,1.0238891862761417e-19
0.09607288990702204,0.0883027709252385,0.09993510359458015,0.09442319211785513,0.11641335487365723,0.007704834563486652,0.007704449470224972,0.061925649642944336,1.0239132526567575e-19
0.09607211825605268,0.0883026150639474,0.09993511014357276,0.09442396826229266,0.11663603782653809,0.007704449478620128,0.007704064404734368,0.06230664253234863,1.0239373264318924e-19
0.09607134660483893,0.08830245921157297,0.09993511669236337,0.09442474433592762,0.11429667472839355,0.007704064413039885,0.007703679358250781,0.06253910064697266,1.0239613945304284e-19
0.09607057495338252,0.08830230336811433,0.09993512324095198,0.0944255203387695,0.11504936218261719,0.007703679366744891,0.007703294331484756,0.06395554542541504,1.0239854643720081e-19
0.09606980330168523,0.08830214753357062,0.09993512978933859,0.09442629627082769,0.11588096618652344,0.007703294339734891,0.007702909323548113,0.06607532501220703,1.0240095292971458e-19
0.09606903164974882,0.08830199170794098,0.0999351363375232,0.09442707213211167,0.11664342880249023,0.007702909332009228,0.007702524335151395,0.0652167797088623,1.0240335989878103e-19
0.09606825999757505,0.08830183589122453,0.09993514288550581,0.0944278479226309,0.12112307548522949,0.007702524343565909,0.0077021393657616954,0.06344413757324219,1.024057668529874e-19
0.09606748834516572,0.08830168008342042,0.09993514943328642,0.0944286236423948,0.12235379219055176,0.007702139374405403,0.007701754416622464,0.06323862075805664,1.0240817285721781e-19
0.0960667166925226,0.08830152428452777,0.09993515598086504,0.09442939929141281,0.12204718589782715,0.007701754424523256,0.007701369485779708,0.06315374374389648,1.0241057958650905e-19
0.09606594503964745,0.08830136849454572,0.09993516252824167,0.09443017486969435,0.12134408950805664,0.007701369493922587,0.00770098457394397,0.062476396560668945,1.0241298582221461e-19
0.09606517338654197,0.08830121271347341,0.0999351690754163,0.09443095037724887,0.12125492095947266,0.007700984582601782,0.007700599682003428,0.06209564208984375,1.0241539198928451e-19
0.09606440173320786,0.08830105694130996,0.09993517562238896,0.09443172581408578,0.12188959121704102,0.00770059969055783,0.007700214809069905,0.062219858169555664,1.0241779773075071e-19
0.0960636300796469,0.08830090117805453,0.09993518216915961,0.09443250118021453,0.12163496017456055,0.007700214817791458,0.007699829955853943,0.06266355514526367,1.0242020458988664e-19
0.09606285842586089,0.08830074542370622,0.09993518871572829,0.09443327647564456,0.11794519424438477,0.007699829964300372,0.007699445121467363,0.06247711181640625,1.0242261002831217e-19
0.09606208677185152,0.0883005896782642,0.09993519526209499,0.09443405170038525,0.11650848388671875,0.007699445130085566,0.007699060306798344,0.062326908111572266,1.0242501590867921e-19
0.09606131511762062,0.08830043394172757,0.09993520180825968,0.09443482685444603,0.11612629890441895,0.00769906031514371,0.007698675511136344,0.06338167190551758,1.0242742214161001e-19
0.09606054346316983,0.08830027821409547,0.0999352083542224,0.09443560193783632,0.12485885620117188,0.00769867551947561,0.007698290734481361,0.07030630111694336,1.0242982726627065e-19
0.09605977180850092,0.08830012249536705,0.09993521489998314,0.0944363769505656,0.11920905113220215,0.00769829074308021,0.00769790597754394,0.06683731079101562,1.0243223298365247e-19
0.09605900015361565,0.08829996678554144,0.0999352214455419,0.09443715189264325,0.11934566497802734,0.007697905985954951,0.007697521239613536,0.06400895118713379,1.0243463872067894e-19
0.0960582284985158,0.08829981108461779,0.09993522799089868,0.0944379267640787,0.12202072143554688,0.0076975212481001755,0.00769713652033488,0.0634152889251709,1.0243704409397684e-19
0.09605745684320306,0.0882996553925952,0.09993523453605348,0.09443870156488135,0.1223137378692627,0.0076971365295169444,0.007696751822017234,0.06273269653320312,1.0243944991248354e-19
0.0960566851876792,0.08829949970947282,0.0999352410810063,0.09443947629506062,0.12101888656616211,0.007696751830199839,0.007696367141996063,0.06225299835205078,1.0244185494068937e-19
0.09605591353194594,0.0882993440352498,0.09993524762575716,0.09444025095462591,0.12096977233886719,0.007696367150148289,0.007695982480981911,0.06210184097290039,1.0244425977963948e-19
0.0960551418760051,0.08829918836992529,0.09993525417030603,0.09444102554358666,0.11784768104553223,0.007695982489363746,0.007695597839862955,0.06253719329833984,1.0244666455310292e-19
0.09605437021985849,0.08829903271349838,0.09993526071465295,0.09444180006195223,0.1178441047668457,0.007695597847845069,0.007695213217218111,0.06408810615539551,1.0244907015402475e-19
0.09605359856350779,0.08829887706596826,0.09993526725879788,0.09444257450973206,0.11644864082336426,0.007695213225590783,0.007694828613935556,0.06461167335510254,1.0245147487952433e-19
0.0960528269069548,0.08829872142733403,0.09993527380274085,0.09444334888693559,0.11961054801940918,0.007694828622601244,0.007694444030192926,0.06893372535705566,1.0245387940215318e-19
0.09605205525020127,0.08829856579759482,0.09993528034648186,0.09444412319357225,0.11693310737609863,0.0076944440388737705,0.007694059465990222,0.06653237342834473,1.0245628377337635e-19
0.09605128359324894,0.08829841017674979,0.09993528689002089,0.09444489742965143,0.1208963394165039,0.007694059474407726,0.007693674920972171,0.06212449073791504,1.0245868884350694e-19
0.09605051193609951,0.08829825456479806,0.09993529343335796,0.09444567159518245,0.12161087989807129,0.007693674929202443,0.007693290394961139,0.06208395957946777,1.0246109310925238e-19
0.09604974027875475,0.08829809896173878,0.09993529997649306,0.09444644569017478,0.1191704273223877,0.0076932904032563695,0.007692905887779489,0.0625154972076416,1.0246349777624467e-19
0.0960489686212164,0.08829794336757106,0.09993530651942621,0.09444721971463774,0.11758756637573242,0.0076929058965695025,0.007692521400137764,0.06496810913085938,1.0246590206577077e-19
0.09604819696348627,0.08829778778229405,0.09993531306215739,0.0944479936685808,0.11527657508850098,0.007692521409140947,0.0076921369325688715,0.06437826156616211,1.0246830599042468e-19
0.09604742530556609,0.0882976322059069,0.09993531960468661,0.0944487675520133,0.11978411674499512,0.0076921369409672265,0.007691752483829362,0.06884908676147461,1.0247071069665575e-19
0.09604665364745762,0.08829747663840874,0.09993532614701389,0.09444954136494466,0.11926102638244629,0.007691752492048801,0.0076913680537415985,0.0679168701171875,1.024731144044831e-19
0.0960458819891626,0.08829732107979872,0.09993533268913922,0.0944503151073843,0.12006998062133789,0.007691368062386808,0.007690983643549032,0.06554484367370605,1.0247551824699184e-19
0.09604511033068276,0.08829716553007595,0.0999353392310626,0.09445108877934161,0.11893415451049805,0.007690983651977461,0.007690599252718755,0.06343507766723633,1.024779218006829e-19
0.09604433867201982,0.08829700998923959,0.09993534577278401,0.09445186238082594,0.1224057674407959,0.007690599260820835,0.007690214880007318,0.06274604797363281,1.0248032581240708e-19
0.09604356701317558,0.08829685445728877,0.09993535231430348,0.09445263591184673,0.12303876876831055,0.00769021488891641,0.00768983052790162,0.0626680850982666,1.0248272937585939e-19
0.09604279535415176,0.08829669893422261,0.09993535885562099,0.09445340937241334,0.12694358825683594,0.007689830536263432,0.0076894461946253045,0.06332802772521973,1.0248513281108369e-19
0.09604202369495007,0.08829654342004026,0.09993536539673656,0.09445418276253517,0.11638760566711426,0.00768944620285896,0.007689061880711279,0.06675982475280762,1.0248753655148505e-19
0.09604125203557233,0.08829638791474086,0.09993537193765019,0.09445495608222156,0.11830782890319824,0.007689061888703977,0.007688677585626635,0.06793475151062012,1.0248994010060724e-19
0.09604048037602024,0.08829623241832356,0.09993537847836187,0.0944557293314819,0.11887764930725098,0.00768867759379758,0.007688293309904282,0.06435227394104004,1.0249234313031849e-19
0.09603970871629564,0.08829607693078748,0.09993538501887161,0.09445650251032561,0.11930608749389648,0.007688293318137524,0.007687909053366582,0.06323575973510742,1.0249474653825019e-19
0.09603893705640032,0.08829592145213175,0.09993539155917941,0.09445727561876205,0.12060904502868652,0.007687909061723784,0.0076875248158359,0.06205606460571289,1.0249714960717027e-19
0.09603816539633599,0.08829576598235554,0.09993539809928526,0.09445804865680063,0.1202082633972168,0.007687524824556447,0.0076871405978451435,0.06235957145690918,1.0249955297210233e-19
0.0960373937361043,0.08829561052145797,0.09993540463918918,0.09445882162445064,0.1164391040802002,0.007687140606632502,0.007686756399571948,0.06252717971801758,1.0250195526059746e-19
0.09603662207570712,0.08829545506943819,0.09993541117889115,0.09445959452172148,0.1162252426147461,0.007686756407950931,0.007686372219950499,0.06433796882629395,1.0250435845315043e-19
0.09603585041514617,0.08829529962629533,0.09993541771839119,0.09446036734862254,0.11968517303466797,0.007686372228512524,0.007685988060224247,0.06886672973632812,1.0250676070198208e-19
0.0960350787544232,0.08829514419202852,0.09993542425768931,0.09446114010516309,0.11864137649536133,0.007685988068314223,0.007685603919505013,0.06681299209594727,1.0250916369746321e-19
0.09603430709354004,0.08829498876663691,0.09993543079678549,0.09446191279135262,0.12360548973083496,0.0076856039273567375,0.007685219797437526,0.07185125350952148,1.025115658501975e-19
0.09603353543249836,0.08829483335011964,0.09993543733567974,0.09446268540720044,0.11752939224243164,0.007685219805637862,0.0076848356945546925,0.062389373779296875,1.0251396876797223e-19
0.09603276377129995,0.08829467794247586,0.09993544387437206,0.09446345795271595,0.11558151245117188,0.007684835703158662,0.007684451611567056,0.06275320053100586,1.0251637133181111e-19
0.09603199210994653,0.08829452254370469,0.09993545041286246,0.09446423042790851,0.11789059638977051,0.0076844516199167275,0.007684067547408802,0.0669717788696289,1.0251877319342045e-19
0.0960312204484399,0.08829436715380527,0.09993545695115093,0.09446500283278747,0.11835360527038574,0.0076840675559111254,0.007683683502790473,0.0666346549987793,1.0252117533995813e-19
0.0960304487867818,0.08829421177277676,0.09993546348923749,0.0944657751673622,0.11555004119873047,0.007683683511140528,0.007683299477001526,0.06374669075012207,1.0252357758516071e-19
0.09602967712497394,0.08829405640061828,0.09993547002712211,0.09446654743164203,0.12101125717163086,0.007683299485604431,0.007682915470752505,0.06187272071838379,1.0252598015372359e-19
0.09602890546301808,0.088293901037329,0.09993547656480482,0.09446731962563631,0.12149834632873535,0.007682915479302729,0.007682531483865773,0.06215023994445801,1.0252838161885136e-19
0.09602813380091595,0.08829374568290801,0.0999354831022856,0.09446809174935446,0.11625003814697266,0.007682531492232484,0.007682147515630788,0.06258535385131836,1.0253078407552218e-19
0.09602736213866932,0.0882935903373545,0.09993548963956446,0.09446886380280572,0.11629390716552734,0.007682147524393786,0.007681763567291,0.0649261474609375,1.0253318514694398e-19
0.09602659047627995,0.08829343500066758,0.09993549617664141,0.09446963578599955,0.11958646774291992,0.007681763575786235,0.007681379638313501,0.06806492805480957,1.0253558684357588e-19
0.09602581881374964,0.0882932796728464,0.09993550271351644,0.09447040769894526,0.11739492416381836,0.007681379646407648,0.007680995728343021,0.06439495086669922,1.0253798842256591e-19
0.09602504715108015,0.08829312435389011,0.09993550925018956,0.09447117954165211,0.12864160537719727,0.007680995736256638,0.007680611836846651,0.06805062294006348,1.0254038987900166e-19
0.09602427548827319,0.08829296904379783,0.09993551578666075,0.09447195131412955,0.11657476425170898,0.007680611845335002,0.00768022796560075,0.0625917911529541,1.0254279146765831e-19
0.09602350382533052,0.0882928137425687,0.09993552232293004,0.0944727230163869,0.11662054061889648,0.007680227973639035,0.007679844113006595,0.06570267677307129,1.0254519251516928e-19
0.09602273216225386,0.08829265845020189,0.09993552885899742,0.0944734946484335,0.11847615242004395,0.007679844121170088,0.007679460279419459,0.06793665885925293,1.0254759402807819e-19
0.096021960499045,0.08829250316669651,0.09993553539486291,0.09447426621027873,0.11535477638244629,0.007679460287925974,0.007679076465727519,0.06391787528991699,1.0254999484244248e-19
0.09602118883570565,0.08829234789205176,0.09993554193052648,0.09447503770193186,0.12172484397888184,0.007679076473905264,0.007678692670332055,0.06248760223388672,1.0255239587991507e-19
0.0960204171722376,0.08829219262626672,0.09993554846598814,0.09447580912340225,0.1202392578125,0.007678692679108461,0.007678308895187058,0.06240200996398926,1.0255479675789168e-19
0.09601964550864256,0.08829203736934058,0.0999355550012479,0.0944765804746993,0.11539626121520996,0.007678308903533186,0.0076779251386938085,0.06280851364135742,1.0255719736908604e-19
0.09601887384492229,0.08829188212127244,0.09993556153630576,0.0944773517558323,0.11947011947631836,0.007677925147179458,0.007677541401029941,0.06885337829589844,1.0255959868616473e-19
0.09601810218107856,0.08829172688206147,0.09993556807116172,0.09447812296681059,0.11821937561035156,0.0076775414100454225,0.007677157683616542,0.06540918350219727,1.0256199906920527e-19
0.09601733051711307,0.08829157165170677,0.09993557460581579,0.09447889410764346,0.11822342872619629,0.007677157692130579,0.007676773985032526,0.06250166893005371,1.0256439978229753e-19
0.09601655885302768,0.08829141643020752,0.09993558114026795,0.09447966517834024,0.12063336372375488,0.007676773993433098,0.007676390305633163,0.062148094177246094,1.0256679966382294e-19
0.09601578718882409,0.08829126121756285,0.09993558767451821,0.09448043617891023,0.11659479141235352,0.007676390313952621,0.0076760066450631825,0.06288743019104004,1.0256920039994437e-19
0.09601501552450403,0.08829110601377191,0.09993559420856658,0.09448120710936274,0.12590360641479492,0.007676006653688964,0.007675623003855492,0.07135605812072754,1.0257160082740019e-19
0.09601424386006932,0.08829095081883383,0.09993560074241306,0.09448197796970711,0.11648726463317871,0.007675623012641115,0.007675239382720633,0.0635678768157959,1.0257400084596791e-19
0.0960134721955217,0.08829079563274776,0.09993560727605766,0.09448274875995266,0.12124824523925781,0.007675239390805687,0.007674855779349343,0.062244415283203125,1.0257640100102269e-19
0.09601270053086292,0.08829064045551285,0.09993561380950035,0.09448351948010875,0.12002778053283691,0.00767485578818556,0.007674472196406157,0.06311941146850586,1.0257880057183047e-19
0.09601192886609475,0.08829048528712824,0.09993562034274114,0.09448429013018467,0.1141517162322998,0.0076744722047765775,0.007674088632292353,0.06340694427490234,1.0258120087523706e-19
0.09601115720121897,0.08829033012759306,0.09993562687578006,0.09448506071018978,0.11925888061523438,0.007674088640578231,0.007673705086830296,0.0688934326171875,1.025836004547414e-19
0.09601038553623731,0.08829017497690646,0.0999356334086171,0.0944858312201334,0.11781144142150879,0.007673705095591536,0.007673321561618707,0.06436276435852051,1.0258600030689313e-19
0.09600961387115155,0.0882900198350676,0.09993563994125224,0.09448660166002483,0.1165924072265625,0.007673321569812131,0.0076729380552365,0.06218552589416504,1.0258840016636377e-19
0.09600884220596337,0.0882898647020756,0.09993564647368551,0.09448737202987338,0.12029528617858887,0.007672938063241428,0.007672554567328405,0.06225395202636719,1.0259079974209757e-19
0.09600807054067452,0.08828970957792963,0.09993565300591689,0.09448814232968836,0.11668515205383301,0.007672554575879563,0.007672171099315506,0.06459999084472656,1.0259319895255601e-19
0.09600729887528676,0.08828955446262882,0.0999356595379464,0.09448891255947904,0.11838006973266602,0.0076721711077237095,0.007671787650131989,0.06742548942565918,1.025955982067899e-19
0.09600652720980184,0.0882893993561723,0.09993566606977404,0.09448968271925473,0.11740660667419434,0.007671787658774395,0.0076714042208436695,0.06656026840209961,1.0259799789248516e-19
0.09600575554422158,0.08828924425855925,0.0999356726013998,0.09449045280902478,0.12717199325561523,0.0076714042290285545,0.007671020809851825,0.0669105052947998,1.0260039661176771e-19
0.0960049838785477,0.08828908916978878,0.09993567913282367,0.09449122282879842,0.11727166175842285,0.007671020818487693,0.007670637418755177,0.06385374069213867,1.026027956835106e-19
0.09600421221278199,0.08828893408986006,0.09993568566404568,0.094491992778585,0.11820650100708008,0.007670637427148725,0.007670254046487912,0.06840205192565918,1.0260519471506252e-19
0.09600344054692615,0.08828877901877223,0.09993569219506582,0.09449276265839382,0.11781954765319824,0.007670254055012385,0.007669870693405301,0.06544637680053711,1.026075935001442e-19
0.09600266888098204,0.08828862395652443,0.09993569872588409,0.0944935324682342,0.11880946159362793,0.007669870702076434,0.00766948736004025,0.0626070499420166,1.0260999267645103e-19
0.09600189721495132,0.08828846890311579,0.0999357052565005,0.09449430220811542,0.12073421478271484,0.0076694873683391136,0.007669104045682218,0.061952829360961914,1.026123912488015e-19
0.09600112554883586,0.08828831385854548,0.09993571178691503,0.09449507187804676,0.11706328392028809,0.007669104053800858,0.0076687207510417466,0.06477475166320801,1.0261479002419357e-19
0.0960003538826373,0.08828815882281264,0.0999357183171277,0.09449584147803748,0.11834597587585449,0.007668720758459329,0.007668337473809572,0.06903791427612305,1.0261718827176221e-19
0.09599958221635736,0.08828800379591642,0.0999357248471385,0.09449661100809696,0.11838030815124512,0.007668337482315357,0.007667954217360773,0.06497645378112793,1.0261958696096175e-19
0.09599881054999786,0.08828784877785595,0.09993573137694743,0.09449738046823443,0.11819601058959961,0.007667954225366232,0.007667570979386085,0.062378644943237305,1.0262198498423972e-19
0.09599803888356048,0.08828769376863035,0.0999357379065545,0.0944981498584592,0.12056183815002441,0.007667570987613672,0.007667187760773686,0.06238961219787598,1.0262438310688241e-19
0.09599726721704709,0.08828753876823882,0.09993574443595972,0.09449891917878053,0.11515927314758301,0.0076671877690550816,0.007666804561523577,0.06292295455932617,1.0262678153712072e-19
0.09599649555045935,0.08828738377668048,0.09993575096516306,0.09449968842920776,0.1188211441040039,0.007666804569689106,0.007666421380569943,0.06886601448059082,1.0262917973716834e-19
0.09599572388379904,0.08828722879395447,0.09993575749416456,0.09450045760975015,0.12177896499633789,0.007666421389517182,0.007666038219866778,0.07198381423950195,1.0263157775259601e-19
0.09599495221706789,0.08828707382005994,0.0999357640229642,0.0945012267204169,0.11676931381225586,0.007666038228535621,0.0076656550785259014,0.06270217895507812,1.0263397550935361e-19
0.09599418055026768,0.08828691885499605,0.09993577055156198,0.09450199576121734,0.11715245246887207,0.007665655086743084,0.007665271955481501,0.06673407554626465,1.026363737286078e-19
0.09599340888340019,0.08828676389876194,0.09993577707995792,0.09450276473216077,0.1175534725189209,0.007665271964141072,0.007664888852154661,0.06470751762390137,1.026387709871348e-19
0.09599263721646727,0.08828660895135676,0.09993578360815202,0.09450353363325648,0.11664485931396484,0.007664888860726438,0.007664505767834839,0.062320709228515625,1.0264116881047998e-19
0.09599186554947059,0.08828645401277965,0.09993579013614426,0.09450430246451373,0.12094426155090332,0.007664505776499773,0.007664122703054943,0.062232017517089844,1.0264356615200485e-19
0.09599109388241193,0.08828629908302976,0.09993579666393465,0.0945050712259418,0.11552619934082031,0.007664122711457913,0.007663739657282065,0.06386089324951172,1.0264596367043562e-19
0.09599032221529306,0.08828614416210624,0.09993580319152319,0.09450583991754996,0.11829829216003418,0.00766373966560171,0.0076633566306938405,0.06777524948120117,1.0264836104726721e-19
0.09598955054811574,0.08828598925000823,0.09993580971890989,0.09450660853934743,0.11533737182617188,0.007663356638931088,0.007662973622934999,0.06270885467529297,1.0265075810789837e-19
0.09598877888088164,0.08828583434673487,0.09993581624609474,0.09450737709134355,0.11988329887390137,0.007662973631444185,0.007662590634893718,0.06223106384277344,1.0265315560871844e-19
0.09598800721359252,0.08828567945228531,0.09993582277307775,0.09450814557354754,0.11768412590026855,0.007662590643137994,0.007662207666037091,0.06482529640197754,1.0265555250434066e-19
0.09598723554625019,0.08828552456665872,0.09993582929985892,0.09450891398596867,0.12010860443115234,0.007662207674012848,0.007661824715476939,0.06886148452758789,1.0265794959488871e-19
0.0959864638788564,0.08828536968985423,0.09993583582643824,0.09450968232861617,0.1142418384552002,0.0076618247240695485,0.007661441784811984,0.06365418434143066,1.0266034634232724e-19
0.09598569221141293,0.08828521482187099,0.09993584235281572,0.09451045060149932,0.1211392879486084,0.007661441793305752,0.0076610588736869545,0.06224846839904785,1.026627430859508e-19
0.09598492054392148,0.08828505996270815,0.09993584887899137,0.09451121880462744,0.12654399871826172,0.007661058881719755,0.007660675980503129,0.06498479843139648,1.0266513942718664e-19
0.09598414887638382,0.08828490511236485,0.0999358554049652,0.09451198693800976,0.11727309226989746,0.007660675989313415,0.007660293107747407,0.06667518615722656,1.0266753674681845e-19
0.09598337720880175,0.08828475027084025,0.0999358619307372,0.09451275500165549,0.11648344993591309,0.0076602931160823255,0.00765991025328816,0.062058448791503906,1.0266993320054259e-19
0.09598260554117705,0.0882845954381335,0.09993586845630735,0.09451352299557392,0.12108707427978516,0.007659910262027878,0.0076595274185464746,0.06224703788757324,1.0267232968306147e-19
0.09598183387351142,0.08828444061424372,0.09993587498167567,0.09451429091977426,0.11489987373352051,0.007659527427148127,0.007659144603344714,0.06359720230102539,1.0267472559078066e-19
0.09598106220580667,0.08828428579917007,0.09993588150684216,0.09451505877426579,0.11858439445495605,0.007659144611440706,0.007658761806084158,0.06798100471496582,1.0267712174670812e-19
0.09598029053806448,0.0882841309929117,0.09993588803180682,0.09451582655905771,0.11456632614135742,0.007658761814907454,0.007658379028718798,0.06248068809509277,1.0267951871299452e-19
0.0959795188702866,0.08828397619546777,0.09993589455656966,0.09451659427415936,0.12025213241577148,0.00765837903754668,0.007657996271070999,0.06189560890197754,1.0268191450937452e-19
0.0959787472024748,0.08828382140683741,0.09993590108113068,0.09451736191957993,0.11525964736938477,0.00765799627935569,0.007657613532074947,0.06285429000854492,1.026843104743589e-19
0.09597797553463087,0.0882836666270198,0.09993590760548987,0.09451812949532871,0.12020301818847656,0.007657613540333908,0.007657230812974092,0.06768631935119629,1.0268670628352969e-19
0.09597720386675651,0.08828351185601405,0.09993591412964724,0.09451889700141493,0.1129908561706543,0.0076572308204809585,0.007656848111459169,0.06250190734863281,1.026891017879933e-19
0.09597643219885349,0.08828335709381935,0.09993592065360278,0.09451966443784784,0.11898159980773926,0.007656848119796705,0.007656465429839443,0.0619959831237793,1.0269149741475725e-19
0.09597566053092364,0.08828320234043482,0.09993592717735651,0.09452043180463666,0.11576390266418457,0.007656465438279131,0.007656082767404371,0.06328344345092773,1.0269389323975341e-19
0.09597488886296868,0.08828304759585962,0.09993593370090842,0.09452119910179065,0.11644434928894043,0.007656082775928914,0.007655700124509224,0.06475210189819336,1.0269628884127648e-19
0.09597411719499037,0.08828289286009289,0.0999359402242585,0.09452196632931897,0.12034916877746582,0.007655700132743103,0.007655317500265824,0.06175947189331055,1.026986844010419e-19
0.09597334552699044,0.0882827381331338,0.09993594674740679,0.09452273348723092,0.11511421203613281,0.00765531750872207,0.007654934895562349,0.06290841102600098,1.0270107947576537e-19
0.0959725738589707,0.08828258341498148,0.09993595327035325,0.0945235005755357,0.11926627159118652,0.007654934903864156,0.007654552309865892,0.06723403930664062,1.0270347484114253e-19
0.09597180219093293,0.08828242870563509,0.0999359597930979,0.0945242675942426,0.11374330520629883,0.007654552318168132,0.007654169742998818,0.06215715408325195,1.0270586953796999e-19
0.09597103052287888,0.08828227400509378,0.09993596631564074,0.09452503454336084,0.12105131149291992,0.007654169751633669,0.007653787195849304,0.061498165130615234,1.0270826477538966e-19
0.0959702588548103,0.0882821193133567,0.09993597283798177,0.09452580142289962,0.11508750915527344,0.0076537872042591135,0.007653404667529173,0.06270098686218262,1.0271065989795653e-19
0.09596948718672892,0.08828196463042298,0.099935979360121,0.09452656823286817,0.11869287490844727,0.007653404676044216,0.007653022158393696,0.06759023666381836,1.0271305471227268e-19
0.09596871551863649,0.0882818099562918,0.0999359858820584,0.09452733497327567,0.11457967758178711,0.007653022166988009,0.0076526396682652376,0.0619049072265625,1.0271544954296393e-19
0.09596794385053475,0.0882816552909623,0.09993599240379401,0.09452810164413138,0.11989164352416992,0.007652639677090194,0.00765225719785434,0.0616610050201416,1.0271784404598337e-19
0.09596717218242548,0.08828150063443363,0.09993599892532783,0.09452886824544456,0.11579108238220215,0.007652257206348467,0.00765187474645046,0.06340289115905762,1.0272023894826246e-19
0.09596640051431046,0.08828134598670494,0.09993600544665984,0.09452963477722433,0.11952710151672363,0.007651874754760833,0.007651492313698327,0.0660402774810791,1.0272263330002457e-19
0.0959656288461914,0.0882811913477754,0.09993601196779005,0.09453040123947999,0.11593222618103027,0.007651492322328386,0.007651109900308484,0.06215548515319824,1.0272502782378424e-19
0.09596485717807009,0.08828103671764415,0.09993601848871846,0.09453116763222073,0.11929559707641602,0.00765110990904949,0.007650727506813837,0.06181907653808594,1.0272742238426104e-19
0.0959640855099482,0.08828088209631033,0.09993602500944507,0.09453193395545574,0.12587618827819824,0.0076507275149221305,0.00765034513143803,0.06847834587097168,1.0272981662400383e-19
0.09596331384182753,0.08828072748377308,0.09993603152996988,0.09453270020919427,0.11427927017211914,0.007650345139947431,0.00764996277595742,0.062105417251586914,1.0273221043411962e-19
0.09596254217370982,0.08828057288003159,0.0999360380502929,0.09453346639344551,0.12110710144042969,0.007649962784122987,0.007649580438773285,0.062126874923706055,1.0273460440362196e-19
0.09596177050559683,0.088280418285085,0.09993604457041412,0.09453423250821871,0.11761903762817383,0.007649580447449327,0.007649198121839618,0.06408929824829102,1.0273699822931086e-19
0.0959609988374904,0.08828026369893244,0.09993605109033356,0.09453499855352304,0.1203908920288086,0.007649198129922985,0.007648815823202426,0.06551694869995117,1.027393920081388e-19
0.09596022716939226,0.08828010912157308,0.09993605761005121,0.09453576452936768,0.12717413902282715,0.007648815831546148,0.007648433543927524,0.06561851501464844,1.0274178598445367e-19
0.09595945550130415,0.08827995455300611,0.09993606412956708,0.09453653043576188,0.12708234786987305,0.007648433552315755,0.00764805128365964,0.06555438041687012,1.02744179810138e-19
0.09595868383322781,0.08827979999323063,0.09993607064888117,0.09453729627271483,0.12659978866577148,0.00764805129223124,0.007647669043286953,0.06546926498413086,1.027465738081369e-19
0.09595791216516499,0.08827964544224581,0.09993607716799346,0.09453806204023574,0.1317601203918457,0.007647669051290537,0.0076472868212107414,0.06692647933959961,1.0274896677300096e-19
0.09595714049711751,0.0882794909000508,0.09993608368690397,0.09453882773833373,0.12451934814453125,0.007647286829494171,0.0076469046183191836,0.06658482551574707,1.0275136010687576e-19
0.09595636882908715,0.08827933636664476,0.0999360902056127,0.09453959336701809,0.12430119514465332,0.007646904626841784,0.007646522434967551,0.06650710105895996,1.0275375396215713e-19
0.09595559716107559,0.08827918184202682,0.09993609672411964,0.09454035892629797,0.12507033348083496,0.007646522443331385,0.007646140270445301,0.06649351119995117,1.0275614671290593e-19
0.09595482549308462,0.08827902732619615,0.0999361032424248,0.09454112441618265,0.12682032585144043,0.007646140278961775,0.0076457581251077045,0.06661081314086914,1.027585400260914e-19
0.09595405382511606,0.0882788728191519,0.09993610976052819,0.09454188983668126,0.12929415702819824,0.007645758133732529,0.007645375999487669,0.07052350044250488,1.0276093265823092e-19
0.0959532821571717,0.0882787183208932,0.0999361162784298,0.094542655187803,0.12589669227600098,0.007645376007641415,0.0076449938925193806,0.06861162185668945,1.0276332622137632e-19
0.09595251048925327,0.08827856383141924,0.09993612279612964,0.09454342046955706,0.11907267570495605,0.007644993900688119,0.00764461180455811,0.06482410430908203,1.02765719157623e-19
0.0959517388213625,0.08827840935072917,0.0999361293136277,0.09454418568195262,0.12340021133422852,0.007644611812873738,0.007644229735959129,0.0645146369934082,1.0276811194526985e-19
0.09595096715350104,0.08827825487882214,0.099936135830924,0.09454495082499888,0.12666869163513184,0.007644229744194273,0.007643847686011895,0.06464004516601562,1.0277050461372638e-19
0.09595019548567073,0.08827810041569728,0.09993614234801852,0.09454571589870502,0.1336829662322998,0.007643847694651466,0.007643465655249315,0.0737144947052002,1.0277289701354626e-19
0.09594942381787337,0.08827794596135377,0.09993614886491127,0.09454648090308025,0.1250908374786377,0.007643465664244042,0.007643083644559567,0.06658530235290527,1.0277528936163956e-19
0.0959486521501107,0.08827779151579077,0.09993615538160225,0.09454724583813379,0.12458992004394531,0.0076430836529689065,0.007642701652343931,0.06699371337890625,1.0277768165951153e-19
0.09594788048238445,0.0882776370790074,0.09993616189809146,0.09454801070387474,0.12479376792907715,0.007642701660826843,0.007642319679312948,0.06683158874511719,1.0278007402357255e-19
0.09594710881469637,0.08827748265100285,0.0999361684143789,0.09454877550031231,0.12412548065185547,0.007642319687816278,0.007641937725111347,0.06665921211242676,1.0278246631950911e-19
0.09594633714704826,0.08827732823177627,0.09993617493046458,0.09454954022745565,0.13051199913024902,0.007641937733936505,0.007641555790804944,0.06775951385498047,1.0278485851854381e-19
0.09594556547944182,0.0882771738213268,0.09993618144634851,0.09455030488531392,0.13114047050476074,0.00764155579918562,0.007641173875327922,0.06817984580993652,1.0278725032504456e-19
0.09594479381187886,0.08827701941965359,0.09993618796203069,0.09455106947389634,0.12607955932617188,0.007641173883563289,0.007640791978857919,0.06863617897033691,1.0278964229375227e-19
0.09594402214436114,0.0882768650267558,0.0999361944775111,0.09455183399321206,0.1251847743988037,0.00764079198706924,0.007640410101039663,0.06829094886779785,1.0279203390201476e-19
0.09594325047689038,0.0882767106426326,0.09993620099278976,0.09455259844327024,0.12486720085144043,0.00764041010970255,0.007640028243116603,0.06807541847229004,1.027944261658809e-19
0.09594247880946837,0.08827655626728312,0.09993620750786666,0.09455336282408007,0.12618374824523926,0.0076400282514605036,0.007639646403667655,0.06891202926635742,1.0279681824319712e-19
0.09594170714209689,0.08827640190070653,0.0999362140227418,0.09455412713565073,0.13556623458862305,0.007639646412343621,0.0076392645842915385,0.06848573684692383,1.0279920937284598e-19
0.09594093547477765,0.08827624754290198,0.0999362205374152,0.09455489137799133,0.1261134147644043,0.007639264592349074,0.007638882783211898,0.06594085693359375,1.0280160093207052e-19
0.09594016380751241,0.08827609319386863,0.09993622705188683,0.09455565555111108,0.12368941307067871,0.007638882791478395,0.007638501001849818,0.06476759910583496,1.0280399220754863e-19
0.09593939214030292,0.08827593885360564,0.09993623356615673,0.09455641965501911,0.12479925155639648,0.007638501009728533,0.007638119238784213,0.06519246101379395,1.0280638385359424e-19
0.09593862047315094,0.08827578452211217,0.09993624008022488,0.09455718368972464,0.12517929077148438,0.0076381192471005974,0.007637737494903263,0.06518316268920898,1.0280877530129256e-19
0.09593784880605823,0.08827563019938735,0.09993624659409127,0.09455794765523678,0.13202834129333496,0.007637737503593988,0.007637355770917509,0.06681227684020996,1.0281116578180657e-19
0.09593707713902655,0.08827547588543035,0.09993625310775593,0.09455871155156469,0.1267988681793213,0.007637355779204954,0.007636974065583502,0.06838154792785645,1.0281355688080604e-19
0.09593630547205763,0.08827532158024033,0.09993625962121885,0.0945594753787175,0.12791180610656738,0.007636974073934664,0.00763659237978942,0.06889033317565918,1.0281594833378425e-19
0.0959355338051533,0.08827516728381644,0.09993626613448002,0.09456023913670443,0.12755298614501953,0.007636592387781062,0.007636210712114178,0.06862354278564453,1.028183389687434e-19
0.0959347621383153,0.08827501299615786,0.09993627264753945,0.0945610028255346,0.12819314002990723,0.0076362107207449525,0.007635829064511768,0.06913042068481445,1.0282072963086914e-19
0.09593399047154536,0.08827485871726373,0.09993627916039713,0.09456176644521715,0.1268010139465332,0.007635829072823282,0.00763544743573874,0.06975960731506348,1.028231204306986e-19
0.09593321880484534,0.0882747044471332,0.09993628567305307,0.09456252999576123,0.12353205680847168,0.007635447444016151,0.007635065825972731,0.06521153450012207,1.0282551101282686e-19
0.09593244713821694,0.08827455018576541,0.09993629218550729,0.09456329347717597,0.12300848960876465,0.00763506583432161,0.0076346842355690114,0.06460142135620117,1.0282790144953305e-19
0.09593167547166193,0.08827439593315954,0.09993629869775976,0.09456405688947057,0.12580156326293945,0.007634684243739299,0.00763430266417231,0.06518840789794922,1.0283029154622087e-19
0.09593090380518202,0.08827424168931473,0.0999363052098105,0.09456482023265414,0.12552261352539062,0.007634302672267355,0.007633921111427355,0.06652307510375977,1.0283268174119562e-19
0.09593013213877899,0.08827408745423015,0.09993631172165951,0.09456558350673584,0.1274864673614502,0.007633921119907752,0.007633539578222326,0.06819033622741699,1.0283507195398235e-19
0.09592936047245464,0.08827393322790499,0.09993631823330679,0.0945663467117248,0.1352405548095703,0.00763353958665621,0.007633158064379586,0.06842207908630371,1.0283746257980799e-19
0.09592858880621068,0.08827377901033835,0.09993632474475234,0.09456710984763017,0.12369084358215332,0.007633158072514097,0.007632776569010957,0.06696033477783203,1.0283985210685368e-19
0.09592781714004892,0.08827362480152942,0.09993633125599614,0.09456787291446105,0.12206864356994629,0.007632776577479138,0.007632395093182254,0.064727783203125,1.028422426442972e-19
0.09592704547397111,0.08827347060147736,0.09993633776703824,0.09456863591222663,0.12655282020568848,0.007632395101551366,0.007632013636360568,0.06565237045288086,1.0284463221651341e-19
0.09592627380797893,0.08827331641018134,0.09993634427787862,0.09456939884093603,0.12617921829223633,0.007632013644728806,0.007631632198545901,0.06697344779968262,1.0284702183574857e-19
0.09592550214207421,0.08827316222764048,0.09993635078851726,0.09457016170059833,0.12792491912841797,0.0076316322070118636,0.007631250779915888,0.06829142570495605,1.0284941187205478e-19
0.09592473047625878,0.08827300805385395,0.09993635729895417,0.09457092449122269,0.12288951873779297,0.007631250788397919,0.007630869381003436,0.06701421737670898,1.0285180124715866e-19
0.09592395881053432,0.08827285388882092,0.09993636380918937,0.0945716872128182,0.12389111518859863,0.007630869388885947,0.007630488000032187,0.0650641918182373,1.0285419086045016e-19
0.09592318714490264,0.08827269973254054,0.09993637031922285,0.09457244986539398,0.12508726119995117,0.007630488008476731,0.007630106638600864,0.06535577774047852,1.0285658046355443e-19
0.09592241547936539,0.08827254558501198,0.09993637682905461,0.09457321244895925,0.12605857849121094,0.007630106647168673,0.007629725296531831,0.06741046905517578,1.0285896963805097e-19
0.09592164381392439,0.0882723914462344,0.09993638333868465,0.09457397496352307,0.1264171600341797,0.007629725304960376,0.007629343973469815,0.06915950775146484,1.0286135882256551e-19
0.09592087214858136,0.08827223731620695,0.09993638984811298,0.09457473740909458,0.13048720359802246,0.007629343981851281,0.007628962669237183,0.06469869613647461,1.0286374789605262e-19
0.09592010048333811,0.0882720831949288,0.0999363963573396,0.09457549978568287,0.12512588500976562,0.0076289626778391125,0.007628581384366839,0.06538128852844238,1.028661368801347e-19
0.0959193288181964,0.08827192908239909,0.0999364028663645,0.09457626209329711,0.12688660621643066,0.00762858139292419,0.00762820011868115,0.0679025650024414,1.0286852568378592e-19
0.09591855715315796,0.08827177497861699,0.09993640937518769,0.0945770243319464,0.12906360626220703,0.007628200127105271,0.007627818872002479,0.06838202476501465,1.0287091464038981e-19
0.0959177854882246,0.08827162088358165,0.09993641588380918,0.09457778650163982,0.1256093978881836,0.007627818880381328,0.007627437644330826,0.06854033470153809,1.028733032861728e-19
0.09591701382339808,0.08827146679729224,0.09993642239222895,0.09457854860238653,0.1301734447479248,0.007627437652751815,0.007627056436199098,0.07505202293395996,1.0287569210638279e-19
0.09591624215868015,0.0882713127197479,0.09993642890044702,0.0945793106341956,0.12630176544189453,0.007627056444214714,0.007626675246363845,0.06820535659790039,1.0287808018813755e-19
0.0959154704940726,0.08827115865094783,0.09993643540846339,0.09458007259707618,0.1274874210357666,0.0076266752547697915,0.007626294075890883,0.0692744255065918,1.0288046931310005e-19
0.09591469882957718,0.08827100459089114,0.09993644191627805,0.09458083449103735,0.12263989448547363,0.0076262940844174,0.007625912924780209,0.06761860847473145,1.0288285759279123e-19
0.09591392716519562,0.08827085053957703,0.09993644842389102,0.09458159631608824,0.12119674682617188,0.007625912933153907,0.0076255317924989185,0.06445455551147461,1.0288524574997845e-19
0.09591315550092966,0.08827069649700467,0.09993645493130228,0.09458235807223793,0.12723875045776367,0.007625531800980703,0.007625150679402282,0.06680083274841309,1.0288763392293944e-19
0.09591238383678105,0.08827054246317317,0.09993646143851184,0.09458311975949549,0.12742996215820312,0.007625150687896149,0.007624769585490299,0.06910562515258789,1.0289002188962367e-19
0.09591161217275168,0.08827038843808171,0.0999364679455197,0.09458388137787009,0.12123322486877441,0.00762476959389931,0.007624388510940605,0.06472587585449219,1.0289241025096048e-19
0.09591084050884323,0.08827023442172947,0.09993647445232588,0.09458464292737076,0.12600326538085938,0.007624388518987803,0.00762400745539793,0.06680679321289062,1.0289479822742622e-19
0.0959100688450574,0.0882700804141156,0.09993648095893036,0.09458540440800665,0.12724065780639648,0.007624007463160436,0.007623626417974094,0.06821489334106445,1.0289718647560845e-19
0.09590929718139596,0.08826992641523927,0.09993648746533312,0.09458616581978686,0.1222083568572998,0.007623626426419531,0.007623245400623091,0.0647730827331543,1.0289957338165149e-19
0.09590852551786078,0.08826977242509963,0.09993649397153422,0.09458692716272049,0.12161731719970703,0.00762324540876185,0.0076228644019238345,0.0650637149810791,1.0290196112114357e-19
0.0959077538544536,0.08826961844369584,0.09993650047753361,0.09458768843681664,0.12713265419006348,0.007622864410185415,0.007622483422586868,0.06744861602783203,1.0290434877890544e-19
0.0959069821911761,0.08826946447102707,0.0999365069833313,0.09458844964208443,0.1189718246459961,0.007622483430691303,0.007622102462079283,0.06466984748840332,1.0290673647666986e-19
0.09590621052803008,0.08826931050709247,0.09993651348892732,0.09458921077853293,0.12505507469177246,0.0076221024702785075,0.007621721520578717,0.06557869911193848,1.0290912417004587e-19
0.09590543886501737,0.08826915655189121,0.09993651999432165,0.09458997184617124,0.1278986930847168,0.007621721528946777,0.00762134059844044,0.06791377067565918,1.0291151109777659e-19
0.09590466720213968,0.08826900260542246,0.09993652649951429,0.09459073284500845,0.12151360511779785,0.007621340606692764,0.007620959694776275,0.06607460975646973,1.0291389848936396e-19
0.0959038955393988,0.08826884866768536,0.09993653300450525,0.09459149377505359,0.12180781364440918,0.007620959703517281,0.007620578811362577,0.06487655639648438,1.0291628549614618e-19
0.09590312387679649,0.08826869473867908,0.09993653950929453,0.09459225463631576,0.12389826774597168,0.00762057881941788,0.007620197945890084,0.0665898323059082,1.0291867237698615e-19
0.09590235221433444,0.08826854081840277,0.09993654601388213,0.09459301542880405,0.11907792091369629,0.00762019795439506,0.0076198170999575154,0.0633091926574707,1.0292105978371668e-19
0.09590158055201446,0.0882683869068556,0.09993655251826805,0.09459377615252752,0.12476325035095215,0.007619817108447504,0.007619436273209601,0.06559038162231445,1.0292344603867464e-19
0.09590080888983826,0.08826823300403673,0.0999365590224523,0.09459453680749527,0.1214756965637207,0.007619436281573554,0.0076190554651134335,0.06550002098083496,1.0292583312911864e-19
0.09590003722780767,0.08826807910994534,0.09993656552643487,0.09459529739371637,0.12051606178283691,0.007619055473772998,0.007618674676557191,0.06287121772766113,1.0292821989621973e-19
0.09589926556592444,0.08826792522458059,0.09993657203021578,0.09459605791119996,0.12511801719665527,0.007618674685044137,0.007618293907185603,0.06680679321289062,1.0293060635468099e-19
0.09589849390419031,0.08826777134794163,0.099936578533795,0.09459681835995502,0.12734007835388184,0.007618293915386337,0.007617913156643397,0.07082509994506836,1.0293299287317215e-19
0.09589772224260706,0.08826761748002764,0.09993658503717255,0.0945975787399907,0.12630248069763184,0.007617913164798309,0.007617532424930573,0.06612253189086914,1.0293537926486165e-19
0.09589695058117638,0.08826746362083776,0.09993659154034844,0.09459833905131604,0.12674832344055176,0.007617532433279875,0.007617151712580039,0.0684049129486084,1.0293776586189641e-19
0.09589617891990007,0.08826730977037114,0.09993659804332267,0.09459909929394007,0.12108182907104492,0.007617151720829279,0.007616771019414159,0.06659817695617676,1.0294015171560004e-19
0.09589540725877999,0.088267155928627,0.09993660454609521,0.0945998594678719,0.12581253051757812,0.007616771027446306,0.0076163903450776616,0.06695699691772461,1.0294253762410295e-19
0.09589463559781783,0.08826700209560445,0.09993661104866611,0.09460061957312063,0.12215209007263184,0.00761639035312897,0.007616009689215275,0.06684446334838867,1.0294492382030009e-19
0.09589386393701539,0.08826684827130268,0.09993661755103533,0.09460137960969527,0.1289823055267334,0.007616009697878691,0.00761562905307045,0.06839895248413086,1.029473097672138e-19
0.09589309227637438,0.08826669445572084,0.0999366240532029,0.09460213957760485,0.12360095977783203,0.007615629061693167,0.007615248435932642,0.06690597534179688,1.0294969560787795e-19
0.09589232061589661,0.0882665406488581,0.0999366305551688,0.09460289947685852,0.11953520774841309,0.007615248444570399,0.00761486783833476,0.06389904022216797,1.0295208147283842e-19
0.09589154895558383,0.08826638685071363,0.09993663705693304,0.09460365930746525,0.1279289722442627,0.007614867846509754,0.007614487259210989,0.06876206398010254,1.0295446675149947e-19
0.09589077729543785,0.08826623306128657,0.09993664355849563,0.09460441906943412,0.11735820770263672,0.007614487267510639,0.007614106699094236,0.06404376029968262,1.0295685282034405e-19
0.09589000563546034,0.0882660792805761,0.09993665005985655,0.09460517876277424,0.1255643367767334,0.007614106707572445,0.007613726158517409,0.06670784950256348,1.0295923790985439e-19
0.09588923397565306,0.08826592550858138,0.09993665656101583,0.09460593838749466,0.12273025512695312,0.007613726166694472,0.007613345636592328,0.0662693977355957,1.0296162344873804e-19
0.09588846231601787,0.08826577174530158,0.09993666306197344,0.09460669794360442,0.1306002140045166,0.0076133456448752084,0.0076129651342071725,0.06946706771850586,1.0296400897214272e-19
0.09588769065655646,0.08826561799073586,0.09993666956272941,0.09460745743111258,0.12208867073059082,0.007612965142112316,0.007612584649940857,0.06511282920837402,1.0296639381591114e-19
0.09588691899727061,0.0882654642448834,0.09993667606328371,0.09460821685002822,0.12241649627685547,0.0076125846584082085,0.007612204185747373,0.06664633750915527,1.0296877912851805e-19
0.09588614733816206,0.08826531050774335,0.09993668256363639,0.09460897620036036,0.12208032608032227,0.007612204193758167,0.007611823739850365,0.06696677207946777,1.0297116435700367e-19
0.09588537567923261,0.08826515677931486,0.0999366890637874,0.09460973548211801,0.12060022354125977,0.007611823748163674,0.007611443312960375,0.06458854675292969,1.0297354878767577e-19
0.09588460402048395,0.08826500305959711,0.09993669556373677,0.09461049469531026,0.12763261795043945,0.007611443321624098,0.007611062905610311,0.06808638572692871,1.0297593373098127e-19
0.09588383236191787,0.08826484934858927,0.0999367020634845,0.09461125383994612,0.12505316734313965,0.0076110629141364315,0.007610682517089629,0.06747245788574219,1.0297831902284761e-19
0.09588306070353618,0.08826469564629051,0.09993670856303058,0.09461201291603466,0.12375688552856445,0.007610682525700789,0.007610302147931236,0.0659017562866211,1.0298070329345473e-19
0.0958822890453406,0.0882645419527,0.09993671506237502,0.09461277192358489,0.12059307098388672,0.0076103021563167575,0.007609921796891683,0.06457829475402832,1.0298308803305412e-19
0.09588151738733296,0.08826438826781689,0.09993672156151781,0.0946135308626059,0.12687325477600098,0.007609921805983887,0.007609541466102598,0.06764912605285645,1.0298547264686957e-19
0.09588074572951497,0.08826423459164034,0.09993672806045897,0.09461428973310672,0.1189877986907959,0.007609541474698444,0.00760916115396526,0.06436705589294434,1.0298785722180035e-19
0.09587997407188843,0.08826408092416954,0.09993673455919848,0.09461504853509635,0.1264362335205078,0.007609161162461746,0.007608780861012576,0.06820487976074219,1.0299024095436678e-19
0.0958792024144551,0.08826392726540364,0.09993674105773637,0.09461580726858383,0.11750507354736328,0.007608780869272207,0.007608400586711639,0.06381940841674805,1.0299262537275978e-19
0.09587843075721678,0.0882637736153418,0.09993674755607261,0.09461656593357824,0.12591910362243652,0.007608400595129281,0.007608020331772991,0.06740808486938477,1.0299500982265723e-19
0.09587765910017518,0.08826361997398319,0.09993675405420721,0.09461732453008857,0.1260850429534912,0.007608020340032657,0.007607640095308454,0.06724309921264648,1.02997393663967e-19
0.09587688744333207,0.08826346634132697,0.09993676055214018,0.09461808305812386,0.12363338470458984,0.007607640103980039,0.007607259878561479,0.06543827056884766,1.0299977714321459e-19
0.09587611578668925,0.08826331271737232,0.09993676704987152,0.09461884151769308,0.12234663963317871,0.007607259886970103,0.007606879680643885,0.06689310073852539,1.0300216114698143e-19
0.09587534413024847,0.0882631591021184,0.09993677354740123,0.0946195999088053,0.12389159202575684,0.0076068796890022185,0.007606499501910946,0.06688761711120605,1.0300454545217094e-19
0.09587457247401142,0.08826300549556441,0.0999367800447293,0.09462035823146955,0.1206350326538086,0.0076064995100754915,0.007606119342007389,0.06513571739196777,1.0300692903909341e-19
0.09587380081797996,0.08826285189770948,0.09993678654185575,0.09462111648569489,0.12236404418945312,0.007606119350188938,0.007605739200933215,0.06654763221740723,1.0300931204927255e-19
0.09587302916215582,0.08826269830855277,0.09993679303878057,0.09462187467149025,0.13063430786132812,0.007605739209342299,0.00760535907922133,0.07291626930236816,1.0301169553962572e-19
0.09587225750654078,0.08826254472809346,0.09993679953550377,0.09462263278886468,0.11774277687072754,0.0076053590875338984,0.007604978976516463,0.06452393531799316,1.030140792450048e-19
0.09587148585113664,0.08826239115633072,0.09993680603202534,0.09462339083782725,0.12231588363647461,0.00760497898476445,0.0076045988935291575,0.06733131408691406,1.0301646234372915e-19
0.09587071419594512,0.08826223759326374,0.0999368125283453,0.09462414881838696,0.12297272682189941,0.0076045989010310065,0.007604218827772513,0.06699752807617188,1.0301884609023139e-19
0.09586994254096794,0.08826208403889166,0.09993681902446364,0.09462490673055282,0.1178741455078125,0.007604218836333717,0.007603838782266337,0.06400203704833984,1.0302122860054736e-19
0.09586917088620683,0.08826193049321365,0.09993682552038036,0.09462566457433384,0.12827086448669434,0.0076038387906711994,0.0076034587557671784,0.06923890113830566,1.0302361164873546e-19
0.09586839923166368,0.08826177695622889,0.09993683201609546,0.09462642234973909,0.11824989318847656,0.007603458764042481,0.007603078748275038,0.0647892951965332,1.030259945137923e-19
0.09586762757734016,0.08826162342793654,0.09993683851160895,0.09462718005677752,0.12695717811584473,0.007603078756446577,0.007602698759612281,0.06806468963623047,1.030283777477242e-19
0.09586685592323808,0.08826146990833576,0.09993684500692082,0.0946279376954582,0.12451386451721191,0.007602698767883309,0.007602318790311813,0.06839156150817871,1.0303076021303988e-19
0.09586608426935918,0.08826131639742572,0.09993685150203108,0.09462869526579014,0.11698341369628906,0.007602318798350627,0.007601938839663092,0.06386303901672363,1.030331429131742e-19
0.09586531261570523,0.0882611628952056,0.09993685799693973,0.09462945276778227,0.12745118141174316,0.007601938847848013,0.007601558907666117,0.06929636001586914,1.0303552546332313e-19
0.09586454096227794,0.08826100940167454,0.09993686449164677,0.09463021020144365,0.11629414558410645,0.007601558916375499,0.007601178995209068,0.06365156173706055,1.030379080619796e-19
0.09586376930907908,0.08826085591683175,0.09993687098615218,0.09463096756678326,0.12760114669799805,0.007601179003931356,0.00760079910246958,0.06809186935424805,1.030402908114608e-19
0.09586299765611056,0.08826070244067637,0.099936877480456,0.09463172486381011,0.11724019050598145,0.00760079911051232,0.007600419227671296,0.06418991088867188,1.0304267275940428e-19
0.09586222600337407,0.08826054897320758,0.09993688397455823,0.09463248209253317,0.12536001205444336,0.007600419236120174,0.007600039372235301,0.06769728660583496,1.0304505500586044e-19
0.0958614543508714,0.08826039551442454,0.09993689046845886,0.0946332392529614,0.13055777549743652,0.007600039380753914,0.007599659536339232,0.07305788993835449,1.0304743725160945e-19
0.09586068269860427,0.08826024206432641,0.09993689696215788,0.09463399634510383,0.11802220344543457,0.007599659544411566,0.007599279718562002,0.06519198417663574,1.0304981908809079e-19
0.09585991104657447,0.08826008862291239,0.0999369034556553,0.09463475336896948,0.12502694129943848,0.007599279727093587,0.007598899920147062,0.06769895553588867,1.0305220123989386e-19
0.0958591393947837,0.08825993519018162,0.09993690994895112,0.09463551032456735,0.11618256568908691,0.00759889992879771,0.007598520140916776,0.06434106826782227,1.0305458309335066e-19
0.09585836774323378,0.08825978176613328,0.09993691644204533,0.0946362672119064,0.12697911262512207,0.0075985201495238665,0.007598140380515872,0.0667722225189209,1.0305696467616693e-19
0.09585759609192643,0.08825962835076653,0.09993692293493796,0.09463702403099565,0.11805367469787598,0.00759814038927086,0.007597760639477258,0.06543278694152832,1.0305934638178939e-19
0.09585682444086344,0.08825947494408057,0.09993692942762898,0.09463778078184408,0.11939597129821777,0.007597760648036659,0.007597380917268026,0.06382155418395996,1.0306172776774958e-19
0.09585605279004657,0.08825932154607455,0.0999369359201184,0.09463853746446066,0.13000011444091797,0.007597380925820687,0.007597001214065813,0.06829571723937988,1.0306410943698054e-19
0.0958552811394776,0.08825916815674763,0.09993694241240623,0.09463929407885437,0.11904191970825195,0.0075970012226216285,0.0075966215298706175,0.06513786315917969,1.0306649095001658e-19
0.09585450948915815,0.08825901477609899,0.09993694890449248,0.09464005062503421,0.12411332130432129,0.007596621538440895,0.00759624186468244,0.06732821464538574,1.0306887231515177e-19
0.09585373783909008,0.08825886140412781,0.09993695539637713,0.09464080710300916,0.12120294570922852,0.007596241873275213,0.007595862218501281,0.06690359115600586,1.0307125347063872e-19
0.09585296618927519,0.08825870804083324,0.0999369618880602,0.0946415635127882,0.1207728385925293,0.007595862227124913,0.007595482591860048,0.06591653823852539,1.0307363427972879e-19
0.09585219453971526,0.08825855468621448,0.09993696837954168,0.0946423198543803,0.12640023231506348,0.007595482599986679,0.0075951029835152895,0.06799817085266113,1.0307601534760328e-19
0.09585142289041207,0.08825840134027067,0.09993697487082158,0.09464307612779439,0.11843585968017578,0.007595102991861996,0.007594723394710456,0.06423377990722656,1.0307839644388343e-19
0.09585065124136735,0.088258248003001,0.0999369813618999,0.09464383233303951,0.12796759605407715,0.007594723402749482,0.007594343824735006,0.06781315803527832,1.0308077693570403e-19
0.09584987959258286,0.08825809467440462,0.09993698785277662,0.09464458847012468,0.12113356590270996,0.007594343832647222,0.007593964273588938,0.06740999221801758,1.0308315793766768e-19
0.09584910794406039,0.08825794135448073,0.09993699434345175,0.0946453445390588,0.11902642250061035,0.007593964281554286,0.007593584740916981,0.06513452529907227,1.0308553865196934e-19
0.09584833629580172,0.08825778804322847,0.09993700083392532,0.09464610053985086,0.12764835357666016,0.007593584749472072,0.007593205228140221,0.06822729110717773,1.0308791927776077e-19
0.09584756464780862,0.08825763474064702,0.09993700732419732,0.0946468564725098,0.11791586875915527,0.007593205236397579,0.0075928257338375715,0.0640406608581543,1.0309030014562061e-19
0.09584679300008282,0.08825748144673555,0.09993701381426773,0.09464761233704458,0.12800002098083496,0.007592825742330873,0.007592446258897212,0.06932687759399414,1.0309268001467025e-19
0.09584602135262603,0.08825732816149325,0.09993702030413656,0.09464836813346417,0.11445355415344238,0.0075924462672702815,0.007592066802786235,0.06308174133300781,1.0309506041045049e-19
0.09584524970544005,0.08825717488491927,0.09993702679380383,0.09464912386177757,0.12676596641540527,0.007592066811214587,0.00759168736550464,0.06894731521606445,1.0309744060178427e-19
0.09584447805852665,0.08825702161701278,0.09993703328326953,0.0946498795219937,0.127366304397583,0.007591687374164465,0.007591307947762971,0.06809306144714355,1.0309982069318686e-19
0.09584370641188761,0.08825686835777295,0.09993703977253364,0.09465063511412151,0.11804652214050293,0.007591307956116973,0.007590928548140141,0.06373023986816406,1.0310220061798911e-19
0.09584293476552472,0.08825671510719899,0.0999370462615962,0.09465139063817007,0.128129243850708,0.007590928557072527,0.007590549168945415,0.06914091110229492,1.0310458057896255e-19
0.09584216311943973,0.08825656186529003,0.09993705275045718,0.09465214609414827,0.11505460739135742,0.007590549177027767,0.007590169807691893,0.06305146217346191,1.0310696005713678e-19
0.09584139147363444,0.08825640863204526,0.0999370592391166,0.0946529014820651,0.12569403648376465,0.007590169815984464,0.007589790465800661,0.06718635559082031,1.0310934040139885e-19
0.09584061982811058,0.08825625540746385,0.09993706572757445,0.09465365680192948,0.11728858947753906,0.007589790473940279,0.007589411142916447,0.06459832191467285,1.0311171994318053e-19
0.09583984818286995,0.08825610219154496,0.09993707221583074,0.09465441205375041,0.13156414031982422,0.007589411150894305,0.007589031838861615,0.07397818565368652,1.0311409918493831e-19
0.09583907653791432,0.0882559489842878,0.09993707870388548,0.09465516723753678,0.1284646987915039,0.007589031846845619,0.007588652553280895,0.06925058364868164,1.0311647876262807e-19
0.09583830489324544,0.08825579578569152,0.09993708519173865,0.09465592235329752,0.11671972274780273,0.0075886525617945766,0.007588273287240099,0.06420373916625977,1.0311885859004578e-19
0.09583753324886506,0.0882556425957553,0.09993709167939026,0.09465667740104164,0.12724566459655762,0.007588273295739537,0.007587894040739229,0.06812882423400879,1.0312123799667942e-19
0.09583676160477496,0.0882554894144783,0.09993709816684032,0.09465743238077805,0.11767458915710449,0.007587894048678151,0.007587514812890106,0.06406164169311523,1.0312361704259784e-19
0.0958359899609769,0.08825533624185969,0.09993710465408881,0.0946581872925157,0.12712430953979492,0.007587514820609495,0.007587135602804551,0.06685376167297363,1.0312599614731753e-19
0.09583521831747265,0.08825518307789866,0.09993711114113575,0.09465894213626354,0.11928582191467285,0.007587135611536429,0.007586756412614193,0.06484651565551758,1.0312837508125802e-19
0.09583444667426394,0.08825502992259437,0.09993711762798115,0.09465969691203054,0.12893104553222656,0.0075867564214569146,0.00758637724196376,0.07286500930786133,1.0313075391959425e-19
0.09583367503135258,0.08825487677594601,0.09993712411462498,0.09466045161982561,0.12654328346252441,0.007586377250366552,0.007585998090142709,0.06806325912475586,1.0313313315855126e-19
0.0958329033887403,0.08825472363795274,0.09993713060106726,0.09466120625965767,0.11529040336608887,0.0075859980982654895,0.007585618957151041,0.06408977508544922,1.0313551195686657e-19
0.09583213174642885,0.08825457050861371,0.099937137087308,0.09466196083153566,0.12710165977478027,0.007585618965152749,0.007585239842633484,0.06664848327636719,1.0313789026541095e-19
0.09583136010442005,0.08825441738792812,0.09993714357334718,0.09466271533546856,0.11922454833984375,0.007585239851029423,0.007584860747478217,0.06489992141723633,1.0314026875607415e-19
0.09583058846271568,0.08825426427589515,0.09993715005918481,0.09466346977146528,0.12061500549316406,0.0075848607558925705,0.007584481671152332,0.06419157981872559,1.0314264732969242e-19
0.09582981682131746,0.08825411117251397,0.0999371565448209,0.09466422413953474,0.12420511245727539,0.007584481679742855,0.0075841026143663726,0.06753945350646973,1.0314502564287395e-19
0.0958290451802272,0.08825395807778375,0.09993716303025543,0.09466497843968588,0.1250600814819336,0.007584102622576658,0.007583723575876888,0.07216644287109375,1.0314740408805869e-19
0.09582827353944662,0.08825380499170365,0.09993716951548842,0.09466573267192759,0.12479901313781738,0.007583723584395719,0.007583344557104965,0.06754183769226074,1.0314978230979295e-19
0.09582750189897749,0.08825365191427288,0.09993717600051988,0.09466648683626883,0.12119555473327637,0.007583344565197363,0.007582965556984789,0.0657808780670166,1.0315216052054485e-19
0.0958267302588216,0.08825349884549061,0.09993718248534979,0.09466724093271854,0.12006425857543945,0.007582965564981033,0.007582586575693995,0.06403279304504395,1.031545386600595e-19
0.0958259586189807,0.08825334578535599,0.09993718896997816,0.09466799496128567,0.12749171257019043,0.007582586583746408,0.007582207613410219,0.06859135627746582,1.03156916500707e-19
0.09582518697945662,0.08825319273386821,0.09993719545440499,0.09466874892197914,0.11739277839660645,0.007582207621492238,0.00758182866977819,0.06546449661254883,1.0315929393726624e-19
0.09582441534025102,0.08825303969102644,0.09993720193863029,0.09466950281480783,0.12869739532470703,0.007581828678219241,0.007581449745153179,0.06783652305603027,1.0316167213556837e-19
0.09582364370136573,0.08825288665682984,0.09993720842265405,0.09467025663978064,0.11821389198303223,0.00758144975392481,0.007581070840245729,0.06310701370239258,1.0316404995483008e-19
0.09582287206280253,0.08825273363127761,0.09993721490647628,0.09467101039690651,0.12753772735595703,0.007581070848607559,0.007580691953812391,0.06376028060913086,1.0316642748667506e-19
0.09582210042456314,0.08825258061436891,0.09993722139009699,0.09467176408619438,0.12804532051086426,0.007580691962267278,0.007580313086563706,0.06928277015686035,1.0316880479003987e-19
0.0958213287866494,0.08825242760610293,0.09993722787351615,0.09467251770765317,0.11564135551452637,0.007580313094902017,0.007579934238322039,0.06331205368041992,1.0317118248810807e-19
0.09582055714906298,0.08825227460647883,0.0999372343567338,0.09467327126129177,0.12636399269104004,0.007579934246510773,0.007579555409087391,0.06802225112915039,1.0317355947171205e-19
0.09581978551180574,0.08825212161549581,0.0999372408397499,0.09467402474711904,0.11827850341796875,0.007579555417093951,0.007579176598504489,0.06433820724487305,1.0317593676612516e-19
0.09581901387487936,0.08825196863315303,0.0999372473225645,0.09467477816514396,0.1282789707183838,0.007579176606649583,0.007578797806573334,0.06700420379638672,1.0317831385410228e-19
0.09581824223828563,0.08825181565944966,0.09993725380517755,0.09467553151537537,0.11861348152160645,0.007578797815177525,0.007578419034537376,0.06470155715942383,1.031806910835018e-19
0.09581747060202625,0.08825166269438488,0.0999372602875891,0.09467628479782222,0.13082289695739746,0.007578419042675977,0.007578040280975529,0.06559109687805176,1.0318306760057984e-19
0.09581669896610308,0.08825150973795785,0.09993726676979912,0.0946770380124934,0.12760138511657715,0.007578040289144735,0.0075776615464207,0.06798529624938965,1.0318544497805247e-19
0.0958159273305179,0.08825135679016775,0.09993727325180762,0.0946777911593978,0.11600232124328613,0.007577661554582531,0.007577282830339982,0.06377029418945312,1.0318782159353469e-19
0.09581515569527248,0.08825120385101379,0.0999372797336146,0.09467854423854437,0.1273488998413086,0.007577282838989436,0.007576904134332096,0.06662678718566895,1.0319019800984189e-19
0.09581438406036846,0.08825105092049511,0.09993728621522006,0.09467929724994198,0.11867332458496094,0.007576904142362078,0.007576525456620686,0.06489038467407227,1.0319257534272226e-19
0.09581361242580769,0.08825089799861091,0.099937292696624,0.0946800501935995,0.12328052520751953,0.007576525464701195,0.007576146797738659,0.06484317779541016,1.0319495151396596e-19
0.09581284079159194,0.08825074508536036,0.09993729917782643,0.09468080306952585,0.1220097541809082,0.007576146806006192,0.007575768158218921,0.06714653968811035,1.0319732763608604e-19
0.09581206915772299,0.08825059218074263,0.09993730565882734,0.09468155587772992,0.1279449462890625,0.0075757681662748004,0.007575389536640387,0.06286454200744629,1.0319970415997526e-19
0.09581129752420257,0.08825043928475693,0.09993731213962674,0.09468230861822065,0.12734460830688477,0.00757538954550843,0.007575010935134685,0.06647348403930664,1.0320208057163242e-19
0.09581052589103248,0.08825028639740239,0.09993731862022463,0.09468306129100684,0.1177206039428711,0.007575010943704411,0.0075746323526360015,0.06473135948181152,1.0320445609682871e-19
0.09580975425821449,0.08825013351867819,0.09993732510062102,0.09468381389609747,0.12363767623901367,0.007574632360860761,0.007574253788611429,0.06506514549255371,1.0320683262490284e-19
0.09580898262575033,0.08824998064858354,0.0999373315808159,0.0946845664335014,0.12154698371887207,0.007574253796977251,0.007573875243771511,0.06658363342285156,1.0320920826808288e-19
0.09580821099364176,0.08824982778711761,0.09993733806080927,0.09468531890322751,0.11946535110473633,0.007573875252053868,0.007573496717583339,0.06507349014282227,1.032115842991819e-19
0.09580743936189061,0.08824967493427956,0.09993734454060113,0.0946860713052847,0.12751078605651855,0.00757349672608908,0.007573118211290364,0.06843018531799316,1.0321396003045908e-19
0.09580666773049853,0.08824952209006856,0.0999373510201915,0.09468682363968185,0.12846636772155762,0.007573118219080804,0.007572739722938593,0.06454253196716309,1.0321633554732587e-19
0.09580589609946742,0.0882493692544838,0.09993735749958037,0.09468757590642789,0.12547945976257324,0.007572739731029508,0.007572361253238569,0.06794905662536621,1.0321871120780157e-19
0.09580512446879905,0.08824921642752448,0.09993736397876773,0.09468832810553166,0.1224215030670166,0.007572361261935347,0.0075719828037890125,0.0670623779296875,1.0322108708614276e-19
0.09580435283849516,0.08824906360918976,0.0999373704577536,0.09468908023700202,0.12016892433166504,0.007571982811795183,0.007571604372813567,0.06512665748596191,1.0322346219603364e-19
0.09580358120855749,0.08824891079947882,0.09993737693653795,0.0946898323008479,0.1256105899810791,0.0075716043806084935,0.007571225960489869,0.067169189453125,1.0322583780712525e-19
0.09580280957898785,0.08824875799839083,0.09993738341512082,0.09469058429707813,0.1194460391998291,0.007571225968374254,0.007570847566640282,0.06406855583190918,1.0322821268115433e-19
0.09580203794978799,0.08824860520592498,0.09993738989350218,0.09469133622570163,0.12871241569519043,0.007570847575093034,0.00757046919233062,0.06923031806945801,1.0323058792341963e-19
0.09580126632095971,0.08824845242208045,0.09993739637168204,0.0946920880867272,0.1284186840057373,0.007570469200763028,0.0075700908368503406,0.06484055519104004,1.032329630391683e-19
0.09580049469250473,0.08824829964685642,0.09993740284966042,0.0946928398801638,0.12291860580444336,0.007570090845383071,0.007569712500909986,0.06583237648010254,1.032353378679261e-19
0.09579972306442484,0.08824814688025207,0.09993740932743732,0.09469359160602024,0.12219429016113281,0.007569712508951436,0.007569334183088472,0.06692671775817871,1.0323771276924022e-19
0.09579895143672182,0.08824799412226655,0.09993741580501271,0.09469434326430541,0.11938905715942383,0.007569334191468589,0.007568955883918704,0.06433916091918945,1.0324008794872529e-19
0.09579817980939745,0.08824784137289907,0.09993742228238663,0.09469509485502817,0.1282813549041748,0.007568955892935559,0.007568577604999405,0.06927943229675293,1.0324246201806663e-19
0.09579740818245348,0.08824768863214878,0.09993742875955905,0.09469584637819738,0.11924910545349121,0.007568577613346382,0.007568199344731852,0.06531882286071777,1.0324483703034459e-19
0.0957966365558917,0.0882475359000149,0.09993743523653,0.09469659783382191,0.1267845630645752,0.0075681993527010796,0.007567821103116046,0.068511962890625,1.0324721147675305e-19
0.09579586492971381,0.08824738317649658,0.09993744171329945,0.09469734922191061,0.12391161918640137,0.0075678211110004395,0.007567442879796715,0.06691122055053711,1.0324958604338319e-19
0.09579509330392161,0.08824723046159302,0.09993744818986743,0.09469810054247235,0.1184535026550293,0.007567442888244778,0.007567064675839674,0.063812255859375,1.0325196014114149e-19
0.09579432167851687,0.0882470777553034,0.09993745466623391,0.09469885179551597,0.1289377212524414,0.0075670646844315445,0.0075666864914225584,0.06973743438720703,1.032543341680209e-19
0.09579355005350138,0.08824692505762688,0.09993746114239892,0.09469960298105039,0.11862421035766602,0.007566686499558358,0.0075663083256571895,0.06562137603759766,1.032567081545251e-19
0.09579277842887687,0.08824677236856265,0.09993746761836245,0.09470035409908442,0.1287240982055664,0.007566308333624658,0.007565930177833025,0.06865286827087402,1.0325908241615419e-19
0.09579200680464521,0.0882466196881099,0.0999374740941245,0.09470110514962694,0.1143643856048584,0.007565930186632923,0.007565552050614599,0.06365370750427246,1.0326145620419009e-19
0.09579123518080812,0.08824646701626779,0.09993748056968507,0.09470185613268678,0.12403512001037598,0.007565552058578704,0.007565173941159742,0.06593990325927734,1.0326383041095543e-19
0.09579046355736734,0.08824631435303551,0.09993748704504418,0.09470260704827275,0.13058209419250488,0.007565173949462163,0.007564795850711903,0.0724635124206543,1.0326620422556402e-19
0.09578969193432468,0.08824616169841225,0.09993749352020183,0.09470335789639374,0.11568951606750488,0.007564795859283328,0.007564417780336896,0.06294536590576172,1.0326857763506254e-19
0.09578892031168186,0.08824600905239717,0.099937499995158,0.09470410867705856,0.12589645385742188,0.007564417788038822,0.0075640397273701865,0.06609511375427246,1.0327095170013868e-19
0.09578814868944066,0.08824585641498948,0.09993750646991269,0.09470485939027609,0.11749386787414551,0.007564039735730508,0.007563661694121038,0.06446719169616699,1.0327332508168101e-19
0.0957873770676029,0.08824570378618836,0.09993751294446591,0.09470561003605521,0.12057232856750488,0.00756366170235636,0.007563283679523636,0.0642702579498291,1.0327569868391798e-19
0.09578660544617032,0.08824555116599297,0.09993751941881769,0.09470636061440472,0.12431025505065918,0.0075632836879144065,0.007562905684110888,0.06659507751464844,1.032780717497833e-19
0.09578583382514465,0.08824539855440251,0.09993752589296799,0.09470711112533348,0.11802101135253906,0.00756290569240477,0.0075625277073498864,0.06353139877319336,1.0328044517616703e-19
0.09578506220452764,0.08824524595141615,0.09993753236691683,0.09470786156885033,0.12770915031433105,0.007562527715825814,0.00756214975012881,0.0662534236907959,1.0328281842183732e-19
0.09578429058432106,0.08824509335703307,0.0999375388406642,0.09470861194496409,0.1210780143737793,0.0075621497581754935,0.0075617718108489385,0.0665581226348877,1.0328519127016493e-19
0.0957835189645268,0.08824494077125243,0.0999375453142101,0.09470936225368354,0.11852550506591797,0.007561771819455998,0.0075613938918195345,0.06370377540588379,1.0328756446410301e-19
0.09578274734514657,0.08824478819407343,0.09993755178755455,0.09471011249501755,0.12824296951293945,0.007561393899662573,0.007561015990376063,0.06869149208068848,1.0328993702899764e-19
0.0957819757261821,0.08824463562549527,0.09993755826069754,0.09471086266897501,0.11899638175964355,0.007561015998797413,0.007560638109005424,0.06496238708496094,1.0329231012110991e-19
0.0957812041076352,0.08824448306551712,0.09993756473363907,0.09471161277556472,0.12645626068115234,0.007560638116859119,0.007560260245220718,0.0677652359008789,1.0329468238171366e-19
0.09578043248950757,0.08824433051413816,0.09993757120637914,0.09471236281479549,0.11397695541381836,0.007560260253846833,0.00755988240168648,0.06327605247497559,1.0329705499947676e-19
0.09577966087180091,0.08824417797135757,0.09993757767891776,0.09471311278667617,0.12929844856262207,0.007559882409758541,0.0075595045766263524,0.0704960823059082,1.0329942764823413e-19
0.09577888925451712,0.08824402543717454,0.09993758415125492,0.09471386269121558,0.1289234161376953,0.007559504584593898,0.007559126769685065,0.06919479370117188,1.0330180035124559e-19
0.09577811763765798,0.08824387291158824,0.09993759062339064,0.09471461252842257,0.11904287338256836,0.0075591267783531564,0.0075587489824613385,0.06535792350769043,1.0330417219718027e-19
0.09577734602122526,0.08824372039459787,0.0999375970953249,0.09471536229830597,0.127640962600708,0.00755874899103327,0.007558371214599902,0.06824183464050293,1.0330654480954637e-19
0.09577657440522064,0.0882435678862026,0.09993760356705772,0.09471611200087462,0.11286020278930664,0.007558371222632844,0.007557993464857304,0.06298375129699707,1.033089171075876e-19
0.09577580278964597,0.08824341538640162,0.0999376100385891,0.0947168616361373,0.12493681907653809,0.007557993473152733,0.007557615734121725,0.06572628021240234,1.0331128873444539e-19
0.09577503117450299,0.08824326289519413,0.09993761650991903,0.09471761120410283,0.12091469764709473,0.0075576157425922535,0.0075572380225708,0.06569337844848633,1.0331366061556288e-19
0.09577425955979356,0.08824311041257929,0.09993762298104752,0.09471836070478007,0.1259293556213379,0.007557238030947809,0.007556860329493986,0.07249689102172852,1.033160328987854e-19
0.09577348794551933,0.0882429579385563,0.09993762945197457,0.09471911013817781,0.12583184242248535,0.007556860338222203,0.007556482656134733,0.06592917442321777,1.0331840480570807e-19
0.09577271633168205,0.08824280547312432,0.09993763592270018,0.09471985950430482,0.11751604080200195,0.007556482664411,0.0075561050010719555,0.06434917449951172,1.0332077657092831e-19
0.09577194471828358,0.08824265301628256,0.09993764239322434,0.09472060880316997,0.11765098571777344,0.007556105009514976,0.007555727365371467,0.06362676620483398,1.0332314782071739e-19
0.09577117310532564,0.0882425005680302,0.09993764886354706,0.0947213580347821,0.12479782104492188,0.007555727373531839,0.007555349747789819,0.06638312339782715,1.0332551937921962e-19
0.09577040149281,0.0882423481283664,0.09993765533366834,0.09472210719914996,0.11698675155639648,0.007555349756462056,0.007554972150103367,0.06348800659179688,1.0332789112931625e-19
0.09576962988073844,0.08824219569729036,0.0999376618035882,0.09472285629628235,0.12628388404846191,0.007554972158304238,0.007554594570535755,0.06768465042114258,1.0333026210937359e-19
0.09576885826911267,0.08824204327480126,0.0999376682733066,0.09472360532618813,0.11774253845214844,0.007554594579057841,0.007554217010330433,0.06267380714416504,1.0333263346119278e-19
0.09576808665793453,0.08824189086089827,0.0999376747428236,0.0947243542888761,0.12448382377624512,0.0075542170187215835,0.007553839469132129,0.06348323822021484,1.0333500492905695e-19
0.09576731504720581,0.0882417384555806,0.09993768121213915,0.09472510318435509,0.1269845962524414,0.0075538394772950365,0.007553461946585571,0.06817770004272461,1.0333737547901531e-19
0.09576654343692834,0.08824158605884744,0.09993768768125327,0.09472585201263384,0.11526274681091309,0.007553461954776446,0.007553084442868396,0.06279277801513672,1.0333974648432677e-19
0.0957657718271038,0.08824143367069795,0.09993769415016597,0.09472660077372115,0.12569761276245117,0.007553084451165466,0.007552706957802968,0.06628537178039551,1.0334211811915306e-19
0.09576500021773399,0.08824128129113132,0.09993770061887725,0.09472734946762583,0.11677217483520508,0.007552706966460817,0.00755232949209983,0.0639498233795166,1.0334448841341845e-19
0.09576422860882067,0.08824112892014674,0.0999377070873871,0.09472809809435663,0.11982202529907227,0.007552329500661209,0.007551952045936616,0.06393194198608398,1.0334685890474505e-19
0.09576345700036563,0.08824097655774339,0.09993771355569553,0.09472884665392245,0.12335753440856934,0.0075519520537652785,0.0075515746171817,0.06720256805419922,1.0334922961084031e-19
0.09576268539237057,0.08824082420392046,0.09993772002380252,0.09472959514633206,0.12734436988830566,0.007551574625774583,0.00755119720832198,0.06318545341491699,1.0335160003078673e-19
0.09576191378483734,0.08824067185867715,0.09993772649170811,0.09473034357159427,0.11972928047180176,0.007551197216685382,0.007550819818291643,0.06399703025817871,1.0335397050562392e-19
0.09576114217776768,0.08824051952201262,0.09993773295941226,0.09473109192971782,0.11830425262451172,0.007550819826498729,0.007550442446735417,0.06695151329040527,1.033563409936316e-19
0.09576037057116334,0.08824036719392607,0.099937739426915,0.0947318402207115,0.12542009353637695,0.007550442455212714,0.0075500650945414804,0.06820964813232422,1.0335871135605356e-19
0.09575959896502617,0.08824021487441668,0.09993774589421632,0.09473258844458411,0.12648892402648926,0.007550065102825715,0.007549687760821655,0.06846117973327637,1.0336108112744756e-19
0.09575882735935787,0.08824006256348363,0.09993775236131622,0.09473333660134443,0.12665176391601562,0.007549687769337805,0.007549310446464119,0.06828999519348145,1.0336345143903993e-19
0.09575805575416023,0.08823991026112611,0.09993775882821469,0.0947340846910013,0.13022923469543457,0.00754931045474733,0.007548933150935966,0.07287025451660156,1.0336582131396893e-19
0.09575728414943502,0.0882397579673433,0.09993776529491177,0.09473483271356345,0.12712788581848145,0.007548933159053701,0.007548555874414831,0.0663151741027832,1.0336819155490282e-19
0.09575651254518407,0.08823960568213439,0.09993777176140743,0.0947355806690397,0.1259918212890625,0.007548555882254631,0.007548178616012535,0.06641507148742676,1.0337056103396447e-19
0.09575574094140905,0.08823945340549857,0.09993777822770168,0.0947363285574388,0.12563610076904297,0.007548178624351852,0.007547801377327801,0.06612944602966309,1.0337293034897601e-19
0.0957549693381117,0.08823930113743503,0.09993778469379452,0.09473707637876955,0.12650799751281738,0.007547801385342407,0.007547424156761906,0.06571197509765625,1.0337530056511378e-19
0.09575419773529388,0.08823914887794294,0.09993779115968594,0.09473782413304067,0.1346263885498047,0.007547424165227348,0.0075470469557359365,0.0739598274230957,1.0337767020144691e-19
0.09575342613295737,0.0882389966270215,0.09993779762537597,0.09473857182026102,0.127394437789917,0.007547046964004362,0.0075466697730064425,0.06780171394348145,1.0338003948874244e-19
0.0957526545311039,0.08823884438466992,0.09993780409086457,0.0947393194404393,0.12678241729736328,0.007546669781673234,0.007546292609994509,0.06801986694335938,1.0338240908239193e-19
0.0957518829297353,0.08823869215088735,0.0999378105561518,0.09474006699358428,0.12648725509643555,0.00754629261823163,0.007545915465279052,0.06796836853027344,1.0338477839470256e-19
0.09575111132885328,0.08823853992567299,0.0999378170212376,0.09474081447970477,0.12595915794372559,0.007545915473680214,0.007545538339215341,0.0680389404296875,1.0338714682513825e-19
0.09575033972845962,0.08823838770902603,0.099937823486122,0.09474156189880956,0.13542389869689941,0.007545538348017197,0.007545161232691555,0.07277822494506836,1.0338951643704983e-19
0.09574956812855609,0.08823823550094566,0.09993782995080501,0.09474230925090742,0.12879681587219238,0.007545161241241842,0.007544784145352423,0.07093501091003418,1.0339188536658084e-19
0.09574879652914448,0.08823808330143106,0.09993783641528661,0.09474305653600706,0.12961268424987793,0.007544784153351522,0.007544407076309767,0.06919288635253906,1.033942546962596e-19
0.09574802493022654,0.08823793111048141,0.09993784287956682,0.09474380375411728,0.1287398338317871,0.007544407084346016,0.007544030026096493,0.06924009323120117,1.0339662301689063e-19
0.0957472533318041,0.08823777892809591,0.09993784934364565,0.09474455090524682,0.12828564643859863,0.007544030034225411,0.007543652994534966,0.06887149810791016,1.0339899188279173e-19
0.09574648173387888,0.08823762675427375,0.09993785580752307,0.09474529798940447,0.12865996360778809,0.007543653002988681,0.007543275982158093,0.06959366798400879,1.0340136054151013e-19
0.09574571013645267,0.08823747458901413,0.09993786227119911,0.09474604500659897,0.13579249382019043,0.007543275990635224,0.007542898989143509,0.06764006614685059,1.0340372911553825e-19
0.09574493853952717,0.0882373224323162,0.09993786873467375,0.09474679195683913,0.12456083297729492,0.007542898997162786,0.007542522014425401,0.06782793998718262,1.034060976057626e-19
0.09574416694310428,0.08823717028417918,0.099937875197947,0.09474753884013368,0.12153458595275879,0.007542522022571076,0.00754214505835904,0.06480622291564941,1.0340846609026389e-19
0.09574339534718566,0.08823701814460225,0.09993788166101886,0.09474828565649138,0.1266801357269287,0.0075421450668605415,0.007541768121654968,0.06586861610412598,1.0341083387013487e-19
0.09574262375177309,0.0882368660135846,0.09993788812388933,0.09474903240592093,0.1268765926361084,0.007541768130028131,0.0075413912039579145,0.06735420227050781,1.0341320240325089e-19
0.09574185215686844,0.08823671389112542,0.09993789458655843,0.0947497790884311,0.12720227241516113,0.007541391212072942,0.007541014304557336,0.06835317611694336,1.0341557054443813e-19
0.0957410805624734,0.08823656177722387,0.09993790104902614,0.09475052570403064,0.1207740306854248,0.007541014312996096,0.007540637424341412,0.06488966941833496,1.0341793856014255e-19
0.09574030896858977,0.08823640967187915,0.09993790751129246,0.0947512722527283,0.12518072128295898,0.007540637432794513,0.0075402605627772346,0.06589508056640625,1.0342030641381281e-19
0.09573953737521936,0.08823625757509046,0.0999379139733574,0.09475201873453284,0.1281440258026123,0.00754026057146932,0.007539883720752982,0.06920623779296875,1.0342267377034373e-19
0.0957387657823639,0.08823610548685698,0.09993792043522096,0.09475276514945301,0.1224219799041748,0.0075398837290175345,0.007539506897380477,0.06604433059692383,1.0342504161337412e-19
0.09573799419002516,0.08823595340717791,0.09993792689688313,0.09475351149749757,0.11851215362548828,0.007539506905438927,0.007539130092304447,0.06375670433044434,1.0342740924506666e-19
0.09573722259820491,0.08823580133605244,0.09993793335834393,0.09475425777867523,0.13040828704833984,0.00753913010073255,0.007538753306057799,0.07170963287353516,1.0342977720484782e-19
0.09573645100690494,0.08823564927347977,0.09993793981960336,0.09475500399299475,0.11952495574951172,0.007538753314897814,0.00753837654006162,0.06537127494812012,1.034321443887642e-19
0.09573567941612701,0.08823549721945907,0.09993794628066142,0.09475575014046488,0.12503337860107422,0.007538376547930976,0.007537999791651373,0.06470632553100586,1.0343451202797246e-19
0.09573490782587295,0.08823534517398954,0.09993795274151811,0.09475649622109432,0.1269550323486328,0.0075379997998352094,0.00753762306242578,0.06795120239257812,1.0343687930168514e-19
0.09573413623614443,0.08823519313707036,0.09993795920217341,0.09475724223489185,0.11846518516540527,0.0075376230706078505,0.00753724635202957,0.06537365913391113,1.0343924654813086e-19
0.09573336464694328,0.08823504110870072,0.09993796566262735,0.09475798818186623,0.12423825263977051,0.007537246360248306,0.007536869660285106,0.06652402877807617,1.0344161370762147e-19
0.09573259305827123,0.0882348890888798,0.09993797212287991,0.09475873406202621,0.12582993507385254,0.007536869668755299,0.007536492987725296,0.07060813903808594,1.034439806966981e-19
0.09573182147013007,0.08823473707760679,0.09993797858293112,0.09475947987538046,0.12578701972961426,0.007536492996128535,0.007536116334527776,0.06685256958007812,1.0344634749288598e-19
0.09573104988252155,0.0882345850748809,0.09993798504278095,0.09476022562193769,0.123565673828125,0.0075361163423643815,0.00753573969927146,0.06687641143798828,1.0344871462230003e-19
0.09573027829544746,0.08823443308070132,0.09993799150242942,0.09476097130170666,0.11900877952575684,0.007535739707464991,0.007535363083022162,0.06408047676086426,1.0345108104755894e-19
0.09572950670890962,0.08823428109506723,0.09993799796187652,0.09476171691469609,0.1267681121826172,0.007535363091429261,0.007534986486135153,0.0680532455444336,1.0345344755224937e-19
0.09572873512290984,0.08823412911797783,0.09993800442112226,0.09476246246091474,0.11462688446044922,0.00753498649425503,0.007534609907722256,0.06332588195800781,1.0345581401987545e-19
0.09572796353744974,0.0882339771494323,0.09993801088016664,0.09476320794037134,0.12755703926086426,0.007534609915940973,0.007534233348494013,0.06868720054626465,1.034581805060172e-19
0.09572719195253107,0.08823382518942986,0.09993801733900967,0.09476395335307457,0.12764334678649902,0.007534233356487116,0.007533856807384609,0.06340217590332031,1.0346054696586529e-19
0.09572642036815576,0.08823367323796968,0.09993802379765133,0.09476469869903316,0.12705302238464355,0.007533856815892352,0.007533480285637495,0.06799817085266113,1.0346291317004262e-19
0.09572564878432556,0.08823352129505097,0.09993803025609163,0.09476544397825586,0.11593961715698242,0.007533480294155204,0.00753310378325267,0.06306576728820801,1.0346527924777708e-19
0.09572487720104222,0.08823336936067287,0.09993803671433057,0.09476618919075132,0.1261906623840332,0.007533103791274791,0.007532727298631414,0.06857538223266602,1.0346764572685753e-19
0.09572410561830756,0.08823321743483463,0.09993804317236817,0.09476693433652832,0.11655259132385254,0.007532727307251845,0.007532350833372448,0.06420421600341797,1.0347001189401891e-19
0.09572333403612329,0.0882330655175354,0.09993804963020442,0.09476767941559557,0.12684869766235352,0.007532350842085426,0.007531974387831042,0.06875276565551758,1.034723776939167e-19
0.09572256245449122,0.0882329136087744,0.0999380560878393,0.09476842442796177,0.1255629062652588,0.007531974395770488,0.007531597960053205,0.0724637508392334,1.0347474367367222e-19
0.09572179087341307,0.08823276170855082,0.09993806254527285,0.09476916937363562,0.12674617767333984,0.007531597968309572,0.0075312215512823855,0.06673169136047363,1.0347710913650031e-19
0.09572101929289069,0.08823260981686383,0.09993806900250504,0.09476991425262588,0.1169743537902832,0.007531221559701341,0.0075308451615185845,0.06427526473999023,1.0347947518553479e-19
0.09572024771292587,0.08823245793371264,0.09993807545953588,0.09477065906494121,0.12647628784179688,0.007530845169944846,0.007530468790761802,0.06695985794067383,1.0348184053833e-19
0.09571947613352029,0.08823230605909642,0.09993808191636538,0.09477140381059035,0.11698508262634277,0.007530468799037441,0.007530092438656766,0.06413769721984863,1.0348420605141044e-19
0.09571870455467577,0.08823215419301438,0.09993808837299355,0.094772148489582,0.12825870513916016,0.007530092446980892,0.007529716105558748,0.06694889068603516,1.0348657133345256e-19
0.09571793297639404,0.08823200233546571,0.09993809482942036,0.09477289310192484,0.13053393363952637,0.007529716113772232,0.007529339791290113,0.07233333587646484,1.0348893694799181e-19
0.09571716139867693,0.0882318504864496,0.09993810128564583,0.09477363764762761,0.1389598846435547,0.007529339799411187,0.007528963495673224,0.07724261283874512,1.0349130186639867e-19
0.09571638982152621,0.08823169864596525,0.09993810774166996,0.09477438212669897,0.11923766136169434,0.007528963503897421,0.007528587218530447,0.06695079803466797,1.0349366701756702e-19
0.0957156182449436,0.08823154681401185,0.09993811419749275,0.09477512653914767,0.11612319946289062,0.007528587227231125,0.007528210961282866,0.06460857391357422,1.034960317732757e-19
0.09571484666893088,0.08823139499058859,0.0999381206531142,0.09477587088498238,0.12438344955444336,0.007528210969407875,0.00752783472197649,0.06899690628051758,1.0349839682776719e-19
0.09571407509348982,0.08823124317569465,0.09993812710853432,0.0947766151642118,0.11381912231445312,0.007527834730429476,0.007527458501677131,0.06318926811218262,1.0350076181784304e-19
0.09571330351862223,0.08823109136932925,0.09993813356375311,0.09477735937684462,0.12398624420166016,0.00752745851029336,0.0075270823005624266,0.06667447090148926,1.0350312666406416e-19
0.09571253194432992,0.08823093957149156,0.09993814001877056,0.09477810352288951,0.11921501159667969,0.007527082308999464,0.0075267061182771045,0.0665128231048584,1.0350549065976122e-19
0.09571176037061462,0.08823078778218078,0.09993814647358669,0.0947788476023552,0.12589526176452637,0.007526706126545579,0.0075263299549988005,0.07380819320678711,1.035078556982471e-19
0.09571098879747811,0.0882306360013961,0.09993815292820149,0.0947795916152504,0.12166118621826172,0.007526329962930997,0.007525953809839336,0.0660550594329834,1.0351022022494014e-19
0.09571021722492222,0.08823048422913672,0.09993815938261495,0.0947803355615838,0.1216437816619873,0.0075259538181562755,0.007525577683864526,0.06707024574279785,1.0351258486072258e-19
0.09570944565294866,0.08823033246540184,0.09993816583682709,0.09478107944136407,0.11508488655090332,0.007525577692219711,0.007525201576541463,0.06333184242248535,1.035149489213023e-19
0.09570867408155917,0.08823018071019063,0.0999381722908379,0.09478182325459993,0.12420272827148438,0.007525201585121722,0.007524825488403053,0.06673216819763184,1.0351731361645658e-19
0.09570790251075556,0.08823002896350231,0.09993817874464737,0.09478256700129997,0.11882567405700684,0.007524825496859988,0.0075244494187387545,0.06720519065856934,1.0351967729793751e-19
0.09570713094053959,0.08822987722533608,0.09993818519825554,0.0947833106814729,0.11549258232116699,0.007524449427433918,0.007524073368436746,0.0631723403930664,1.0352204118271976e-19
0.09570635937091307,0.08822972549569112,0.09993819165166237,0.09478405429512742,0.12586593627929688,0.007524073376841909,0.0075236973367864834,0.06690669059753418,1.035244052778729e-19
0.09570558780187771,0.08822957377456661,0.09993819810486788,0.09478479784227226,0.12685465812683105,0.007523697345082929,0.007523321323965604,0.07184171676635742,1.0352676907757022e-19
0.09570481623343531,0.08822942206196176,0.09993820455787207,0.09478554132291607,0.11565351486206055,0.007523321332156436,0.007522945329618835,0.0650944709777832,1.0352913276459394e-19
0.09570404466558766,0.08822927035787577,0.09993821101067495,0.09478628473706753,0.11883687973022461,0.007522945338061537,0.007522569354279085,0.06486725807189941,1.035314961626712e-19
0.09570327309833655,0.08822911866230783,0.0999382174632765,0.09478702808473534,0.12685298919677734,0.007522569362798562,0.007522193398301624,0.0685429573059082,1.0353386037965788e-19
0.09570250153168369,0.08822896697525712,0.09993822391567674,0.09478777136592813,0.11853218078613281,0.0075221934063635885,0.007521817460265368,0.06552290916442871,1.0353622378266e-19
0.09570172996563091,0.08822881529672284,0.09993823036787565,0.09478851458065458,0.11804795265197754,0.007521817468757295,0.007521441541946672,0.0634465217590332,1.0353858737670171e-19
0.09570095840017996,0.0882286636267042,0.09993823681987325,0.09478925772892337,0.12825965881347656,0.007521441549978795,0.00752106564156918,0.06704330444335938,1.035409503346357e-19
0.09570018683533262,0.0882285119652004,0.09993824327166954,0.09479000081074315,0.11917400360107422,0.007521065650028124,0.007520689760553978,0.06728482246398926,1.0354331345977892e-19
0.09569941527109067,0.08822836031221062,0.09993824972326452,0.0947907438261226,0.12610244750976562,0.007520689768902687,0.007520313898190523,0.0665276050567627,1.035456765349326e-19
0.09569864370745589,0.08822820866773406,0.09993825617465821,0.09479148677507038,0.11628842353820801,0.007520313906602491,0.007519938055011721,0.06241726875305176,1.0354803997592333e-19
0.09569787214443007,0.08822805703176993,0.09993826262585058,0.09479222965759514,0.12545061111450195,0.0075199380631256335,0.007519562230129395,0.06403660774230957,1.0355040303691001e-19
0.09569710058201497,0.08822790540431741,0.09993826907684164,0.09479297247370555,0.12476229667663574,0.00751956223847251,0.007519186424076452,0.06878209114074707,1.0355276548901347e-19
0.09569632902021233,0.0882277537853757,0.0999382755276314,0.09479371522341032,0.11550045013427734,0.007519186432641833,0.007518810637385798,0.06432414054870605,1.035551285624833e-19
0.09569555745902397,0.088227602174944,0.09993828197821987,0.09479445790671806,0.11594367027282715,0.007518810645631317,0.0075184348688139835,0.06224417686462402,1.0355749110872924e-19
0.09569478589845173,0.0882274505730215,0.09993828842860702,0.09479520052363745,0.12441706657409668,0.007518434877442668,0.007518059119426823,0.0645749568939209,1.0355985381959513e-19
0.09569401433849736,0.0882272989796074,0.09993829487879288,0.09479594307417713,0.12398195266723633,0.00751805912807328,0.007517683389579588,0.06846070289611816,1.0356221612273218e-19
0.09569324277916262,0.08822714739470092,0.09993830132877744,0.09479668555834578,0.12405085563659668,0.0075176833975204894,0.007517307677851193,0.06908941268920898,1.0356457864832943e-19
0.09569247122044923,0.08822699581830121,0.0999383077785607,0.09479742797615201,0.11550354957580566,0.0075173076857854345,0.007516931984419273,0.06473159790039062,1.0356694134200425e-19
0.09569169966235898,0.08822684425040749,0.09993831422814267,0.0947981703276045,0.11602592468261719,0.007516931992867539,0.007516556310704914,0.06316399574279785,1.0356930282698394e-19
0.09569092810489367,0.08822669269101893,0.09993832067752334,0.0947989126127119,0.12439155578613281,0.007516556318764765,0.007516180654931759,0.06431698799133301,1.0357166566120591e-19
0.0956901565480551,0.08822654114013477,0.09993832712670271,0.09479965483148281,0.12613892555236816,0.007516180663477568,0.0075158050185208936,0.06775236129760742,1.0357402770508015e-19
0.09568938499184497,0.08822638959775415,0.09993833357568079,0.09480039698392594,0.11821651458740234,0.00751580502700368,0.007515429400761775,0.06696772575378418,1.0357638917421684e-19
0.09568861343626507,0.08822623806387633,0.09993834002445758,0.09480113907004993,0.1151132583618164,0.007515429409343105,0.007515053802364946,0.06375384330749512,1.0357875141872685e-19
0.09568784188131713,0.08822608653850048,0.09993834647303307,0.09480188108986343,0.11935114860534668,0.0075150538104925575,0.007514678222442228,0.06356406211853027,1.0358111292018566e-19
0.09568707032700297,0.08822593502162579,0.09993835292140728,0.09480262304337504,0.12880373001098633,0.007514678230453064,0.007514302660993621,0.0697166919708252,1.0358347460899028e-19
0.09568629877332434,0.08822578351325146,0.09993835936958019,0.09480336493059345,0.12811708450317383,0.007514302669224127,0.00751392711784149,0.06704306602478027,1.0358583644960049e-19
0.09568552722028296,0.08822563201337669,0.09993836581755182,0.09480410675152731,0.11948013305664062,0.007513927126805502,0.007513551594051648,0.06677913665771484,1.0358819792820223e-19
0.09568475566788073,0.08822548052200067,0.09993837226532218,0.09480484850618526,0.11522722244262695,0.007513551603194835,0.007513176090157003,0.06362366676330566,1.035905596369491e-19
0.09568398411611946,0.08822532903912263,0.09993837871289124,0.09480559019457588,0.11656999588012695,0.0075131760983897546,0.0075128006040259265,0.06254053115844727,1.0359292061827157e-19
0.09568321256500084,0.08822517756474173,0.09993838516025903,0.09480633181670788,0.12415504455566406,0.007512800612391385,0.007512425136901868,0.06408882141113281,1.0359528204449621e-19
0.09568244101452665,0.08822502609885718,0.09993839160742554,0.09480707337258983,0.12920451164245605,0.007512425145197177,0.007512049688074285,0.0679781436920166,1.0359764255796885e-19
0.09568166946469867,0.08822487464146819,0.09993839805439077,0.09480781486223039,0.11785364151000977,0.0075120496968074935,0.007511674258964263,0.0670766830444336,1.0360000395054954e-19
0.0956808979155187,0.08822472319257395,0.09993840450115471,0.09480855628563822,0.11417317390441895,0.007511674267220993,0.007511298848328352,0.06341195106506348,1.03602365320069e-19
0.09568012636698853,0.08822457175217364,0.09993841094771738,0.09480929764282191,0.12824273109436035,0.007511298856436774,0.007510923456344187,0.06447315216064453,1.0360472632958038e-19
0.09567935481910991,0.08822442032026649,0.09993841739407879,0.0948100389337901,0.11661410331726074,0.007510923464453235,0.00751054808301177,0.06318140029907227,1.0360708681019377e-19
0.09567858327188465,0.08822426889685168,0.0999384238402389,0.09481078015855142,0.12264156341552734,0.007510548091271418,0.007510172728864006,0.0646359920501709,1.0360944764664752e-19
0.09567781172531449,0.08822411748192842,0.09993843028619775,0.09481152131711454,0.1267991065979004,0.007510172736887677,0.007509797392657447,0.06679701805114746,1.0361180805121686e-19
0.09567704017940115,0.0882239660754959,0.09993843673195534,0.09481226240948805,0.12152099609375,0.007509797401304256,0.007509422075635541,0.06933879852294922,1.0361416913086806e-19
0.09567626863414652,0.08822381467755332,0.09993844317751165,0.09481300343568057,0.11751198768615723,0.0075094220845187,0.0075090467777982894,0.0666966438293457,1.0361652939382566e-19
0.09567549708955234,0.08822366328809986,0.09993844962286669,0.09481374439570071,0.11567449569702148,0.007509046786529467,0.0075086714991456915,0.06443238258361816,1.0361888977158194e-19
0.09567472554562034,0.08822351190713475,0.09993845606802046,0.09481448528955715,0.1171870231628418,0.007508671507335555,0.007508296238967205,0.0638575553894043,1.0362124994722977e-19
0.09567395400235235,0.0882233605346572,0.09993846251297296,0.09481522611725846,0.1295926570892334,0.007508296246934998,0.007507920996907558,0.06812405586242676,1.0362360977066307e-19
0.09567318245975012,0.0882232091706664,0.09993846895772421,0.09481596687881327,0.11864304542541504,0.007507921005328953,0.007507545774032565,0.06399011611938477,1.0362597001775707e-19
0.0956724109178155,0.08822305781516153,0.09993847540227419,0.09481670757423016,0.12077116966247559,0.007507545782516134,0.007507170569986954,0.06345105171203613,1.036283300252456e-19
0.0956716393765501,0.08822290646814178,0.0999384818466229,0.09481744820351774,0.12769460678100586,0.0075071705784961786,0.0075067953849483615,0.06687593460083008,1.036306898714969e-19
0.09567086783595584,0.08822275512960638,0.09993848829077037,0.09481818876668463,0.12293720245361328,0.007506795393266574,0.0075064202187391516,0.06946897506713867,1.0363305004080152e-19
0.09567009629603443,0.0882226037995545,0.09993849473471658,0.09481892926373937,0.11756062507629395,0.007506420226826228,0.007506045070826417,0.0671687126159668,1.0363540934634583e-19
0.09566932475678763,0.08822245247798538,0.09993850117846154,0.09481966969469066,0.11562895774841309,0.007506045079176375,0.007505669941920701,0.06478619575500488,1.03637769363039e-19
0.09566855321821725,0.0882223011648982,0.09993850762200523,0.09482041005954708,0.11693215370178223,0.007505669950314708,0.0075052948320220025,0.06477713584899902,1.0364012868849971e-19
0.09566778168032507,0.08822214986029216,0.09993851406534768,0.09482115035831724,0.11696672439575195,0.007505294840238881,0.0075049197411303226,0.06287121772766113,1.0364248794946077e-19
0.09566701014311284,0.08822199856416645,0.09993852050848887,0.09482189059100975,0.1250929832458496,0.007504919748949271,0.007504544667824575,0.0641791820526123,1.0364484790651751e-19
0.09566623860658235,0.08822184727652027,0.0999385269514288,0.09482263075763321,0.12239241600036621,0.007504544676446357,0.007504169614414025,0.06317567825317383,1.0364720666562842e-19
0.09566546707073541,0.08822169599735284,0.09993853339416749,0.09482337085819624,0.11930489540100098,0.00750416962272747,0.007503794579477585,0.06306791305541992,1.0364956603465375e-19
0.0956646955355738,0.08822154472666335,0.09993853983670492,0.0948241108927074,0.12308287620544434,0.007503794587792026,0.007503419563370528,0.06411433219909668,1.0365192483028024e-19
0.09566392400109928,0.08822139346445101,0.0999385462790411,0.09482485086117527,0.12701964378356934,0.007503419571638432,0.0075030445660928535,0.06706023216247559,1.036542844235354e-19
0.09566315246731368,0.088221242210715,0.09993855272117604,0.09482559076360851,0.12477421760559082,0.007503044574266663,0.007502669587466926,0.06844973564147949,1.0365664275315818e-19
0.09566238093421874,0.08822109096545457,0.09993855916310973,0.09482633060001566,0.11866497993469238,0.0075026695956758715,0.007502294627492745,0.06838560104370117,1.0365900191191039e-19
0.09566160940181623,0.08822093972866887,0.09993856560484218,0.09482707037040532,0.11772322654724121,0.007502294635865056,0.007501919686525582,0.06761550903320312,1.0366136074050512e-19
0.09566083787010793,0.08822078850035713,0.09993857204637338,0.0948278100747861,0.11548662185668945,0.007501919694832973,0.007501544764920709,0.06484627723693848,1.0366371918050125e-19
0.0956600663390957,0.08822063728051853,0.09993857848770335,0.09482854971316658,0.11617469787597656,0.007501544772577289,0.0075011698603688615,0.06371569633483887,1.0366607780076472e-19
0.09565929480878123,0.08822048606915228,0.09993858492883206,0.09482928928555537,0.1278674602508545,0.007501169869100867,0.007500794976245118,0.06710481643676758,1.0366843645938347e-19
0.09565852327916625,0.0882203348662576,0.09993859136975955,0.09483002879196105,0.11726617813110352,0.007500794984399288,0.0075004201102402135,0.06545114517211914,1.0367079464586561e-19
0.09565775175025261,0.0882201836718337,0.0999385978104858,0.09483076823239225,0.1145479679107666,0.007500420118472662,0.007500045263064692,0.06406974792480469,1.0367315283562281e-19
0.095656980222042,0.08822003248587973,0.0999386042510108,0.09483150760685752,0.11478042602539062,0.007500045271320071,0.007499670434718553,0.06340217590332031,1.0367551085602131e-19
0.09565620869453621,0.08821988130839492,0.09993861069133458,0.0948322469153654,0.1175541877746582,0.007499670442940552,0.007499295625201796,0.0644078254699707,1.0367786912940457e-19
0.09565543716773706,0.08821973013937846,0.09993861713145712,0.09483298615792443,0.1164703369140625,0.007499295633332161,0.007498920834514422,0.06286811828613281,1.0368022698072945e-19
0.09565466564164628,0.0882195789788296,0.09993862357137843,0.09483372533454326,0.11736369132995605,0.007498920842495252,0.007498546061945888,0.06315112113952637,1.0368258541045808e-19
0.09565389411626567,0.08821942782674748,0.09993863001109853,0.09483446444523044,0.11714434623718262,0.00749854607042999,0.0074981713083843715,0.06282520294189453,1.0368494314857294e-19
0.09565312259159696,0.08821927668313134,0.09993863645061737,0.09483520348999457,0.12118887901306152,0.0074981713171343835,0.007497796574007509,0.06335210800170898,1.0368730034177663e-19
0.09565235106764197,0.08821912554798035,0.099938642889935,0.09483594246884416,0.130720853805542,0.007497796582606796,0.007497421858460029,0.07166552543640137,1.0368965904938972e-19
0.0956515795444025,0.08821897442129376,0.09993864932905139,0.09483668138178791,0.11824345588684082,0.007497421866845625,0.007497047161386661,0.0623629093170166,1.0369201578163246e-19
0.0956508080218803,0.08821882330307072,0.09993865576796655,0.09483742022883432,0.1181645393371582,0.007497047169851574,0.007496672482787403,0.0624537467956543,1.0369437340772869e-19
0.09565003650007717,0.08821867219331048,0.09993866220668049,0.09483815900999196,0.11973762512207031,0.007496672491623809,0.0074962978239057065,0.06576085090637207,1.0369673097304386e-19
0.09564926497899494,0.08821852109201221,0.09993866864519321,0.09483889772526945,0.12555718421936035,0.007496297832160582,0.007495923182965214,0.06768226623535156,1.0369908825669972e-19
0.09564849345863537,0.08821836999917512,0.09993867508350471,0.09483963637467534,0.1172950267791748,0.007495923191461036,0.007495548561209375,0.06325221061706543,1.0370144553229078e-19
0.09564772193900013,0.08821821891479845,0.09993868152161499,0.09484037495821818,0.12708640098571777,0.0074955485695241564,0.007495173958460555,0.06798028945922852,1.037038024518263e-19
0.09564695042009115,0.08821806783888135,0.09993868795952406,0.0948411134759065,0.11725544929504395,0.007495173966347665,0.007494799373830574,0.06355786323547363,1.037061598625164e-19
0.09564617890191011,0.08821791677142304,0.09993869439723191,0.09484185192774891,0.12650251388549805,0.00749479938193273,0.007494424808385247,0.06671309471130371,1.0370851648766202e-19
0.09564540738445884,0.08821776571242274,0.09993870083473855,0.09484259031375392,0.12592458724975586,0.007494424816277299,0.007494050261236396,0.0682363510131836,1.0371087329426424e-19
0.09564463586773915,0.08821761466187965,0.09993870727204396,0.09484332863393011,0.11925458908081055,0.007494050269380217,0.007493675732916927,0.0650486946105957,1.0371323025890806e-19
0.0956438643517527,0.08821746361979298,0.09993871370914817,0.09484406688828603,0.12751412391662598,0.007493675741241824,0.00749330122342684,0.06872034072875977,1.0371558662102936e-19
0.09564309283650137,0.0882173125861619,0.09993872014605117,0.09484480507683024,0.11837410926818848,0.0074933012318615395,0.007492926733121408,0.06462287902832031,1.0371794325142588e-19
0.09564232132198687,0.08821716156098565,0.09993872658275296,0.09484554319957131,0.12707114219665527,0.007492926741236312,0.007492552260934815,0.06909465789794922,1.0372029985900434e-19
0.09564154980821099,0.08821701054426341,0.09993873301925355,0.09484628125651777,0.11808228492736816,0.0074925522693673205,0.007492177807932876,0.06465673446655273,1.0372265629561681e-19
0.0956407782951755,0.0882168595359944,0.09993873945555293,0.09484701924767822,0.12699556350708008,0.007492177816251884,0.007491803373582684,0.06818938255310059,1.0372501255451645e-19
0.09564000678288224,0.08821670853617783,0.0999387458916511,0.09484775717306113,0.12550759315490723,0.007491803381890524,0.007491428958061874,0.06671500205993652,1.0372736902545613e-19
0.09563923527133296,0.08821655754481289,0.09993875232754806,0.09484849503267509,0.1221468448638916,0.007491428966281749,0.007491054561015176,0.06405520439147949,1.0372972514787613e-19
0.09563846376052941,0.08821640656189882,0.09993875876324383,0.09484923282652867,0.12165188789367676,0.007491054569424812,0.00749068018279786,0.06635832786560059,1.0373208135675548e-19
0.09563769225047329,0.08821625558743477,0.0999387651987384,0.09484997055463044,0.1204373836517334,0.0074906801913169905,0.007490305823587562,0.06528520584106445,1.0373443658013473e-19
0.09563692074116653,0.08821610462142,0.09993877163403177,0.09485070821698889,0.12374091148376465,0.0074903058319603566,0.007489931483029011,0.06649088859558105,1.0373679284800612e-19
0.09563614923261084,0.08821595366385368,0.09993877806912393,0.09485144581361263,0.12156796455383301,0.007489931491350684,0.007489557161122207,0.0652320384979248,1.0373914863810139e-19
0.09563537772480797,0.08821580271473502,0.09993878450401489,0.09485218334451015,0.12594246864318848,0.007489557169488993,0.007489182857689514,0.06663966178894043,1.0374150430919291e-19
0.09563460621775983,0.08821565177406321,0.09993879093870466,0.09485292080969003,0.1272895336151123,0.007489182866374729,0.00748880857361911,0.06297636032104492,1.0374385995577996e-19
0.09563383471146816,0.0882155008418375,0.09993879737319322,0.09485365820916077,0.12755608558654785,0.007488808582005905,0.007488434308200453,0.06800365447998047,1.0374621536570616e-19
0.09563306320593463,0.08821534991805707,0.0999388038074806,0.09485439554293089,0.11693596839904785,0.007488434316381568,0.007488060061611179,0.06394100189208984,1.0374857065460579e-19
0.09563229170116104,0.08821519900272114,0.0999388102415668,0.09485513281100894,0.1259458065032959,0.007488060069501742,0.007487685832963109,0.06619834899902344,1.0375092598117218e-19
0.0956315201971492,0.08821504809582889,0.09993881667545179,0.0948558700134035,0.11847138404846191,0.007487685841364599,0.007487311623499693,0.06410002708435059,1.0375328100542723e-19
0.09563074869390087,0.08821489719737953,0.0999388231091356,0.09485660715012305,0.12863802909851074,0.007487311631969515,0.007486937432332752,0.0668032169342041,1.0375563638745982e-19
0.09562997719141789,0.08821474630737228,0.09993882954261822,0.09485734422117616,0.11876440048217773,0.007486937441316539,0.0074865632612386435,0.06511902809143066,1.0375799174150008e-19
0.0956292056897019,0.08821459542580636,0.09993883597589966,0.09485808122657134,0.1306438446044922,0.007486563269402622,0.007486189107730468,0.06506061553955078,1.0376034642709347e-19
0.09562843418875476,0.08821444455268093,0.0999388424089799,0.09485881816631717,0.1268150806427002,0.0074861891162286,0.007485814973939853,0.06787919998168945,1.0376270148829552e-19
0.09562766268857822,0.08821429368799523,0.09993884884185897,0.09485955504042208,0.11442947387695312,0.007485814981792114,0.0074854408577351705,0.06308889389038086,1.0376505591500919e-19
0.09562689118917411,0.08821414283174847,0.09993885527453684,0.09486029184889465,0.12739300727844238,0.0074854408660933545,0.007485066761070414,0.06647443771362305,1.0376741103005812e-19
0.09562611969054413,0.08821399198393984,0.09993886170701353,0.09486102859174336,0.11822009086608887,0.007485066769130281,0.007484692682346861,0.06456446647644043,1.0376976581533047e-19
0.0956253481926901,0.08821384114456857,0.09993886813928904,0.09486176526897676,0.12033414840698242,0.007484692690903386,0.007484318623340869,0.06412434577941895,1.0377211993709096e-19
0.09562457669561385,0.08821369031363384,0.09993887457136337,0.09486250188060336,0.1256866455078125,0.007484318631410306,0.007483944582276081,0.06780076026916504,1.0377447433798498e-19
0.0956238051993171,0.08821353949113488,0.09993888100323652,0.09486323842663169,0.1277170181274414,0.007483944590651439,0.007483570560751218,0.0643467903137207,1.0377682877853231e-19
0.09562303370380164,0.08821338867707088,0.09993888743490849,0.09486397490707027,0.12013697624206543,0.007483570568625114,0.007483196556812288,0.06436657905578613,1.0377918332886065e-19
0.09562226220906934,0.08821323787144106,0.09993889386637929,0.09486471132192759,0.12750768661499023,0.007483196565330887,0.0074828225724132835,0.06871962547302246,1.037815371825181e-19
0.09562149071512195,0.08821308707424462,0.0999389002976489,0.09486544767121222,0.11542582511901855,0.007482822580767079,0.00748244860648839,0.06316184997558594,1.0378389063877862e-19
0.09562071922196123,0.08821293628548077,0.09993890672871734,0.09486618395493263,0.1252126693725586,0.007482448614933086,0.007482074659925786,0.06614542007446289,1.0378624516642977e-19
0.09561994772958896,0.08821278550514872,0.09993891315958463,0.09486692017309738,0.12128067016601562,0.007482074667827226,0.007481700731304386,0.06672811508178711,1.0378859902528641e-19
0.0956191762380069,0.08821263473324767,0.09993891959025075,0.09486765632571495,0.11690020561218262,0.007481700739449642,0.007481326821690004,0.06440043449401855,1.0379095298180859e-19
0.09561840474721688,0.08821248396977685,0.09993892602071569,0.09486839241279386,0.1289973258972168,0.007481326829799398,0.0074809529305497335,0.07097935676574707,1.0379330696605762e-19
0.09561763325722057,0.08821233321473544,0.09993893245097947,0.09486912843434263,0.12814116477966309,0.007480952938874555,0.007480579058238845,0.06780791282653809,1.0379566016070599e-19
0.09561686176801981,0.08821218246812267,0.09993893888104208,0.09486986439036971,0.11760306358337402,0.0074805790666764745,0.007480205204934975,0.06495237350463867,1.037980138624908e-19
0.09561609027961634,0.08821203172993775,0.09993894531090353,0.09487060028088364,0.11966538429260254,0.007480205213201868,0.007479831370638124,0.06477236747741699,1.0380036725545933e-19
0.09561531879201196,0.08821188100017988,0.0999389517405638,0.09487133610589293,0.12663602828979492,0.0074798313784491584,0.007479457553927205,0.06813931465148926,1.0380272060799464e-19
0.09561454730520846,0.08821173027884825,0.09993895817002292,0.09487207186540611,0.11762046813964844,0.007479457562420111,0.007479083756756211,0.06507349014282227,1.038050741734343e-19
0.09561377581920762,0.08821157956594211,0.09993896459928088,0.09487280755943163,0.11842012405395508,0.007479083765113092,0.007478709977704057,0.06287527084350586,1.0380742702055621e-19
0.09561300433401115,0.08821142886146065,0.09993897102833768,0.09487354318797803,0.12657403945922852,0.007478709986527448,0.007478336218191828,0.06654524803161621,1.0380978005818906e-19
0.09561223284962084,0.08821127816540308,0.09993897745719332,0.09487427875105378,0.12417864799499512,0.007478336226659995,0.007477962476976074,0.07007288932800293,1.038121328685721e-19
0.09561146136603856,0.0882111274777686,0.0999389838858478,0.09487501424866736,0.11892390251159668,0.007477962485511719,0.007477588754767339,0.06685042381286621,1.0381448635771644e-19
0.09561068988326606,0.08821097679855643,0.09993899031430113,0.09487574968082725,0.11693954467773438,0.007477588763080641,0.007477215050677444,0.064910888671875,1.0381683895213448e-19
0.09560991840130506,0.08821082612776576,0.0999389967425533,0.09487648504754194,0.12484931945800781,0.007477215059365648,0.0074768413661274735,0.06432247161865234,1.0381919175998783e-19
0.09560914692015737,0.08821067546539582,0.0999390031706043,0.09487722034881994,0.12645316123962402,0.007476841374366945,0.007476467700051614,0.06937623023986816,1.0382154479315643e-19
0.0956083754398247,0.08821052481144581,0.09993900959845417,0.0948779555846698,0.11461591720581055,0.007476467708082037,0.007476094052272231,0.06440281867980957,1.0382389677377023e-19
0.09560760396030897,0.08821037416591494,0.09993901602610289,0.0948786907550999,0.1166839599609375,0.007476094060511325,0.007475720422966958,0.06293439865112305,1.0382624921872627e-19
0.09560683248161189,0.08821022352880244,0.09993902245355045,0.0948794258601188,0.1260981559753418,0.007475720431654175,0.007475346813556882,0.0665750503540039,1.0382860189913713e-19
0.09560606100373523,0.08821007290010746,0.09993902888079687,0.094880160899735,0.1234738826751709,0.007475346821507951,0.0074749732220880105,0.06788802146911621,1.03830953961561e-19
0.09560528952668079,0.08820992227982925,0.09993903530784215,0.09488089587395697,0.12344956398010254,0.007474973230072781,0.00747459964909325,0.06823325157165527,1.0383330614113493e-19
0.09560451805045043,0.08820977166796702,0.09993904173468629,0.09488163078279319,0.11605548858642578,0.0074745996573483565,0.007474226095460779,0.06448912620544434,1.0383565809163822e-19
0.09560374657504592,0.08820962106452,0.09993904816132927,0.09488236562625212,0.1160116195678711,0.007474226103331715,0.007473852559947147,0.0626065731048584,1.0383801020487692e-19
0.09560297510046901,0.08820947046948738,0.09993905458777112,0.09488310040434222,0.12362051010131836,0.0074738525680246365,0.007473479042729991,0.06414318084716797,1.0384036221738801e-19
0.09560220362672146,0.08820931988286837,0.09993906101401183,0.09488383511707199,0.12752795219421387,0.007473479051425909,0.007473105544875125,0.06812906265258789,1.0384271404632886e-19
0.0956014321538051,0.0882091693046622,0.09993906744005139,0.09488456976444992,0.11600971221923828,0.00747310555353283,0.007472732066027277,0.06517720222473145,1.0384506566652216e-19
0.09560066068172163,0.08820901873486806,0.09993907386588982,0.09488530434648447,0.11692357063293457,0.007472732074345083,0.007472358605475904,0.06427979469299316,1.0384741752502514e-19
0.09559988921047285,0.08820886817348515,0.09993908029152712,0.09488603886318411,0.13276314735412598,0.007472358613862473,0.007471985163576278,0.07208824157714844,1.0384976915054896e-19
0.09559911774006057,0.0882087176205127,0.09993908671696328,0.09488677331455732,0.12683320045471191,0.007471985172083404,0.0074716117410389415,0.06437158584594727,1.0385212043292889e-19
0.09559834627048654,0.08820856707594991,0.0999390931421983,0.09488750770061254,0.12579631805419922,0.007471611749005165,0.007471238336442809,0.06950020790100098,1.0385447185620102e-19
0.09559757480175253,0.08820841653979601,0.0999390995672322,0.09488824202135826,0.11585402488708496,0.00747123834462896,0.007470864951208966,0.06516337394714355,1.0385682305952461e-19
0.09559680333386035,0.08820826601205022,0.09993910599206496,0.09488897627680297,0.1184685230255127,0.007470864958953369,0.007470491583383421,0.06501293182373047,1.0385917431274688e-19
0.09559603186681181,0.08820811549271172,0.09993911241669659,0.09488971046695517,0.12221169471740723,0.007470491591979321,0.007470118235630707,0.06481409072875977,1.038615257832211e-19
0.0955952604006086,0.08820796498177974,0.09993911884112709,0.09489044459182328,0.12571930885314941,0.007470118243703049,0.007469744905819198,0.06685566902160645,1.038638765139924e-19
0.0955944889352526,0.0882078144792535,0.09993912526535646,0.09489117865141576,0.12229299545288086,0.007469744914125338,0.007469371594659435,0.0694129467010498,1.0386622769192031e-19
0.09559371747074553,0.08820766398513218,0.09993913168938472,0.09489191264574108,0.11711716651916504,0.007469371603244327,0.007468998302329055,0.06610608100891113,1.0386857814260093e-19
0.09559294600708916,0.08820751349941501,0.09993913811321184,0.09489264657480768,0.12450838088989258,0.007468998311060293,0.007468625029183329,0.06448769569396973,1.0387092902278138e-19
0.09559217454428522,0.0882073630221012,0.09993914453683785,0.09489338043862405,0.12412810325622559,0.00746862503757068,0.0074682517741564425,0.0673825740814209,1.0387328007335261e-19
0.09559140308233555,0.08820721255318997,0.09993915096026273,0.09489411423719858,0.12003421783447266,0.007468251782776129,0.007467878538136574,0.06502151489257812,1.0387563061303479e-19
0.09559063162124197,0.08820706209268055,0.09993915738348651,0.09489484797053975,0.12372303009033203,0.007467878546674498,0.00746750532130136,0.06645798683166504,1.0387798073199506e-19
0.09558986016100623,0.08820691164057212,0.09993916380650916,0.0948955816386561,0.12106633186340332,0.007467505329263755,0.007467132122052078,0.06497931480407715,1.038803310948924e-19
0.09558908870163017,0.0882067611968639,0.0999391702293307,0.094896315241556,0.12413382530212402,0.00746713213054507,0.007466758942520357,0.06696367263793945,1.0388268143833641e-19
0.09558831724311552,0.0882066107615551,0.09993917665195112,0.09489704877924793,0.12019896507263184,0.00746675895051536,0.007466385780752205,0.06507134437561035,1.0388503188911009e-19
0.09558754578546415,0.08820646033464495,0.09993918307437043,0.09489778225174031,0.12976813316345215,0.007466385789176137,0.007466012638346342,0.06486892700195312,1.0388738195527582e-19
0.09558677432867776,0.08820630991613265,0.09993918949658862,0.09489851565904164,0.12755465507507324,0.007466012646526363,0.007465639514236955,0.06852459907531738,1.0388973231327322e-19
0.09558600287275815,0.0882061595060174,0.09993919591860569,0.09489924900116033,0.11841893196105957,0.007465639522563563,0.0074652664091345855,0.0643162727355957,1.0389208189707161e-19
0.09558523141770707,0.08820600910429843,0.09993920234042165,0.09489998227810482,0.12789440155029297,0.007465266417286349,0.007464893322328692,0.06880450248718262,1.0389443219238973e-19
0.09558445996352627,0.08820585871097494,0.0999392087620365,0.09490071548988349,0.11855411529541016,0.0074648933306955805,0.0074645202543521805,0.06422853469848633,1.0389678140003433e-19
0.09558368851021753,0.08820570832604618,0.09993921518345024,0.09490144863650482,0.12823271751403809,0.007464520262789536,0.00746414720484978,0.06865787506103516,1.0389913124742337e-19
0.09558291705778271,0.08820555794951133,0.09993922160466287,0.09490218171797728,0.1272597312927246,0.007464147213567674,0.0074637741748873054,0.0728600025177002,1.039014814870336e-19
0.09558214560622359,0.08820540758136963,0.0999392280256744,0.09490291473430931,0.12620115280151367,0.007463774183027938,0.007463401163221306,0.06650304794311523,1.0390383111032825e-19
0.09558137415554192,0.08820525722162027,0.09993923444648482,0.09490364768550931,0.11823725700378418,0.007463401171170196,0.007463028170029418,0.06455326080322266,1.0390618003904335e-19
0.09558060270573947,0.08820510687026248,0.09993924086709415,0.09490438057158569,0.1222681999206543,0.007463028177993105,0.0074626551953116405,0.06500649452209473,1.0390852936841334e-19
0.09557983125681802,0.08820495652729544,0.09993924728750236,0.09490511339254697,0.12255668640136719,0.007462655203497117,0.007462282239956153,0.06612253189086914,1.0391087836160469e-19
0.09557905980877932,0.0882048061927184,0.09993925370770948,0.09490584614840153,0.12364649772644043,0.007462282247678895,0.0074619093023642336,0.06616091728210449,1.0391322772789408e-19
0.09557828836162519,0.08820465586653056,0.09993926012771549,0.09490657883915782,0.12143945693969727,0.0074619093105406115,0.007461536383601697,0.0653371810913086,1.039155768980432e-19
0.09557751691535744,0.08820450554873115,0.0999392665475204,0.09490731146482424,0.1279449462890625,0.00746153639207961,0.007461163484023814,0.07285571098327637,1.0391792524376712e-19
0.09557674546997784,0.08820435523931937,0.09993927296712421,0.09490804402540928,0.12728333473205566,0.007461163492294554,0.007460790603097678,0.06677913665771484,1.0392027452404701e-19
0.09557597402548816,0.08820420493829444,0.09993927938652693,0.09490877652092132,0.11878657341003418,0.00746079061118485,0.007460417740468017,0.0648198127746582,1.0392262317563735e-19
0.09557520258189021,0.08820405464565555,0.09993928580572856,0.09490950895136878,0.12764573097229004,0.007460417748750315,0.007460044896667739,0.06706881523132324,1.0392497186911331e-19
0.09557443113918573,0.08820390436140194,0.0999392922247291,0.09491024131676012,0.11887621879577637,0.0074600449049889925,0.007459672071519208,0.06501960754394531,1.0392732072915836e-19
0.0955736596973765,0.08820375408553281,0.09993929864352853,0.09491097361710374,0.12760496139526367,0.00745967207990123,0.007459299265377695,0.06811714172363281,1.0392966951762942e-19
0.09557288825646432,0.08820360381804739,0.09993930506212688,0.09491170585240805,0.1195218563079834,0.007459299273483405,0.007458926477532657,0.06508374214172363,1.0393201757304151e-19
0.09557211681645085,0.08820345355894489,0.09993931148052414,0.09491243802268151,0.13191795349121094,0.007458926485735645,0.007458553708694637,0.07106518745422363,1.0393436641884633e-19
0.09557134537733802,0.08820330330822454,0.0999393178987203,0.09491317012793249,0.1274576187133789,0.007458553716657651,0.007458180957797822,0.06791877746582031,1.0393671432416244e-19
0.0955705739391276,0.08820315306588554,0.09993932431671539,0.09491390216816946,0.11871004104614258,0.007458180966249806,0.007457808226440932,0.06444096565246582,1.0393906246482628e-19
0.09556980250182139,0.08820300283192711,0.09993933073450938,0.09491463414340084,0.12814640998840332,0.007457808234508892,0.007457435513202881,0.06934762001037598,1.0394141049889797e-19
0.09556903106542115,0.08820285260634848,0.0999393371521023,0.09491536605363506,0.11957073211669922,0.007457435521435267,0.007457062818794213,0.06466507911682129,1.0394375859640063e-19
0.09556825962992865,0.08820270238914885,0.09993934356949415,0.09491609789888047,0.12897920608520508,0.007457062827027658,0.007456690143392564,0.0694420337677002,1.0394610659556829e-19
0.09556748819534563,0.08820255218032744,0.0999393499866849,0.09491682967914554,0.1206655502319336,0.007456690151285132,0.007456317485754482,0.06468844413757324,1.0394845472475207e-19
0.09556671676167384,0.08820240197988347,0.09993935640367457,0.09491756139443859,0.12971830368041992,0.007456317494207458,0.007455944847833962,0.0686180591583252,1.0395080180267272e-19
0.09556594532891508,0.08820225178781613,0.09993936282046317,0.09491829304476804,0.11913847923278809,0.007455944855792977,0.007455572227321738,0.06482815742492676,1.0395314928509557e-19
0.09556517389707112,0.08820210160412467,0.09993936923705068,0.09491902463014236,0.12896203994750977,0.00745557223604252,0.007455199626882347,0.06691598892211914,1.0395549727340711e-19
0.09556440246614381,0.08820195142880831,0.09993937565343713,0.09491975615056994,0.11934757232666016,0.007455199634951979,0.007454827044028889,0.06532120704650879,1.0395784505251707e-19
0.09556363103613494,0.08820180126186622,0.0999393820696225,0.09492048760605917,0.125091552734375,0.007454827052521893,0.007454454480182449,0.06833791732788086,1.0396019208410077e-19
0.09556285960704627,0.08820165110329767,0.0999393884856068,0.09492121899661846,0.12119174003601074,0.0074544544887516235,0.0074540819353430265,0.06667160987854004,1.0396253940195926e-19
0.09556208817887957,0.08820150095310184,0.09993939490139002,0.0949219503222562,0.12520480155944824,0.007454081943639191,0.007453709408622444,0.06625866889953613,1.0396488648926863e-19
0.09556131675163666,0.08820135081127796,0.09993940131697217,0.0949226815829808,0.13236188888549805,0.007453709417185067,0.007453336901441787,0.07197380065917969,1.0396723383370582e-19
0.09556054532531928,0.08820120067782525,0.09993940773235326,0.09492341277880066,0.11673331260681152,0.007453336909385554,0.007452964411669427,0.06383109092712402,1.0396958068664194e-19
0.09555977389992926,0.08820105055274292,0.09993941414753328,0.09492414390972419,0.12697267532348633,0.00745296442024351,0.007452591941081721,0.06847953796386719,1.0397192765883198e-19
0.09555900247546834,0.08820090043603018,0.09993942056251223,0.09492487497575973,0.11825394630432129,0.007452591949755899,0.007452219489678669,0.06467127799987793,1.0397427440299418e-19
0.09555823105193832,0.08820075032768628,0.09993942697729012,0.0949256059769157,0.12641668319702148,0.007452219497922766,0.0074518470567497275,0.06722760200500488,1.0397662124477277e-19
0.095557459629341,0.08820060022771041,0.09993943339186694,0.0949263369132005,0.1229104995727539,0.0074518470647412,0.007451474642117262,0.06733393669128418,1.0397896771069687e-19
0.09555668820767807,0.08820045013610178,0.0999394398062427,0.09492706778462254,0.11914372444152832,0.007451474650211967,0.007451102245958907,0.06405854225158691,1.0398131442990716e-19
0.09555591678695138,0.08820030005285963,0.09993944622041741,0.09492779859119015,0.12539196014404297,0.007451102254334518,0.007450729868985206,0.06700325012207031,1.0398366066908255e-19
0.09555514536716267,0.08820014997798317,0.09993945263439105,0.09492852933291174,0.12830185890197754,0.007450729877106786,0.007450357510307981,0.06894707679748535,1.03986007315041e-19
0.09555437394831374,0.08819999991147164,0.09993945904816363,0.09492926000979568,0.1157684326171875,0.007450357518527965,0.007449985170282503,0.06405162811279297,1.0398835350088714e-19
0.09555360253040641,0.08819984985332421,0.09993946546173514,0.09492999062185038,0.12149548530578613,0.0074499851785980245,0.007449612848731135,0.06531643867492676,1.0399069995543379e-19
0.09555283111344243,0.08819969980354014,0.09993947187510561,0.09493072116908421,0.1279311180114746,0.007449612857316105,0.007449240546897329,0.06942224502563477,1.0399304595247214e-19
0.09555205969742357,0.08819954976211863,0.09993947828827503,0.09493145165150554,0.11563682556152344,0.007449240554679137,0.0074488682624718194,0.06347060203552246,1.0399539212281301e-19
0.09555128828235165,0.08819939972905891,0.09993948470124339,0.0949321820691228,0.12692475318908691,0.007448868270688271,0.007448495997053328,0.06588625907897949,1.0399773760112106e-19
0.09555051686822838,0.08819924970436019,0.09993949111401068,0.09493291242194432,0.12331628799438477,0.007448496005342622,0.007448123750286584,0.06732821464538574,1.0400008315184633e-19
0.0955497454550556,0.08819909968802168,0.09993949752657694,0.09493364270997855,0.12523436546325684,0.007448123758640177,0.007447751522171586,0.0659329891204834,1.0400242989275451e-19
0.09554897404283508,0.0881989496800426,0.09993950393894213,0.09493437293323378,0.11798286437988281,0.007447751530580103,0.007447379313063607,0.06383991241455078,1.0400477501418571e-19
0.09554820263156863,0.08819879968042217,0.09993951035110628,0.09493510309171842,0.12769484519958496,0.007447379321161615,0.007447007122252103,0.06845426559448242,1.0400712078411357e-19
0.09554743122125804,0.08819864968915962,0.09993951676306938,0.0949358331854409,0.11870074272155762,0.007447007130383961,0.007446634950447617,0.06586146354675293,1.0400946656029197e-19
0.09554665981190509,0.08819849970625418,0.09993952317483143,0.09493656321440952,0.11844563484191895,0.007446634958245053,0.0074462627964067,0.06334996223449707,1.040118115471933e-19
0.09554588840351153,0.08819834973170504,0.09993952958639243,0.09493729317863268,0.12741398811340332,0.0074462628047460965,0.0074458906613728,0.0672461986541748,1.0401415703467324e-19
0.09554511699607912,0.08819819976551142,0.0999395359977524,0.0949380230781187,0.12059593200683594,0.007445890669885821,0.007445518545345919,0.06737971305847168,1.0401650206603014e-19
0.09554434558960967,0.08819804980767258,0.09993954240891133,0.09493875291287598,0.12457656860351562,0.007445518553662194,0.007445146447970785,0.0655975341796875,1.040188469674e-19
0.09554357418410497,0.0881978998581877,0.09993954881986922,0.0949394826829129,0.12354493141174316,0.007445146456073609,0.007444774368892126,0.06362342834472656,1.0402119285122668e-19
0.09554280277956688,0.088197749917056,0.09993955523062607,0.09494021238823783,0.12804436683654785,0.007444774377121204,0.007444402308820486,0.06725525856018066,1.0402353723969606e-19
0.09554203137599716,0.08819759998427673,0.09993956164118188,0.09494094202885908,0.1198892593383789,0.007444402316802337,0.007444030266690049,0.06717181205749512,1.0402588205110194e-19
0.0955412599733975,0.0881974500598491,0.09993956805153666,0.09494167160478506,0.1179814338684082,0.007444030275117771,0.007443658243921902,0.06468534469604492,1.0402822670825602e-19
0.09554048857176974,0.08819730014377233,0.09993957446169038,0.09494240111602406,0.1255338191986084,0.00744365825206488,0.007443286239450231,0.06443262100219727,1.0403057155848572e-19
0.09553971717111563,0.08819715023604564,0.09993958087164309,0.09494313056258447,0.12680387496948242,0.007443286247643704,0.0074429142534526704,0.06961417198181152,1.0403291663097694e-19
0.09553894577143691,0.08819700033666825,0.09993958728139476,0.09494385994447464,0.11633992195129395,0.007442914261853685,0.007442542286639764,0.0652005672454834,1.0403526115799211e-19
0.0955381743727355,0.08819685044563937,0.0999395936909454,0.09494458926170296,0.1285386085510254,0.007442542294692536,0.007442170337945697,0.06755781173706055,1.040376050634502e-19
0.09553740297501308,0.08819670056295822,0.09993960010029503,0.0949453185142777,0.12008142471313477,0.007442170346159666,0.007441798407548106,0.06407570838928223,1.0403994947618731e-19
0.09553663157827144,0.08819655068862403,0.09993960650944361,0.0949460477022073,0.12316608428955078,0.007441798416255894,0.007441426496512804,0.06416797637939453,1.0404229407647154e-19
0.09553586018251238,0.08819640082263602,0.09993961291839117,0.09494677682550011,0.12190818786621094,0.007441426504978494,0.007441054603596342,0.06730842590332031,1.0404463792094695e-19
0.09553508878773766,0.08819625096499342,0.0999396193271377,0.09494750588416445,0.11888408660888672,0.007441054612327595,0.007440682730219805,0.06473588943481445,1.0404698190728902e-19
0.09553431739394909,0.08819610111569542,0.0999396257356832,0.09494823487820869,0.12828445434570312,0.007440682738300161,0.007440310874962108,0.06841301918029785,1.0404932606956065e-19
0.0955335460011484,0.08819595127474128,0.09993963214402768,0.09494896380764116,0.11745166778564453,0.007440310882894645,0.00743993903746798,0.06425142288208008,1.0405167007251833e-19
0.09553277460933746,0.0881958014421302,0.09993963855217114,0.09494969267247022,0.1272585391998291,0.0074399390461155354,0.007439567219869048,0.06960654258728027,1.0405401342904712e-19
0.09553200321851803,0.08819565161786139,0.09993964496011358,0.09495042147270423,0.12146663665771484,0.007439567227957107,0.00743919542021132,0.06503963470458984,1.0405635755304624e-19
0.09553123182869191,0.08819550180193408,0.099939651367855,0.09495115020835153,0.1270909309387207,0.007439195428420172,0.007438823639205339,0.0657801628112793,1.0405870077984144e-19
0.09553046043986096,0.0881953519943475,0.0999396577753954,0.09495187887942043,0.12628459930419922,0.0074388236475040805,0.007438451876495833,0.06762385368347168,1.0406104484419197e-19
0.09552968905202679,0.08819520219510088,0.09993966418273481,0.09495260748591931,0.12495088577270508,0.0074384518852073115,0.007438080133148617,0.06833672523498535,1.0406338794159084e-19
0.09552891766519128,0.08819505240419342,0.09993967058987319,0.09495333602785648,0.11872076988220215,0.007438080141528519,0.0074377084079202405,0.0651254653930664,1.0406573118436176e-19
0.09552814627935616,0.08819490262162437,0.09993967699681056,0.09495406450524026,0.12584805488586426,0.007437708416467145,0.007437336701698882,0.06808137893676758,1.0406807438824356e-19
0.09552737489452326,0.08819475284739293,0.0999396834035469,0.09495479291807896,0.11905550956726074,0.007437336710023187,0.0074369650137739995,0.06405353546142578,1.0407041810377181e-19
0.09552660351069434,0.08819460308149833,0.09993968981008225,0.09495552126638092,0.12903976440429688,0.007436965022194134,0.007436593344500864,0.06749653816223145,1.0407276096020143e-19
0.09552583212787129,0.08819445332393978,0.09993969621641659,0.09495624955015444,0.12083292007446289,0.00743659335297935,0.00743622169405711,0.06623244285583496,1.0407510367176586e-19
0.09552506074605582,0.08819430357471653,0.09993970262254992,0.09495697776940794,0.12132000923156738,0.0074362217023779195,0.007435850062265104,0.0649724006652832,1.0407744650161432e-19
0.09552428936524968,0.08819415383382778,0.09993970902848223,0.09495770592414973,0.12120556831359863,0.007435850070388796,0.007435478449124844,0.06437015533447266,1.0407978975131544e-19
0.09552351798545464,0.08819400410127277,0.09993971543421354,0.09495843401438812,0.12805891036987305,0.007435478457011464,0.007435106854103424,0.06704020500183105,1.0408213285701991e-19
0.09552274660667251,0.08819385437705073,0.09993972183974384,0.09495916204013141,0.1178598403930664,0.007435106862245347,0.0074347352777337505,0.06322002410888672,1.0408447518194672e-19
0.09552197522890511,0.08819370466116086,0.09993972824507313,0.09495989000138796,0.12740111351013184,0.007434735286088828,0.007434363720548731,0.06770610809326172,1.0408681770627529e-19
0.09552120385215426,0.08819355495360238,0.09993973465020142,0.0949606178981661,0.12539267539978027,0.007434363728541319,0.007433992181660187,0.06574034690856934,1.04089160107104e-19
0.09552043247642167,0.08819340525437454,0.09993974105512872,0.09496134573047417,0.12777161598205566,0.007433992189602176,0.0074336206612457545,0.06731414794921875,1.0409150280852282e-19
0.09551966110170913,0.08819325556347653,0.09993974745985501,0.09496207349832045,0.11860275268554688,0.007433620669270511,0.007433249159305433,0.0638885498046875,1.0409384488516453e-19
0.09551888972801849,0.08819310588090759,0.09993975386438031,0.09496280120171328,0.12763500213623047,0.007433249167545409,0.007432877675483951,0.06770706176757812,1.0409618698090246e-19
0.09551811835535157,0.08819295620666695,0.0999397602687046,0.09496352884066099,0.11528229713439941,0.007432877684426603,0.007432506211557666,0.06332588195800781,1.0409852933643562e-19
0.09551734698371007,0.08819280654075382,0.0999397666728279,0.09496425641517188,0.12862920761108398,0.007432506219910781,0.007432134765927856,0.0679161548614502,1.0410087105499535e-19
0.09551657561309582,0.08819265688316742,0.09993977307675021,0.09496498392525425,0.12803387641906738,0.007432134773997292,0.007431763338061614,0.07477903366088867,1.0410321335858346e-19
0.0955158042435105,0.08819250723390698,0.09993977948047152,0.09496571137091643,0.12683725357055664,0.0074317633466873395,0.007431391929380027,0.06653070449829102,1.0410555542806207e-19
0.09551503287495605,0.08819235759297174,0.09993978588399184,0.0949664387521667,0.11723995208740234,0.007431391937979866,0.007431020539527822,0.06366562843322754,1.0410789679009872e-19
0.09551426150743417,0.0881922079603609,0.09993979228731116,0.09496716606901338,0.1267719268798828,0.007431020547871323,0.0074306491683273634,0.06776976585388184,1.0411023859767725e-19
0.09551349014094668,0.08819205833607369,0.09993979869042949,0.09496789332146485,0.11533069610595703,0.007430649176362412,0.007430277815245745,0.06329822540283203,1.04112579886066e-19
0.09551271877549529,0.08819190872010935,0.09993980509334684,0.09496862050952931,0.12791085243225098,0.00743027782345293,0.0074299064806382376,0.06890988349914551,1.0411492139234046e-19
0.09551194741108182,0.08819175911246709,0.09993981149606321,0.0949693476332151,0.11848735809326172,0.007429906489141557,0.007429535165215384,0.06466937065124512,1.0411726284231541e-19
0.0955111760477081,0.08819160951314613,0.09993981789857859,0.09497007469253055,0.1275331974029541,0.007429535173427081,0.007429163868089006,0.06749916076660156,1.0411960395606784e-19
0.09551040468537585,0.08819145992214569,0.09993982430089299,0.09497080168748395,0.11781525611877441,0.007429163876308523,0.007428792589436739,0.06451582908630371,1.0412194488954248e-19
0.0955096333240869,0.08819131033946502,0.09993983070300641,0.09497152861808358,0.12621808052062988,0.0074287925977849865,0.007428421329613855,0.06803321838378906,1.0412428661139556e-19
0.09550886196384303,0.08819116076510335,0.09993983710491885,0.09497225548433783,0.11668205261230469,0.0074284213378547894,0.007428050088087446,0.06336045265197754,1.0412662757401831e-19
0.09550809060464607,0.08819101119905988,0.09993984350663032,0.09497298228625492,0.12813210487365723,0.007428050096518436,0.007427678865035148,0.06782007217407227,1.0412896833491773e-19
0.09550731924649773,0.08819086164133384,0.0999398499081408,0.0949737090238432,0.11745953559875488,0.007427678873775673,0.007427307661522775,0.06513857841491699,1.0413130969354534e-19
0.09550654788939973,0.08819071209192446,0.09993985630945029,0.09497443569711088,0.126204252243042,0.007427307669621781,0.0074269364754186995,0.06848692893981934,1.0413365011974711e-19
0.09550577653335388,0.08819056255083098,0.09993986271055881,0.09497516230606623,0.12694811820983887,0.0074269364840589165,0.007426565308499278,0.06342935562133789,1.0413599075785202e-19
0.09550500517836198,0.08819041301805261,0.09993986911146635,0.09497588885071759,0.12732338905334473,0.007426565317085784,0.00742619416076451,0.06760120391845703,1.0413833156143211e-19
0.09550423382442584,0.08819026349358856,0.09993987551217291,0.09497661533107328,0.11748790740966797,0.0074261941686994005,0.007425823030615675,0.06374740600585938,1.0414067182009065e-19
0.09550346247154726,0.08819011397743808,0.09993988191267851,0.09497734174714151,0.12740731239318848,0.007425823038902593,0.007425451919118586,0.0689232349395752,1.0414301221900316e-19
0.09550269111972806,0.08818996446960038,0.09993988831298314,0.09497806809893061,0.11805176734924316,0.007425451927693409,0.007425080827161423,0.06463456153869629,1.0414535277448834e-19
0.09550191976897002,0.0881898149700747,0.0999398947130868,0.09497879438644885,0.1258864402770996,0.007425080835067556,0.0074247097529678285,0.06710028648376465,1.0414769298941945e-19
0.09550114841927487,0.08818966547886029,0.09993990111298949,0.09497952060970456,0.12952709197998047,0.007424709761027035,0.007424338696893074,0.07420778274536133,1.0415003296583459e-19
0.09550037707064445,0.08818951599595633,0.0999399075126912,0.09498024676870599,0.1272571086883545,0.007424338705570771,0.0074239676605358795,0.06935358047485352,1.041523734025727e-19
0.09549960572308046,0.08818936652136207,0.09993991391219195,0.09498097286346147,0.11898517608642578,0.007423967668697013,0.0074235966421198896,0.065399169921875,1.0415471325187316e-19
0.09549883437658474,0.08818921705507672,0.09993992031149174,0.09498169889397921,0.12738943099975586,0.007423596650404868,0.007423225642710918,0.06897711753845215,1.0415705289608808e-19
0.09549806303115911,0.08818906759709952,0.09993992671059056,0.09498242486026755,0.11769580841064453,0.007423225650693388,0.00742285466124315,0.06431341171264648,1.0415939255191446e-19
0.09549729168680537,0.0881889181474297,0.09993993310948841,0.09498315076233477,0.12601709365844727,0.007422854669562981,0.007422483698960036,0.06786704063415527,1.0416173272845344e-19
0.09549652034352522,0.08818876870606647,0.0999399395081853,0.0949838766001891,0.11975502967834473,0.007422483707011386,0.007422112754973398,0.06492924690246582,1.0416407201675567e-19
0.09549574900132049,0.08818861927300908,0.09993994590668123,0.09498460237383884,0.1323709487915039,0.007422112763038363,0.0074217418289279635,0.07163071632385254,1.0416641164433392e-19
0.09549497766019299,0.08818846984825673,0.0999399523049762,0.09498532808329224,0.11478781700134277,0.007421741837643702,0.007421370922777726,0.06340146064758301,1.041687509908263e-19
0.09549420632014442,0.08818832043180866,0.09993995870307021,0.09498605372855755,0.12741684913635254,0.007421370930823928,0.007421000034035785,0.06803679466247559,1.0417109018171822e-19
0.09549343498117664,0.08818817102366411,0.09993996510096326,0.09498677930964308,0.1156914234161377,0.007421000042580617,0.007420629163945591,0.06349301338195801,1.0417342953771071e-19
0.09549266364329148,0.08818802162382229,0.09993997149865534,0.09498750482655706,0.1271347999572754,0.007420629172913178,0.007420258313395323,0.06835269927978516,1.0417576891970851e-19
0.09549189230649069,0.08818787223228244,0.09993997789614649,0.09498823027930778,0.11738252639770508,0.007420258321818321,0.007419887481141529,0.06582927703857422,1.041781080864896e-19
0.09549112097077611,0.08818772284904379,0.09993998429343669,0.09498895566790354,0.1272890567779541,0.007419887489294643,0.007419516667184212,0.06848597526550293,1.041804471552324e-19
0.09549034963614943,0.08818757347410554,0.09993999069052592,0.09498968099235257,0.12700414657592773,0.007419516675343732,0.007419145871878641,0.06304001808166504,1.0418278565284124e-19
0.09548957830261241,0.08818742410746695,0.0999399970874142,0.09499040625266313,0.12771081924438477,0.00741914587996219,0.007418775095224817,0.06810474395751953,1.0418512522288351e-19
0.09548880697016691,0.08818727474912726,0.09994000348410154,0.09499113144884352,0.11752915382385254,0.007418775103150136,0.007418404336689832,0.06333565711975098,1.0418746375114416e-19
0.09548803563881463,0.08818712539908566,0.09994000988058793,0.09499185658090202,0.1271991729736328,0.0074184043449086485,0.007418033596806595,0.06808233261108398,1.0418980200345676e-19
0.09548726430855743,0.0881869760573414,0.09994001627687336,0.09499258164884684,0.11810851097106934,0.007418033605235174,0.00741766287575274,0.06574153900146484,1.0419214085362696e-19
0.0954864929793971,0.0881868267238937,0.09994002267295786,0.0949933066526863,0.12729573249816895,0.007417662884128406,0.007417292173172996,0.06906700134277344,1.0419447931761174e-19
0.09548572165133544,0.08818667739874181,0.0999400290688414,0.09499403159242858,0.12698912620544434,0.0074172921815880925,0.007416921489244999,0.0724184513092041,1.041968175912659e-19
0.09548495032437423,0.08818652808188493,0.09994003546452403,0.09499475646808198,0.12677884101867676,0.007416921497612269,0.007416550823968748,0.06795406341552734,1.0419915560756254e-19
0.0954841789985153,0.0881863787733223,0.0999400418600057,0.0949954812796547,0.11683344841003418,0.007416550832201342,0.0074161801775218805,0.06353878974914551,1.0420149422840264e-19
0.09548340767376037,0.08818622947305316,0.09994004825528642,0.09499620602715506,0.12755918502807617,0.007416180185353321,0.007415809548838581,0.06811857223510742,1.0420383214144353e-19
0.09548263635011124,0.08818608018107672,0.0999400546503662,0.09499693071059129,0.11868691444396973,0.007415809557067747,0.0074154389388070285,0.06606888771057129,1.042061702772326e-19
0.09548186502756972,0.08818593089739221,0.09994006104524505,0.09499765532997163,0.1270308494567871,0.007415438947344638,0.007415068348315401,0.06775164604187012,1.0420850818997592e-19
0.09548109370613754,0.08818578162199887,0.09994006743992297,0.09499837988530431,0.120880126953125,0.0074150683561803035,0.007414697775232071,0.06534528732299805,1.0421084620872256e-19
0.09548032238581641,0.08818563235489592,0.09994007383439994,0.09499910437659762,0.13134050369262695,0.007414697783576642,0.007414327220978123,0.0718841552734375,1.0421318380138163e-19
0.0954795510666082,0.0881854830960826,0.09994008022867598,0.09499982880385974,0.11685705184936523,0.0074143272295319525,0.007413956685553558,0.06334757804870605,1.0421552164992362e-19
0.09547877974851467,0.08818533384555813,0.09994008662275111,0.09500055316709893,0.12743067741394043,0.007413956694044637,0.007413586168780739,0.06812047958374023,1.0421785923384716e-19
0.09547800843153766,0.08818518460332173,0.09994009301662529,0.09500127746632346,0.11518526077270508,0.0074135861771141565,0.007413215670482032,0.0635840892791748,1.0422019579219761e-19
0.09547723711567893,0.08818503536937265,0.09994009941029855,0.09500200170154156,0.1269526481628418,0.007413215678739156,0.0074128451904798,0.0690920352935791,1.0422253377330601e-19
0.09547646580094028,0.08818488614371012,0.09994010580377088,0.09500272587276148,0.11903047561645508,0.007412845198919118,0.007412474729662222,0.06530046463012695,1.042248710859175e-19
0.09547569448732349,0.08818473692633336,0.0999401121970423,0.09500344997999144,0.12634968757629395,0.007412474737653055,0.007412104286785848,0.06734561920166016,1.0422720819713332e-19
0.09547492317483036,0.0881845877172416,0.09994011859011279,0.09500417402323966,0.12702012062072754,0.007412104294940029,0.007411733862738856,0.06333327293395996,1.0422954561909963e-19
0.09547415186346273,0.08818443851643407,0.09994012498298234,0.09500489800251442,0.12816953659057617,0.007411733870779508,0.00741136345698834,0.06786513328552246,1.0423188277159536e-19
0.09547338055322234,0.08818428932391001,0.09994013137565097,0.09500562191782391,0.11534237861633301,0.007411363465170491,0.007410993070244842,0.06361150741577148,1.042342192991265e-19
0.09547260924411102,0.08818414013966863,0.09994013776811868,0.0950063457691764,0.1271805763244629,0.0074109930781107985,0.007410622701087277,0.06810975074768066,1.0423655604654355e-19
0.09547183793613055,0.08818399096370919,0.09994014416038548,0.09500706955658007,0.11827683448791504,0.007410622709600802,0.007410252351469637,0.06615948677062988,1.042388931154022e-19
0.09547106662928266,0.08818384179603089,0.09994015055245135,0.09500779328004319,0.12653851509094238,0.007410252359638868,0.007409882019970837,0.06772470474243164,1.0424123006110428e-19
0.09547029532356921,0.08818369263663299,0.0999401569443163,0.09500851693957395,0.1273517608642578,0.007409882028224794,0.007409511707123784,0.07263779640197754,1.0424356648783673e-19
0.09546952401899192,0.08818354348551469,0.09994016333598033,0.09500924053518062,0.1271953582763672,0.007409511715357585,0.00740914141239557,0.06780171394348145,1.042459027999268e-19
0.09546875271555261,0.08818339434267525,0.09994016972744345,0.09500996406687137,0.11543989181518555,0.007409141421036662,0.00740877113685201,0.06330633163452148,1.0424823943154562e-19
0.09546798141325304,0.08818324520811388,0.09994017611870565,0.09501068753465441,0.12503790855407715,0.007408771145260782,0.007408400880315469,0.06751608848571777,1.0425057564092288e-19
0.09546721011209497,0.08818309608182982,0.09994018250976693,0.095011410938538,0.11572003364562988,0.007408400888026925,0.00740803064136486,0.06317520141601562,1.0425291208485067e-19
0.09546643881208024,0.08818294696382233,0.0999401889006273,0.09501213427853036,0.12706661224365234,0.007408030649334961,0.007407660421243634,0.06760811805725098,1.0425524827538774e-19
0.09546566751321062,0.0881827978540906,0.09994019529128675,0.09501285755463973,0.11692619323730469,0.007407660429186218,0.007407290219418883,0.0643320083618164,1.0425758445578814e-19
0.09546489621548788,0.08818264875263387,0.0999402016817453,0.0950135807668743,0.1278214454650879,0.0074072902275784565,0.007406920036423514,0.06743097305297852,1.0425992030000968e-19
0.09546412491891376,0.0881824996594514,0.09994020807200295,0.09501430391524228,0.12021827697753906,0.007406920044511033,0.007406549871902257,0.06441688537597656,1.0426225566936538e-19
0.09546335362349012,0.08818235057454239,0.09994021446205968,0.09501502699975194,0.12528204917907715,0.007406549879982117,0.00740617972549984,0.06746339797973633,1.0426459223914024e-19
0.09546258232921877,0.08818220149790608,0.0999402208519155,0.09501575002041149,0.11747121810913086,0.007406179733992116,0.007405809597926805,0.06462788581848145,1.0426692737481257e-19
0.09546181103610146,0.0881820524295417,0.09994022724157044,0.09501647297722912,0.12752604484558105,0.007405809606539667,0.007405439489360788,0.06716775894165039,1.0426926322546063e-19
0.09546103974413996,0.08818190336944849,0.09994023363102446,0.09501719587021305,0.1183316707611084,0.007405439497623489,0.007405069399268882,0.0640554428100586,1.042715989818948e-19
0.0954602684533361,0.08818175431762565,0.09994024002027758,0.09501791869937148,0.12764739990234375,0.007405069407241696,0.0074046993271181805,0.06793379783630371,1.0427393434951514e-19
0.09545949716369165,0.08818160527407246,0.09994024640932982,0.09501864146471264,0.12505602836608887,0.007404699335394432,0.007404329273796861,0.06650996208190918,1.0427626953053576e-19
0.09545872587520839,0.08818145623878812,0.09994025279818114,0.09501936416624471,0.12246227264404297,0.007404329282080694,0.007403959239304925,0.06514549255371094,1.0427860474871538e-19
0.09545795458788814,0.08818130721177186,0.09994025918683157,0.09502008680397586,0.12155628204345703,0.007403959247299884,0.007403589222754192,0.06633472442626953,1.0428093986872807e-19
0.09545718330173264,0.08818115819302295,0.0999402655752811,0.09502080937791434,0.12320303916931152,0.007403589231051085,0.007403219225210478,0.06679415702819824,1.0428327545836724e-19
0.09545641201674367,0.0881810091825406,0.09994027196352974,0.09502153188806835,0.12108659744262695,0.0074032192333343344,0.007402849245430332,0.06471967697143555,1.0428561012075937e-19
0.09545564073292304,0.08818086018032403,0.09994027835157748,0.09502225433444607,0.12784504890441895,0.0074028492541464595,0.007402479285367747,0.0673069953918457,1.0428794488447425e-19
0.0954548694502726,0.08818071118637251,0.09994028473942435,0.09502297671705569,0.12207388877868652,0.007402479293487445,0.007402109342713459,0.0644536018371582,1.0429028004701075e-19
0.09545409816879409,0.08818056220068524,0.09994029112707031,0.09502369903590542,0.12706732749938965,0.007402109351356425,0.00740173941942146,0.06515240669250488,1.0429261433863607e-19
0.09545332688848929,0.08818041322326146,0.09994029751451539,0.09502442129100343,0.12441134452819824,0.007401739427753065,0.007401369514248302,0.06725478172302246,1.0429494976107318e-19
0.09545255560935992,0.08818026425410042,0.09994030390175958,0.09502514348235791,0.12330126762390137,0.007401369522675514,0.007400999627371618,0.06723690032958984,1.0429728395081342e-19
0.09545178433140782,0.08818011529320134,0.09994031028880287,0.09502586560997708,0.12185978889465332,0.007400999636123477,0.007400629759679589,0.06531810760498047,1.0429961822858265e-19
0.09545101305463481,0.08817996634056345,0.09994031667564528,0.09502658767386914,0.12882518768310547,0.0074006297680946605,0.007400259910639306,0.06744885444641113,1.0430195256826492e-19
0.09545024177904265,0.08817981739618601,0.0999403230622868,0.09502730967404233,0.11826801300048828,0.00740025991858911,0.007399890079362592,0.06447958946228027,1.0430428706018877e-19
0.0954494705046331,0.08817966846006821,0.09994032944872744,0.09502803161050477,0.12766432762145996,0.007399890087605622,0.007399520266737625,0.06838130950927734,1.0430662137609175e-19
0.09544869923140797,0.0881795195322093,0.0999403358349672,0.09502875348326464,0.12488007545471191,0.007399520275144258,0.0073991504731196756,0.06728911399841309,1.0430895520358177e-19
0.09544792795936902,0.08817937061260853,0.09994034222100608,0.09502947529233015,0.12084436416625977,0.007399150481202731,0.007398780697798202,0.06599712371826172,1.043112897393172e-19
0.09544715668851815,0.08817922170126512,0.09994034860684409,0.0950301970377095,0.12562084197998047,0.00739878070578044,0.0073984109407732035,0.06727766990661621,1.0431362343930079e-19
0.09544638541885707,0.08817907279817831,0.0999403549924812,0.0950309187194109,0.11848211288452148,0.007398410948876862,0.007398041202222316,0.06426763534545898,1.043159572450498e-19
0.09544561415038764,0.08817892390334733,0.09994036137791745,0.09503164033744248,0.1269822120666504,0.007398041210492028,0.007397671483211354,0.06848812103271484,1.0431829088727239e-19
0.09544484288311161,0.08817877501677142,0.09994036776315282,0.09503236189181237,0.11724352836608887,0.0073976714906226005,0.007397301780898147,0.06419229507446289,1.0432062498399131e-19
0.09544407161703079,0.08817862613844982,0.09994037414818732,0.09503308338252885,0.12763452529907227,0.007397301789270792,0.0073969320983025,0.06703424453735352,1.0432295818544216e-19
0.09544330035214693,0.08817847726838175,0.09994038053302093,0.09503380480959997,0.12183403968811035,0.007396932106433558,0.007396562433648057,0.06693172454833984,1.0432529168743702e-19
0.09544252908846183,0.08817832840656645,0.09994038691765368,0.09503452617303401,0.12253284454345703,0.007396562442110403,0.007396192787822997,0.06490254402160645,1.0432762467171712e-19
0.09544175782597732,0.08817817955300317,0.09994039330208555,0.0950352474728391,0.12471961975097656,0.007396192796300676,0.007395823161004955,0.0671849250793457,1.0432995875367286e-19
0.09544098656469523,0.08817803070769113,0.09994039968631656,0.09503596870902348,0.11904263496398926,0.007395823169003073,0.007395453552128117,0.06423759460449219,1.0433229163768902e-19
0.09544021530461724,0.08817788187062958,0.0999404060703467,0.09503668988159528,0.12811279296875,0.00739545356021566,0.007395083962080662,0.06941390037536621,1.0433462466268819e-19
0.09543944404574513,0.08817773304181774,0.09994041245417595,0.09503741099056269,0.11707401275634766,0.0073950839699375975,0.007394714390329682,0.06435441970825195,1.0433695797610936e-19
0.09543867278808069,0.08817758422125485,0.09994041883780436,0.09503813203593386,0.1289997100830078,0.007394714398169237,0.007394344836519906,0.068756103515625,1.0433929049995802e-19
0.09543790153162572,0.08817743540894016,0.0999404252212319,0.09503885301771697,0.12880706787109375,0.007394344844911031,0.007393975301894784,0.0694570541381836,1.0434162357952853e-19
0.09543713027638205,0.0881772866048729,0.09994043160445856,0.09503957393592016,0.11781644821166992,0.00739397531015968,0.007393605785388502,0.06476306915283203,1.0434395645656452e-19
0.0954363590223514,0.08817713780905227,0.09994043798748437,0.09504029479055161,0.12699294090270996,0.007393605793915299,0.007393236287533966,0.0673823356628418,1.0434628936347826e-19
0.09543558776953553,0.08817698902147755,0.09994044437030931,0.09504101558161947,0.11944460868835449,0.0073932362961769155,0.007392866808331178,0.06708860397338867,1.0434862180868199e-19
0.09543481651793637,0.08817684024214797,0.09994045075293341,0.0950417363091319,0.11922311782836914,0.007392866816944238,0.007392497347957772,0.06371235847473145,1.0435095448955619e-19
0.09543404526755564,0.08817669147106276,0.09994045713535664,0.09504245697309703,0.12822604179382324,0.007392497356213703,0.007392127905347934,0.06832718849182129,1.0435328645523367e-19
0.09543327401839517,0.08817654270822116,0.09994046351757901,0.09504317757352311,0.11890196800231934,0.007392127913987377,0.00739175848192275,0.06653451919555664,1.0435561897522867e-19
0.09543250277045669,0.0881763939536224,0.09994046989960054,0.09504389811041823,0.12774109840393066,0.007391758490262018,0.007391389076616406,0.06352615356445312,1.0435795128321343e-19
0.09543173152374196,0.0881762452072657,0.09994047628142119,0.0950446185837906,0.12195611000061035,0.0073913890850380165,0.00739101969031708,0.06423544883728027,1.0436028356194096e-19
0.09543096027825289,0.08817609646915033,0.09994048266304101,0.09504533899364834,0.12638068199157715,0.007391019698313047,0.007390650321958958,0.06935310363769531,1.0436261591588e-19
0.0954301890339912,0.0881759477392755,0.09994048904445997,0.09504605933999956,0.1270606517791748,0.007390650330087921,0.007390280972430219,0.06768131256103516,1.04364947878233e-19
0.09542941779095876,0.08817579901764047,0.09994049542567808,0.0950467796228524,0.1263413429260254,0.007390280980360403,0.007389911641020319,0.06731700897216797,1.0436727954502393e-19
0.09542864654915731,0.08817565030424447,0.09994050180669534,0.09504749984221507,0.12685894966125488,0.007389911649131147,0.007389542328084531,0.06770086288452148,1.0436961135632654e-19
0.09542787530858862,0.08817550159908671,0.09994050818751175,0.0950482199980957,0.1343398094177246,0.007389542336398642,0.007389173033800489,0.07215523719787598,1.043719426330225e-19
0.09542710406925448,0.08817535290216647,0.09994051456812732,0.09504894009050245,0.12446951866149902,0.007389173042160284,0.007388803757812923,0.06902742385864258,1.0437427446643685e-19
0.09542633283115662,0.08817520421348295,0.09994052094854203,0.09504966011944342,0.1258716583251953,0.007388803766418154,0.0073884345010100105,0.07000160217285156,1.0437660638003658e-19
0.09542556159429685,0.08817505553303541,0.0999405273287559,0.09505038008492679,0.12659049034118652,0.007388434509168875,0.007388065262325938,0.07073664665222168,1.0437893776558432e-19
0.09542479035867703,0.08817490686082309,0.09994053370876892,0.09505109998696072,0.12891888618469238,0.007388065270411304,0.007387696042471248,0.06928443908691406,1.043812689978781e-19
0.09542401912429894,0.08817475819684523,0.0999405400885811,0.09505181982555337,0.127777099609375,0.007387696050145113,0.0073873268396695835,0.06842470169067383,1.0438360037605659e-19
0.09542324789116434,0.08817460954110105,0.09994054646819245,0.09505253960071279,0.12566375732421875,0.007387326848372165,0.00738695765658548,0.06765127182006836,1.0438593165694328e-19
0.09542247665927499,0.08817446089358982,0.09994055284760296,0.09505325931244717,0.12369680404663086,0.0073869576650877926,0.007386588491975488,0.06767535209655762,1.0438826273572729e-19
0.09542170542863276,0.08817431225431076,0.09994055922681264,0.09505397896076459,0.1242220401763916,0.0073865885002929715,0.007386219345306699,0.06768488883972168,1.0439059402993811e-19
0.09542093419923942,0.08817416362326308,0.09994056560582147,0.09505469854567326,0.1257932186126709,0.007386219353986567,0.007385850218177836,0.06827545166015625,1.0439292418151438e-19
0.09542016297109668,0.08817401500044604,0.09994057198462947,0.09505541806718129,0.13344597816467285,0.007385850226166504,0.007385481109167813,0.07473587989807129,1.0439525529359041e-19
0.09541939174420634,0.08817386638585888,0.09994057836323662,0.09505613752529686,0.1274733543395996,0.007385481116832321,0.007385112018098994,0.06631135940551758,1.0439758636609205e-19
0.0954186205185702,0.08817371777950082,0.09994058474164295,0.09505685692002805,0.12645435333251953,0.007385112025982701,0.007384742946037193,0.06555438041687012,1.0439991722366785e-19
0.09541784929419007,0.08817356918137113,0.09994059111984846,0.095057576251383,0.12663698196411133,0.007384742953616419,0.007384373891916596,0.06577658653259277,1.0440224732607326e-19
0.0954170780710677,0.08817342059146904,0.09994059749785313,0.09505829551936985,0.12642669677734375,0.007384373899734831,0.00738400485627011,0.0663003921508789,1.0440457783909674e-19
0.09541630684920493,0.08817327200979377,0.09994060387565697,0.09505901472399673,0.13379955291748047,0.007384004864335486,0.007383635839275371,0.07481646537780762,1.0440690854176147e-19
0.09541553562860355,0.08817312343634456,0.09994061025325998,0.09505973386527176,0.12493443489074707,0.0073836358474180346,0.00738326684128765,0.06740951538085938,1.0440923855433755e-19
0.09541476440926534,0.08817297487112068,0.09994061663066217,0.0950604529432031,0.12632417678833008,0.00738326684898011,0.007382897861063498,0.06753325462341309,1.0441156904746038e-19
0.09541399319119219,0.08817282631412135,0.09994062300786354,0.09506117195779884,0.12625646591186523,0.007382897869022901,0.007382528899135821,0.06771469116210938,1.0441389863392406e-19
0.09541322197438586,0.0881726777653458,0.09994062938486407,0.09506189090906712,0.1272571086883545,0.007382528907545864,0.007382159956037526,0.06845307350158691,1.0441622866127005e-19
0.09541245075884812,0.08817252922479328,0.09994063576166379,0.09506260979701601,0.12912845611572266,0.007382159964546315,0.00738179103194625,0.06870007514953613,1.0441855919064134e-19
0.09541167954458074,0.08817238069246303,0.09994064213826269,0.09506332862165365,0.13358712196350098,0.007381791040023305,0.007381422125618542,0.06804585456848145,1.0442088859200302e-19
0.09541090833158553,0.08817223216835428,0.09994064851466077,0.09506404738298813,0.12274909019470215,0.0073814221339769635,0.007381053237942581,0.06710934638977051,1.0442321840425661e-19
0.09541013711986428,0.08817208365246629,0.09994065489085803,0.09506476608102762,0.12655091285705566,0.00738105324640571,0.007380684369096002,0.06871247291564941,1.0442554812486399e-19
0.09540936590941879,0.08817193514479829,0.09994066126685447,0.09506548471578022,0.12302374839782715,0.007380684377307855,0.007380315518190628,0.0651540756225586,1.0442787766510038e-19
0.09540859470025076,0.08817178664534951,0.0999406676426501,0.095066203287254,0.12319111824035645,0.007380315526684932,0.007379946686292271,0.06495809555053711,1.0443020758098406e-19
0.09540782349236199,0.08817163815411921,0.0999406740182449,0.09506692179545713,0.13445758819580078,0.007379946694532943,0.007379577872157483,0.0702199935913086,1.0443253711748916e-19
0.0954070522857543,0.08817148967110662,0.09994068039363889,0.09506764024039771,0.1282048225402832,0.0073795778808532966,0.007379209077562621,0.07015562057495117,1.0443486594555042e-19
0.0954062810804295,0.08817134119631097,0.09994068676883207,0.09506835862208386,0.12314081192016602,0.007379209085642093,0.007378840300908962,0.06708574295043945,1.0443719574661299e-19
0.0954055098763894,0.0881711927297315,0.09994069314382445,0.09506907694052372,0.12355899810791016,0.007378840308899953,0.007378471542374143,0.066314697265625,1.0443952464181572e-19
0.09540473867363575,0.08817104427136746,0.09994069951861602,0.09506979519572531,0.12121081352233887,0.007378471550627106,0.007378102802313435,0.06483197212219238,1.0444185376400592e-19
0.09540396747217032,0.08817089582121809,0.09994070589320678,0.09507051338769679,0.1283724308013916,0.007378102810822574,0.007377734081259746,0.06687259674072266,1.0444418316748439e-19
0.09540319627199496,0.08817074737928264,0.09994071226759672,0.09507123151644627,0.1323075294494629,0.007377734089484101,0.00737736537814726,0.06839299201965332,1.0444651184403641e-19
0.09540242507311135,0.08817059894556034,0.09994071864178587,0.09507194958198181,0.12031698226928711,0.007377365386612423,0.007376996693686522,0.0648350715637207,1.04448839972745e-19
0.0954016538755213,0.08817045052005043,0.09994072501577421,0.09507266758431156,0.12575054168701172,0.007376996702204271,0.0073766280280551655,0.06607389450073242,1.0445116893335708e-19
0.0954008826792267,0.08817030210275215,0.09994073138956173,0.09507338552344358,0.12759137153625488,0.007376628036260739,0.007376259380542649,0.06955456733703613,1.0445349779766953e-19
0.09540011148422924,0.08817015369366474,0.09994073776314846,0.09507410339938595,0.11934518814086914,0.007376259388780844,0.007375890751859515,0.06385564804077148,1.044558263023053e-19
0.09539934029053071,0.08817000529278746,0.09994074413653438,0.09507482121214678,0.12700939178466797,0.00737589075976101,0.007375522140762314,0.06633758544921875,1.0445815491277749e-19
0.09539856909813295,0.08816985690011953,0.0999407505097195,0.09507553896173418,0.1251821517944336,0.007375522149205071,0.007375153549205038,0.06610536575317383,1.0446048297698606e-19
0.09539779790703783,0.0881697085156602,0.09994075688270382,0.09507625664815625,0.12103056907653809,0.007375153557107298,0.007374784974523152,0.06406593322753906,1.0446281130829959e-19
0.09539702671724706,0.08816956013940871,0.09994076325548734,0.09507697427142107,0.12647795677185059,0.007374784983470276,0.0073744164197364626,0.06861257553100586,1.0446513919395399e-19
0.09539625552876244,0.08816941177136431,0.09994076962807007,0.09507769183153672,0.1195671558380127,0.0073744164282909044,0.007374047883423884,0.06410002708435059,1.0446746775075456e-19
0.09539548434158569,0.08816926341152624,0.099940776000452,0.09507840932851128,0.12105846405029297,0.007374047891568961,0.007373679365230146,0.06428074836730957,1.0446979565523341e-19
0.09539471315571862,0.08816911505989375,0.09994078237263314,0.09507912676235285,0.12661242485046387,0.007373679373302912,0.007373310865155247,0.06734442710876465,1.0447212353866414e-19
0.09539394197116305,0.08816896671646607,0.09994078874461348,0.09507984413306952,0.12582898139953613,0.007373310873493126,0.007372942383909731,0.06586623191833496,1.0447445146375184e-19
0.0953931707879208,0.08816881838124245,0.09994079511639305,0.09508056144066941,0.12115216255187988,0.007372942392137002,0.00737257392096069,0.06601619720458984,1.0447677896376497e-19
0.09539239960599365,0.08816867005422213,0.09994080148797181,0.09508127868516053,0.11975264549255371,0.007372573929234978,0.007372205476663396,0.06373238563537598,1.0447910705088556e-19
0.09539162842538337,0.08816852173540433,0.09994080785934979,0.095081995866551,0.12615609169006348,0.007372205484786095,0.007371837050484942,0.06740522384643555,1.0448143409740679e-19
0.09539085724609178,0.08816837342478832,0.09994081423052698,0.09508271298484894,0.11606788635253906,0.007371837058789473,0.007371468643491141,0.06300592422485352,1.044837619379635e-19
0.09539008606812069,0.08816822512237335,0.09994082060150337,0.09508343004006241,0.12755060195922852,0.007371468651242805,0.007371100254083274,0.06786203384399414,1.0448608943385016e-19
0.09538931489147182,0.08816807682815864,0.09994082697227899,0.09508414703219949,0.12535595893859863,0.007371100262145813,0.0073707318829718815,0.07384300231933594,1.0448841660626706e-19
0.095388543716147,0.08816792854214342,0.09994083334285382,0.09508486396126828,0.1261749267578125,0.007370731891499666,0.0073703635308675075,0.06743764877319336,1.0449074348670339e-19
0.09538777254214803,0.08816778026432696,0.09994083971322787,0.09508558082727683,0.11768531799316406,0.007370363539302098,0.007369995197059609,0.06391358375549316,1.0449307096108067e-19
0.09538700136947678,0.0881676319947085,0.09994084608340113,0.09508629763023317,0.12655329704284668,0.007369995205551154,0.007369626882436364,0.06801247596740723,1.0449539789040025e-19
0.095386230198135,0.08816748373328728,0.09994085245337361,0.09508701437014544,0.11659479141235352,0.007369626890246795,0.007369258585399052,0.06337475776672363,1.0449772502541028e-19
0.09538545902812444,0.08816733548006256,0.09994085882314532,0.09508773104702171,0.12508130073547363,0.007369258593386173,0.007368890306658216,0.06784939765930176,1.0450005165850524e-19
0.09538468785944688,0.08816718723503356,0.09994086519271625,0.09508844766087,0.11675405502319336,0.007368890314971132,0.007368522046924397,0.06429243087768555,1.0450237848372417e-19
0.09538391669210416,0.08816703899819953,0.09994087156208639,0.09508916421169845,0.12984991073608398,0.007368522054998924,0.007368153805309419,0.07103466987609863,1.045047048855053e-19
0.09538314552609804,0.08816689076955972,0.09994087793125575,0.09508988069951506,0.1282212734222412,0.007368153813469695,0.007367785582346187,0.0689842700958252,1.045070318281003e-19
0.09538237436143032,0.08816674254911337,0.09994088430022434,0.0950905971243279,0.1177976131439209,0.007367785590381892,0.007367417377501795,0.06367897987365723,1.0450935821679254e-19
0.09538160319810281,0.08816659433685972,0.09994089066899217,0.09509131348614504,0.12724995613098145,0.007367417385736904,0.00736704919130915,0.0686330795288086,1.0451168446201579e-19
0.09538083203611723,0.08816644613279802,0.09994089703755922,0.09509202978497455,0.11539888381958008,0.007367049199530757,0.007366681023768251,0.06383848190307617,1.0451401086703361e-19
0.09538006087547542,0.0881662979369275,0.09994090340592551,0.09509274602082447,0.1260967254638672,0.007366681031763547,0.007366312874168557,0.06824779510498047,1.0451633709188225e-19
0.0953792897161792,0.08816614974924741,0.09994090977409102,0.09509346219370288,0.11769652366638184,0.007366312882434766,0.007365944743042974,0.06466889381408691,1.045186634506418e-19
0.09537851855823033,0.08816600156975701,0.09994091614205577,0.09509417830361783,0.1322636604309082,0.007365944751543057,0.007365576630746773,0.07216358184814453,1.0452098979840249e-19
0.09537774740163062,0.08816585339845553,0.09994092250981976,0.09509489435057744,0.12889504432678223,0.0073655766390871655,0.007365208537102319,0.06961441040039062,1.0452331546327008e-19
0.0953769762463818,0.08816570523534223,0.09994092887738297,0.09509561033458973,0.11853432655334473,0.007365208545065809,0.007364840460866162,0.06563544273376465,1.0452564133611449e-19
0.09537620509248572,0.08816555708041633,0.09994093524474543,0.09509632625566275,0.12743854522705078,0.007364840469481198,0.0073644724036370235,0.06854438781738281,1.0452796714658791e-19
0.09537543393994415,0.0881654089336771,0.09994094161190711,0.09509704211380456,0.11669778823852539,0.00736447241232932,0.007364104365414903,0.06450557708740234,1.0453029230747789e-19
0.09537466278875883,0.08816526079512378,0.09994094797886804,0.0950977579090232,0.12632536888122559,0.007364104373608248,0.0073637363446010795,0.06815266609191895,1.0453261827831922e-19
0.09537389163893169,0.08816511266475562,0.0999409543456282,0.09509847364132673,0.12191200256347656,0.007363736353320747,0.00736336834297191,0.06712698936462402,1.0453494409626686e-19
0.09537312049046441,0.08816496454257183,0.09994096071218761,0.09509918931072325,0.1264488697052002,0.007363368351463492,0.007363000359816851,0.07252359390258789,1.0453726979413724e-19
0.09537234934335886,0.0881648164285717,0.09994096707854626,0.09509990491722077,0.12220644950866699,0.007363000368034899,0.007362632395135904,0.06484580039978027,1.0453959483274328e-19
0.09537157819761678,0.08816466832275446,0.09994097344470415,0.0951006204608273,0.12535572052001953,0.007362632403034372,0.007362264448929068,0.06859540939331055,1.0454192019241317e-19
0.09537080705323998,0.08816452022511935,0.09994097981066129,0.09510133594155089,0.11645793914794922,0.007362264456460682,0.007361896519775257,0.0639195442199707,1.0454424518341456e-19
0.09537003591023023,0.08816437213566561,0.09994098617641767,0.09510205135939957,0.12613606452941895,0.007361896528316324,0.007361528610161372,0.06650638580322266,1.0454657035291475e-19
0.09536926476858937,0.0881642240543925,0.0999409925419733,0.0951027667143814,0.12231779098510742,0.007361528618597698,0.007361160719376869,0.06703734397888184,1.0454889512004111e-19
0.09536849362831921,0.08816407598129926,0.09994099890732817,0.09510348200650445,0.11798262596130371,0.007361160727303033,0.00736079284653357,0.06511735916137695,1.0455122026851866e-19
0.0953677224894215,0.08816392791638512,0.09994100527248231,0.09510419723577673,0.12509751319885254,0.007360792854432854,0.007360424991986747,0.0667872428894043,1.0455354520091422e-19
0.09536695135189809,0.08816377985964935,0.0999410116374357,0.09510491240220632,0.1274709701538086,0.007360424999985604,0.007360057155381128,0.07099103927612305,1.0455586981391858e-19
0.09536618021575072,0.0881636318110912,0.09994101800218833,0.09510562750580123,0.1195673942565918,0.007360057163962335,0.007359689338137798,0.0666513442993164,1.0455819457957254e-19
0.0953654090809812,0.08816348377070989,0.09994102436674021,0.0951063425465695,0.11829519271850586,0.007359689346359482,0.0073593215383027655,0.06336379051208496,1.0456051927931429e-19
0.09536463794759133,0.08816333573850468,0.09994103073109135,0.09510705752451915,0.1261739730834961,0.007359321547178435,0.007358953758540565,0.0669410228729248,1.0456284365725513e-19
0.09536386681558282,0.08816318771447482,0.09994103709524176,0.09510777243965822,0.12075448036193848,0.007358953766414828,0.007358585996009026,0.06780600547790527,1.0456516802504955e-19
0.09536309568495749,0.08816303969861955,0.09994104345919141,0.09510848729199471,0.11515164375305176,0.007358586004069837,0.007358218251951598,0.06331062316894531,1.0456749219808276e-19
0.09536232455571715,0.08816289169093813,0.09994104982294032,0.09510920208153666,0.12039470672607422,0.007358218260142869,0.007357850526368281,0.06334543228149414,1.0456981615949835e-19
0.0953615534278636,0.0881627436914298,0.09994105618648848,0.09510991680829203,0.1259136199951172,0.0073578505346333905,0.007357482819614347,0.0666959285736084,1.045721410500868e-19
0.09536078230139856,0.08816259570009381,0.0999410625498359,0.09511063147226889,0.12483739852905273,0.007357482827539013,0.007357115130623981,0.07048201560974121,1.0457446495400749e-19
0.09536001117632391,0.0881624477169294,0.09994106891298259,0.09511134607347532,0.11507320404052734,0.007357115138859283,0.007356747459930091,0.06436562538146973,1.0457678875565241e-19
0.09535924005264136,0.08816229974193582,0.09994107527592855,0.09511206061191939,0.11574697494506836,0.007356747468595165,0.00735637980859849,0.06312274932861328,1.0457911226903447e-19
0.09535846893035274,0.08816215177511232,0.09994108163867377,0.09511277508760906,0.1219947338104248,0.00735637981674281,0.0073560121750304575,0.0630495548248291,1.0458143584648036e-19
0.09535769780945981,0.08816200381645815,0.09994108800121825,0.09511348950055237,0.1259777545928955,0.007356012183302905,0.007355644560469443,0.06759858131408691,1.045837602101528e-19
0.09535692668996446,0.08816185586597255,0.099941094363562,0.09511420385075725,0.11512494087219238,0.007355644568273194,0.007355276963316726,0.06450772285461426,1.0458608351868572e-19
0.0953561555718684,0.08816170792365478,0.099941100725705,0.09511491813823184,0.11635470390319824,0.007355276971653817,0.007354909385526298,0.06395244598388672,1.045884072236485e-19
0.09535538445517339,0.08816155998950409,0.09994110708764728,0.0951156323629841,0.12203669548034668,0.007354909393444102,0.007354541825321803,0.06396842002868652,1.0459073035045759e-19
0.09535461333988135,0.0881614120635197,0.09994111344938883,0.09511634652502209,0.1253955364227295,0.007354541833644206,0.007354174284301962,0.06612563133239746,1.0459305359396172e-19
0.09535384222599398,0.08816126414570087,0.09994111981092965,0.09511706062435374,0.12604761123657227,0.007354174292250814,0.0073538067608680535,0.0674750804901123,1.0459537720384202e-19
0.0953530711135131,0.08816111623604687,0.09994112617226976,0.09511777466098711,0.11793947219848633,0.007353806769264406,0.007353439256618799,0.06632757186889648,1.0459770014897101e-19
0.09535230000244052,0.08816096833455693,0.09994113253340912,0.09511848863493018,0.11405348777770996,0.007353439264683291,0.0073530717708436555,0.0631706714630127,1.0460002314781974e-19
0.09535152889277805,0.08816082044123029,0.09994113889434776,0.095119202546191,0.1166388988494873,0.0073530717785065414,0.007352704302654445,0.06241178512573242,1.046023461138489e-19
0.09535075778452744,0.08816067255606622,0.09994114525508568,0.09511991639477754,0.12466120719909668,0.0073527043107343626,0.007352336853116981,0.06369757652282715,1.0460466960203497e-19
0.09534998667769043,0.08816052467906395,0.09994115161562288,0.09512063018069784,0.12247610092163086,0.007352336861365105,0.007351969422231264,0.06759190559387207,1.0460699188608024e-19
0.09534921557226886,0.08816037681022273,0.09994115797595936,0.09512134390395988,0.1164863109588623,0.00735196943039742,0.007351602009819658,0.06591248512268066,1.0460931461269789e-19
0.09534844446826458,0.08816022894954183,0.09994116433609511,0.09512205756457165,0.11410403251647949,0.0073516020178308605,0.007351234615349256,0.06281137466430664,1.0461163716116394e-19
0.09534767336567936,0.08816008109702049,0.09994117069603015,0.09512277116254116,0.1259911060333252,0.007351234623664759,0.007350867239530601,0.06298041343688965,1.0461395961676721e-19
0.09534690226451495,0.08815993325265795,0.09994117705576447,0.09512348469787643,0.1162712574005127,0.0073508672478978625,0.0073504998823636924,0.06194329261779785,1.0461628247171001e-19
0.09534613116477314,0.08815978541645347,0.09994118341529808,0.09512419817058547,0.11968469619750977,0.007350499890529259,0.00735013254349326,0.06351208686828613,1.046186043793256e-19
0.09534536006645573,0.0881596375884063,0.09994118977463097,0.09512491158067624,0.12671446800231934,0.007350132551556997,0.0073497652227416665,0.06560254096984863,1.0462092705749125e-19
0.09534458896956458,0.08815948976851568,0.09994119613376315,0.09512562492815672,0.12059307098388672,0.007349765230981577,0.007349397920286549,0.06732940673828125,1.0462324947751277e-19
0.09534381787410137,0.08815934195678085,0.09994120249269461,0.09512633821303498,0.11508536338806152,0.007349397928803012,0.0073490306368384495,0.06387710571289062,1.0462557117232291e-19
0.09534304678006798,0.08815919415320107,0.09994120885142536,0.09512705143531897,0.11618423461914062,0.007349030645018323,0.007348663371153918,0.06400942802429199,1.0462789312934756e-19
0.09534227568746623,0.0881590463577756,0.0999412152099554,0.0951277645950167,0.11791682243347168,0.007348663379628036,0.007348296124476406,0.06266236305236816,1.0463021517954368e-19
0.09534150459629785,0.0881588985705037,0.09994122156828474,0.09512847769213616,0.12897825241088867,0.0073482961326298505,0.007347928895384825,0.07148337364196777,1.0463253685494566e-19
0.09534073350656465,0.08815875079138458,0.09994122792641337,0.09512919072668533,0.12303328514099121,0.007347928904024482,0.007347561684944992,0.06402063369750977,1.046348587138769e-19
0.09533996241826846,0.08815860302041752,0.09994123428434129,0.09512990369867216,0.14412498474121094,0.0073475616938104,0.007347194493689813,0.07991337776184082,1.0463718041528243e-19
0.09533919133141108,0.08815845525760176,0.0999412406420685,0.09513061660810472,0.11827492713928223,0.007347194501985569,0.007346827320020566,0.06489157676696777,1.0463950220361645e-19
0.09533842024599437,0.08815830750293654,0.09994124699959502,0.09513132945499092,0.11370253562927246,0.007346827328549859,0.0073464601651807016,0.06429672241210938,1.0464182340965326e-19
0.09533764916202006,0.08815815975642115,0.09994125335692082,0.09513204223933885,0.11480879783630371,0.007346460173501235,0.007346093028459677,0.06324005126953125,1.0464414469176413e-19
0.09533687807948991,0.0881580120180548,0.09994125971404592,0.09513275496115647,0.1180119514465332,0.007346093036840548,0.007345725910923306,0.06254339218139648,1.0464646620139014e-19
0.09533610699840574,0.08815786428783676,0.09994126607097034,0.09513346762045173,0.12181901931762695,0.007345725918563736,0.007345358810262326,0.06435227394104004,1.0464878723948014e-19
0.0953353359187693,0.08815771656576626,0.09994127242769404,0.0951341802172326,0.12026834487915039,0.007345358818674668,0.00734499172914127,0.06784486770629883,1.0465110840360662e-19
0.09533456484058239,0.08815756885184257,0.09994127878421706,0.0951348927515071,0.11884307861328125,0.007344991737169692,0.007344624665783783,0.06648826599121094,1.0465342945310155e-19
0.09533379376384678,0.08815742114606494,0.09994128514053939,0.09513560522328315,0.12120628356933594,0.007344624674047939,0.007344257621078043,0.06758856773376465,1.0465575069562062e-19
0.09533302268856429,0.0881572734484326,0.099941291496661,0.09513631763256877,0.1197519302368164,0.0073442576293091585,0.007343890595379321,0.06881475448608398,1.0465807123978318e-19
0.09533225161473671,0.08815712575894483,0.09994129785258193,0.0951370299793719,0.11582064628601074,0.007343890602950978,0.007343523587088896,0.0668790340423584,1.046603922289419e-19
0.09533148054236587,0.08815697807760087,0.09994130420830216,0.09513774226370048,0.11444711685180664,0.007343523594974279,0.007343156596739675,0.0647420883178711,1.0466271251298064e-19
0.09533070947145345,0.08815683040439996,0.09994131056382169,0.09513845448556249,0.11169123649597168,0.007343156605379168,0.007342789625930379,0.06288790702819824,1.0466503380184392e-19
0.09532993840200132,0.08815668273934137,0.09994131691914054,0.09513916664496593,0.11497807502746582,0.007342789634161597,0.007342422672884652,0.06400632858276367,1.0466735380982857e-19
0.09532916733401127,0.08815653508242435,0.0999413232742587,0.09513987874191875,0.1145784854888916,0.0073424226813223565,0.0073420557390235786,0.06283783912658691,1.0466967446431685e-19
0.09532839626748514,0.08815638743364815,0.09994132962917618,0.09514059077642895,0.11516308784484863,0.007342055746859793,0.007341688822570802,0.06207013130187988,1.046719949054335e-19
0.09532762520242472,0.088156239793012,0.09994133598389296,0.09514130274850449,0.12717938423156738,0.007341688830772789,0.007341321924592137,0.06830573081970215,1.0467431497610723e-19
0.09532685413883178,0.08815609216051519,0.09994134233840907,0.09514201465815332,0.11603903770446777,0.007341321933061702,0.007340955045087583,0.0632944107055664,1.0467663465908058e-19
0.09532608307670822,0.08815594453615694,0.09994134869272449,0.09514272650538341,0.11652112007141113,0.007340955053725916,0.007340588184412411,0.061965227127075195,1.0467895514048754e-19
0.09532531201605579,0.08815579691993652,0.09994135504683922,0.09514343829020276,0.11842894554138184,0.007340588192762832,0.007340221342388986,0.06483745574951172,1.0468127541986616e-19
0.09532454095687626,0.08815564931185318,0.09994136140075327,0.09514415001261935,0.11882185935974121,0.007340221350170509,0.007339854517773858,0.062238454818725586,1.0468359506020592e-19
0.09532376989917135,0.08815550171190618,0.09994136775446665,0.09514486167264107,0.1215677261352539,0.007339854525950736,0.007339487711632842,0.06313276290893555,1.046859143480927e-19
0.0953229988429428,0.08815535412009476,0.09994137410797935,0.09514557327027591,0.12270212173461914,0.007339487720102606,0.007339120924676479,0.06549715995788574,1.0468823453574988e-19
0.09532222778819249,0.08815520653641817,0.09994138046129138,0.09514628480553185,0.1221776008605957,0.007339120932622475,0.007338754155483684,0.06705117225646973,1.0469055378241366e-19
0.0953214567349222,0.08815505896087567,0.09994138681440272,0.09514699627841683,0.11966419219970703,0.007338754163511832,0.00733838740440973,0.0683293342590332,1.0469287373789282e-19
0.09532068568313376,0.0881549113934665,0.09994139316731339,0.09514770768893878,0.1158597469329834,0.007338387412769396,0.0073380206721651575,0.06584978103637695,1.0469519340911399e-19
0.09531991463282892,0.08815476383418992,0.09994139952002339,0.09514841903710566,0.11648750305175781,0.0073380206803932225,0.0073376539583946965,0.06573081016540527,1.0469751271730061e-19
0.09531914358400949,0.08815461628304522,0.09994140587253271,0.09514913032292545,0.1257493495941162,0.0073376539663827026,0.007337287262387804,0.06900548934936523,1.0469983157913047e-19
0.09531837253667728,0.0881544687400316,0.09994141222484135,0.09514984154640609,0.11727309226989746,0.007337287270738012,0.007336920585565565,0.06676316261291504,1.0470215134001269e-19
0.09531760149083413,0.08815432120514835,0.09994141857694933,0.0951505527075555,0.11683177947998047,0.007336920593457091,0.007336553925796352,0.06635856628417969,1.0470447012263554e-19
0.09531683044648176,0.08815417367839472,0.09994142492885665,0.09515126380638164,0.11416172981262207,0.0073365539345408345,0.0073361872857447,0.06404900550842285,1.0470678909153224e-19
0.09531605940362205,0.08815402615976994,0.09994143128056329,0.09515197484289249,0.11525487899780273,0.007336187293985568,0.0073358206636342516,0.06409335136413574,1.0470910803854672e-19
0.09531528836225679,0.08815387864927328,0.09994143763206925,0.09515268581709602,0.11381864547729492,0.007335820671792018,0.007335454060530822,0.06280684471130371,1.0471142743810423e-19
0.09531451732238769,0.08815373114690397,0.09994144398337455,0.0951533967290001,0.11446857452392578,0.007335454067957534,0.007335087474302782,0.06295347213745117,1.0471374561996563e-19
0.09531374628401658,0.0881535836526613,0.09994145033447918,0.09515410757861273,0.11588811874389648,0.007335087482484409,0.007334720906904124,0.06402373313903809,1.0471606427948747e-19
0.09531297524714523,0.08815343616654449,0.09994145668538316,0.09515481836594178,0.11638379096984863,0.007334720915369595,0.007334354358334849,0.06254768371582031,1.047183831293236e-19
0.09531220421177548,0.08815328868855282,0.09994146303608648,0.0951555290909952,0.11971664428710938,0.007334354366612469,0.007333987828239685,0.06238722801208496,1.0472070169189306e-19
0.0953114331779091,0.08815314121868553,0.09994146938658913,0.09515623975378096,0.12819790840148926,0.007333987836211459,0.007333621315730454,0.06328940391540527,1.0472302018678474e-19
0.0953106621455479,0.08815299375694188,0.09994147573689112,0.09515695035430698,0.11853671073913574,0.007333621324167074,0.007333254822228241,0.06349420547485352,1.0472533827993018e-19
0.09530989111469372,0.08815284630332113,0.09994148208699245,0.09515766089258115,0.1188511848449707,0.00733325483047762,0.007332888347022504,0.06280803680419922,1.0472765632816601e-19
0.09530912008534825,0.08815269885782252,0.09994148843689313,0.09515837136861147,0.12136459350585938,0.007332888355142153,0.007332521890113242,0.0626375675201416,1.0472997445266563e-19
0.09530834905751327,0.08815255142044533,0.09994149478659314,0.09515908178240583,0.1260530948638916,0.007332521898159467,0.007332155451322819,0.06389522552490234,1.047322929284999e-19
0.0953075780311906,0.08815240399118879,0.09994150113609251,0.09515979213397219,0.12399744987487793,0.007332155459529394,0.0073317890308288725,0.06607437133789062,1.0473461082426435e-19
0.09530680700638207,0.08815225657005217,0.09994150748539123,0.09516050242331846,0.12244868278503418,0.007331789039251554,0.007331422628809037,0.0691688060760498,1.0473692858617414e-19
0.09530603598308944,0.08815210915703472,0.09994151383448928,0.09516121265045262,0.11710190773010254,0.0073314226373241125,0.007331056245440948,0.06775450706481934,1.0473924662169833e-19
0.09530526496131458,0.08815196175213569,0.09994152018338667,0.09516192281538254,0.11698603630065918,0.007331056253745787,0.007330689880191699,0.0661933422088623,1.047415638071203e-19
0.09530449394105935,0.08815181435535434,0.09994152653208342,0.09516263291811618,0.12613511085510254,0.007330689888514964,0.007330323533238925,0.0703575611114502,1.0474388125584329e-19
0.0953037229223255,0.08815166696668993,0.09994153288057953,0.09516334295866144,0.11807942390441895,0.007330323541632442,0.007329957205293169,0.0677025318145752,1.04746198981014e-19
0.09530295190511469,0.0881515195861417,0.09994153922887498,0.09516405293702627,0.11769485473632812,0.007329957213096169,0.0073295908944004395,0.06678962707519531,1.0474851637042347e-19
0.09530218088942882,0.08815137221370893,0.09994154557696978,0.09516476285321857,0.1153712272644043,0.007329590902906413,0.007329224602869999,0.06471848487854004,1.0475083377847709e-19
0.09530140987526967,0.08815122484939085,0.09994155192486395,0.09516547270724625,0.11518001556396484,0.0073292246110614676,0.007328858328925492,0.06337285041809082,1.0475315103815419e-19
0.09530063886263901,0.08815107749318672,0.09994155827255748,0.09516618249911725,0.11521363258361816,0.007328858337560129,0.0073284920743432735,0.06305885314941406,1.0475546844136414e-19
0.09529986785153868,0.08815093014509581,0.09994156462005035,0.09516689222883944,0.11754369735717773,0.007328492082400403,0.007328125837346988,0.06422257423400879,1.0475778514118416e-19
0.09529909684197048,0.08815078280511739,0.09994157096734259,0.09516760189642082,0.1165308952331543,0.0073281258455834474,0.007327759618824814,0.0630350112915039,1.0476010235843168e-19
0.09529832583393613,0.08815063547325067,0.09994157731443418,0.09516831150186923,0.11873364448547363,0.007327759627106975,0.007327393418599115,0.06224966049194336,1.0476241944331195e-19
0.09529755482743749,0.08815048814949494,0.09994158366132515,0.09516902104519266,0.13093209266662598,0.007327393426971427,0.007327027237025163,0.06976604461669922,1.0476473641038365e-19
0.09529678382247635,0.08815034083384947,0.09994159000801546,0.09516973052639899,0.11753225326538086,0.007327027245175842,0.007326661073570051,0.062273263931274414,1.0476705272564717e-19
0.09529601281905456,0.08815019352631348,0.09994159635450514,0.09517043994549616,0.12265920639038086,0.007326661081718288,0.007326294928411414,0.06264877319335938,1.0476936920790387e-19
0.09529524181717391,0.08815004622688624,0.09994160270079419,0.09517114930249204,0.12164187431335449,0.007326294936597921,0.007325928801904524,0.06338787078857422,1.0477168600687475e-19
0.09529447081683608,0.088149898935567,0.0999416090468826,0.09517185859739453,0.12595081329345703,0.0073259288098137185,0.007325562692805931,0.06656646728515625,1.0477400219034842e-19
0.09529369981804292,0.08814975165235504,0.09994161539277037,0.09517256783021158,0.12475776672363281,0.007325562701366226,0.007325196602891992,0.06773114204406738,1.0477631895902934e-19
0.09529292882079628,0.0881496043772496,0.09994162173845751,0.0951732770009511,0.11937880516052246,0.0073251966112534515,0.007324830531096893,0.06881880760192871,1.0477863520706852e-19
0.09529215782509792,0.08814945711024993,0.09994162808394402,0.09517398610962093,0.11629366874694824,0.007324830539473498,0.007324464477775905,0.06645774841308594,1.0478095096810231e-19
0.09529138683094959,0.0881493098513553,0.09994163442922992,0.095174695156229,0.11556529998779297,0.007324464486027041,0.0073240984425737565,0.06513690948486328,1.0478326777427739e-19
0.09529061583835319,0.08814916260056496,0.09994164077431518,0.09517540414078318,0.1159660816192627,0.00732409845091256,0.007323732426200991,0.06413507461547852,1.0478558333433305e-19
0.09528984484731046,0.08814901535787817,0.09994164711919983,0.09517611306329145,0.12471914291381836,0.007323732434128384,0.007323366427591793,0.06851530075073242,1.0478789968137478e-19
0.09528907385782322,0.0881488681232942,0.09994165346388384,0.09517682192376163,0.11727333068847656,0.007323366435674689,0.007323000447279071,0.0664212703704834,1.0479021529934199e-19
0.09528830286989329,0.08814872089681228,0.09994165980836724,0.09517753072220167,0.11559891700744629,0.007323000455550861,0.007322634485085189,0.06505346298217773,1.0479253088229057e-19
0.09528753188352244,0.08814857367843167,0.09994166615265,0.09517823945861942,0.11489319801330566,0.00732263449375601,0.00732226854207596,0.06401562690734863,1.0479484648013638e-19
0.09528676089871246,0.08814842646815164,0.09994167249673214,0.09517894813302277,0.11586308479309082,0.007322268550287529,0.007321902617718479,0.06318950653076172,1.0479716199116927e-19
0.09528598991546514,0.08814827926597146,0.09994167884061367,0.0951796567454196,0.1173551082611084,0.0073219026251444,0.007321536710236387,0.06414055824279785,1.0479947761298324e-19
0.09528521893378228,0.08814813207189039,0.09994168518429457,0.09518036529581785,0.1164708137512207,0.00732153671832716,0.007321170821406042,0.06262850761413574,1.0480179344124387e-19
0.0952844479536657,0.08814798488590765,0.09994169152777484,0.09518107378422536,0.11713194847106934,0.007321170829835954,0.007320804951582716,0.06226778030395508,1.048041083108891e-19
0.09528367697511718,0.08814783770802254,0.0999416978710545,0.09518178221065009,0.12279915809631348,0.007320804959667024,0.007320439099700593,0.06284761428833008,1.0480642364224957e-19
0.09528290599813846,0.0881476905382343,0.09994170421413355,0.09518249057509987,0.1307368278503418,0.007320439107820891,0.007320073266292582,0.07193398475646973,1.0480873886244774e-19
0.0952821350227313,0.0881475433765422,0.09994171055701198,0.09518319887758267,0.12292337417602539,0.0073200732742962245,0.007319707450825774,0.06325101852416992,1.0481105437179561e-19
0.09528136404889762,0.08814739622294547,0.09994171689968981,0.09518390711810629,0.12408208847045898,0.007319707459093178,0.007319341654365985,0.06417036056518555,1.0481336882419466e-19
0.09528059307663912,0.08814724907744341,0.09994172324216702,0.09518461529667865,0.12314152717590332,0.007319341662208786,0.007318975875314493,0.06670999526977539,1.0481568390970226e-19
0.09527982210595762,0.08814710194003524,0.09994172958444361,0.0951853234133077,0.12413454055786133,0.0073189758836455015,0.007318610114559476,0.06772255897521973,1.0481799855591281e-19
0.09527905113685498,0.08814695481072024,0.0999417359265196,0.09518603146800127,0.11985492706298828,0.007318610123400789,0.007318244373877292,0.06902265548706055,1.0482031337123944e-19
0.09527828016933296,0.08814680768949767,0.09994174226839497,0.0951867394607672,0.11690711975097656,0.007318244381470922,0.007317878649892862,0.0667121410369873,1.0482262779695189e-19
0.09527750920339337,0.08814666057636679,0.09994174861006974,0.09518744739161338,0.11524271965026855,0.007317878657858357,0.007317512943849636,0.06489849090576172,1.0482494280001924e-19
0.09527673823903801,0.08814651347132686,0.0999417549515439,0.09518815526054768,0.11510252952575684,0.007317512952561609,0.007317147257701606,0.06447863578796387,1.0482725663110384e-19
0.0952759672762686,0.08814636637437713,0.09994176129281747,0.09518886306757794,0.11481857299804688,0.007317147265579276,0.007316781588961874,0.06317949295043945,1.048295710155939e-19
0.09527519631508702,0.08814621928551686,0.09994176763389041,0.0951895708127121,0.1272902488708496,0.007316781596908899,0.007316415938696252,0.06672525405883789,1.0483188528387337e-19
0.09527442535549499,0.0881460722047453,0.09994177397476277,0.09519027849595797,0.11546564102172852,0.007316415946551821,0.0073160503061941995,0.0645589828491211,1.0483419986396008e-19
0.09527365439749438,0.08814592513206172,0.09994178031543452,0.09519098611732349,0.11490345001220703,0.00731605031450783,0.007315684693054436,0.06356000900268555,1.048365139987711e-19
0.09527288344108696,0.08814577806746539,0.09994178665590567,0.0951916936768165,0.11494898796081543,0.007315684700773257,0.00731531909732297,0.06302380561828613,1.0483882775833306e-19
0.0952721124862746,0.08814563101095554,0.09994179299617623,0.0951924011744449,0.11787819862365723,0.007315319105349324,0.00731495352024325,0.0639188289642334,1.0484114190287205e-19
0.09527134153305897,0.08814548396253147,0.09994179933624617,0.09519310861021649,0.11916399002075195,0.007314953528233335,0.007314587960571828,0.06367731094360352,1.0484345551418027e-19
0.095270570581442,0.08814533692219241,0.09994180567611553,0.09519381598413917,0.1200714111328125,0.007314587969427841,0.0073142224204403306,0.06290841102600098,1.0484576955428995e-19
0.09526979963142544,0.08814518988993764,0.0999418120157843,0.09519452329622077,0.12226653099060059,0.007314222428928459,0.007313856898782944,0.06321525573730469,1.0484808324675925e-19
0.0952690286830111,0.08814504286576641,0.09994181835525247,0.09519523054646915,0.12633228302001953,0.007313856906734908,0.007313491394889127,0.06455063819885254,1.0485039646788141e-19
0.09526825773620075,0.08814489584967798,0.09994182469452004,0.0951959377348922,0.12482333183288574,0.0073134914028473545,0.007313125908936513,0.06836247444152832,1.0485271010150201e-19
0.09526748679099618,0.0881447488416716,0.09994183103358702,0.09519664486149779,0.1270601749420166,0.007313125917264539,0.007312760441813282,0.06557559967041016,1.0485502367251316e-19
0.0952667158473992,0.08814460184174656,0.09994183737245341,0.09519735192629374,0.12434816360473633,0.007312760449983848,0.0073123949928088905,0.06810855865478516,1.0485733668207337e-19
0.09526594490541154,0.0881444548499021,0.09994184371111921,0.09519805892928794,0.12166833877563477,0.007312395001006752,0.0073120295621009745,0.06916356086730957,1.0485964975819998e-19
0.0952651739650351,0.08814430786613749,0.09994185004958442,0.09519876587048824,0.11742424964904785,0.007312029570331927,0.007311664149511898,0.06750011444091797,1.0486196345413108e-19
0.09526440302627165,0.08814416089045199,0.09994185638784904,0.09519947274990252,0.11743378639221191,0.007311664157956853,0.007311298755396933,0.06634783744812012,1.0486427577442724e-19
0.09526363208912299,0.08814401392284485,0.09994186272591307,0.09520017956753858,0.11622166633605957,0.007311298763880914,0.007310933379933715,0.06482934951782227,1.0486658896483644e-19
0.0952628611535909,0.08814386696331535,0.09994186906377653,0.09520088632340433,0.11473751068115234,0.007310933388104138,0.007310568022411701,0.0635075569152832,1.048689019447129e-19
0.09526209021967712,0.08814372001186271,0.0999418754014394,0.09520159301750765,0.11458516120910645,0.007310568030625011,0.007310202683186162,0.06314945220947266,1.0487121470845779e-19
0.09526131928738349,0.08814357306848625,0.09994188173890167,0.09520229964985634,0.11689472198486328,0.007310202691442591,0.007309837362079463,0.0638282299041748,1.048735274039298e-19
0.09526054835671181,0.0881434261331852,0.09994188807616337,0.09520300622045824,0.12813854217529297,0.007309837370556011,0.007309472060157418,0.06377410888671875,1.0487584056434012e-19
0.09525977742766391,0.08814327920595881,0.0999418944132245,0.0952037127293212,0.11552858352661133,0.0073094720679649176,0.007309106775288399,0.06305384635925293,1.0487815249505934e-19
0.09525900650024156,0.08814313228680636,0.09994190075008505,0.0952044191764531,0.11728429794311523,0.007309106783669137,0.0073087415094263974,0.06408214569091797,1.0488046540139311e-19
0.09525823557444656,0.08814298537572712,0.09994190708674502,0.09520512556186174,0.11640048027038574,0.007308741517666398,0.007308376262216143,0.06278753280639648,1.0488277724065192e-19
0.09525746465028068,0.08814283847272035,0.09994191342320442,0.095205831885555,0.11780285835266113,0.0073083762699553976,0.007308011032414186,0.062401533126831055,1.0488508920325083e-19
0.09525669372774578,0.08814269157778531,0.09994191975946325,0.0952065381475407,0.12237429618835449,0.007308011040536329,0.007307645821441611,0.0628824234008789,1.0488740158354843e-19
0.09525592280684364,0.08814254469092127,0.0999419260955215,0.09520724434782668,0.12398099899291992,0.007307645829407516,0.007307280628232604,0.06392860412597656,1.0488971353919077e-19
0.09525515188757604,0.08814239781212746,0.09994193243137918,0.09520795048642078,0.12509465217590332,0.007307280636569111,0.0073069154536753445,0.06660938262939453,1.0489202562445191e-19
0.09525438096994479,0.08814225094140317,0.09994193876703629,0.09520865656333084,0.1224985122680664,0.007306915462019854,0.0073065502972369245,0.06798076629638672,1.0489433796429016e-19
0.09525361005395164,0.08814210407874765,0.09994194510249282,0.09520936257856472,0.11930561065673828,0.007306550305758457,0.007306185159627887,0.06607508659362793,1.0489664947522163e-19
0.09525283913959838,0.08814195722416016,0.09994195143774878,0.09521006853213014,0.12292647361755371,0.007306185167783955,0.007305820039782418,0.06660199165344238,1.0489896154471979e-19
0.09525206822688684,0.08814181037763996,0.09994195777280418,0.095210774424035,0.12129831314086914,0.007305820048094179,0.00730545493841106,0.06860756874084473,1.0490127284736317e-19
0.0952512973158188,0.08814166353918633,0.09994196410765901,0.09521148025428723,0.11763691902160645,0.007305454946690534,0.007305089855336178,0.06769704818725586,1.0490358469983803e-19
0.09525052640639611,0.08814151670879851,0.09994197044231329,0.09521218602289458,0.11630702018737793,0.007305089863571063,0.007304724790380135,0.06645846366882324,1.049058958917871e-19
0.0952497554986206,0.08814136988647578,0.09994197677676699,0.09521289172986483,0.11577486991882324,0.007304724798734918,0.007304359744253475,0.06464505195617676,1.0490820741451893e-19
0.09524898459249401,0.08814122307221739,0.09994198311102012,0.09521359737520588,0.11575055122375488,0.007304359752179416,0.007303994715890383,0.06364989280700684,1.0491051860432117e-19
0.09524821368801814,0.08814107626602263,0.0999419894450727,0.0952143029589255,0.11527276039123535,0.007303994723907057,0.007303629706179038,0.06298351287841797,1.049128295953206e-19
0.09524744278519476,0.08814092946789075,0.09994199577892471,0.09521500848103157,0.11635494232177734,0.007303629713914853,0.0073032647140536255,0.06394219398498535,1.0491514059021744e-19
0.0952466718840257,0.088140782677821,0.09994200211257617,0.09521571394153187,0.11619186401367188,0.0073032647222026365,0.007302899740402324,0.06262803077697754,1.0491745179036898e-19
0.09524590098451281,0.08814063589581267,0.09994200844602706,0.09521641934043429,0.12620878219604492,0.007302899748768757,0.007302534785225134,0.06284594535827637,1.0491976266709042e-19
0.09524513008665791,0.088140489121865,0.0999420147792774,0.09521712467774664,0.1178598403930664,0.00730253479361238,0.00730216984834442,0.06447291374206543,1.0492207359267221e-19
0.09524435919046273,0.08814034235597727,0.09994202111232718,0.09521782995347672,0.11650204658508301,0.007302169856733508,0.007301804930115452,0.06253957748413086,1.0492438437514763e-19
0.09524358829592902,0.08814019559814873,0.0999420274451764,0.09521853516763236,0.11768412590026855,0.007301804938129524,0.0073014400296500526,0.06246805191040039,1.0492669489372582e-19
0.09524281740305857,0.08814004884837866,0.09994203377782507,0.09521924032022137,0.12122774124145508,0.007301440037800308,0.007301075147303493,0.06303739547729492,1.0492900579042508e-19
0.0952420465118532,0.0881399021066663,0.09994204011027319,0.09521994541125153,0.12286520004272461,0.007301075155746548,0.0073007102834310444,0.06316494941711426,1.0493131644293719e-19
0.09524127562231478,0.08813975537301096,0.09994204644252075,0.09522065044073072,0.1267533302307129,0.00730071029196596,0.007300345438032707,0.06637430191040039,1.0493362668215473e-19
0.0952405047344451,0.08813960864741184,0.09994205277456776,0.09522135540866673,0.12418317794799805,0.007300345446457666,0.007299980610575574,0.06787443161010742,1.04935937112885e-19
0.09523973384824598,0.08813946192986825,0.09994205910641422,0.09522206031506733,0.1203770637512207,0.007299980619221076,0.007299615801592552,0.0687551498413086,1.0493824689877742e-19
0.09523896296371916,0.08813931522037945,0.09994206543806015,0.09522276515994033,0.12238717079162598,0.007299615810254937,0.007299251011438912,0.07010555267333984,1.0494055718673454e-19
0.0952381920808664,0.08813916851894468,0.09994207176950554,0.09522346994329356,0.12201881408691406,0.007299251019557642,0.007298886238515934,0.06775856018066406,1.0494286697285055e-19
0.09523742119968952,0.08813902182556324,0.09994207810075037,0.09522417466513482,0.11836600303649902,0.007298886247129668,0.007298521484955245,0.06784248352050781,1.0494517792902373e-19
0.09523665032019034,0.08813887514023437,0.09994208443179466,0.09522487932547194,0.11691069602966309,0.0072985214929673185,0.007298156748802853,0.06658625602722168,1.049474871997433e-19
0.09523587944237066,0.08813872846295735,0.09994209076263841,0.0952255839243127,0.1157217025756836,0.007298156757072792,0.007297792030946937,0.06504487991333008,1.0494979685120707e-19
0.09523510856623221,0.08813858179373145,0.09994209709328161,0.09522628846166492,0.1147928237915039,0.0072977920394444815,0.007297427331920403,0.0642240047454834,1.0495210693740528e-19
0.09523433769177683,0.08813843513255593,0.09994210342372428,0.09522699293753636,0.1158297061920166,0.007297427340080703,0.007297062650835073,0.06317758560180664,1.0495441640183439e-19
0.09523356681900634,0.08813828847943005,0.0999421097539664,0.09522769735193488,0.11705708503723145,0.007297062658980299,0.007296697987868583,0.06395912170410156,1.0495672569812448e-19
0.09523279594792253,0.08813814183435308,0.09994211608400799,0.09522840170486822,0.11699461936950684,0.00729669799614374,0.0072963333433762045,0.06280660629272461,1.0495903562186686e-19
0.09523202507852724,0.08813799519732426,0.09994212241384905,0.09522910599634424,0.11938905715942383,0.007296333351569632,0.0072959687170026655,0.062285423278808594,1.0496134452101946e-19
0.09523125421082226,0.0881378485683429,0.09994212874348958,0.09522981022637071,0.12584543228149414,0.007295968725256509,0.007295604108925602,0.062493085861206055,1.0496365428313495e-19
0.09523048334480938,0.08813770194740825,0.09994213507292957,0.09523051439495545,0.11937785148620605,0.007295604117204793,0.007295239519145014,0.06301712989807129,1.0496596333656602e-19
0.0952297124804904,0.08813755533451956,0.09994214140216902,0.09523121850210622,0.1233530044555664,0.0072952395274124724,0.007294874947127994,0.06264734268188477,1.0496827229522733e-19
0.09522894161786713,0.0881374087296761,0.09994214773120795,0.09523192254783083,0.12195658683776855,0.007294874955879098,0.007294510394473264,0.06333422660827637,1.0497058125979523e-19
0.09522817075694126,0.08813726213287712,0.09994215406004635,0.09523262653213709,0.1260383129119873,0.007294510402601623,0.007294145859049195,0.06658697128295898,1.0497288994683188e-19
0.09522739989771466,0.08813711554412192,0.09994216038868421,0.09523333045503275,0.1237633228302002,0.007294145867581883,0.007293781342987415,0.06740236282348633,1.0497519908029618e-19
0.09522662904018914,0.08813696896340975,0.09994216671712156,0.09523403431652563,0.12032151222229004,0.007293781350816535,0.007293416844333933,0.06864500045776367,1.0497750775784382e-19
0.0952258581843666,0.08813682239073989,0.09994217304535837,0.09523473811662352,0.11699891090393066,0.007293416852305409,0.007293052364332198,0.06660103797912598,1.0497981654973977e-19
0.09522508733024873,0.08813667582611158,0.09994217937339464,0.09523544185533417,0.11737370491027832,0.0072930523720485165,0.007292687901738759,0.06693387031555176,1.049821255744072e-19
0.09522431647783734,0.0881365292695241,0.0999421857012304,0.09523614553266538,0.12636876106262207,0.0072926879100453906,0.0072923234583299745,0.0720055103302002,1.0498443360231335e-19
0.09522354562713427,0.08813638272097672,0.09994219202886563,0.09523684914862492,0.11800217628479004,0.007292323466293714,0.007291959032862394,0.06781744956970215,1.0498674210221726e-19
0.09522277477814128,0.08813623618046872,0.09994219835630033,0.09523755270322057,0.11781883239746094,0.007291959040793243,0.007291594625513653,0.06698465347290039,1.0498905025320676e-19
0.09522200393086017,0.08813608964799934,0.09994220468353451,0.09523825619646015,0.11704468727111816,0.007291594633543362,0.007291230236461388,0.06523299217224121,1.0499135898336353e-19
0.09522123308529273,0.08813594312356786,0.09994221101056817,0.09523895962835142,0.11424589157104492,0.00729123024454289,0.007290865865350327,0.06334900856018066,1.0499366634661023e-19
0.0952204622414408,0.08813579660717355,0.09994221733740132,0.09523966299890216,0.11574459075927734,0.007290865873791588,0.007290501513246284,0.06342291831970215,1.0499597462413183e-19
0.0952196913993062,0.08813565009881567,0.09994222366403394,0.09524036630812018,0.1179201602935791,0.007290501521287824,0.007290137178728173,0.06365132331848145,1.0499828272378932e-19
0.0952189205588907,0.0881355035984935,0.09994222999046604,0.09524106955601319,0.11998796463012695,0.007290137187031015,0.00728977286286181,0.06415557861328125,1.0500059059570727e-19
0.09521814972019609,0.08813535710620629,0.09994223631669763,0.09524177274258902,0.1233985424041748,0.0072897728710195455,0.007289408564581379,0.0633082389831543,1.0500289833687955e-19
0.09521737888322415,0.08813521062195333,0.09994224264272872,0.0952424758678554,0.1305983066558838,0.007289408573253633,0.007289044284775059,0.07244133949279785,1.0500520588253415e-19
0.09521660804797671,0.08813506414573387,0.09994224896855929,0.09524317893182012,0.12238597869873047,0.007289044293732285,0.007288680024508665,0.06304931640625,1.0500751368574653e-19
0.09521583721445562,0.08813491767754719,0.09994225529418935,0.09524388193449093,0.12610864639282227,0.007288680032451146,0.0072883157809400245,0.06474542617797852,1.0500982110414604e-19
0.09521506638266261,0.08813477121739256,0.0999422616196189,0.09524458487587563,0.12627172470092773,0.0072883157894130905,0.0072879515563784025,0.06714725494384766,1.0501212855593033e-19
0.09521429555259953,0.08813462476526923,0.09994226794484794,0.095245287755982,0.12320184707641602,0.007287951564615841,0.007287587350113256,0.0697638988494873,1.0501443626938444e-19
0.09521352472426817,0.08813447832117649,0.09994227426987647,0.09524599057481778,0.11876678466796875,0.007287587358057771,0.007287223161611678,0.06828117370605469,1.0501674314125292e-19
0.09521275389767037,0.08813433188511358,0.09994228059470449,0.09524669333239073,0.11765599250793457,0.007287223169740363,0.007286858991584211,0.06771016120910645,1.0501905035066498e-19
0.09521198307280788,0.08813418545707978,0.09994228691933199,0.09524739602870864,0.1156151294708252,0.007286858999660667,0.007286494839497948,0.06503725051879883,1.050213576737754e-19
0.09521121224968251,0.08813403903707437,0.099942293243759,0.09524809866377927,0.1159052848815918,0.0072864948478195204,0.00728613070570816,0.06433749198913574,1.0502366470988547e-19
0.09521044142829606,0.0881338926250966,0.0999422995679855,0.09524880123761034,0.11580610275268555,0.0072861307142155825,0.007285766590214848,0.06358504295349121,1.0502597141128502e-19
0.0952096706086503,0.08813374622114577,0.09994230589201152,0.09524950375020964,0.12697958946228027,0.007285766598847335,0.007285402493728554,0.06586146354675293,1.0502827782497671e-19
0.095208899790747,0.08813359982522112,0.09994231221583702,0.09525020620158495,0.11597204208374023,0.007285402501712083,0.007285038414650558,0.06461644172668457,1.0503058477621139e-19
0.09520812897458795,0.08813345343732193,0.09994231853946202,0.09525090859174404,0.11625981330871582,0.007285038422811355,0.007284674354046672,0.06363177299499512,1.050328915011527e-19
0.09520735816017503,0.08813330705744744,0.09994232486288653,0.09525161092069466,0.1177830696105957,0.007284674362143506,0.007284310311561626,0.0645437240600586,1.0503519820390543e-19
0.0952065873475101,0.08813316068559696,0.09994233118611054,0.09525231318844453,0.11738753318786621,0.007284310319707006,0.00728394628719542,0.06356453895568848,1.0503750451653052e-19
0.09520581653659484,0.08813301432176973,0.09994233750913405,0.09525301539500143,0.11844158172607422,0.007283946295501902,0.007283582281836232,0.06286883354187012,1.0503981097548406e-19
0.09520504572743109,0.08813286796596503,0.09994234383195706,0.09525371754037311,0.12173891067504883,0.007283582289525578,0.007283218293352434,0.06334209442138672,1.0504211712824008e-19
0.09520427492002062,0.08813272161818214,0.09994235015457958,0.09525441962456734,0.12360668182373047,0.0072832183017808635,0.007282854324230925,0.06433749198913574,1.0504442374129421e-19
0.09520350411436532,0.08813257527842033,0.0999423564770016,0.09525512164759183,0.1276402473449707,0.0072828543322631546,0.007282490372872985,0.06718659400939941,1.0504672959370804e-19
0.09520273331046691,0.08813242894667886,0.09994236279922314,0.0952558236094543,0.11933445930480957,0.007282490380973154,0.00728212643981152,0.06656241416931152,1.0504903584038842e-19
0.09520196250832726,0.08813228262295698,0.09994236912124418,0.0952565255101625,0.1256115436553955,0.007282126447909036,0.007281762525046531,0.0670933723449707,1.0505134159745083e-19
0.09520119170794812,0.088132136307254,0.09994237544306474,0.09525722734972425,0.12495589256286621,0.007281762533070798,0.0072813986285780175,0.06839275360107422,1.0505364743133431e-19
0.09520042090933126,0.08813198999956919,0.0999423817646848,0.09525792912814728,0.1192481517791748,0.007281398636457281,0.007281034749695436,0.06932544708251953,1.0505595318756644e-19
0.09519965011247855,0.08813184369990179,0.09994238808610438,0.09525863084543924,0.11707425117492676,0.0072810347580685485,0.007280670890175145,0.0670316219329834,1.0505825877550687e-19
0.09519887931739171,0.0881316974082511,0.09994239440732347,0.09525933250160794,0.11620235443115234,0.007280670897900904,0.007280307047352608,0.06533169746398926,1.050605645051339e-19
0.09519810852407258,0.08813155112461636,0.09994240072834208,0.09526003409666106,0.11462640762329102,0.007280307055956994,0.007279943224247631,0.0644063949584961,1.050628702958752e-19
0.0951973377325229,0.08813140484899686,0.0999424070491602,0.09526073563060637,0.11583566665649414,0.007279943232233019,0.007279579418728588,0.0634756088256836,1.0506517552295501e-19
0.09519656694274455,0.08813125858139187,0.09994241336977783,0.09526143710345163,0.11632227897644043,0.007279579426729146,0.007279215631150748,0.06385660171508789,1.050674809162389e-19
0.09519579615473922,0.08813111232180065,0.09994241969019498,0.09526213851520454,0.11644983291625977,0.0072792156394448195,0.007278851862224656,0.06280136108398438,1.0506978629792085e-19
0.09519502536850881,0.08813096607022247,0.09994242601041166,0.09526283986587289,0.12726616859436035,0.007278851870378416,0.007278488111417403,0.06393623352050781,1.050720915473419e-19
0.09519425458405509,0.08813081982665662,0.09994243233042785,0.09526354115546443,0.1150674819946289,0.0072784881195290885,0.007278124379084261,0.06313347816467285,1.0507439671859382e-19
0.09519348380137978,0.08813067359110234,0.09994243865024356,0.09526424238398683,0.11771750450134277,0.007278124386895455,0.007277760664159416,0.06397056579589844,1.0507670132059706e-19
0.09519271302048475,0.08813052736355892,0.0999424449698588,0.09526494355144784,0.11817765235900879,0.007277760672478782,0.007277396968063954,0.06334662437438965,1.0507900644253278e-19
0.09519194224137188,0.08813038114402563,0.09994245128927355,0.09526564465785516,0.11915445327758789,0.007277396976275701,0.007277033289909696,0.06271934509277344,1.0508131142146825e-19
0.09519117146404298,0.08813023493250173,0.09994245760848784,0.0952663457032165,0.1220252513885498,0.007277033298287015,0.007276669630229549,0.06324386596679688,1.0508361584051779e-19
0.0951904006884998,0.0881300887289865,0.09994246392750165,0.09526704668753962,0.1250898838043213,0.007276669638511486,0.007276305989201148,0.06413388252258301,1.0508592051737984e-19
0.09518962991474414,0.08812994253347921,0.09994247024631499,0.09526774761083223,0.12478208541870117,0.0072763059969467424,0.007275942365581045,0.06691646575927734,1.0508822492637217e-19
0.09518885914277783,0.0881297963459791,0.09994247656492786,0.09526844847310208,0.12197518348693848,0.007275942373593651,0.007275578760257417,0.06807541847229004,1.0509052971719524e-19
0.09518808837260269,0.08812965016648551,0.09994248288334025,0.09526914927435685,0.11888289451599121,0.007275578768450001,0.007275215173763172,0.0655672550201416,1.0509283387097211e-19
0.09518731760422042,0.08812950399499767,0.09994248920155217,0.09526985001460427,0.12331771850585938,0.007275215181515091,0.0072748516048548595,0.06691813468933105,1.050951381573751e-19
0.0951865468376329,0.08812935783151486,0.09994249551956363,0.09527055069385205,0.1215815544128418,0.00727485161278839,0.007274488054243022,0.06903839111328125,1.0509744258449087e-19
0.09518577607284194,0.08812921167603636,0.09994250183737462,0.09527125131210795,0.11776876449584961,0.007274488062269399,0.007274124521572389,0.06721997261047363,1.0509974637016417e-19
0.09518500530984927,0.08812906552856145,0.09994250815498515,0.09527195186937965,0.11735415458679199,0.007274124529956792,0.007273761007198232,0.06652235984802246,1.0510205061287831e-19
0.0951842345486567,0.08812891938908937,0.09994251447239522,0.09527265236567485,0.11589550971984863,0.007273761015851067,0.007273397511653457,0.06460833549499512,1.0510435473036077e-19
0.09518346378926602,0.08812877325761942,0.09994252078960482,0.0952733528010013,0.11478471755981445,0.007273397519949851,0.007273034034227521,0.06360793113708496,1.0510665810137561e-19
0.09518269303167905,0.08812862713415086,0.09994252710661396,0.0952740531753667,0.1146092414855957,0.007273034042250945,0.00727267057474279,0.06287407875061035,1.0510896205095394e-19
0.09518192227589771,0.08812848101868295,0.09994253342342264,0.09527475348877881,0.11742210388183594,0.007272670582755088,0.007272307133021627,0.06381559371948242,1.0511126535376512e-19
0.09518115152192375,0.088128334911215,0.09994253974003088,0.09527545374124531,0.11675715446472168,0.007272307141461159,0.007271943710129847,0.06266546249389648,1.0511356921582634e-19
0.09518038076975896,0.08812818881174625,0.09994254605643865,0.0952761539327739,0.12728118896484375,0.007271943718368133,0.007271580305534542,0.06309366226196289,1.0511587289134907e-19
0.09517961001940502,0.08812804272027598,0.09994255237264596,0.0952768540633723,0.11692309379577637,0.00727158031347437,0.007271216919058077,0.06433510780334473,1.0511817642067198e-19
0.09517883927086378,0.08812789663680347,0.09994255868865282,0.09527755413304818,0.11735773086547852,0.007271216926779048,0.007270853550522816,0.06569075584411621,1.0512047936420736e-19
0.09517806852413703,0.08812775056132799,0.09994256500445922,0.0952782541418093,0.1229696273803711,0.007270853558282218,0.007270490199751123,0.06324982643127441,1.0512278331953892e-19
0.09517729777922666,0.08812760449384882,0.09994257132006516,0.09527895408966332,0.12672877311706543,0.007270490207984056,0.007270126867631177,0.06588125228881836,1.0512508604818186e-19
0.0951765270361344,0.08812745843436523,0.09994257763547065,0.09527965397661797,0.12482881546020508,0.0072701268758822435,0.0072697635538077066,0.06928229331970215,1.0512738903423214e-19
0.09517575629486202,0.0881273123828765,0.0999425839506757,0.09528035380268096,0.11677098274230957,0.007269763561975194,0.007269400258280712,0.06678128242492676,1.0512969200854133e-19
0.09517498555541137,0.08812716633938186,0.09994259026568031,0.09528105356785993,0.11498904228210449,0.007269400266262015,0.007269036980872556,0.0643928050994873,1.0513199459196712e-19
0.09517421481778426,0.08812702030388063,0.09994259658048446,0.09528175327216258,0.11677837371826172,0.007269036988742435,0.0072686737212279695,0.06342959403991699,1.0513429757603811e-19
0.09517344408198239,0.08812687427637209,0.09994260289508816,0.09528245291559666,0.1284031867980957,0.007268673729416869,0.0072683104797022224,0.07024788856506348,1.051366006924357e-19
0.09517267334800765,0.0881267282568555,0.09994260920949141,0.09528315249816986,0.11923956871032715,0.00726831048828386,0.007267947257005858,0.06290411949157715,1.0513890295487908e-19
0.09517190261586178,0.08812658224533014,0.09994261552369423,0.09528385201988984,0.12466287612915039,0.007267947265342005,0.007267584052073062,0.06414222717285156,1.0514120569282879e-19
0.09517113188554661,0.08812643624179528,0.0999426218376966,0.09528455148076431,0.12414240837097168,0.007267584060589792,0.007267220865614377,0.06788992881774902,1.0514350779420498e-19
0.09517036115706397,0.08812629024625018,0.09994262815149854,0.09528525088080099,0.11842179298400879,0.007267220874025648,0.007266857697274531,0.06748676300048828,1.0514581004543726e-19
0.09516959043041565,0.08812614425869413,0.09994263446510003,0.09528595022000756,0.11555910110473633,0.007266857705649979,0.0072664945472311615,0.0643608570098877,1.0514811228862821e-19
0.09516881970560347,0.0881259982791264,0.09994264077850108,0.09528664949839169,0.11493778228759766,0.007266494555460842,0.007266131415128996,0.06280970573425293,1.0515041492960785e-19
0.09516804898262923,0.08812585230754627,0.0999426470917017,0.09528734871596112,0.11655092239379883,0.007266131423458063,0.007265768301500941,0.06256890296936035,1.0515271651633105e-19
0.09516727826149476,0.08812570634395302,0.09994265340470186,0.09528804787272349,0.1194310188293457,0.0072657683096402845,0.007265405205458819,0.06328010559082031,1.0515501954442509e-19
0.09516650754220184,0.0881255603883459,0.09994265971750159,0.09528874696868651,0.13111186027526855,0.007265405214007712,0.007265042128778987,0.07246637344360352,1.0515732105967772e-19
0.09516573682475224,0.08812541444072419,0.09994266603010088,0.09528944600385784,0.12180113792419434,0.007265042136557327,0.007264679068974544,0.06331777572631836,1.0515962257884566e-19
0.09516496610914779,0.08812526850108719,0.09994267234249973,0.09529014497824519,0.1270608901977539,0.007264679077291659,0.007264316028354756,0.06673169136047363,1.0516192440656887e-19
0.09516419539539024,0.08812512256943415,0.09994267865469815,0.09529084389185626,0.12417030334472656,0.007264316036206069,0.007263953005498536,0.06825780868530273,1.0516422599444766e-19
0.0951634246834814,0.08812497664576437,0.09994268496669614,0.0952915427446987,0.11712098121643066,0.0072639530133012525,0.00726359000058352,0.06694650650024414,1.0516652768269457e-19
0.09516265397342318,0.0881248307300771,0.0999426912784937,0.0952922415367802,0.11472034454345703,0.007263590008576419,0.007263227014142615,0.06483030319213867,1.0516882931100397e-19
0.09516188326521731,0.08812468482237162,0.09994269759009083,0.09529294026810843,0.11564826965332031,0.007263227022030571,0.0072628640452876425,0.06378555297851562,1.0517113069599342e-19
0.09516111255886561,0.08812453892264721,0.09994270390148753,0.09529363893869106,0.11597180366516113,0.007262864053663232,0.007262501095262053,0.0641183853149414,1.051734320537545e-19
0.09516034185436989,0.08812439303090315,0.0999427102126838,0.09529433754853574,0.1163787841796875,0.007262501103474074,0.007262138163177667,0.06272053718566895,1.0517573331455629e-19
0.09515957115173194,0.0881242471471387,0.09994271652367966,0.09529503609765015,0.12083172798156738,0.007262138171460212,0.007261775249567393,0.062323808670043945,1.0517803422382626e-19
0.09515880045095355,0.08812410127135316,0.09994272283447508,0.09529573458604199,0.12398147583007812,0.007261775257622002,0.007261412353543051,0.06263422966003418,1.0518033534238374e-19
0.09515802975203651,0.0881239554035458,0.09994272914507007,0.09529643301371891,0.11857318878173828,0.007261412361958649,0.0072610494763480915,0.0623013973236084,1.0518263606641785e-19
0.09515725905498262,0.08812380954371588,0.09994273545546466,0.09529713138068861,0.1222536563873291,0.007261049484467794,0.007260686616916701,0.06278061866760254,1.0518493721876108e-19
0.09515648835979369,0.08812366369186267,0.0999427417656588,0.0952978296869587,0.12267756462097168,0.007260686625149598,0.007260323775426514,0.06360316276550293,1.0518723824364018e-19
0.09515571766647153,0.08812351784798546,0.09994274807565252,0.0952985279325369,0.12679481506347656,0.007260323784003814,0.0072599609532986165,0.06673312187194824,1.0518953893109734e-19
0.09515494697501792,0.08812337201208353,0.09994275438544584,0.09529922611743087,0.12220501899719238,0.007259960961027113,0.007259598148223745,0.06795883178710938,1.0519183933176287e-19
0.09515417628543466,0.08812322618415615,0.09994276069503873,0.09529992424164822,0.11941719055175781,0.007259598156220978,0.007259235361090077,0.0686788558959961,1.051941398844959e-19
0.0951534055977236,0.0881230803642026,0.09994276700443121,0.09530062230519667,0.11722421646118164,0.007259235369584911,0.007258872593141064,0.06656098365783691,1.0519644054953838e-19
0.09515263491188652,0.08812293455222217,0.09994277331362326,0.09530132030808385,0.11704230308532715,0.007258872601116155,0.007258509842777983,0.06593966484069824,1.0519874104479576e-19
0.09515186422792528,0.08812278874821411,0.09994277962261491,0.0953020182503174,0.12580442428588867,0.007258509850814279,0.007258147110356106,0.06894445419311523,1.0520104119930668e-19
0.0951510935458416,0.08812264295217771,0.09994278593140615,0.095302716131905,0.11951351165771484,0.007258147118679361,0.007257784396585976,0.06895565986633301,1.0520334137630358e-19
0.09515032286563735,0.08812249716411227,0.09994279223999698,0.09530341395285431,0.11717987060546875,0.007257784404708787,0.007257421701112321,0.06698417663574219,1.0520564175353307e-19
0.0951495521873143,0.08812235138401704,0.0999427985483874,0.09530411171317302,0.1177217960357666,0.007257421708902895,0.007257059023046963,0.06699538230895996,1.052079412373197e-19
0.09514878151087423,0.0881222056118913,0.0999428048565774,0.09530480941286881,0.11798214912414551,0.00725705903126121,0.007256696363810988,0.06691527366638184,1.052102415768782e-19
0.09514801083631891,0.08812205984773434,0.09994281116456699,0.09530550705194932,0.11544060707092285,0.007256696371782181,0.007256333722516217,0.06504940986633301,1.0521254128263863e-19
0.09514724016365021,0.08812191409154542,0.09994281747235619,0.09530620463042216,0.11641311645507812,0.007256333730464108,0.007255971099340286,0.06482744216918945,1.0521484097695581e-19
0.09514646949286985,0.08812176834332382,0.09994282377994497,0.09530690214829501,0.11594414710998535,0.007255971107307221,0.007255608493572652,0.06443643569946289,1.0521714063129372e-19
0.0951456988239797,0.0881216226030688,0.09994283008733335,0.09530759960557551,0.11510968208312988,0.007255608502310922,0.007255245907700214,0.06387186050415039,1.0521944043511212e-19
0.09514492815698151,0.08812147687077967,0.09994283639452133,0.09530829700227132,0.11467337608337402,0.0072552459154711915,0.007254883338347895,0.06376814842224121,1.0522173965794118e-19
0.09514415749187718,0.0881213311464557,0.0999428427015089,0.09530899433839007,0.12390446662902832,0.007254883346791904,0.0072545207878249585,0.06818699836730957,1.052240393003477e-19
0.09514338682866842,0.08812118543009617,0.09994284900829606,0.09530969161393943,0.11755919456481934,0.007254520796268777,0.007254158255598497,0.0665433406829834,1.0522633834124234e-19
0.095142616167357,0.08812103972170035,0.09994285531488283,0.09531038882892702,0.11689352989196777,0.007254158263901159,0.007253795741490876,0.06616544723510742,1.0522863766541458e-19
0.09514184550794486,0.08812089402126752,0.0999428616212692,0.09531108598336047,0.11704897880554199,0.007253795749688886,0.0072534332460350015,0.06656336784362793,1.0523093697677471e-19
0.09514107485043376,0.08812074832879696,0.09994286792745517,0.09531178307724744,0.11647558212280273,0.007253433253629891,0.007253070767632153,0.06638741493225098,1.0523323614991666e-19
0.0951403041948255,0.08812060264428796,0.09994287423344074,0.09531248011059554,0.11736106872558594,0.007253070775726202,0.007252708307881051,0.06648612022399902,1.0523553480347511e-19
0.09513953354112178,0.08812045696773979,0.09994288053922591,0.09531317708341243,0.11707091331481934,0.007252708315975076,0.007252345866248788,0.06646490097045898,1.0523783391750586e-19
0.09513876288932457,0.08812031129915172,0.09994288684481069,0.09531387399570573,0.11697959899902344,0.0072523458743746095,0.007251983442380094,0.06676220893859863,1.0524013251465307e-19
0.09513799223943564,0.08812016563852303,0.09994289315019507,0.09531457084748311,0.1165318489074707,0.007251983450925964,0.007251621037696054,0.06665849685668945,1.0524243115273185e-19
0.09513722159145668,0.08812001998585303,0.09994289945537906,0.09531526763875221,0.11759281158447266,0.0072516210456267894,0.007251258650242676,0.0669405460357666,1.052447300409271e-19
0.09513645094538953,0.08811987434114098,0.09994290576036265,0.09531596436952064,0.12412190437316895,0.007251258658477268,0.007250896281263408,0.07065320014953613,1.0524702838443111e-19
0.09513568030123597,0.08811972870438614,0.09994291206514584,0.09531666103979604,0.12115144729614258,0.007250896289475426,0.007250533930225345,0.06819009780883789,1.0524932673467776e-19
0.09513490965899783,0.08811958307558782,0.09994291836972866,0.09531735764958608,0.11971449851989746,0.00725053393862104,0.007250171597839028,0.06790471076965332,1.05251625476063e-19
0.09513413901867697,0.08811943745474526,0.09994292467411109,0.09531805419889836,0.1197044849395752,0.00725017160591189,0.007249809283393915,0.0682058334350586,1.0525392356230647e-19
0.09513336838027515,0.08811929184185778,0.09994293097829313,0.09531875068774048,0.12074589729309082,0.00724980929134868,0.007249446987067643,0.06791853904724121,1.0525622157359718e-19
0.0951325977437942,0.08811914623692464,0.09994293728227478,0.09531944711612009,0.12012243270874023,0.007249446994929565,0.007249084708682574,0.06805014610290527,1.0525851978850684e-19
0.09513182710923593,0.08811900063994511,0.09994294358605606,0.09532014348404479,0.11994695663452148,0.007249084716653916,0.007248722448238709,0.06814336776733398,1.0526081785922402e-19
0.09513105647660215,0.0881188550509185,0.09994294988963695,0.09532083979152223,0.11927580833435059,0.007248722456521169,0.007248360206979498,0.06805419921875,1.0526311598800376e-19
0.0951302858458946,0.08811870946984407,0.09994295619301746,0.09532153603856003,0.11934471130371094,0.007248360214528715,0.007247997982773313,0.06783866882324219,1.0526541344816227e-19
0.09512951521711512,0.08811856389672111,0.0999429624961976,0.09532223222516584,0.12026071548461914,0.007247997990677692,0.007247635777218875,0.06811261177062988,1.0526771122830467e-19
0.09512874459026559,0.0881184183315489,0.09994296879917733,0.09532292835134727,0.1170501708984375,0.007247635784965191,0.007247273589428005,0.06630086898803711,1.0527000919264445e-19
0.09512797396534782,0.08811827277432673,0.0999429751019567,0.09532362441711201,0.12218952178955078,0.007247273597391941,0.007246911419755975,0.06370091438293457,1.0527230678810919e-19
0.0951272033423635,0.08811812722505384,0.09994298140453568,0.09532432042246751,0.12252664566040039,0.007246911427958443,0.007246549268735691,0.06363201141357422,1.0527460452645704e-19
0.0951264327213145,0.08811798168372954,0.0999429877069143,0.09532501636742147,0.12337255477905273,0.007246549276661355,0.007246187135478976,0.06395721435546875,1.0527690099945735e-19
0.09512566210220252,0.08811783615035311,0.09994299400909254,0.09532571225198151,0.12307548522949219,0.007246187143500461,0.00724582501998583,0.06408166885375977,1.0527919873197047e-19
0.09512489148502942,0.08811769062492382,0.09994300031107041,0.09532640807615526,0.12394428253173828,0.007245825028476292,0.00724546292314443,0.06438732147216797,1.0528149606732433e-19
0.09512412086979691,0.08811754510744096,0.0999430066128479,0.0953271038399504,0.12273693084716797,0.007245462931585465,0.0072451008447771414,0.06422185897827148,1.0528379309154125e-19
0.0951233502565069,0.08811739959790381,0.09994301291442502,0.0953277995433744,0.12213778495788574,0.007245100852827788,0.0072447387839957855,0.06440377235412598,1.0528609014937348e-19
0.0951225796451612,0.08811725409631165,0.09994301921580177,0.09532849518643496,0.12192964553833008,0.007244738792202681,0.007244376741510905,0.0640411376953125,1.0528838703239277e-19
0.0951218090357616,0.08811710860266374,0.09994302551697816,0.09532919076913965,0.12311053276062012,0.007244376749709212,0.0072440147173225,0.06424283981323242,1.0529068430436813e-19
0.09512103842830986,0.08811696311695937,0.09994303181795418,0.09532988629149611,0.13051128387451172,0.007244014725345841,0.007243652711075299,0.07194066047668457,1.0529298109493324e-19
0.09512026782280786,0.08811681763919782,0.09994303811872983,0.09533058175351193,0.12189221382141113,0.007243652719111597,0.0072432907231245736,0.06234407424926758,1.0529527739889416e-19
0.09511949721925733,0.0881166721693784,0.09994304441930511,0.09533127715519472,0.11805605888366699,0.007243290731005979,0.007242928752759781,0.06319022178649902,1.0529757417332589e-19
0.09511872661766012,0.08811652670750035,0.09994305071968003,0.09533197249655208,0.1176903247833252,0.007242928761029727,0.007242566800869099,0.0634002685546875,1.0529987083355882e-19
0.09511795601801801,0.08811638125356297,0.09994305701985458,0.0953326677775916,0.11589789390563965,0.007242566809181245,0.007242204867630164,0.06243753433227539,1.0530216707728343e-19
0.0951171854203329,0.08811623580756554,0.09994306331982877,0.09533336299832085,0.11432600021362305,0.007242204875457602,0.007241842951977162,0.06324052810668945,1.0530446391744928e-19
0.09511641482460648,0.08811609036950738,0.0999430696196026,0.09533405815874751,0.11576652526855469,0.007241842959859579,0.007241481054087728,0.06516075134277344,1.0530675964513565e-19
0.09511564423084057,0.08811594493938772,0.09994307591917607,0.09533475325887919,0.11661052703857422,0.007241481062386955,0.007241119174850041,0.06692647933959961,1.0530905605700075e-19
0.09511487363903702,0.08811579951720588,0.09994308221854918,0.09533544829872342,0.11936259269714355,0.007241119183036468,0.0072407573135535586,0.06879758834838867,1.0531135212188831e-19
0.09511410304919758,0.08811565410296113,0.09994308851772195,0.09533614327828781,0.12021327018737793,0.0072407573218092065,0.007240395471264094,0.0682981014251709,1.0531364791030947e-19
0.09511333246132414,0.08811550869665274,0.09994309481669433,0.09533683819757997,0.11762499809265137,0.007240395478701228,0.007240033645317112,0.06665444374084473,1.053159437114996e-19
0.09511256187541849,0.08811536329828001,0.09994310111546637,0.09533753305660748,0.1242825984954834,0.007240033653716733,0.007239671838554784,0.07178997993469238,1.0531823960891032e-19
0.09511179129148241,0.08811521790784223,0.09994310741403806,0.0953382278553779,0.12051796913146973,0.007239671846852739,0.007239310049556025,0.06223249435424805,1.0532053596527642e-19
0.0951110207095177,0.08811507252533865,0.09994311371240938,0.09533892259389888,0.12113833427429199,0.0072393100581070215,0.0072389482795642834,0.06233859062194824,1.0532283098330775e-19
0.09511025012952613,0.08811492715076856,0.09994312001058037,0.095339617272178,0.12012743949890137,0.007238948287477587,0.007238586526625568,0.06348872184753418,1.0532512740809811e-19
0.0951094795515095,0.08811478178413126,0.09994312630855098,0.09534031189022282,0.11915111541748047,0.007238586534966613,0.007238224792516235,0.06367945671081543,1.0532742264973105e-19
0.09510870897546957,0.08811463642542602,0.09994313260632126,0.09534100644804092,0.1162559986114502,0.007238224800571158,0.007237863075992834,0.06394839286804199,1.0532971766773945e-19
0.09510793840140816,0.08811449107465212,0.09994313890389118,0.09534170094563992,0.11443758010864258,0.007237863084291685,0.007237501378298816,0.06362795829772949,1.0533201327452175e-19
0.0951071678293271,0.08811434573180883,0.09994314520126077,0.09534239538302741,0.11704826354980469,0.007237501386126228,0.00723713969783546,0.06651473045349121,1.053343083957436e-19
0.09510639725922822,0.08811420039689545,0.09994315149843,0.09534308976021091,0.11823463439941406,0.007237139706073599,0.00723677803602385,0.06810355186462402,1.0533660343382061e-19
0.09510562669111333,0.08811405506991125,0.09994315779539889,0.09534378407719808,0.11963248252868652,0.007236778044133882,0.00723641639233108,0.0682976245880127,1.0533889831287265e-19
0.09510485612498426,0.08811390975085555,0.09994316409216744,0.09534447833399648,0.1183176040649414,0.0072364164003047935,0.007236054766046607,0.06823849678039551,1.0534119348732805e-19
0.09510408556084282,0.0881137644397276,0.09994317038873564,0.09534517253061366,0.1232309341430664,0.007236054774588149,0.007235693158236245,0.0709381103515625,1.0534348826393143e-19
0.09510331499869074,0.0881136191365267,0.0999431766851035,0.09534586666705719,0.1209709644317627,0.007235693166981413,0.007235331569432901,0.06227540969848633,1.0534578300910922e-19
0.0951025444385299,0.08811347384125212,0.09994318298127101,0.09534656074333465,0.12065935134887695,0.007235331577482509,0.007234969997682583,0.06249284744262695,1.053480783554668e-19
0.09510177388036214,0.08811332855390315,0.09994318927723818,0.09534725475945367,0.11985397338867188,0.007234970006091655,0.007234608444761648,0.06359696388244629,1.053503723881089e-19
0.09510100332418919,0.08811318327447908,0.09994319557300502,0.09534794871542178,0.11672639846801758,0.007234608452807252,0.007234246909781916,0.06244826316833496,1.0535266670278354e-19
0.09510023277001292,0.08811303800297918,0.09994320186857152,0.09534864261124659,0.11667084693908691,0.0072342469176296595,0.0072338853923881175,0.0630948543548584,1.0535496119463037e-19
0.09509946221783505,0.08811289273940275,0.09994320816393767,0.09534933644693569,0.11454176902770996,0.007233885400557423,0.0072335238931131585,0.06317806243896484,1.0535725575258687e-19
0.09509869166765739,0.08811274748374906,0.0999432144591035,0.09535003022249663,0.11700701713562012,0.007233523901590573,0.007233162412134675,0.0660710334777832,1.0535955032238229e-19
0.09509792111948176,0.08811260223601741,0.09994322075406899,0.09535072393793695,0.11744475364685059,0.007233162420726873,0.0072328009496303025,0.06773829460144043,1.0536184427443445e-19
0.09509715057330996,0.08811245699620708,0.09994322704883414,0.09535141759326421,0.1192634105682373,0.007232800957965758,0.007232439505600041,0.06897377967834473,1.0536413870348381e-19
0.09509638002914376,0.08811231176431736,0.09994323334339897,0.09535211118848594,0.11847782135009766,0.007232439513305218,0.00723207807844517,0.06815838813781738,1.0536643243802947e-19
0.09509560948698499,0.0881121665403475,0.09994323963776346,0.09535280472360975,0.1229398250579834,0.007232078086746533,0.007231716670119681,0.07088518142700195,1.0536872622063967e-19
0.09509483894683547,0.08811202132429681,0.09994324593192762,0.09535349819864318,0.12016034126281738,0.007231716678286649,0.007231355279380125,0.06230449676513672,1.0537102007942524e-19
0.09509406840869698,0.08811187611616458,0.09994325222589147,0.09535419161359385,0.11986303329467773,0.007231355287926767,0.007230993907292316,0.0621953010559082,1.0537331403684116e-19
0.09509329787257136,0.0881117309159501,0.09994325851965498,0.09535488496846925,0.12094783782958984,0.007230993915664875,0.007230632553678618,0.0630180835723877,1.0537560780922896e-19
0.09509252733846035,0.08811158572365266,0.09994326481321816,0.09535557826327698,0.11736249923706055,0.007230632561498703,0.007230271217828488,0.06264591217041016,1.0537790125869991e-19
0.09509175680636588,0.08811144053927152,0.09994327110658102,0.0953562714980246,0.11647677421569824,0.007230271225427432,0.007229909899386655,0.06296730041503906,1.053801945765138e-19
0.09509098627628973,0.08811129536280596,0.09994327739974357,0.09535696467271967,0.1142277717590332,0.007229909907452481,0.007229548599596569,0.06349778175354004,1.0538248806712176e-19
0.0950902157482337,0.08811115019425528,0.09994328369270579,0.09535765778736977,0.11738991737365723,0.007229548607572283,0.007229187317570052,0.06647324562072754,1.0538478192816488e-19
0.09508944522219952,0.08811100503361877,0.0999432899854677,0.0953583508419824,0.11852741241455078,0.007229187325785903,0.007228826053662374,0.06776213645935059,1.0538707484276505e-19
0.095088674698189,0.0881108598808957,0.09994329627802928,0.09535904383656513,0.11965084075927734,0.007228826062092156,0.007228464808228807,0.06819677352905273,1.0538936775900444e-19
0.09508790417620398,0.08811071473608537,0.09994330257039054,0.09535973677112551,0.11801385879516602,0.007228464816490062,0.007228103580558809,0.0678246021270752,1.0539166106895014e-19
0.09508713365624631,0.08811056959918706,0.09994330886255148,0.09536042964567112,0.12316250801086426,0.0072281035889790474,0.0072277423715405575,0.0711977481842041,1.0539395334172704e-19
0.0950863631383178,0.08811042447020007,0.09994331515451212,0.0953611224602095,0.12027406692504883,0.007227742379557572,0.007227381180108239,0.06218600273132324,1.0539624633575953e-19
0.09508559262242014,0.08811027934912366,0.09994332144627242,0.0953618152147482,0.12014412879943848,0.007227381188225053,0.0072270200069723955,0.06214761734008789,1.0539853947197683e-19
0.09508482210855519,0.08811013423595714,0.09994332773783242,0.09536250790929472,0.11974072456359863,0.007227020014980535,0.007226658851422485,0.06343507766723633,1.0540083203634161e-19
0.09508405159672485,0.08810998913069977,0.0999433340291921,0.09536320054385665,0.11618185043334961,0.007226658859823614,0.007226297715234864,0.06257128715515137,1.0540312473279623e-19
0.09508328108693086,0.08810984403335087,0.09994334032035147,0.09536389311844153,0.11507916450500488,0.007226297722750146,0.007225936596100269,0.06307864189147949,1.0540541736829534e-19
0.09508251057917494,0.0881096989439097,0.09994334661131053,0.09536458563305694,0.11634135246276855,0.007225936603763333,0.007225575494729242,0.06474661827087402,1.0540770942974787e-19
0.09508174007345899,0.08810955386237557,0.09994335290206928,0.09536527808771036,0.11708521842956543,0.007225575502861957,0.0072252144120099615,0.06683707237243652,1.054100024323854e-19
0.09508096956978483,0.08810940878874773,0.09994335919262771,0.09536597048240938,0.11896896362304688,0.007225214420043386,0.0072248533472318854,0.06911969184875488,1.0541229421694098e-19
0.09508019906815418,0.08810926372302551,0.09994336548298584,0.09536666281716154,0.11891412734985352,0.007224853355306475,0.0072244923009279205,0.06796693801879883,1.0541458648413004e-19
0.09507942856856887,0.08810911866520815,0.09994337177314366,0.0953673550919743,0.1188666820526123,0.0072244923086512095,0.007224131272032253,0.06664085388183594,1.0541687889008723e-19
0.0950786580710307,0.08810897361529499,0.09994337806310119,0.09536804730685533,0.12511181831359863,0.0072241312800780805,0.007223770261255424,0.07208061218261719,1.0541917069138965e-19
0.09507788757554152,0.08810882857328528,0.09994338435285839,0.0953687394618121,0.1213681697845459,0.007223770269585857,0.007223409269130343,0.06231498718261719,1.0542146274069694e-19
0.09507711708210302,0.0881086835391783,0.09994339064241531,0.09536943155685212,0.1206202507019043,0.0072234092771719565,0.00722304829476883,0.06250619888305664,1.0542375442027495e-19
0.09507634659071712,0.08810853851297337,0.09994339693177191,0.09537012359198296,0.11871838569641113,0.0072230483028347964,0.007222687338881428,0.06329894065856934,1.0542604623615439e-19
0.09507557610138562,0.08810839349466976,0.09994340322092822,0.09537081556721214,0.11843299865722656,0.0072226873465747595,0.007222326400047052,0.06407475471496582,1.054283381722283e-19
0.09507480561411027,0.08810824848426674,0.09994340950988423,0.09537150748254716,0.11588621139526367,0.007222326408391378,0.007221965479864423,0.0641777515411377,1.0543062975104328e-19
0.09507403512889293,0.08810810348176362,0.09994341579863994,0.09537219933799557,0.11543488502502441,0.00722196548828365,0.00722160457833354,0.06432628631591797,1.0543292102642414e-19
0.0950732646457354,0.08810795848715969,0.09994342208719535,0.0953728911335649,0.11633777618408203,0.007221604586249988,0.007221243694033319,0.06696319580078125,1.054352121859533e-19
0.0950724941646395,0.08810781350045421,0.09994342837555047,0.09537358286926262,0.11915278434753418,0.0072212437022901674,0.007220882828029573,0.0689232349395752,1.0543750408877331e-19
0.09507172368560704,0.08810766852164649,0.09994343466370528,0.09537427454509632,0.1203470230102539,0.007220882836402754,0.007220521980499939,0.06838774681091309,1.0543979487438402e-19
0.09507095320863976,0.08810752355073581,0.09994344095165981,0.09537496616107345,0.11828994750976562,0.007220521988587643,0.007220161150556237,0.06768465042114258,1.0544208588676709e-19
0.09507018273373953,0.08810737858772147,0.09994344723941405,0.09537565771720159,0.1242055892944336,0.007220161158843702,0.00721980033890901,0.07119894027709961,1.0544437716414628e-19
0.09506941226090813,0.08810723363260275,0.09994345352696798,0.09537634921348825,0.12052702903747559,0.007219800347168675,0.007219439545558259,0.0625150203704834,1.0544666820207441e-19
0.09506864179014735,0.08810708868537895,0.09994345981432164,0.09537704064994092,0.12179303169250488,0.007219439553562607,0.007219078769971077,0.062428951263427734,1.0544895927366512e-19
0.095067871321459,0.08810694374604934,0.09994346610147499,0.09537773202656716,0.12273645401000977,0.007219078778024338,0.007218718012325098,0.06265854835510254,1.0545124997671878e-19
0.09506710085484495,0.08810679881461322,0.09994347238842806,0.0953784233433745,0.11931610107421875,0.007218718020553218,0.007218357272620324,0.06285667419433594,1.05453540278638e-19
0.09506633039030697,0.08810665389106989,0.09994347867518084,0.09537911460037045,0.1166236400604248,0.00721835728114879,0.007217996551034389,0.06337547302246094,1.0545583139667435e-19
0.09506555992784686,0.08810650897541862,0.09994348496173334,0.0953798057975625,0.11534595489501953,0.007217996559810435,0.007217635848277837,0.06415724754333496,1.0545812175557889e-19
0.09506478946746635,0.0881063640676587,0.09994349124808555,0.09538049693495816,0.1184394359588623,0.007217635856536148,0.007217275162929582,0.06725621223449707,1.0546041234908601e-19
0.09506401900916728,0.08810621916778942,0.09994349753423748,0.09538118801256495,0.1188044548034668,0.007217275171325438,0.007216914496233073,0.0684363842010498,1.0546270245445039e-19
0.09506324855295152,0.08810607427581006,0.09994350382018913,0.09538187903039042,0.12004804611206055,0.007216914504176311,0.007216553846767226,0.06961321830749512,1.0546499284792339e-19
0.09506247809882083,0.08810592939171993,0.0999435101059405,0.09538256998844205,0.11808490753173828,0.007216553855089993,0.0072161932157754904,0.06851506233215332,1.0546728325114175e-19
0.09506170764677704,0.0881057845155183,0.09994351639149159,0.09538326088672737,0.12364768981933594,0.0072161932240638466,0.007215832602902594,0.07110762596130371,1.054695731759994e-19
0.09506093719682195,0.08810563964720447,0.09994352267684238,0.09538395172525384,0.12266302108764648,0.007215832611098626,0.007215472007970902,0.06259465217590332,1.0547186326983502e-19
0.09506016674895733,0.08810549478677773,0.0999435289619929,0.09538464250402902,0.12269926071166992,0.007215472016192096,0.007215111430802779,0.0625457763671875,1.0547415319497221e-19
0.0950593963031851,0.08810534993423738,0.09994353524694315,0.0953853332230604,0.11991190910339355,0.007215111439343417,0.007214750872108766,0.06226944923400879,1.0547644282269399e-19
0.095058625859507,0.0881052050895827,0.09994354153169312,0.09538602388235548,0.11821103096008301,0.0072147508805519445,0.007214390331711229,0.0629580020904541,1.0547873270331541e-19
0.0950578554179248,0.08810506025281295,0.09994354781624282,0.09538671448192175,0.11725187301635742,0.007214390339816105,0.007214029809432532,0.06303906440734863,1.0548102266795719e-19
0.09505708497844037,0.08810491542392745,0.09994355410059225,0.09538740502176671,0.1155400276184082,0.0072140298171346415,0.007213669304384496,0.06291341781616211,1.0548331222562298e-19
0.09505631454105548,0.0881047706029255,0.09994356038474139,0.09538809550189786,0.1150057315826416,0.007213669312508373,0.007213308817810571,0.06449389457702637,1.0548560175954745e-19
0.0950555441057719,0.08810462578980637,0.09994356666869028,0.0953887859223227,0.11719942092895508,0.007213308825936005,0.00721294834917785,0.06762385368347168,1.0548789073996288e-19
0.09505477367259144,0.08810448098456936,0.0999435729524389,0.09538947628304875,0.11911582946777344,0.00721294835741638,0.007212587899196876,0.06891894340515137,1.0549018006981055e-19
0.095054003241516,0.08810433618721374,0.09994357923598725,0.09539016658408352,0.11846208572387695,0.007212587906947142,0.0072122274664465635,0.06778860092163086,1.0549246913815268e-19
0.09505323281254736,0.08810419139773881,0.09994358551933533,0.09539085682543448,0.12283015251159668,0.007212227474529161,0.007211867051992726,0.07037758827209473,1.0549475838881367e-19
0.09505246238568729,0.08810404661614388,0.09994359180248313,0.09539154700710913,0.1211090087890625,0.007211867060161491,0.007211506655657729,0.06253743171691895,1.0549704731929347e-19
0.09505169196093763,0.08810390184242822,0.09994359808543067,0.09539223712911497,0.11983370780944824,0.007211506663842914,0.007211146277263936,0.06227922439575195,1.054993368574801e-19
0.09505092153830012,0.08810375707659114,0.09994360436817795,0.09539292719145953,0.12198376655578613,0.007211146285573154,0.0072107859173442534,0.06242036819458008,1.0550162540957502e-19
0.09505015111777657,0.08810361231863191,0.09994361065072496,0.09539361719415018,0.11903977394104004,0.007210785925350271,0.007210425574832868,0.06223011016845703,1.055039147612777e-19
0.09504938069936882,0.08810346756854984,0.09994361693307172,0.09539430713719449,0.1167154312133789,0.00721042558317479,0.007210065251150866,0.06253600120544434,1.0550620285244264e-19
0.09504861028307865,0.0881033228263442,0.0999436232152182,0.09539499702059993,0.1146550178527832,0.007210065259043375,0.00720970494487716,0.06293678283691406,1.0550849168037028e-19
0.09504783986890784,0.08810317809201429,0.09994362949716443,0.09539568684437398,0.11566567420959473,0.007209704952957522,0.00720934465689993,0.06444597244262695,1.0551078046748002e-19
0.09504706945685824,0.08810303336555941,0.09994363577891038,0.09539637660852415,0.11816620826721191,0.0072093446649143696,0.007208984387041539,0.06764674186706543,1.0551306890135594e-19
0.09504629904693174,0.08810288864697885,0.0999436420604561,0.09539706631305794,0.11953377723693848,0.007208984394913817,0.007208624134946717,0.06887245178222656,1.0551535739714975e-19
0.09504552863913004,0.0881027439362719,0.09994364834180154,0.09539775595798278,0.11794233322143555,0.007208624142955156,0.007208263900615464,0.06688809394836426,1.055176453859043e-19
0.09504475823345498,0.08810259923343786,0.09994365462294673,0.09539844554330615,0.1239480972290039,0.007208263909036783,0.0072079036851135925,0.07201552391052246,1.0551993362893564e-19
0.09504398782990837,0.088102454538476,0.09994366090389166,0.09539913506903555,0.12214875221252441,0.007207903693158716,0.007207543487020018,0.06242990493774414,1.0552222188971096e-19
0.09504321742849199,0.08810230985138563,0.09994366718463635,0.09539982453517842,0.12159323692321777,0.0072075434953201385,0.007207183307045284,0.06220841407775879,1.0552450944479038e-19
0.09504244702920764,0.08810216517216604,0.09994367346518078,0.09540051394174229,0.12140989303588867,0.007207183315519755,0.007206823145899932,0.06229686737060547,1.0552679781693695e-19
0.09504167663205716,0.08810202050081652,0.09994367974552497,0.09540120328873462,0.11755180358886719,0.007206823153755997,0.007206463001807606,0.0626230239868164,1.0552908546399921e-19
0.09504090623704237,0.08810187583733635,0.0999436860256689,0.09540189257616291,0.11560463905334473,0.007206463010029271,0.007206102876722298,0.06305050849914551,1.0553137285268007e-19
0.09504013584416514,0.08810173118172483,0.09994369230561258,0.09540258180403462,0.11513948440551758,0.007206102884337021,0.0072057427681571085,0.06319379806518555,1.0553366122964131e-19
0.09503936545342717,0.08810158653398126,0.09994369858535601,0.09540327097235721,0.1168830394744873,0.007205742776680766,0.007205382679131844,0.06607627868652344,1.0553594866166105e-19
0.09503859506483028,0.08810144189410492,0.0999437048648992,0.09540396008113813,0.11809706687927246,0.007205382687057168,0.007205022607159606,0.06826543807983398,1.0553823627801952e-19
0.0950378246783763,0.0881012972620951,0.09994371114424215,0.09540464913038489,0.11983537673950195,0.007205022615467325,0.007204662553306207,0.06788849830627441,1.0554052358066657e-19
0.09503705429406706,0.08810115263795112,0.09994371742338486,0.09540533812010499,0.11888670921325684,0.00720466256191008,0.007204302518104555,0.06701111793518066,1.0554281090806269e-19
0.09503628391190429,0.08810100802167224,0.09994372370232732,0.09540602705030582,0.12397336959838867,0.007204302526383105,0.0072039425006664715,0.07121419906616211,1.0554509794265188e-19
0.09503551353188976,0.08810086341325778,0.09994372998106954,0.0954067159209949,0.12151885032653809,0.007203942508885213,0.007203582501524863,0.06248211860656738,1.0554738546405982e-19
0.0950347431540253,0.08810071881270701,0.09994373625961152,0.09540740473217965,0.12148618698120117,0.007203582509416091,0.007203222520502095,0.06235909461975098,1.0554967221626641e-19
0.09503397277831271,0.08810057422001923,0.09994374253795325,0.0954080934838676,0.12274956703186035,0.007203222527974849,0.007202862556177081,0.06254315376281738,1.0555195920214166e-19
0.0950332024047539,0.08810042963519371,0.09994374881609476,0.09540878217606613,0.11855649948120117,0.007202862564562055,0.007202502610859085,0.062407732009887695,1.0555424609731907e-19
0.09503243203335063,0.08810028505822978,0.09994375509403602,0.09540947080878273,0.11682820320129395,0.0072025026191760155,0.007202142683659929,0.06310081481933594,1.055565329337505e-19
0.09503166166410466,0.08810014048912672,0.09994376137177705,0.09541015938202484,0.11464428901672363,0.00720214269181447,0.007201782774401977,0.06308960914611816,1.0555881993005585e-19
0.09503089129701787,0.08809999592788381,0.09994376764931784,0.09541084789579989,0.11683988571166992,0.007201782782478265,0.007201422882907593,0.06502485275268555,1.0556110619075691e-19
0.09503012093209204,0.08809985137450037,0.0999437739266584,0.09541153635011546,0.11830019950866699,0.007201422891166462,0.007201063009709685,0.06774759292602539,1.055633929329849e-19
0.09502935056932896,0.08809970682897568,0.09994378020379872,0.09541222474497892,0.11920166015625,0.007201063017876818,0.007200703154452981,0.06749367713928223,1.055656792823142e-19
0.09502858020873046,0.08809956229130905,0.09994378648073882,0.0954129130803977,0.11748290061950684,0.007200703162608072,0.007200343317670388,0.06524133682250977,1.055679658798222e-19
0.0950278098502984,0.08809941776149977,0.09994379275747868,0.09541360135637927,0.12422299385070801,0.007200343325359661,0.007199983497763185,0.07007074356079102,1.055702521543133e-19
0.09502703949403454,0.0880992732395471,0.09994379903401832,0.0954142895729311,0.12171721458435059,0.007199983506133108,0.007199623696685364,0.06178426742553711,1.0557253852907651e-19
0.09502626913994064,0.08809912872545037,0.09994380531035771,0.09541497773006063,0.11950445175170898,0.00719962370492541,0.007199263913726384,0.06179475784301758,1.0557482450422996e-19
0.09502549878801855,0.08809898421920888,0.09994381158649689,0.09541566582777532,0.1179499626159668,0.00719926392173603,0.007198904147998064,0.06190752983093262,1.0557711018743904e-19
0.09502472843827015,0.08809883972082189,0.09994381786243584,0.09541635386608259,0.11677861213684082,0.007198904156564077,0.007198544401632034,0.062149763107299805,1.0557939622665543e-19
0.09502395809069718,0.08809869523028872,0.09994382413817457,0.09541704184498993,0.11518192291259766,0.007198544409406549,0.0071981846721413945,0.06239891052246094,1.0558168245415658e-19
0.09502318774530139,0.08809855074760867,0.09994383041371308,0.09541772976450476,0.11559605598449707,0.007198184680266648,0.007197824960591959,0.06426548957824707,1.055839680424055e-19
0.09502241740208461,0.088098406272781,0.09994383668905137,0.09541841762463452,0.11833047866821289,0.007197824969141469,0.00719746526769427,0.06660175323486328,1.0558625386741229e-19
0.0950216470610487,0.08809826180580502,0.09994384296418943,0.09541910542538662,0.11972808837890625,0.00719746527603074,0.00719710559291542,0.06888437271118164,1.0558853903171573e-19
0.0950208767221954,0.08809811734668004,0.09994384923912726,0.09541979316676853,0.11818337440490723,0.007197105600931196,0.0071967459359001396,0.06762504577636719,1.0559082439037653e-19
0.09502010638552663,0.08809797289540534,0.09994385551386487,0.09542048084878774,0.11960339546203613,0.007196745943843626,0.007196386296470791,0.06689596176147461,1.055931103856072e-19
0.09501933605104418,0.0880978284519802,0.09994386178840227,0.0954211684714516,0.1269690990447998,0.007196386304767153,0.007196026675515554,0.07190775871276855,1.0559539575085217e-19
0.09501856571874982,0.08809768401640396,0.09994386806273946,0.0954218560347676,0.12011075019836426,0.007196026683701184,0.00719566707214625,0.0623321533203125,1.0559768094213996e-19
0.0950177953886453,0.08809753958867587,0.09994387433687642,0.09542254353874317,0.11817789077758789,0.00719566708064555,0.007195307487783964,0.06239581108093262,1.0559996634224746e-19
0.09501702506073247,0.08809739516879525,0.09994388061081316,0.09542323098338573,0.11831474304199219,0.007195307495595873,0.0071949479204747036,0.06621670722961426,1.0560225139885595e-19
0.09501625473501317,0.08809725075676136,0.09994388688454969,0.09542391836870275,0.12095475196838379,0.00719494792855431,0.007194588371639554,0.06470584869384766,1.0560453626294829e-19
0.09501548441148913,0.08809710635257353,0.09994389315808602,0.09542460569470158,0.12496614456176758,0.007194588379519007,0.007194228840923245,0.06511092185974121,1.056068205804991e-19
0.0950147140901622,0.08809696195623104,0.09994389943142214,0.09542529296138973,0.12405514717102051,0.0071942288484883165,0.007193869327615232,0.0649867057800293,1.0560910575458761e-19
0.09501394377103423,0.0880968175677332,0.09994390570455804,0.09542598016877457,0.12373709678649902,0.007193869335464061,0.007193509832070788,0.06446504592895508,1.0561139073177374e-19
0.09501317345410702,0.0880966731870793,0.09994391197749372,0.09542666731686358,0.1296389102935791,0.007193509840444371,0.007193150354822819,0.06485986709594727,1.0561367543584756e-19
0.09501240313938242,0.08809652881426863,0.0999439182502292,0.0954273544056642,0.1254589557647705,0.00719315036342697,0.007192790896404233,0.06531357765197754,1.0561595986325393e-19
0.09501163282686222,0.08809638444930049,0.09994392452276449,0.09542804143518382,0.12535476684570312,0.007192790904411598,0.00719243145557158,0.06585025787353516,1.056182444687529e-19
0.09501086251654821,0.08809624009217416,0.09994393079509956,0.09542872840542989,0.1247255802154541,0.007192431463396282,0.007192072032147223,0.06660914421081543,1.056205291754674e-19
0.09501009220844212,0.08809609574288897,0.09994393706723442,0.09542941531640982,0.12547636032104492,0.007192072040382317,0.007191712627019342,0.06748008728027344,1.0562281333166938e-19
0.09500932190254582,0.08809595140144419,0.09994394333916909,0.09543010216813108,0.12622523307800293,0.0071917126353679885,0.007191353240365572,0.06684350967407227,1.0562509767059795e-19
0.09500855159886108,0.08809580706783914,0.09994394961090354,0.09543078896060105,0.12449526786804199,0.007191353248350419,0.007190993870942464,0.06598210334777832,1.05627380950559e-19
0.09500778129738975,0.08809566274207307,0.09994395588243779,0.09543147569382712,0.12700152397155762,0.007190993879331415,0.007190634519638195,0.06772017478942871,1.0562966526339082e-19
0.09500701099813366,0.08809551842414533,0.09994396215377185,0.09543216236781671,0.12664389610290527,0.007190634528310366,0.007190275187163309,0.06839346885681152,1.0563194936753277e-19
0.09500624070109458,0.08809537411405519,0.0999439684249057,0.09543284898257726,0.12615633010864258,0.007190275195283636,0.007189915872451991,0.06777048110961914,1.0563423358379093e-19
0.09500547040627431,0.08809522981180193,0.09994397469583936,0.0954335355381162,0.12995529174804688,0.0071899158802510715,0.007189556574971334,0.07301545143127441,1.0563651714361347e-19
0.09500470011367478,0.08809508551738489,0.09994398096657282,0.09543422203444096,0.12510395050048828,0.007189556583212795,0.00718919729632006,0.06714296340942383,1.0563880096450976e-19
0.09500392982329775,0.08809494123080334,0.09994398723710608,0.09543490847155887,0.12595462799072266,0.007189197304166834,0.007188838035254719,0.06995391845703125,1.0564108445727017e-19
0.09500315953514493,0.08809479695205659,0.09994399350743915,0.09543559484947738,0.12465095520019531,0.007188838043113991,0.0071884787921305815,0.06808614730834961,1.0564336738689142e-19
0.09500238924921818,0.08809465268114391,0.09994399977757203,0.09543628116820388,0.12438750267028809,0.007188478800052009,0.007188119566770013,0.06758570671081543,1.0564565112778412e-19
0.09500161896551934,0.08809450841806464,0.09994400604750471,0.0954369674277458,0.12520575523376465,0.007188119574980374,0.007187760359705919,0.06767511367797852,1.0564793497854079e-19
0.09500084868405011,0.08809436416281806,0.0999440123172372,0.09543765362811056,0.13057994842529297,0.007187760367899148,0.0071874011707606655,0.0641624927520752,1.0565021790380449e-19
0.09500007840481235,0.08809421991540346,0.09994401858676949,0.09543833976930552,0.12589550018310547,0.007187401178805751,0.007187041999934252,0.06507253646850586,1.0565250140930571e-19
0.0949993081278079,0.08809407567582014,0.0999440248561016,0.09543902585133818,0.12419652938842773,0.007187042007698232,0.007186682846338499,0.06632304191589355,1.056547843661409e-19
0.09499853785303854,0.0880939314440674,0.09994403112523352,0.09543971187421589,0.1256566047668457,0.007186682854579466,0.007186323711394493,0.06716346740722656,1.0565706723196783e-19
0.09499776758050611,0.08809378722014453,0.09994403739416526,0.09544039783794607,0.12799859046936035,0.007186323719446136,0.007185964594214056,0.06912946701049805,1.056593499570821e-19
0.09499699731021241,0.08809364300405084,0.0999440436628968,0.09544108374253611,0.1241312026977539,0.007185964602296075,0.007185605494797187,0.06804585456848145,1.0566163298428121e-19
0.09499622704215921,0.08809349879578562,0.09994404993142816,0.0954417695879934,0.12548065185546875,0.00718560550313131,0.0071852464142097006,0.06622457504272461,1.0566391596029181e-19
0.09499545677634845,0.08809335459534819,0.09994405619975935,0.09544245537432541,0.12669610977172852,0.007185246421948604,0.007184887351030511,0.06844544410705566,1.0566619845525165e-19
0.09499468651278188,0.0880932104027378,0.09994406246789034,0.09544314110153948,0.12375903129577637,0.007184887358747387,0.007184528305437254,0.0678246021270752,1.0566848102075637e-19
0.09499391625146132,0.08809306621795379,0.09994406873582115,0.09544382676964308,0.12154507637023926,0.007184528313528825,0.007184169278140473,0.06508898735046387,1.0567076330533311e-19
0.09499314599238849,0.08809292204099545,0.09994407500355179,0.09544451237864354,0.1230466365814209,0.007184169286290697,0.007183810269140167,0.06516575813293457,1.0567304581328953e-19
0.09499237573556528,0.08809277787186208,0.09994408127108224,0.09544519792854829,0.12645173072814941,0.007183810277032006,0.0071834512775481585,0.06787371635437012,1.0567532832562069e-19
0.09499160548099349,0.08809263371055297,0.09994408753841251,0.09544588341936464,0.12004256248474121,0.00718345128575157,0.007183092304252625,0.06390571594238281,1.0567761021535725e-19
0.09499083522867492,0.0880924895570674,0.0999440938055426,0.09544656885109998,0.12458944320678711,0.007183092312449147,0.007182733348898296,0.06640410423278809,1.0567989255601855e-19
0.09499006497861137,0.08809234541140472,0.09994410007247252,0.09544725422376174,0.12456393241882324,0.007182733357123845,0.007182374411662806,0.06742501258850098,1.056821745131843e-19
0.09498929473080461,0.08809220127356418,0.09994410633920227,0.09544793953735733,0.11707830429077148,0.007182374419773421,0.007182015492190885,0.06370806694030762,1.0568445698222534e-19
0.09498852448525641,0.0880920571435451,0.09994411260573183,0.09544862479189413,0.12673664093017578,0.00718201550039798,0.007181656590660168,0.06842923164367676,1.056867383503143e-19
0.09498775424196867,0.08809191302134677,0.09994411887206121,0.09544930998737952,0.12965035438537598,0.0071816565989966386,0.0071812977074259265,0.07489705085754395,1.0568902050032034e-19
0.09498698400094323,0.0880917689069685,0.09994412513819044,0.09544999512382091,0.12588119506835938,0.007181297715569065,0.007180938841599982,0.06705784797668457,1.0569130210844347e-19
0.09498621376218176,0.08809162480040957,0.0999441314041195,0.09545068020122567,0.12166118621826172,0.007180938850113807,0.007180579994425784,0.06638240814208984,1.0569358366634093e-19
0.09498544352568611,0.08809148070166929,0.09994413766984837,0.09545136521960121,0.1193850040435791,0.007180580002629858,0.0071802211651927905,0.06446266174316406,1.0569586501514958e-19
0.09498467329145818,0.08809133661074696,0.09994414393537708,0.09545205017895492,0.12840819358825684,0.007180221173115373,0.0071798623535457295,0.06810569763183594,1.0569814675455586e-19
0.09498390305949973,0.08809119252764189,0.09994415020070563,0.09545273507929412,0.11871194839477539,0.007179862361570768,0.007179503560017508,0.06356501579284668,1.057004281106553e-19
0.09498313282981256,0.08809104845235337,0.099944156465834,0.09545341992062625,0.1267082691192627,0.0071795035679941555,0.007179144784785763,0.06896233558654785,1.0570270938091472e-19
0.09498236260239855,0.08809090438488071,0.0999441627307622,0.09545410470295866,0.12839460372924805,0.0071791447923842434,0.007178786026429407,0.0640115737915039,1.0570499072270772e-19
0.09498159237725952,0.0880907603252232,0.09994416899549025,0.09545478942629872,0.12730765342712402,0.0071787860347439295,0.0071784272869024335,0.06837964057922363,1.057072718355202e-19
0.09498082215439722,0.08809061627338013,0.09994417526001811,0.09545547409065375,0.1191866397857666,0.007178427295068577,0.007178068564961393,0.06577897071838379,1.0570955233928555e-19
0.09498005193381344,0.08809047222935082,0.09994418152434582,0.0954561586960312,0.12723684310913086,0.007178068573358648,0.007177709861316828,0.06908130645751953,1.057118340520282e-19
0.09497928171551002,0.08809032819313456,0.09994418778847337,0.09545684324243842,0.1190187931060791,0.007177709869612487,0.007177351175613467,0.06404829025268555,1.0571411442441693e-19
0.09497851149948883,0.08809018416473065,0.09994419405240076,0.0954575277298828,0.12621712684631348,0.007177351183829256,0.007176992507673674,0.06738758087158203,1.0571639549009298e-19
0.09497774128575161,0.0880900401441384,0.099944200316128,0.0954582121583717,0.12863588333129883,0.00717699251600872,0.007176633857852721,0.07373976707458496,1.057186758455835e-19
0.0949769710743001,0.08808989613135709,0.09994420657965507,0.09545889652791255,0.12914776802062988,0.007176633866149614,0.007176275225972972,0.06819438934326172,1.0572095647420013e-19
0.0949762008651362,0.08808975212638603,0.099944212842982,0.0954595808385127,0.11527776718139648,0.00717627523425007,0.00717591661274497,0.06287169456481934,1.0572323717634377e-19
0.09497543065826171,0.08808960812922453,0.09994421910610876,0.09546026509017948,0.12607860565185547,0.0071759166203094115,0.0071755580156818155,0.0670015811920166,1.0572551724405514e-19
0.09497466045367842,0.08808946413987188,0.09994422536903537,0.09546094928292027,0.11416006088256836,0.007175558024330286,0.007175199438158586,0.06229996681213379,1.0572779816560871e-19
0.09497389025138818,0.08808932015832739,0.09994423163176182,0.09546163341674241,0.12732625007629395,0.00717519944630729,0.0071748408780436534,0.06708526611328125,1.0573007774064868e-19
0.09497312005139268,0.08808917618459036,0.09994423789428812,0.09546231749165326,0.11697077751159668,0.007174840886241245,0.007174482336047561,0.0631248950958252,1.0573235824579285e-19
0.0949723498536938,0.08808903221866009,0.09994424415661426,0.09546300150766021,0.1287064552307129,0.007174482344130912,0.007174123811815036,0.06962728500366211,1.0573463807847272e-19
0.09497157965829335,0.08808888826053587,0.09994425041874028,0.0954636854647706,0.12665367126464844,0.007174123819975701,0.007173765305878987,0.06827020645141602,1.0573691823727684e-19
0.09497080946519317,0.08808874431021703,0.09994425668066613,0.0954643693629918,0.11793136596679688,0.007173765313774706,0.0071734068173512355,0.06414651870727539,1.0573919754696686e-19
0.09497003927439503,0.08808860036770283,0.09994426294239184,0.0954650532023311,0.12779521942138672,0.007173406825526768,0.007173048347652866,0.06833720207214355,1.0574147792566214e-19
0.09496926908590078,0.08808845643299261,0.0999442692039174,0.09546573698279594,0.11488819122314453,0.007173048355230229,0.007172689894474615,0.06283140182495117,1.0574375769839317e-19
0.09496849889971225,0.08808831250608566,0.09994427546524283,0.09546642070439366,0.12618660926818848,0.007172689902887603,0.007172331460658654,0.06622958183288574,1.0574603728929037e-19
0.09496772871583115,0.08808816858698128,0.0999442817263681,0.09546710436713168,0.11840033531188965,0.0071723314684935865,0.0071719730438957185,0.06467080116271973,1.0574831670443691e-19
0.09496695853425931,0.08808802467567878,0.09994428798729324,0.09546778797101728,0.12858104705810547,0.007171973052050305,0.007171614645606894,0.07230782508850098,1.057505965657323e-19
0.0949661883549986,0.08808788077217745,0.09994429424801823,0.0954684715160578,0.12708616256713867,0.007171614653555186,0.007171256265436909,0.06793403625488281,1.0575287611584333e-19
0.09496541817805088,0.0880877368764766,0.09994430050854308,0.09546915500226062,0.11730837821960449,0.007171256273007287,0.007170897901787043,0.06454801559448242,1.0575515453452383e-19
0.09496464800341788,0.08808759298857552,0.0999443067688678,0.09546983842963305,0.1197810173034668,0.007170897910408536,0.007170539557854738,0.06446218490600586,1.057574343179876e-19
0.09496387783110133,0.08808744910847352,0.09994431302899237,0.0954705217981825,0.1264503002166748,0.007170539565755207,0.007170181230620187,0.06768083572387695,1.0575971336435009e-19
0.09496310766110312,0.0880873052361699,0.0999443192889168,0.09547120510791628,0.11607050895690918,0.0071701812390471565,0.007169822921859748,0.06398606300354004,1.0576199226147046e-19
0.09496233749342513,0.08808716137166395,0.09994432554864109,0.0954718883588417,0.12605738639831543,0.007169822930283454,0.007169464631395783,0.06667780876159668,1.0576427109232794e-19
0.09496156732806907,0.08808701751495498,0.09994433180816525,0.09547257155096613,0.12025022506713867,0.0071694646394621035,0.007169106358340116,0.06699967384338379,1.057665501401169e-19
0.09496079716503682,0.08808687366604231,0.09994433806748927,0.09547325468429697,0.12556886672973633,0.00716910636658466,0.007168748103225653,0.06572079658508301,1.0576882907599368e-19
0.09496002700433012,0.08808672982492521,0.09994434432661316,0.09547393775884151,0.1164398193359375,0.007168748111648542,0.007168389866585301,0.06311941146850586,1.0577110746230698e-19
0.09495925684595082,0.08808658599160302,0.09994435058553691,0.09547462077460707,0.12441205978393555,0.007168389874652124,0.007168031647530881,0.0661318302154541,1.0577338573637311e-19
0.09495848668990067,0.08808644216607502,0.09994435684426053,0.09547530373160104,0.1207127571105957,0.0071680316555958815,0.007167673446417666,0.06693458557128906,1.0577566480288354e-19
0.09495771653618156,0.08808629834834052,0.09994436310278403,0.09547598662983073,0.11424422264099121,0.00716767345447757,0.0071673152623574765,0.06258654594421387,1.0577794346170949e-19
0.0949569463847953,0.08808615453839881,0.0999443693611074,0.09547666946930344,0.12673187255859375,0.007167315271299693,0.007166957098547755,0.06481814384460449,1.0578022168113442e-19
0.09495617623574361,0.08808601073624922,0.09994437561923064,0.09547735225002653,0.12311124801635742,0.007166957106055473,0.007166598951080516,0.06794381141662598,1.0578249970514782e-19
0.09495540608902842,0.08808586694189105,0.09994438187715375,0.09547803497200737,0.11392736434936523,0.007166598958748529,0.00716624082119921,0.06295585632324219,1.0578477818250008e-19
0.09495463594465144,0.08808572315532358,0.09994438813487674,0.09547871763525324,0.13728070259094238,0.00716624082937731,0.0071658827096143796,0.07041716575622559,1.0578705607388276e-19
0.09495386580261445,0.08808557937654614,0.09994439439239962,0.0954794002397715,0.1350719928741455,0.007165882717941836,0.007165524616681296,0.07331156730651855,1.0578933431737697e-19
0.09495309566291942,0.08808543560555802,0.09994440064972236,0.09548008278556949,0.11771821975708008,0.007165524624437869,0.007165166540978873,0.0672142505645752,1.0579161210858469e-19
0.09495232552556807,0.08808529184235853,0.09994440690684497,0.09548076527265453,0.11312651634216309,0.007165166548866881,0.007164808483040019,0.06369209289550781,1.0579388978918747e-19
0.09495155539056227,0.08808514808694697,0.09994441316376747,0.095481447701034,0.1156167984008789,0.007164808491227648,0.007164450443397641,0.06350469589233398,1.0579616781059594e-19
0.09495078525790378,0.08808500433932263,0.09994441942048984,0.09548213007071521,0.12084841728210449,0.007164450451519289,0.007164092421696466,0.0663614273071289,1.0579844531191579e-19
0.09495001512759439,0.08808486059948484,0.0999444256770121,0.09548281238170546,0.12100553512573242,0.007164092429741482,0.00716373441775886,0.06794548034667969,1.0580072256896375e-19
0.09494924499963588,0.08808471686743287,0.09994443193333424,0.09548349463401204,0.11376070976257324,0.00716373442589141,0.0071633764315848225,0.06426811218261719,1.0580300017352172e-19
0.09494847487403016,0.08808457314316605,0.09994443818945627,0.09548417682764228,0.1250476837158203,0.007163376439971185,0.007163018464062532,0.06387710571289062,1.0580527767347171e-19
0.09494770475077903,0.08808442942668368,0.09994444444537819,0.09548485896260352,0.11422348022460938,0.00716301847197648,0.007162660513948538,0.06279182434082031,1.0580755509009472e-19
0.09494693462988422,0.08808428571798507,0.09994445070109997,0.09548554103890312,0.12155318260192871,0.007162660521907745,0.007162302582131019,0.06371188163757324,1.0580983267651513e-19
0.09494616451134759,0.08808414201706952,0.09994445695662166,0.09548622305654837,0.12267851829528809,0.0071623025897638,0.007161944667544162,0.06792855262756348,1.0581210958322129e-19
0.094945394395171,0.08808399832393632,0.09994446321194322,0.09548690501554656,0.1148378849029541,0.0071619446755463705,0.007161586771431416,0.06641173362731934,1.0581438651373886e-19
0.09494462428135628,0.08808385463858479,0.09994446946706469,0.09548758691590509,0.1125328540802002,0.007161586779251224,0.00716122889343751,0.06257867813110352,1.0581666363526901e-19
0.09494385416990517,0.08808371096101424,0.09994447572198605,0.09548826875763121,0.11641740798950195,0.0071612289008784625,0.00716087103249663,0.06316184997558594,1.0581894041956724e-19
0.09494308406081955,0.08808356729122396,0.09994448197670729,0.09548895054073223,0.12333989143371582,0.007160871040427952,0.007160513190207496,0.0648949146270752,1.0582121698443797e-19
0.0949423139541012,0.08808342362921327,0.09994448823122842,0.09548963226521547,0.12182807922363281,0.0071605131978973845,0.007160155365326659,0.06601166725158691,1.0582349406951636e-19
0.09494154384975192,0.08808327997498148,0.09994449448554944,0.09549031393108821,0.12496471405029297,0.007160155373288507,0.007159797558919934,0.06791377067565918,1.058257704512468e-19
0.09494077374777346,0.08808313632852789,0.09994450073967037,0.09549099553835784,0.11519598960876465,0.007159797566597747,0.007159439769033327,0.06610822677612305,1.0582804689181266e-19
0.09494000364816763,0.0880829926898518,0.09994450699359118,0.0954916770870316,0.11258149147033691,0.007159439777827679,0.007159081998864281,0.06235504150390625,1.0583032331000665e-19
0.09493923355093618,0.08808284905895251,0.0999445132473119,0.09549235857711688,0.11626625061035156,0.00715908200697358,0.00715872424574826,0.062499046325683594,1.0583260015541464e-19
0.09493846345608103,0.08808270543582936,0.09994451950083251,0.09549304000862091,0.12093806266784668,0.007158724254036279,0.007158366510928715,0.06284379959106445,1.0583487649610584e-19
0.09493769336360396,0.0880825618204816,0.09994452575415302,0.09549372138155103,0.12492084503173828,0.007158366519013486,0.007158008793872739,0.06645464897155762,1.0583715282125666e-19
0.09493692327350682,0.08808241821290858,0.09994453200727343,0.09549440269591454,0.11854219436645508,0.007158008801906033,0.007157651094935602,0.06659340858459473,1.0583942817838284e-19
0.09493615318579146,0.08808227461310958,0.09994453826019374,0.09549508395171873,0.11382079124450684,0.007157651102711301,0.007157293413051491,0.06350326538085938,1.0584170443800751e-19
0.09493538310045957,0.0880821310210839,0.09994454451291396,0.0954957651489709,0.1255042552947998,0.007157293421430835,0.007156935749996762,0.06326460838317871,1.0584398061096233e-19
0.09493461301751309,0.0880819874368309,0.09994455076543407,0.09549644628767837,0.11268043518066406,0.0071569357580619376,0.007156578104705602,0.06231403350830078,1.0584625584222792e-19
0.09493384293695374,0.08808184386034985,0.09994455701775408,0.09549712736784843,0.11478137969970703,0.007156578112603058,0.007156220476645103,0.06113386154174805,1.0584853208544947e-19
0.0949330728587833,0.08808170029164006,0.09994456326987401,0.09549780838948839,0.12192654609680176,0.007156220485055419,0.007155862867236351,0.06212353706359863,1.0585080794452975e-19
0.09493230278300364,0.08808155673070081,0.09994456952179384,0.09549848935260556,0.12723970413208008,0.007155862875416308,0.0071555052761240745,0.06578540802001953,1.058530831787217e-19
0.09493153270961659,0.08808141317753143,0.09994457577351358,0.09549917025720724,0.12023496627807617,0.0071555052836835605,0.0071551477020648235,0.0665900707244873,1.0585535906252262e-19
0.0949307626386239,0.08808126963213121,0.09994458202503322,0.09549985110330066,0.11584234237670898,0.0071551477098592536,0.007154790145946777,0.06471014022827148,1.0585763430067928e-19
0.09492999257002743,0.0880811260944995,0.09994458827635276,0.09550053189089319,0.11394596099853516,0.0071547901539422455,0.0071544326074146625,0.06254196166992188,1.0585990969409523e-19
0.094929222503829,0.08808098256463558,0.09994459452747223,0.09550121261999213,0.11606287956237793,0.007154432615932224,0.0071540750878895665,0.0619807243347168,1.0586218502156508e-19
0.09492845244003045,0.08808083904253873,0.0999446007783916,0.09550189329060477,0.1288607120513916,0.007154075095824948,0.007153717585595132,0.06336045265197754,1.0586446027812196e-19
0.09492768237863354,0.08808069552820828,0.09994460702911087,0.09550257390273835,0.11707425117492676,0.007153717593622173,0.007153360101419537,0.061945438385009766,1.058667347689156e-19
0.09492691231964004,0.08808055202164355,0.09994461327963006,0.09550325445640016,0.1223745346069336,0.007153360109322724,0.007153002634652239,0.06310796737670898,1.0586901029466307e-19
0.09492614226305189,0.08808040852284385,0.09994461952994917,0.09550393495159751,0.1271982192993164,0.00715300264292604,0.007152645186714324,0.0659322738647461,1.0587128510329846e-19
0.09492537220887082,0.08808026503180848,0.09994462578006819,0.09550461538833767,0.12142348289489746,0.0071526451944288,0.007152287755651798,0.06865286827087402,1.058735594193204e-19
0.09492460215709862,0.08808012154853673,0.09994463202998712,0.09550529576662793,0.1170659065246582,0.007152287763832238,0.007151930343596291,0.06620979309082031,1.058758346262673e-19
0.0949238321077371,0.08807997807302792,0.09994463827970596,0.09550597608647553,0.11497259140014648,0.007151930351134013,0.0071515729480609025,0.06354665756225586,1.0587810914674425e-19
0.09492306206078803,0.08807983460528136,0.09994464452922473,0.0955066563478878,0.11702322959899902,0.0071515729563360105,0.007151215571354896,0.06489324569702148,1.0588038397845156e-19
0.09492229201625328,0.08807969114529636,0.09994465077854343,0.09550733655087201,0.1221001148223877,0.00715121557943422,0.007150858212412459,0.06362724304199219,1.058826584589321e-19
0.09492152197413467,0.08807954769307222,0.09994465702766205,0.09550801669543546,0.12504100799560547,0.007150858220429119,0.007150500871055954,0.06276607513427734,1.0588493249561558e-19
0.09492075193443393,0.08807940424860823,0.09994466327658058,0.09550869678158541,0.11817121505737305,0.007150500879320496,0.0071501435483511955,0.06227707862854004,1.0588720670910995e-19
0.09491998189715294,0.08807926081190372,0.09994466952529905,0.09550937680932917,0.12213850021362305,0.007150143556105392,0.007149786242166556,0.06307220458984375,1.0588948145294438e-19
0.09491921186229345,0.088079117382958,0.09994467577381745,0.09551005677867397,0.1256694793701172,0.0071497862507849995,0.0071494289549889345,0.06597423553466797,1.058917552743104e-19
0.09491844182985733,0.08807897396177036,0.09994468202213577,0.09551073668962708,0.12507891654968262,0.007149428963358642,0.007149071685752517,0.06812071800231934,1.0589402933664272e-19
0.09491767179984638,0.08807883054834013,0.09994468827025402,0.09551141654219582,0.1192014217376709,0.007149071693823507,0.007148714434279668,0.06825399398803711,1.0589630353435814e-19
0.09491690177226242,0.0880786871426666,0.0999446945181722,0.09551209633638745,0.11728763580322266,0.007148714442179311,0.007148357200570388,0.0664825439453125,1.0589857752175719e-19
0.0949161317471073,0.0880785437447491,0.0999447007658903,0.09551277607220925,0.11571884155273438,0.007148357208425502,0.00714799998444704,0.06426811218261719,1.0590085088406731e-19
0.0949153617243828,0.08807840035458693,0.09994470701340834,0.09551345574966849,0.11432409286499023,0.0071479999925628595,0.007147642786264896,0.06337618827819824,1.0590312440924313e-19
0.09491459170409075,0.08807825697217939,0.0999447132607263,0.09551413536877244,0.12742996215820312,0.00714764279458786,0.0071472856065568635,0.06656074523925781,1.0590539886015059e-19
0.09491382168623301,0.08807811359752578,0.0999447195078442,0.09551481492952835,0.11637091636657715,0.007147285614500218,0.007146928444079492,0.06460976600646973,1.059076718054989e-19
0.09491305167081134,0.08807797023062543,0.09994472575476203,0.09551549443194349,0.11520743370056152,0.007146928452300095,0.007146571299898596,0.06366825103759766,1.059099455993552e-19
0.09491228165782752,0.08807782687147762,0.0999447320014798,0.09551617387602512,0.11489105224609375,0.0071465713079851625,0.007146214173125998,0.06319046020507812,1.0591221856508311e-19
0.09491151164728343,0.08807768352008172,0.09994473824799749,0.09551685326178054,0.1171114444732666,0.007146214181555302,0.007145857064649874,0.06390118598937988,1.059144919263472e-19
0.09491074163918078,0.08807754017643699,0.09994474449431512,0.09551753258921698,0.11764144897460938,0.007145857073010568,0.007145499974114955,0.06293392181396484,1.0591676513711903e-19
0.09490997163352144,0.08807739684054275,0.09994475074043269,0.09551821185834176,0.11799860000610352,0.007145499982347698,0.0071451429016988754,0.062412261962890625,1.0591903793164159e-19
0.0949092016303072,0.0880772535123983,0.0999447569863502,0.09551889106916209,0.12168169021606445,0.007145142909565451,0.007144785846691093,0.06345677375793457,1.0592131107162836e-19
0.0949084316295399,0.08807711019200297,0.09994476323206766,0.09551957022168521,0.12127566337585449,0.007144785854665971,0.007144428809446879,0.06288003921508789,1.059235835822987e-19
0.09490766163122138,0.08807696687935605,0.09994476947758506,0.09552024931591839,0.13205575942993164,0.007144428817647697,0.007144071790676776,0.0719602108001709,1.0592585707715056e-19
0.09490689163535347,0.08807682357445687,0.09994477572290239,0.09552092835186891,0.12259268760681152,0.007144071798507037,0.007143714789137334,0.06291937828063965,1.0592813004982075e-19
0.09490612164193789,0.08807668027730471,0.09994478196801967,0.09552160732954403,0.12352538108825684,0.007143714797247116,0.007143357805716732,0.06331849098205566,1.0593040249818739e-19
0.0949053516509765,0.0880765369878989,0.0999447882129369,0.09552228624895097,0.12086892127990723,0.0071433578138644024,0.00714300084041497,0.06488370895385742,1.0593267453256084e-19
0.09490458166247107,0.08807639370623874,0.09994479445765407,0.095522965110097,0.12096357345581055,0.007143000848358623,0.007142643893054412,0.06419944763183594,1.0593494735367427e-19
0.09490381167642342,0.08807625043232355,0.09994480070217118,0.09552364391298936,0.12213730812072754,0.007142643900728509,0.007142286962569244,0.06400513648986816,1.0593721976806369e-19
0.09490304169283545,0.08807610716615263,0.09994480694648825,0.09552432265763534,0.12262201309204102,0.007142286970974618,0.007141930050913459,0.06404495239257812,1.0593949193126036e-19
0.0949022717117089,0.08807596390772532,0.09994481319060525,0.0955250013440422,0.12292337417602539,0.00714193005909429,0.007141573157198877,0.06367659568786621,1.0594176431966768e-19
0.09490150173304558,0.0880758206570409,0.0999448194345222,0.09552567997221714,0.12308001518249512,0.0071415731650859935,0.007141216280892593,0.06391024589538574,1.0594403636873314e-19
0.09490073175684731,0.0880756774140987,0.0999448256782391,0.09552635854216741,0.12267708778381348,0.007141216288950797,0.007140859422527512,0.06369280815124512,1.0594630850676909e-19
0.0948999617831159,0.08807553417889802,0.09994483192175596,0.09552703705390024,0.12306547164916992,0.007140859430687814,0.007140502582103636,0.06327509880065918,1.0594858082048598e-19
0.09489919181185319,0.08807539095143817,0.09994483816507277,0.09552771550742287,0.13132166862487793,0.007140502590295544,0.0071401457592656925,0.0717322826385498,1.0595085303841218e-19
0.09489842184306091,0.08807524773171845,0.09994484440818953,0.09552839390274254,0.11890244483947754,0.007140145767772736,0.00713978895490186,0.06258988380432129,1.0595312409081117e-19
0.09489765187674086,0.08807510451973818,0.09994485065110624,0.09552907223986654,0.11915040016174316,0.007139788963119084,0.007139432167946325,0.06334376335144043,1.0595539623694983e-19
0.09489688191289498,0.08807496131549669,0.0999448568938229,0.09552975051880208,0.11671066284179688,0.0071394321763334784,0.007139075399642536,0.06240129470825195,1.0595766752891782e-19
0.09489611195152499,0.08807481811899329,0.09994486313633952,0.09553042873955644,0.11575913429260254,0.00713907540741289,0.007138718648036502,0.06328439712524414,1.0595993910587142e-19
0.09489534199263279,0.08807467493022726,0.0999448693786561,0.0955311069021368,0.11586308479309082,0.007138718656359461,0.007138361914726943,0.06376409530639648,1.0596221062468638e-19
0.09489457203622016,0.08807453174919794,0.09994487562077263,0.09553178500655041,0.11626434326171875,0.007138361923172379,0.007138005199358588,0.0644831657409668,1.0596448188437796e-19
0.09489380208228892,0.08807438857590462,0.09994488186268913,0.0955324630528045,0.11739802360534668,0.0071380052078490255,0.007137648502819616,0.06676816940307617,1.0596675356691711e-19
0.09489303213084083,0.08807424541034663,0.09994488810440559,0.0955331410409063,0.11913871765136719,0.007137648510387713,0.007137291822800762,0.06904196739196777,1.0596902455684085e-19
0.0948922621818777,0.08807410225252327,0.09994489434592202,0.09553381897086308,0.11952590942382812,0.007137291830789398,0.007136935160900748,0.06775569915771484,1.059712954727171e-19
0.09489149223540139,0.08807395910243385,0.09994490058723841,0.095534496842682,0.11870956420898438,0.00713693516905315,0.007136578516586667,0.06766343116760254,1.0597356702872115e-19
0.09489072229141376,0.08807381596007768,0.09994490682835477,0.09553517465637038,0.12087607383728027,0.007136578525178379,0.007136221891101968,0.06867551803588867,1.0597583774813278e-19
0.0948899523499166,0.08807367282545409,0.09994491306927109,0.09553585241193546,0.12146949768066406,0.007136221899162488,0.007135865282670295,0.06271243095397949,1.0597810877070991e-19
0.09488918241091161,0.08807352969856236,0.09994491930998736,0.09553653010938438,0.12057256698608398,0.007135865291005943,0.007135508692357462,0.06266665458679199,1.0598037905534959e-19
0.09488841247440062,0.08807338657940182,0.09994492555050362,0.09553720774872446,0.1216287612915039,0.007135508700708529,0.007135152120341104,0.062154293060302734,1.0598265002027101e-19
0.09488764254038543,0.0880732434679718,0.09994493179081984,0.09553788532996285,0.1218557357788086,0.00713515212826724,0.007134795565910679,0.06237363815307617,1.0598492063600434e-19
0.0948868726088679,0.08807310036427159,0.09994493803093603,0.09553856285310684,0.12071037292480469,0.007134795573681359,0.007134439029243822,0.0620269775390625,1.0598719122764028e-19
0.09488610267984988,0.08807295726830053,0.0999449442708522,0.09553924031816358,0.12214970588684082,0.007134439036951202,0.007134082509807627,0.06230878829956055,1.0598946158626492e-19
0.09488533275333319,0.08807281418005791,0.09994495051056834,0.0955399177251403,0.11959671974182129,0.007134082518076339,0.007133726008845542,0.0633087158203125,1.05991732101473e-19
0.0948845628293196,0.08807267109954306,0.09994495675008445,0.09554059507404424,0.11794495582580566,0.007133726017055414,0.0071333695261799335,0.0635833740234375,1.0599400221194815e-19
0.09488379290781099,0.08807252802675528,0.09994496298940055,0.09554127236488262,0.11740994453430176,0.00713336953388618,0.00713301306056735,0.06279706954956055,1.0599627234125033e-19
0.09488302298880917,0.08807238496169388,0.0999449692285166,0.09554194959766267,0.11571383476257324,0.007133013068568812,0.007132656612895971,0.0628657341003418,1.0599854237777552e-19
0.09488225307231596,0.0880722419043582,0.09994497546743265,0.0955426267723916,0.12496423721313477,0.007132656621101749,0.0071323001829881605,0.06837964057922363,1.0600081261636869e-19
0.09488148315833309,0.08807209885474751,0.09994498170614867,0.09554330388907667,0.11846542358398438,0.007132300191486432,0.007131943771376825,0.06758332252502441,1.060030823002445e-19
0.09488071324686237,0.08807195581286115,0.09994498794466466,0.09554398094772504,0.12006115913391113,0.00713194377971927,0.007131587377173787,0.06699609756469727,1.0600535197254495e-19
0.09487994333790563,0.08807181277869842,0.09994499418298064,0.09554465794834396,0.1209716796875,0.00713158738580105,0.007131231001622496,0.06660985946655273,1.0600762228653636e-19
0.09487917343146474,0.08807166975225864,0.09994500042109661,0.09554533489094065,0.11952018737792969,0.007131231009728841,0.0071308746433018655,0.06630659103393555,1.0600989150427347e-19
0.09487840352754148,0.0880715267335411,0.09994500665901254,0.09554601177552233,0.12280893325805664,0.0071308746515041065,0.007130518303100075,0.064727783203125,1.060121608973495e-19
0.09487763362613762,0.08807138372254515,0.09994501289672847,0.0955466886020962,0.12142586708068848,0.007130518311123943,0.007130161980839489,0.06436467170715332,1.0601443010100512e-19
0.09487686372725497,0.08807124071927008,0.09994501913424438,0.09554736537066945,0.120330810546875,0.007130161988588759,0.0071298056759872,0.0641319751739502,1.0601670013255829e-19
0.09487609383089532,0.08807109772371521,0.09994502537156026,0.09554804208124933,0.12189126014709473,0.007129805683897036,0.007129449388898479,0.06375932693481445,1.0601896940944863e-19
0.09487532393706057,0.08807095473587985,0.09994503160867614,0.09554871873384299,0.12339925765991211,0.00712944939704856,0.007129093120283869,0.06389093399047852,1.0602123889905619e-19
0.09487455404575251,0.08807081175576333,0.09994503784559201,0.09554939532845765,0.13111305236816406,0.007129093128040765,0.007128736868722285,0.07196474075317383,1.0602350784447472e-19
0.09487378415697297,0.08807066878336493,0.09994504408230787,0.0955500718651005,0.120147705078125,0.007128736876875727,0.007128380635457177,0.06324195861816406,1.0602577699733237e-19
0.09487301427072369,0.088070525818684,0.09994505031882371,0.09555074834377876,0.11744475364685059,0.007128380643549597,0.007128024419778001,0.06241250038146973,1.0602804600244629e-19
0.09487224438700644,0.08807038286171985,0.09994505655513955,0.09555142476449964,0.11736369132995605,0.007128024428064092,0.007127668222572936,0.06286144256591797,1.060303148015186e-19
0.09487147450582313,0.08807023991247179,0.09994506279125537,0.09555210112727032,0.11783766746520996,0.007127668230415294,0.007127312042243261,0.06449508666992188,1.0603258362808396e-19
0.09487070462717556,0.08807009697093912,0.09994506902717118,0.09555277743209804,0.11565923690795898,0.007127312050604761,0.007126955880742969,0.06361055374145508,1.0603485253939745e-19
0.09486993475106557,0.08806995403712119,0.09994507526288698,0.09555345367898999,0.11574482917785645,0.0071269558886307965,0.007126599736118067,0.0647425651550293,1.0603712116760601e-19
0.09486916487749497,0.08806981111101728,0.0999450814984028,0.09555412986795334,0.11693954467773438,0.007126599744492954,0.0071262436105001825,0.0668339729309082,1.0603938932123667e-19
0.09486839500646553,0.08806966819262671,0.09994508773371859,0.09555480599899531,0.11840319633483887,0.007126243618188191,0.007125887501580053,0.06807470321655273,1.0604165768285377e-19
0.09486762513797911,0.08806952528194878,0.09994509396883439,0.09555548207212308,0.11910510063171387,0.007125887509719075,0.007125531411489305,0.06910991668701172,1.0604392626202552e-19
0.09486685527203756,0.08806938237898283,0.09994510020375018,0.09555615808734386,0.12051010131835938,0.007125531419082303,0.007125175338451584,0.06814885139465332,1.0604619479485672e-19
0.09486608540864262,0.08806923948372819,0.09994510643846598,0.09555683404466485,0.11839914321899414,0.007125175346277654,0.00712481928317743,0.06719470024108887,1.0604846294295614e-19
0.0948653155477961,0.08806909659618416,0.09994511267298177,0.09555750994409318,0.12139153480529785,0.007124819291304681,0.00712446324548921,0.06319355964660645,1.060507312486953e-19
0.09486454568949983,0.08806895371635003,0.09994511890729757,0.0955581857856361,0.12088441848754883,0.007124463254162482,0.0071241072268080075,0.06258177757263184,1.0605299927930947e-19
0.09486377583375565,0.08806881084422513,0.09994512514141336,0.09555886156930078,0.12141180038452148,0.00712410723484866,0.007123751225357466,0.062409400939941406,1.0605526694094698e-19
0.0948630059805654,0.08806866797980879,0.09994513137532916,0.09555953729509441,0.12115764617919922,0.007123751233364039,0.007123395241315222,0.06211662292480469,1.060575350063909e-19
0.0948622361299308,0.08806852512310032,0.09994513760904497,0.09556021296302418,0.12178540229797363,0.007123395249706878,0.007123039275569454,0.06203103065490723,1.060598023908281e-19
0.09486146628185371,0.08806838227409902,0.09994514384256077,0.09556088857309729,0.12068963050842285,0.007123039283876446,0.007122683327942525,0.062201499938964844,1.0606207001799079e-19
0.09486069643633592,0.08806823943280424,0.09994515007587658,0.09556156412532088,0.11946535110473633,0.0071226833358699025,0.007122327397190986,0.06327080726623535,1.0606433794839337e-19
0.0948599265933792,0.08806809659921527,0.0999451563089924,0.09556223961970216,0.11647343635559082,0.007122327405690441,0.00712197148526883,0.062133073806762695,1.0606660529983797e-19
0.09485915675298547,0.08806795377333143,0.09994516254190823,0.09556291505624835,0.11660909652709961,0.007121971493334656,0.007121615591110242,0.06177067756652832,1.0606887347691077e-19
0.09485838691515655,0.08806781095515202,0.09994516877462407,0.09556359043496661,0.11782670021057129,0.007121615598801739,0.007121259714359951,0.06454038619995117,1.0607114000252195e-19
0.09485761707989411,0.08806766814467637,0.09994517500713992,0.09556426575586406,0.12364006042480469,0.00712125972209115,0.0071209038557285,0.06773877143859863,1.060734069124556e-19
0.09485684724720006,0.0880675253419038,0.09994518123945578,0.09556494101894791,0.11897969245910645,0.007120903863201251,0.00712054801432771,0.06725764274597168,1.060756744470608e-19
0.09485607741707618,0.08806738254683363,0.09994518747157166,0.09556561622422538,0.11906147003173828,0.007120548022131968,0.007120192191223396,0.06760358810424805,1.060779422971521e-19
0.09485530758952432,0.08806723975946518,0.09994519370348755,0.09556629137170362,0.12138962745666504,0.007120192198881907,0.007119836385527378,0.06649231910705566,1.0608020916808163e-19
0.09485453776454632,0.08806709697979774,0.09994519993520345,0.09556696646138978,0.11990499496459961,0.007119836393451026,0.007119480597772565,0.0664827823638916,1.0608247564468376e-19
0.09485376794214394,0.08806695420783063,0.09994520616671938,0.095567641493291,0.12089061737060547,0.007119480605837959,0.007119124828314227,0.06646966934204102,1.0608474287568629e-19
0.09485299812231901,0.08806681144356318,0.09994521239803533,0.09556831646741451,0.1212303638458252,0.007119124836041152,0.007118769076264186,0.06453156471252441,1.0608700966947176e-19
0.0948522283050734,0.08806666868699471,0.09994521862915129,0.09556899138376751,0.12101078033447266,0.007118769084060374,0.007118413341800078,0.0642552375793457,1.0608927597881031e-19
0.09485145849040888,0.08806652593812453,0.09994522486006727,0.09556966624235713,0.12076950073242188,0.007118413349895459,0.007118057625277174,0.06399869918823242,1.0609154235965014e-19
0.09485068867832727,0.08806638319695198,0.09994523109078327,0.09557034104319058,0.12266182899475098,0.00711805763354518,0.00711770192687311,0.06395459175109863,1.060938088905694e-19
0.09484991886883032,0.08806624046347636,0.09994523732129929,0.095571015786275,0.13083410263061523,0.007117701935008236,0.007117346245699707,0.07175731658935547,1.0609607525821784e-19
0.09484914906191995,0.08806609773769697,0.09994524355161533,0.09557169047161754,0.12079095840454102,0.007117346254284826,0.007116990582645144,0.06322717666625977,1.0609834179195111e-19
0.09484837925759795,0.08806595501961316,0.09994524978173139,0.09557236509922541,0.11711812019348145,0.007116990591373378,0.007116634938597599,0.06242680549621582,1.0610060786904433e-19
0.09484760945586611,0.08806581230922422,0.09994525601164747,0.09557303966910573,0.11645793914794922,0.007116634946269509,0.007116279310537266,0.0624537467956543,1.0610287397496315e-19
0.09484683965672616,0.0880656696065295,0.0999452622413636,0.09557371418126567,0.11773109436035156,0.007116279318977169,0.007115923701306315,0.06457972526550293,1.061051399529829e-19
0.09484606986018003,0.08806552691152832,0.09994526847087976,0.0955743886357124,0.1154634952545166,0.0071159237094924185,0.007115568109483661,0.06294655799865723,1.061074061513131e-19
0.09484530006622953,0.08806538422421994,0.09994527470019593,0.09557506303245306,0.11672568321228027,0.0071155681178173245,0.007115212535602211,0.06469964981079102,1.0610967218797118e-19
0.09484453027487644,0.08806524154460374,0.09994528092931212,0.09557573737149481,0.11631608009338379,0.007115212543948677,0.007114856979661965,0.0666804313659668,1.0611193794609763e-19
0.09484376048612259,0.08806509887267899,0.09994528715822837,0.09557641165284482,0.11867642402648926,0.007114856987885276,0.007114501441485288,0.06870317459106445,1.0611420345812682e-19
0.09484299069996975,0.08806495620844504,0.09994529338694463,0.09557708587651022,0.11995410919189453,0.0071145014496275145,0.007114145921249815,0.06896448135375977,1.0611646903452827e-19
0.09484222091641972,0.08806481355190118,0.09994529961546093,0.0955777600424982,0.11972618103027344,0.007114145929173855,0.007113790418600274,0.0678257942199707,1.0611873476478544e-19
0.09484145113547438,0.08806467090304675,0.09994530584377725,0.09557843415081586,0.11834883689880371,0.007113790426523093,0.007113434933359031,0.06769752502441406,1.0612100009982319e-19
0.09484068135713551,0.08806452826188105,0.09994531207189362,0.09557910820147039,0.12114810943603516,0.0071134349416760115,0.007113079465881356,0.06261849403381348,1.0612326556328851e-19
0.09483991158140498,0.08806438562840342,0.09994531829981002,0.09557978219446893,0.12056779861450195,0.007113079474632685,0.007112724017410699,0.06239008903503418,1.0612553098472729e-19
0.09483914180828454,0.08806424300261317,0.09994532452752644,0.09558045612981868,0.12044429779052734,0.007112724025387181,0.007112368585637796,0.062047719955444336,1.0612779582612606e-19
0.09483837203777601,0.08806410038450961,0.09994533075504292,0.0955811300075267,0.1217200756072998,0.007112368593942684,0.0071120131723390045,0.06266665458679199,1.0613006104944515e-19
0.09483760226988114,0.08806395777409207,0.09994533698235941,0.09558180382760016,0.12042665481567383,0.0071120131802969114,0.007111657776803781,0.06237220764160156,1.0613232627988632e-19
0.09483683250460181,0.08806381517135985,0.09994534320947596,0.09558247759004626,0.11931777000427246,0.007111657784448325,0.00711130239849922,0.06337809562683105,1.0613459084447723e-19
0.09483606274193983,0.08806367257631229,0.09994534943639255,0.09558315129487209,0.11768913269042969,0.007111302406397724,0.007110947038313498,0.06214570999145508,1.061368554071683e-19
0.09483529298189701,0.08806352998894869,0.09994535566310918,0.09558382494208482,0.11569571495056152,0.007110947046142518,0.007110591695713708,0.062366485595703125,1.0613912102841022e-19
0.09483452322447523,0.08806338740926839,0.09994536188962586,0.0955844985316916,0.11604547500610352,0.007110591703683186,0.007110236371055123,0.063018798828125,1.0614138541362491e-19
0.09483375346967625,0.08806324483727071,0.09994536811594257,0.09558517206369958,0.1156914234161377,0.007110236379018446,0.007109881064160106,0.06368303298950195,1.061436502327836e-19
0.0948329837175019,0.08806310227295494,0.09994537434205933,0.09558584553811593,0.12498259544372559,0.007109881072147785,0.007109525774851022,0.07038545608520508,1.0614591459899768e-19
0.09483221396795398,0.08806295971632042,0.09994538056797614,0.09558651895494773,0.12016677856445312,0.007109525783070276,0.007109170503483142,0.06634640693664551,1.0614817890943097e-19
0.09483144422103432,0.08806281716736647,0.099945386793693,0.09558719231420211,0.11949396133422852,0.007109170511784722,0.007108815250056466,0.06661605834960938,1.0615044383970167e-19
0.09483067447674469,0.08806267462609242,0.0999453930192099,0.09558786561588624,0.12202334403991699,0.007108815258289868,0.007108460014215723,0.06602668762207031,1.0615270812945119e-19
0.09482990473508691,0.08806253209249759,0.09994539924452686,0.09558853886000725,0.12016749382019043,0.007108460022585824,0.007108104796316184,0.06386661529541016,1.0615497198383881e-19
0.09482913499606281,0.08806238956658129,0.09994540546964387,0.09558921204657228,0.12038159370422363,0.0071081048046713734,0.007107749596535484,0.0639035701751709,1.0615723592254841e-19
0.09482836525967413,0.08806224704834283,0.0999454116945609,0.09558988517558846,0.12118697166442871,0.007107749604543625,0.0071073944143407175,0.06368446350097656,1.0615949987879577e-19
0.09482759552592282,0.08806210453778153,0.09994541791927801,0.09559055824706292,0.1227421760559082,0.0071073944222033655,0.0071070392497318835,0.06339263916015625,1.0616176404455721e-19
0.09482682579481067,0.08806196203489672,0.09994542414379516,0.09559123126100275,0.12289690971374512,0.007107039257649689,0.007106684102886618,0.0631558895111084,1.0616402789803252e-19
0.09482605606633948,0.08806181953968771,0.09994543036811236,0.09559190421741509,0.12273287773132324,0.007106684110882047,0.007106328973627285,0.0631113052368164,1.0616629100587642e-19
0.09482528634051104,0.08806167705215384,0.09994543659222964,0.09559257711630716,0.12806081771850586,0.007106328981899225,0.0071059738626644275,0.06530475616455078,1.0616855538707842e-19
0.09482451661732716,0.08806153457229442,0.09994544281614696,0.09559324995768602,0.12064743041992188,0.007105973870700614,0.007105618768754596,0.0637974739074707,1.0617081856403812e-19
0.09482374689678971,0.08806139210010877,0.09994544903986435,0.0955939227415588,0.11629891395568848,0.007105618777284427,0.007105263693496511,0.06256318092346191,1.0617308234330325e-19
0.09482297717890052,0.08806124963559621,0.09994545526338179,0.09559459546793264,0.11475634574890137,0.007105263701650624,0.007104908635646723,0.06273627281188965,1.0617534575277566e-19
0.09482220746366139,0.08806110717875605,0.0999454614866993,0.09559526813681465,0.11646747589111328,0.007104908643797089,0.007104553595382868,0.06420588493347168,1.0617760851410225e-19
0.0948214377510741,0.08806096472958765,0.09994546770981687,0.09559594074821197,0.11774396896362305,0.007104553603724587,0.007104198573060216,0.0664982795715332,1.061798723029807e-19
0.09482066804114042,0.08806082228809027,0.09994547393273451,0.09559661330213173,0.1170661449432373,0.007104198581431187,0.007103843568678769,0.06678104400634766,1.0618213509959138e-19
0.09481989833386234,0.08806067985426327,0.09994548015545221,0.09559728579858096,0.1189110279083252,0.007103843576916347,0.007103488581705619,0.06904816627502441,1.0618439827453646e-19
0.09481912862924158,0.08806053742810599,0.09994548637796996,0.0955979582375668,0.11983847618103027,0.007103488590179504,0.00710313361320658,0.06803250312805176,1.061866615055585e-19
0.09481835892727991,0.08806039500961771,0.09994549260028779,0.09559863061909642,0.11873722076416016,0.007103133621219365,0.007102778661938203,0.06792140007019043,1.0618892401678778e-19
0.09481758922797912,0.08806025259879777,0.09994549882240568,0.0955993029431769,0.12011098861694336,0.007102778670034454,0.007102423728611029,0.06700658798217773,1.0619118693311044e-19
0.09481681953134102,0.08806011019564547,0.09994550504432363,0.09559997520981535,0.12355184555053711,0.007102423736624516,0.007102068813047424,0.07096242904663086,1.0619345020849951e-19
0.09481604983736748,0.08805996780016016,0.09994551126604165,0.09560064741901894,0.1212308406829834,0.007102068820988,0.007101713915069752,0.06286048889160156,1.0619571259172487e-19
0.09481528014606032,0.08805982541234114,0.09994551748755974,0.09560131957079475,0.12193441390991211,0.007101713923125022,0.007101359035033283,0.06238198280334473,1.0619797498546063e-19
0.09481451045742129,0.08805968303218777,0.0999455237088779,0.0956019916651499,0.1220083236694336,0.007101359043033733,0.007101004172760383,0.06199336051940918,1.062002376859082e-19
0.0948137407714523,0.08805954065969933,0.09994552992999613,0.09560266370209153,0.12115645408630371,0.007101004180714145,0.007100649328428688,0.062255859375,1.0620250004772372e-19
0.09481297108815512,0.08805939829487516,0.09994553615091444,0.09560333568162668,0.12005114555358887,0.007100649336164782,0.007100294501505289,0.061983346939086914,1.0620476188796052e-19
0.09481220140753154,0.08805925593771458,0.0999455423716328,0.09560400760376249,0.12039017677307129,0.007100294509385027,0.007099939692523094,0.0634453296661377,1.062070246317328e-19
0.0948114317295834,0.08805911358821691,0.09994554859215125,0.09560467946850608,0.11759519577026367,0.007099939700374675,0.007099584901126832,0.06232023239135742,1.0620928656915631e-19
0.09481066205431248,0.08805897124638147,0.09994555481246978,0.09560535127586453,0.11888861656188965,0.00709958490913154,0.007099230127494138,0.06374907493591309,1.0621154884365417e-19
0.09480989238172063,0.08805882891220758,0.09994556103258838,0.09560602302584494,0.1173861026763916,0.0070992301356553825,0.007098875371980284,0.06371760368347168,1.0621381053073455e-19
0.09480912271180965,0.08805868658569456,0.09994556725250706,0.09560669471845445,0.11557507514953613,0.007098875379944578,0.007098520634229999,0.06336855888366699,1.0621607256739551e-19
0.09480835304458131,0.08805854426684173,0.09994557347222581,0.09560736635370012,0.12508201599121094,0.0070985206419986865,0.007098165913710375,0.06899833679199219,1.0621833401310726e-19
0.09480758338003749,0.08805840195564844,0.09994557969174464,0.09560803793158908,0.11853480339050293,0.00709816592181808,0.00709781121130959,0.06765103340148926,1.0622059554033228e-19
0.09480681371818005,0.08805825965211399,0.09994558591106355,0.0956087094521284,0.12010312080383301,0.007097811219400866,0.007097456526672374,0.0665590763092041,1.0622285717451845e-19
0.09480604405901073,0.0880581173562377,0.09994559213018255,0.09560938091532521,0.12006950378417969,0.007097456534746173,0.0070971018599763624,0.06659698486328125,1.0622511880870568e-19
0.09480527440253135,0.08805797506801889,0.09994559834910162,0.09561005232118659,0.11980843544006348,0.007097101867852078,0.007096747210866283,0.06670522689819336,1.062273809273882e-19
0.09480450474874372,0.08805783278745691,0.09994560456782077,0.0956107236697197,0.12162923812866211,0.007096747218719692,0.007096392579164501,0.06568288803100586,1.0622964189672739e-19
0.09480373509764972,0.08805769051455105,0.09994561078634,0.09561139496093159,0.12311124801635742,0.007096392587347178,0.007096037965403923,0.06420350074768066,1.0623190294382506e-19
0.0948029654492512,0.08805754824930065,0.09994561700465933,0.09561206619482929,0.12179374694824219,0.007096037973733264,0.007095683369406913,0.0644385814666748,1.0623416442942441e-19
0.09480219580354986,0.08805740599170503,0.09994562322277874,0.09561273737141991,0.12065529823303223,0.0070956833778777675,0.007095328791528743,0.06398558616638184,1.0623642540892703e-19
0.09480142616054753,0.08805726374176351,0.09994562944069825,0.09561340849071057,0.12303853034973145,0.007095328799779069,0.007094974231236506,0.06400108337402344,1.0623868629656357e-19
0.094800656520246,0.08805712149947542,0.09994563565841784,0.09561407955270836,0.1299443244934082,0.007094974239436981,0.007094619688885473,0.07220935821533203,1.0624094739928819e-19
0.09479988688264715,0.08805697926484007,0.0999456418759375,0.09561475055742037,0.12088346481323242,0.007094619696849238,0.0070942651641203724,0.06356978416442871,1.062432083001318e-19
0.09479911724775278,0.08805683703785681,0.09994564809325727,0.0956154215048537,0.1174466609954834,0.007094265172015987,0.007093910656941205,0.06236124038696289,1.062454689186394e-19
0.0947983476155647,0.08805669481852496,0.09994565431037712,0.09561609239501545,0.11867356300354004,0.0070939106649360465,0.007093556167525605,0.06376457214355469,1.0624772937949165e-19
0.0947975779860848,0.08805655260684382,0.09994566052729707,0.09561676322791271,0.11623930931091309,0.007093556175610133,0.007093201695873574,0.06357789039611816,1.0624998981174619e-19
0.0947968083593148,0.08805641040281274,0.09994566674401711,0.09561743400355252,0.11478304862976074,0.00709320170403572,0.007092847241807476,0.0637967586517334,1.0625225083651838e-19
0.09479603873525656,0.08805626820643103,0.09994567296053726,0.09561810472194197,0.11618685722351074,0.007092847250211903,0.007092492806037853,0.0647420883178711,1.0625451115172176e-19
0.09479526911391195,0.088056126017698,0.0999456791768575,0.09561877538308815,0.1170506477355957,0.007092492814137749,0.007092138388031799,0.06658196449279785,1.0625677107582639e-19
0.09479449949528272,0.08805598383661296,0.09994568539297784,0.09561944598699813,0.1189565658569336,0.007092138395812025,0.00709178398707877,0.06867671012878418,1.0625903171865999e-19
0.0947937298793707,0.08805584166317529,0.09994569160889828,0.09562011653367902,0.1189730167388916,0.007091783995234624,0.007091429604244581,0.0681612491607666,1.0626129213179952e-19
0.09479296026617764,0.08805569949738429,0.09994569782461882,0.09562078702313785,0.11916708946228027,0.007091429612404887,0.007091075238996325,0.06791901588439941,1.0626355190721201e-19
0.09479219065570549,0.08805555733923928,0.09994570404013946,0.09562145745538177,0.1199183464050293,0.007091075247321645,0.00709072089222218,0.06831026077270508,1.062658120679813e-19
0.09479142104795595,0.08805541518873959,0.0999457102554602,0.09562212783041778,0.1227576732635498,0.007090720899982963,0.007090366562145789,0.06310606002807617,1.0626807191442027e-19
0.09479065144293092,0.08805527304588455,0.09994571647058104,0.09562279814825299,0.12029647827148438,0.0070903665703909635,0.007090012250365874,0.06261038780212402,1.0627033206857536e-19
0.09478988184063214,0.08805513091067346,0.09994572268550199,0.09562346840889448,0.11933732032775879,0.007090012258541769,0.007089657956527162,0.061949729919433594,1.0627259179305549e-19
0.09478911224106146,0.08805498878310566,0.09994572890022305,0.0956241386123493,0.1206974983215332,0.00708965796443484,0.007089303680096748,0.062055110931396484,1.0627485097814042e-19
0.09478834264422067,0.08805484666318047,0.09994573511474422,0.09562480875862449,0.12082815170288086,0.007089303688070283,0.007088949421252266,0.062055110931396484,1.062771104916954e-19
0.09478757305011162,0.08805470455089724,0.09994574132906549,0.09562547884772718,0.11959266662597656,0.007088949429446517,0.00708859518070426,0.06299471855163574,1.0627936983535305e-19
0.09478680345873618,0.08805456244625527,0.09994574754318687,0.0956261488796644,0.11756205558776855,0.0070885951885623095,0.007088240957386915,0.06206083297729492,1.0628162910927644e-19
0.09478603387009618,0.0880544203492539,0.09994575375710836,0.09562681885444325,0.11583566665649414,0.00708824096541846,0.007087886751655503,0.06184530258178711,1.0628388915593966e-19
0.09478526428419337,0.08805427825989244,0.09994575997082997,0.09562748877207077,0.1182091236114502,0.007087886760013415,0.007087532564753474,0.06466507911682129,1.0628614802496926e-19
0.09478449470102952,0.08805413617817023,0.09994576618435169,0.09562815863255403,0.11498498916625977,0.0070875325723435524,0.007087178394016291,0.06273436546325684,1.0628840720796416e-19
0.09478372512060652,0.08805399410408658,0.09994577239767352,0.09562882843590012,0.1273808479309082,0.0070871784024127745,0.007086824242286127,0.07035231590270996,1.0629066586125543e-19
0.0947829555429261,0.08805385203764082,0.09994577861079545,0.09562949818211611,0.1183171272277832,0.007086824250216417,0.007086470107608989,0.0674285888671875,1.0629292538706475e-19
0.09478218596799012,0.08805370997883227,0.09994578482371749,0.09563016787120904,0.12091875076293945,0.007086470115754693,0.0070861159906954185,0.06603050231933594,1.0629518406340766e-19
0.09478141639580044,0.08805356792766028,0.09994579103643965,0.09563083750318593,0.12172818183898926,0.007086115999027954,0.0070857618917230525,0.06661152839660645,1.0629744299930558e-19
0.09478064682635888,0.08805342588412417,0.09994579724896192,0.09563150707805383,0.11927342414855957,0.007085761900034312,0.007085407810336619,0.06641912460327148,1.062997015429524e-19
0.09477987725966716,0.08805328384822324,0.09994580346128432,0.09563217659581982,0.12178826332092285,0.007085407818772588,0.007085053747424297,0.06613278388977051,1.0630196035051013e-19
0.09477910769572714,0.08805314181995683,0.09994580967340683,0.09563284605649097,0.12088775634765625,0.0070850537552412,0.007084699700854458,0.06415963172912598,1.0630421854076432e-19
0.09477833813454063,0.08805299979932427,0.09994581588532946,0.09563351546007436,0.12059593200683594,0.007084699709442305,0.007084345673114001,0.0639946460723877,1.063064773194433e-19
0.09477756857610943,0.08805285778632489,0.0999458220970522,0.09563418480657701,0.12263274192810059,0.00708434568137262,0.0070839916631371125,0.06393861770629883,1.0630873524996963e-19
0.09477679902043536,0.08805271578095801,0.09994582830857508,0.095634854096006,0.12331771850585938,0.007083991671028933,0.007083637670035614,0.06397604942321777,1.0631099375084321e-19
0.09477602946752026,0.08805257378322295,0.09994583451989808,0.0956355233283684,0.13024258613586426,0.007083637678415043,0.007083283695763498,0.07202911376953125,1.0631325207169389e-19
0.09477525991736592,0.08805243179311904,0.0999458407310212,0.09563619250367125,0.11945009231567383,0.007083283703526035,0.007082929738011501,0.06359291076660156,1.0631551033213837e-19
0.09477449036997414,0.08805228981064561,0.09994584694194443,0.09563686162192159,0.1179811954498291,0.007082929746365065,0.007082575799088886,0.062482595443725586,1.0631776832118316e-19
0.09477372082534677,0.08805214783580201,0.0999458531526678,0.09563753068312646,0.11956381797790527,0.007082575806927824,0.0070822218773969325,0.06399703025817871,1.0632002575314009e-19
0.09477295128348563,0.08805200586858755,0.09994585936319128,0.09563819968729294,0.1166219711303711,0.007082221885213776,0.007081867972758005,0.06249594688415527,1.0632228360658875e-19
0.09477218174439256,0.08805186390900155,0.09994586557351491,0.09563886863442803,0.11515498161315918,0.007081867981225199,0.007081514086948459,0.06298112869262695,1.0632454119992374e-19
0.09477141220806935,0.08805172195704333,0.09994587178363867,0.0956395375245388,0.1157999038696289,0.007081514094957983,0.007081160218724847,0.0646054744720459,1.0632679922833356e-19
0.0947706426745179,0.08805158001271224,0.09994587799356255,0.09564020635763228,0.11853241920471191,0.007081160226411977,0.00708080636755426,0.06671261787414551,1.0632905673276965e-19
0.09476987314373998,0.0880514380760076,0.09994588420328657,0.09564087513371554,0.11776208877563477,0.007080806375587293,0.007080452534502513,0.06715989112854004,1.0633131448570367e-19
0.09476910361573736,0.08805129614692872,0.09994589041281071,0.09564154385279562,0.11961174011230469,0.007080452542481429,0.0070800987193919696,0.06875300407409668,1.0633357219620986e-19
0.09476833409051189,0.08805115422547494,0.09994589662213499,0.09564221251487956,0.11819124221801758,0.007080098727094433,0.007079744921867359,0.06780552864074707,1.063358292359065e-19
0.09476756456806541,0.08805101231164558,0.0999459028312594,0.09564288111997434,0.12046599388122559,0.007079744929424763,0.00707939114157341,0.06879305839538574,1.063380869415759e-19
0.0947667950483997,0.08805087040543998,0.09994590904018395,0.09564354966808704,0.1224203109741211,0.007079391149472854,0.007079037379043029,0.06277704238891602,1.0634034308015414e-19
0.09476602553151663,0.08805072850685745,0.09994591524890864,0.09564421815922469,0.12174439430236816,0.007079037387237927,0.0070786836346314885,0.06276559829711914,1.0634260065302155e-19
0.09476525601741802,0.08805058661589735,0.09994592145743346,0.09564488659339435,0.1211695671081543,0.007078683642717628,0.007078329908161152,0.06229853630065918,1.0634485758812937e-19
0.09476448650610574,0.08805044473255898,0.09994592766575841,0.09564555497060302,0.11974644660949707,0.00707832991591144,0.007077976198921476,0.06207537651062012,1.0634711437230201e-19
0.09476371699758157,0.08805030285684166,0.09994593387388351,0.09564622329085773,0.12001729011535645,0.0070779762068185065,0.007077622507623005,0.06162619590759277,1.0634937152041242e-19
0.09476294749184731,0.08805016098874474,0.09994594008180875,0.09564689155416557,0.12192296981811523,0.0070776225154382325,0.007077268833555195,0.06215047836303711,1.0635162822799982e-19
0.09476217798890474,0.08805001912826754,0.09994594628953413,0.09564755976053353,0.12035751342773438,0.007077268841770401,0.0070769151776062245,0.06340456008911133,1.0635388522739528e-19
0.09476140848875575,0.0880498772754094,0.09994595249705965,0.09564822790996863,0.11707735061645508,0.007076915185814128,0.0070765615394208226,0.06225252151489258,1.0635614127621945e-19
0.094760638991402,0.08804973543016964,0.0999459587043853,0.09564889600247792,0.11512613296508789,0.007076561547567543,0.007076207918998989,0.06205320358276367,1.0635839805943561e-19
0.09475986949684537,0.08804959359254758,0.0999459649115111,0.09564956403806844,0.11550307273864746,0.007076207927028736,0.007075854316695995,0.06254315376281738,1.0636065427218788e-19
0.09475910000508764,0.08804945176254256,0.09994597111843706,0.0956502320167472,0.12462735176086426,0.007075854324197798,0.007075500731446027,0.06578302383422852,1.0636291064554714e-19
0.09475833051613067,0.0880493099401539,0.09994597732516317,0.09565089993852123,0.11792850494384766,0.007075500739074541,0.007075147163604356,0.06617856025695801,1.0636516681894334e-19
0.09475756102997626,0.08804916812538094,0.0999459835316894,0.09565156780339752,0.11947035789489746,0.007075147171658103,0.0070747936140591605,0.06511855125427246,1.063674230707047e-19
0.09475679154662622,0.08804902631822299,0.09994598973801579,0.09565223561138309,0.11934733390808105,0.007074793621947228,0.007074440082455169,0.06535029411315918,1.0636967913610743e-19
0.09475602206608247,0.0880488845186794,0.09994599594414233,0.09565290336248501,0.12232708930969238,0.0070744400899393125,0.007074086567904203,0.0657505989074707,1.063719351966438e-19
0.09475525258834684,0.0880487427267495,0.09994600215006902,0.09565357105671027,0.12230038642883301,0.00707408657563585,0.007073733071116806,0.06393766403198242,1.0637419099084766e-19
0.09475448311342112,0.0880486009424326,0.09994600835579585,0.09565423869406588,0.12130355834960938,0.007073733079034972,0.007073379591737705,0.06384730339050293,1.0637644642738932e-19
0.09475371364130708,0.08804845916572804,0.09994601456132285,0.09565490627455887,0.11959028244018555,0.007073379600137514,0.00707302613065508,0.06386327743530273,1.063787029684927e-19
0.09475294417200655,0.08804831739663514,0.09994602076665,0.09565557379819627,0.12271308898925781,0.0070730261389411395,0.007072672687158388,0.06365442276000977,1.0638095814422495e-19
0.0947521747055213,0.08804817563515326,0.0999460269717773,0.09565624126498505,0.12269425392150879,0.007072672695445026,0.007072319261425264,0.06363320350646973,1.0638321398983118e-19
0.09475140524185319,0.08804803388128171,0.09994603317670475,0.09565690867493223,0.1307997703552246,0.007072319269648188,0.007071965853455708,0.07183384895324707,1.0638546931235987e-19
0.09475063578100408,0.08804789213501982,0.09994603938143237,0.0956575760280449,0.11900615692138672,0.007071965861549838,0.007071612463249721,0.06272077560424805,1.0638772474458591e-19
0.09474986632297572,0.0880477503963669,0.09994604558596015,0.09565824332433001,0.1161355972290039,0.007071612471148034,0.0070712590908073025,0.06281805038452148,1.0638997962273347e-19
0.09474909686776994,0.08804760866532231,0.09994605179028808,0.0956589105637946,0.11659550666809082,0.007071259098442518,0.007070905735773181,0.06467080116271973,1.063922356332929e-19
0.0947483274153886,0.08804746694188535,0.09994605799441617,0.09565957774644564,0.11428189277648926,0.00707090574343254,0.0070705523979697205,0.06273293495178223,1.0639449015777386e-19
0.09474755796583344,0.08804732522605538,0.09994606419834443,0.09566024487229015,0.1163930892944336,0.007070552406117795,0.007070199078995643,0.064422607421875,1.0639674500105171e-19
0.09474678851910631,0.08804718351783171,0.09994607040207285,0.09566091194133518,0.11685585975646973,0.007070199086495751,0.007069845776719319,0.06636905670166016,1.0639900041907369e-19
0.09474601907520903,0.08804704181721369,0.09994607660560142,0.0956615789535877,0.11882424354553223,0.007069845784568151,0.007069492492206564,0.06879615783691406,1.0640125543608029e-19
0.0947452496341434,0.08804690012420063,0.09994608280893018,0.09566224590905473,0.11942839622497559,0.007069492500332814,0.007069139225635013,0.06911945343017578,1.064035100592373e-19
0.09474448019591118,0.08804675843879187,0.09994608901205909,0.09566291280774329,0.12049436569213867,0.007069139233788177,0.007068785976649394,0.06803417205810547,1.0640576460064739e-19
0.0947437107605143,0.08804661676098673,0.09994609521498816,0.09566357964966038,0.11860036849975586,0.007068785984935358,0.00706843274560498,0.06801676750183105,1.0640801927239765e-19
0.09474294132795448,0.08804647509078456,0.0999461014177174,0.09566424643481301,0.12198376655578613,0.00706843275377176,0.00706807953250177,0.07001352310180664,1.0641027349785059e-19
0.09474217189823358,0.0880463334281847,0.0999461076202468,0.09566491316320812,0.12093520164489746,0.007068079540296197,0.0070677263362739495,0.06294846534729004,1.0641252819834496e-19
0.09474140247135344,0.08804619177318644,0.09994611382257639,0.09566557983485278,0.11966276168823242,0.007067726344509797,0.007067373158164969,0.06238055229187012,1.0641478267006025e-19
0.09474063304731592,0.08804605012578914,0.09994612002470613,0.09566624644975401,0.11754059791564941,0.007067373166408949,0.007067019997819557,0.06475424766540527,1.0641703664766487e-19
0.09473986362612287,0.08804590848599213,0.09994612622663604,0.09566691300791874,0.12807083129882812,0.007067020005994799,0.007066666855415349,0.06875085830688477,1.0641929097475056e-19
0.094739094207776,0.08804576685379474,0.09994613242836613,0.09566757950935399,0.12694740295410156,0.007066666863264152,0.007066313730241802,0.06741452217102051,1.0642154524115762e-19
0.09473832479227715,0.08804562522919629,0.09994613862989639,0.09566824595406673,0.12476062774658203,0.007066313738217426,0.007065960622831824,0.06756401062011719,1.0642379928759054e-19
0.09473755537962816,0.08804548361219612,0.09994614483122682,0.09566891234206398,0.1357722282409668,0.0070659606308547535,0.00706560753336305,0.0717473030090332,1.0642605344565151e-19
0.0947367859698308,0.08804534200279357,0.09994615103235745,0.0956695786733527,0.12676143646240234,0.007065607541174146,0.007065254461124937,0.06882905960083008,1.0642830665789302e-19
0.09473601656288688,0.08804520040098796,0.09994615723328824,0.09567024494793992,0.12466239929199219,0.007065254469174852,0.007064901407005664,0.068359375,1.0643056053538502e-19
0.09473524715879825,0.08804505880677863,0.09994616343401921,0.09567091116583261,0.12577128410339355,0.007064901414855619,0.007064548370294688,0.06960344314575195,1.0643281500903612e-19
0.09473447775756678,0.0880449172201649,0.09994616963455036,0.09567157732703775,0.12632107734680176,0.007064548378216202,0.007064195350814373,0.07013201713562012,1.0643506792477482e-19
0.09473370835919417,0.08804477564114611,0.09994617583488168,0.09567224343156237,0.1295921802520752,0.007064195359258105,0.007063842350163441,0.07057476043701172,1.0643732131913796e-19
0.0947329389636823,0.08804463406972159,0.09994618203501318,0.09567290947941343,0.1351175308227539,0.007063842357975983,0.007063489366210263,0.06955647468566895,1.0643957516719392e-19
0.094732169571033,0.08804449250589066,0.09994618823494487,0.09567357547059788,0.12753796577453613,0.007063489374372045,0.00706313640055356,0.06881165504455566,1.0644182810095095e-19
0.09473140018124808,0.08804435094965268,0.09994619443467674,0.09567424140512273,0.12327408790588379,0.0070631364084436585,0.007062783451772248,0.06840801239013672,1.0644408180512894e-19
0.09473063079432933,0.08804420940100696,0.0999462006342088,0.09567490728299496,0.126556396484375,0.007062783460191752,0.007062430521820318,0.06886506080627441,1.0644633464475019e-19
0.09472986141027862,0.08804406785995285,0.09994620683354102,0.09567557310422155,0.12426233291625977,0.007062430529611625,0.0070620776087437775,0.06841707229614258,1.0644858807108054e-19
0.0947290920290977,0.08804392632648965,0.09994621303267345,0.09567623886880955,0.1340165138244629,0.007062077616706436,0.007061724713430806,0.06880402565002441,1.0645084101820685e-19
0.09472832265078845,0.08804378480061671,0.09994621923160607,0.09567690457676586,0.12251567840576172,0.0070617247214743144,0.007061371835881403,0.06521987915039062,1.064530939741747e-19
0.09472755327535273,0.08804364328233337,0.09994622543033888,0.09567757022809746,0.1239175796508789,0.00706137184391333,0.007061018975740296,0.06548380851745605,1.0645534656771892e-19
0.09472678390279234,0.08804350177163894,0.09994623162887187,0.09567823582281133,0.1268599033355713,0.00706101898402404,0.0070606661338956656,0.06568408012390137,1.0645759949776667e-19
0.09472601453310901,0.08804336026853278,0.09994623782720503,0.0956789013609145,0.12648367881774902,0.007060666141804443,0.007060313308748789,0.0659794807434082,1.0645985187735529e-19
0.09472524516630468,0.08804321877301421,0.0999462440253384,0.09567956684241394,0.13469982147216797,0.007060313317255063,0.007059960502076024,0.07158589363098145,1.0646210434293669e-19
0.09472447580238115,0.08804307728508258,0.09994625022327196,0.09568023226731659,0.12924695014953613,0.0070599605103733,0.00705960771263392,0.07011723518371582,1.0646435735679493e-19
0.09472370644134026,0.08804293580473721,0.0999462564210057,0.09568089763562941,0.1262836456298828,0.007059607721159933,0.007059254941488291,0.06906342506408691,1.0646660981985207e-19
0.0947229370831838,0.08804279433197743,0.09994626261853964,0.09568156294735936,0.12421536445617676,0.007059254949610766,0.007058902187928595,0.06882500648498535,1.0646886123601686e-19
0.09472216772791357,0.08804265286680257,0.09994626881587379,0.09568222820251344,0.123992919921875,0.007058902195727192,0.007058549452132468,0.0678403377532959,1.0647111434419871e-19
0.09472139837553135,0.08804251140921197,0.09994627501300812,0.09568289340109863,0.12970471382141113,0.007058549459507683,0.007058196732856459,0.07235598564147949,1.0647336611714222e-19
0.094720629026039,0.08804236995920496,0.09994628120994266,0.09568355854312184,0.12590861320495605,0.007058196740952382,0.007057844032587468,0.06895184516906738,1.0647561866570377e-19
0.09471985967943829,0.08804222851678088,0.09994628740667738,0.09568422362859008,0.12159132957458496,0.007057844040058712,0.007057491349193867,0.06633496284484863,1.0647787050822435e-19
0.09471909033573103,0.08804208708193906,0.0999462936032123,0.09568488865751033,0.12160682678222656,0.007057491356827808,0.007057138683030928,0.06454801559448242,1.0648012221126219e-19
0.09471832099491903,0.08804194565467884,0.09994629979954743,0.09568555362988958,0.12767481803894043,0.007057138691259832,0.007056786035164464,0.06963324546813965,1.0648237377549489e-19
0.09471755165700418,0.08804180423499954,0.09994630599568276,0.09568621854573477,0.11910080909729004,0.007056786043351844,0.007056433405239204,0.06524109840393066,1.0648462561279844e-19
0.09471678232198821,0.08804166282290049,0.09994631219161829,0.09568688340505282,0.1276242733001709,0.007056433413101878,0.007056080792544606,0.06728100776672363,1.0648687713612288e-19
0.09471601298987302,0.08804152141838104,0.09994631838735402,0.09568754820785075,0.13280320167541504,0.007056080800511148,0.0070557281976135755,0.0678396224975586,1.0648912865931446e-19
0.09471524366066045,0.08804138002144052,0.09994632458288995,0.09568821295413545,0.12220191955566406,0.007055728205577743,0.007055375620268478,0.0654296875,1.0649138020696227e-19
0.09471447433435225,0.08804123863207824,0.0999463307782261,0.09568887764391391,0.12923240661621094,0.007055375628302095,0.007055023060331678,0.06966257095336914,1.0649363172195327e-19
0.0947137050109502,0.08804109725029359,0.09994633697336244,0.0956895422771931,0.12467789649963379,0.007055023068682039,0.007054670518336081,0.06872797012329102,1.0649588331885775e-19
0.09471293569045613,0.08804095587608585,0.09994634316829898,0.09569020685397996,0.12025809288024902,0.007054670526717365,0.007054317994281689,0.0643007755279541,1.064981342304842e-19
0.0947121663728719,0.08804081450945436,0.09994634936303573,0.09569087137428144,0.12664246559143066,0.007054318002406086,0.007053965487457958,0.06824040412902832,1.0650038572351232e-19
0.09471139705819936,0.08804067315039849,0.0999463555575727,0.09569153583810446,0.1264944076538086,0.007053965495748373,0.007053612998930703,0.06515645980834961,1.0650263627676668e-19
0.09471062774644028,0.08804053179891755,0.09994636175190987,0.09569220024545604,0.1284482479095459,0.007053613006741657,0.007053260527278837,0.06865239143371582,1.0650488744251769e-19
0.09470985843759651,0.08804039045501089,0.09994636794604725,0.0956928645963431,0.11811089515686035,0.007053260535386731,0.007052908073745812,0.0635063648223877,1.0650713839770213e-19
0.09470908913166987,0.08804024911867783,0.09994637413998485,0.09569352889077261,0.12725090980529785,0.007052908081682421,0.007052555637265812,0.06837224960327148,1.065093889954969e-19
0.0947083198286621,0.08804010778991771,0.09994638033372266,0.09569419312875152,0.11703753471374512,0.007052555645628459,0.007052203219082287,0.06410527229309082,1.0651163991258736e-19
0.09470755052857505,0.08803996646872986,0.09994638652726068,0.09569485731028672,0.1284196376800537,0.007052203227222623,0.0070518508193728735,0.06841325759887695,1.0651389056019586e-19
0.09470678123141052,0.08803982515511362,0.09994639272059892,0.0956955214353852,0.11704635620117188,0.007051850826462255,0.007051498435473036,0.06288623809814453,1.0651614069547005e-19
0.09470601193717038,0.08803968384906832,0.09994639891373738,0.09569618550405395,0.12965607643127441,0.007051498443351293,0.007051146069514402,0.0655214786529541,1.0651839141044985e-19
0.09470524264585638,0.08803954255059332,0.09994640510667607,0.09569684951629985,0.12470006942749023,0.007051146077886595,0.007050793722207516,0.06695961952209473,1.0652064174058261e-19
0.09470447335747041,0.08803940125968793,0.09994641129941496,0.09569751347212986,0.12370944023132324,0.007050793730066051,0.00705044139213129,0.06563282012939453,1.065228921029515e-19
0.09470370407201424,0.0880392599763515,0.09994641749195408,0.0956981773715509,0.12191605567932129,0.0070504413998898705,0.007050089079640998,0.06619429588317871,1.0652514204330714e-19
0.09470293478948971,0.08803911870058334,0.09994642368429343,0.0956988412145699,0.12421369552612305,0.00705008908735653,0.007049736784736638,0.06708955764770508,1.0652739222066912e-19
0.09470216550989867,0.08803897743238281,0.099946429876433,0.0956995050011938,0.12101578712463379,0.007049736792466172,0.00704938450741821,0.06487655639648438,1.0652964217077477e-19
0.09470139623324292,0.08803883617174925,0.09994643606837278,0.09570016873142952,0.1305711269378662,0.007049384515217855,0.007049032247863352,0.07096123695373535,1.0653189218383267e-19
0.09470062695952425,0.08803869491868198,0.09994644226011279,0.09570083240528401,0.12682723999023438,0.007049032255609678,0.007048680005539154,0.06794500350952148,1.0653414197442127e-19
0.09469985768874452,0.08803855367318034,0.09994644845165303,0.09570149602276426,0.11852478981018066,0.007048680013641798,0.007048327781333796,0.0645148754119873,1.0653639159467978e-19
0.0946990884209055,0.08803841243524367,0.09994645464299348,0.0957021595838772,0.12665724754333496,0.007048327789314374,0.007047975574714371,0.06804394721984863,1.0653864161415194e-19
0.09469831915600907,0.08803827120487132,0.09994646083413417,0.09570282308862979,0.11964917182922363,0.007047975582624052,0.007047623385325608,0.06450319290161133,1.0654089108582504e-19
0.09469754989405703,0.08803812998206258,0.09994646702507508,0.09570348653702888,0.12758898735046387,0.007047623393570767,0.007047271214410955,0.06823563575744629,1.0654314085380614e-19
0.09469678063505113,0.08803798876681682,0.09994647321581622,0.09570414992908148,0.1179654598236084,0.007047271222152483,0.007046919060194057,0.06388330459594727,1.0654538999982038e-19
0.09469601137899328,0.08803784755913335,0.09994647940635759,0.09570481326479452,0.1245872974395752,0.00704691906837142,0.007046566924273634,0.06725120544433594,1.065476391425611e-19
0.09469524212588523,0.08803770635901155,0.0999464855966992,0.09570547654417488,0.12782597541809082,0.007046566932224349,0.007046214805761508,0.06961512565612793,1.0654988874167882e-19
0.09469447287572882,0.08803756516645074,0.09994649178684104,0.09570613976722953,0.11851620674133301,0.007046214813711028,0.007045862705012951,0.06549215316772461,1.0655213821875597e-19
0.0946937036285259,0.08803742398145024,0.09994649797678311,0.09570680293396538,0.128950834274292,0.007045862712830213,0.00704551062167269,0.06822419166564941,1.0655438707422742e-19
0.09469293438427832,0.08803728280400941,0.09994650416652541,0.0957074660443894,0.1159358024597168,0.007045510629581406,0.007045158555918363,0.06363224983215332,1.0655663611235171e-19
0.09469216514298784,0.08803714163412758,0.09994651035606794,0.09570812909850847,0.1261444091796875,0.0070451585639640405,0.0070448065084605105,0.0672757625579834,1.0655888478699228e-19
0.09469139590465629,0.08803700047180407,0.09994651654541072,0.09570879209632951,0.12041687965393066,0.007044806515975841,0.0070444544777004126,0.06712150573730469,1.0656113323768048e-19
0.09469062666928549,0.08803685931703824,0.09994652273455373,0.09570945503785945,0.12726187705993652,0.007044454485617359,0.007044102465059154,0.0727837085723877,1.0656338211674478e-19
0.09468985743687729,0.08803671816982941,0.09994652892349698,0.09571011792310523,0.1267712116241455,0.007044102472887312,0.007043750470003829,0.06715011596679688,1.0656563124249837e-19
0.09468908820743353,0.08803657703017695,0.09994653511224047,0.09571078075207377,0.12185335159301758,0.007043750477784432,0.007043398492534436,0.06732702255249023,1.0656787958272295e-19
0.09468831898095603,0.08803643589808016,0.0999465413007842,0.09571144352477198,0.11920619010925293,0.007043398500307959,0.007043046532828612,0.06406521797180176,1.0657012814431184e-19
0.09468754975744659,0.08803629477353837,0.09994654748912817,0.09571210624120678,0.12600088119506836,0.0070430465404573,0.0070426945899981774,0.06807374954223633,1.0657237699106477e-19
0.09468678053690703,0.08803615365655096,0.09994655367727238,0.09571276890138508,0.11680030822753906,0.007042694598233234,0.007042342665108947,0.0646669864654541,1.0657462522086781e-19
0.09468601131933913,0.08803601254711725,0.09994655986521685,0.09571343150531376,0.11915850639343262,0.007042342673632218,0.007041990758871464,0.0643317699432373,1.0657687335161942e-19
0.09468524210474473,0.08803587144523656,0.09994656605296155,0.09571409405299978,0.12719178199768066,0.0070419907666536405,0.00704163886950937,0.06795692443847656,1.0657912177685093e-19
0.09468447289312563,0.08803573035090825,0.0999465722405065,0.09571475654445007,0.12905120849609375,0.007041638877296607,0.007041286997733209,0.0720071792602539,1.0658136951432036e-19
0.09468370368448364,0.08803558926413166,0.09994657842785169,0.09571541897967151,0.1153113842010498,0.007041287005562289,0.007040935143720617,0.06514906883239746,1.0658361755489339e-19
0.09468293447882056,0.0880354481849061,0.09994658461499713,0.09571608135867099,0.11961054801940918,0.007040935151447797,0.0070405833071163215,0.06448149681091309,1.0658586558646713e-19
0.09468216527613828,0.08803530711323095,0.09994659080194282,0.09571674368145544,0.1276240348815918,0.007040583314952603,0.007040231487565052,0.06809115409851074,1.0658811288744856e-19
0.0946813960764386,0.0880351660491055,0.09994659698868874,0.0957174059480318,0.1165316104888916,0.007040231496077158,0.007039879687198436,0.06515049934387207,1.0659036121812758e-19
0.09468062687972334,0.08803502499252913,0.09994660317523492,0.09571806815840694,0.11768937110900879,0.007039879694817496,0.007039527903174303,0.0629122257232666,1.0659260861078799e-19
0.09467985768599425,0.08803488394350116,0.09994660936158135,0.09571873031258776,0.12665247917175293,0.007039527911175142,0.00703917613726901,0.0669095516204834,1.0659485614959099e-19
0.09467908849525312,0.08803474290202093,0.09994661554772805,0.0957193924105812,0.12176036834716797,0.007039176145149527,0.007038824388772014,0.06909823417663574,1.0659710347704007e-19
0.09467831930750185,0.08803460186808779,0.099946621733675,0.09572005445239407,0.12423563003540039,0.0070388243967384285,0.007038472658216222,0.06841635704040527,1.0659935065974558e-19
0.09467755012274229,0.08803446084170108,0.09994662791942219,0.09572071643803333,0.11503791809082031,0.0070384726659419505,0.0070381209445358195,0.06299114227294922,1.0660159831087379e-19
0.09467678094097627,0.08803431982286011,0.09994663410496964,0.09572137836750587,0.11861085891723633,0.007038120952758922,0.0070377692493295285,0.0635380744934082,1.0660384572668205e-19
0.09467601176220548,0.08803417881156425,0.09994664029031734,0.0957220402408186,0.1262378692626953,0.007037769257187094,0.007037417570643356,0.06644034385681152,1.0660609252742505e-19
0.09467524258643183,0.08803403780781283,0.09994664647546529,0.09572270205797842,0.12092041969299316,0.007037417579229609,0.007037065910786566,0.06798815727233887,1.0660833945239882e-19
0.0946744734136571,0.08803389681160517,0.0999466526604135,0.09572336381899224,0.11489105224609375,0.007037065918881202,0.007036714267982802,0.06310725212097168,1.0661058663368946e-19
0.0946737042438831,0.08803375582294062,0.09994665884516198,0.09572402552386695,0.12000370025634766,0.007036714276143027,0.007036362643120242,0.06314730644226074,1.0661283386173662e-19
0.09467293507711179,0.0880336148418185,0.0999466650297107,0.09572468717260947,0.12533164024353027,0.007036362651013444,0.007036011034955436,0.06612086296081543,1.0661508024264879e-19
0.09467216591334483,0.08803347386823818,0.09994667121405969,0.09572534876522669,0.12325572967529297,0.007036011043492405,0.007035659445620013,0.067352294921875,1.0661732732569041e-19
0.09467139675258411,0.08803333290219899,0.09994667739820894,0.09572601030172553,0.1239323616027832,0.007035659453577531,0.007035307873515251,0.06868314743041992,1.0661957382060244e-19
0.09467062759483137,0.08803319194370027,0.09994668358215845,0.09572667178211286,0.11641573905944824,0.0070353078812683476,0.007034956318818786,0.06432080268859863,1.066218205261877e-19
0.09466985844008846,0.08803305099274135,0.09994668976590824,0.09572733320639552,0.11728858947753906,0.00703495632656433,0.007034604781530618,0.06272506713867188,1.0662406644219786e-19
0.09466908928835727,0.0880329100493216,0.09994669594945829,0.09572799457458042,0.12364864349365234,0.0070346047894648545,0.00703425326236129,0.0637977123260498,1.066263129311893e-19
0.09466832013963955,0.08803276911344034,0.09994670213280861,0.09572865588667445,0.12758183479309082,0.007034253269968725,0.0070339017600673515,0.06661343574523926,1.0662855942381741e-19
0.09466755099393713,0.0880326281850969,0.0999467083159592,0.09572931714268453,0.12057137489318848,0.0070339017680764275,0.007033550275714617,0.06731867790222168,1.0663080560915283e-19
0.0946667818512519,0.08803248726429062,0.09994671449891004,0.09572997834261754,0.11539316177368164,0.007033550283785753,0.007033198809303087,0.0636439323425293,1.0663305128281468e-19
0.09466601271158555,0.08803234635102085,0.09994672068166116,0.09573063948648032,0.12363076210021973,0.007033198817096117,0.007032847360299854,0.06442403793334961,1.0663529767671106e-19
0.09466524357493993,0.08803220544528692,0.09994672686421255,0.09573130057427977,0.12301397323608398,0.007032847368005947,0.007032495928349647,0.06316685676574707,1.066375434774651e-19
0.09466447444131695,0.08803206454708819,0.0999467330465642,0.09573196160602279,0.12479925155639648,0.0070324959365158,0.007032144514518279,0.0644373893737793,1.0663978970669805e-19
0.09466370531071842,0.08803192365642398,0.09994673922871615,0.09573262258171626,0.1252894401550293,0.007032144522624049,0.007031793118095209,0.06830072402954102,1.0664203546751339e-19
0.09466293618314611,0.08803178277329365,0.09994674541066836,0.09573328350136712,0.11673378944396973,0.0070317931263301475,0.0070314417394357065,0.06537508964538574,1.0664428088138092e-19
0.09466216705860182,0.08803164189769654,0.09994675159242085,0.09573394436498216,0.1160738468170166,0.007031441747632594,0.007031090378362137,0.06379318237304688,1.0664652660870606e-19
0.0946613979370874,0.08803150102963198,0.09994675777397362,0.0957346051725683,0.11924862861633301,0.007031090386531097,0.007030739035052136,0.06395292282104492,1.0664877228483986e-19
0.09466062881860468,0.08803136016909931,0.09994676395532665,0.09573526592413238,0.12476825714111328,0.007030739043023778,0.007030387708972796,0.06465649604797363,1.0665101799078053e-19
0.09465985970315542,0.08803121931609785,0.09994677013647996,0.09573592661968135,0.12492036819458008,0.0070303877171101255,0.007030036401189932,0.06790041923522949,1.0665326286985693e-19
0.09465909059074155,0.08803107847062697,0.09994677631743354,0.09573658725922203,0.124298095703125,0.007030036408788205,0.007029685110282458,0.07183265686035156,1.0665550821524887e-19
0.09465832148136485,0.088030937632686,0.0999467824981874,0.09573724784276132,0.11985969543457031,0.007029685118059514,0.007029333837316187,0.06728124618530273,1.0665775357642861e-19
0.09465755237502706,0.08803079680227431,0.09994678867874156,0.09573790837030607,0.11557579040527344,0.007029333844921493,0.007028982581225307,0.06415247917175293,1.0665999844117943e-19
0.09465678327173006,0.08803065597939122,0.09994679485909598,0.09573856884186316,0.11587309837341309,0.007028982589374963,0.007028631343430902,0.06408953666687012,1.066622434662664e-19
0.09465601417147577,0.08803051516403608,0.09994680103925069,0.09573922925743941,0.11887598037719727,0.007028631351417663,0.007028280122689523,0.06262707710266113,1.0666448884795105e-19
0.09465524507426598,0.08803037435620822,0.09994680721920568,0.09573988961704179,0.12328457832336426,0.007028280131049421,0.007027928920066984,0.06378316879272461,1.0666673366427156e-19
0.09465447598010245,0.088030233555907,0.09994681339896096,0.09574054992067713,0.12742328643798828,0.00702792892826932,0.007027577735030377,0.06788778305053711,1.0666897816127646e-19
0.094653706888987,0.08803009276313173,0.09994681957851652,0.09574121016835226,0.11973428726196289,0.007027577743075749,0.007027226567579703,0.0677785873413086,1.0667122247710053e-19
0.09465293780092147,0.08802995197788178,0.09994682575787237,0.09574187036007405,0.11503219604492188,0.007027226575467607,0.00702687541735969,0.06432652473449707,1.0667346722514166e-19
0.09465216871590768,0.08802981120015647,0.09994683193702851,0.09574253049584938,0.1250443458557129,0.0070268754254446284,0.007026524284903246,0.06656742095947266,1.0667571152951198e-19
0.09465139963394749,0.08802967042995517,0.09994683811598494,0.09574319057568517,0.11669754981994629,0.007026524293006214,0.007026173169855099,0.06407833099365234,1.0667795607826711e-19
0.0946506305550427,0.0880295296672772,0.09994684429474164,0.09574385059958822,0.11573600769042969,0.007026173178151249,0.007025822072748156,0.06326413154602051,1.0668020058418849e-19
0.09464986147919512,0.0880293889121219,0.09994685047329865,0.0957445105675654,0.11569952964782715,0.0070258220808788125,0.007025470992871874,0.06228065490722656,1.0668244531881223e-19
0.09464909240640657,0.08802924816448862,0.09994685665165595,0.09574517047962361,0.12294149398803711,0.0070254710011876925,0.007025119931292068,0.06413054466247559,1.0668468908006129e-19
0.09464832333667886,0.0880291074243767,0.09994686282981353,0.09574583033576968,0.12575960159301758,0.007025119939075619,0.0070247688869429226,0.06502532958984375,1.0668693300292571e-19
0.09464755427001381,0.08802896669178549,0.09994686900777142,0.09574649013601048,0.12418842315673828,0.007024768894543705,0.007024417859646803,0.06665444374084473,1.0668917731726837e-19
0.09464678520641323,0.08802882596671432,0.09994687518552958,0.09574714988035284,0.11812210083007812,0.007024417867591455,0.0070240668499366166,0.06720185279846191,1.0669142082313497e-19
0.09464601614587893,0.08802868524916255,0.09994688136308805,0.09574780956880365,0.11629652976989746,0.007024066858217338,0.00702371585834527,0.06557893753051758,1.0669366461375137e-19
0.09464524708841274,0.08802854453912952,0.0999468875404468,0.09574846920136978,0.12420296669006348,0.007023715866419765,0.007023364883984584,0.06820344924926758,1.0669590841773136e-19
0.09464447803401656,0.08802840383661456,0.09994689371760584,0.09574912877805807,0.11695671081542969,0.007023364892198878,0.007023013927209831,0.06597089767456055,1.0669815232147297e-19
0.09464370898269218,0.088028263141617,0.09994689989456519,0.09574978829887534,0.11586236953735352,0.007023013935554132,0.007022662988553918,0.06407380104064941,1.0670039608394213e-19
0.09464293993444137,0.08802812245413622,0.09994690607132484,0.09575044776382842,0.11432480812072754,0.007022662996482935,0.007022312067306302,0.06277585029602051,1.0670263927323484e-19
0.09464217088926595,0.08802798177417152,0.0999469122478848,0.09575110717292419,0.11650586128234863,0.007022312074985088,0.0070219611627564404,0.06429052352905273,1.0670488274481652e-19
0.09464140184716774,0.08802784110172228,0.09994691842424505,0.09575176652616953,0.117645263671875,0.007021961171061463,0.007021610277035961,0.06278681755065918,1.0670712586531466e-19
0.09464063280814855,0.08802770043678783,0.0999469246004056,0.09575242582357125,0.11865544319152832,0.007021610284707682,0.0070212594078356005,0.061804771423339844,1.0670936914640926e-19
0.09463986377221016,0.0880275597793675,0.09994693077636646,0.09575308506513622,0.12230348587036133,0.007021259415925659,0.007020908556576444,0.06270551681518555,1.0671161227680864e-19
0.09463909473935446,0.08802741912946065,0.09994693695212761,0.09575374425087128,0.1247110366821289,0.007020908564714486,0.0070205577232584915,0.06383323669433594,1.067138553752814e-19
0.09463832570958329,0.08802727848706662,0.09994694312768908,0.09575440338078325,0.12550067901611328,0.007020557731071206,0.007020206906993565,0.06899213790893555,1.0671609874290505e-19
0.09463755668289846,0.08802713785218477,0.09994694930305087,0.09575506245487898,0.12430071830749512,0.007020206914996729,0.0070198561083145705,0.064422607421875,1.0671834131492754e-19
0.09463678765930178,0.08802699722481443,0.09994695547821296,0.0957557214731653,0.12468743324279785,0.007019856116490097,0.007019505327932052,0.06670165061950684,1.0672058427251922e-19
0.09463601863879507,0.08802685660495493,0.09994696165317535,0.09575638043564912,0.12203001976013184,0.007019505335549027,0.007019154563892016,0.06778502464294434,1.0672282713769556e-19
0.0946352496213802,0.08802671599260563,0.09994696782793806,0.09575703934233726,0.1189413070678711,0.007019154572175161,0.007018803818503727,0.06894564628601074,1.0672506989400241e-19
0.09463448060705894,0.08802657538776586,0.09994697400250108,0.09575769819323653,0.11688470840454102,0.0070188038263651045,0.007018453089990828,0.06654119491577148,1.067273121475704e-19
0.0946337115958331,0.088026434790435,0.0999469801768644,0.09575835698835379,0.1181325912475586,0.007018453098119434,0.007018102379419133,0.06690859794616699,1.0672955478782476e-19
0.09463294258770454,0.08802629420061234,0.09994698635102804,0.09575901572769586,0.1162259578704834,0.007018102387436541,0.007017751686433371,0.06461954116821289,1.067317968463711e-19
0.09463217358267496,0.08802615361829726,0.09994699252499199,0.09575967441126959,0.11396384239196777,0.007017751694314865,0.007017401010855906,0.06347966194152832,1.0673403949777297e-19
0.09463140458074634,0.08802601304348909,0.09994699869875627,0.09576033303908178,0.11529731750488281,0.0070174010187545564,0.007017050353042009,0.06437873840332031,1.0673628191233756e-19
0.09463063558192043,0.0880258724761872,0.09994700487232086,0.09576099161113925,0.12240052223205566,0.0070170503607547095,0.007016699712458774,0.06616544723510742,1.0673852364732068e-19
0.09462986658619903,0.08802573191639092,0.09994701104568576,0.0957616501274489,0.11709237098693848,0.007016699720314175,0.007016349089461471,0.06421089172363281,1.0674076606209386e-19
0.09462909759358396,0.08802559136409957,0.09994701721885098,0.09576230858801751,0.11832880973815918,0.007016349097432661,0.007015998484583008,0.0650482177734375,1.067430078691774e-19
0.09462832860407706,0.08802545081931251,0.09994702339181652,0.0957629669928519,0.12380099296569824,0.007015998492108247,0.007015647896579935,0.06564927101135254,1.0674524986179458e-19
0.09462755961768017,0.0880253102820291,0.09994702956458237,0.09576362534195894,0.12122035026550293,0.007015647904340838,0.007015297326162795,0.06796121597290039,1.0674749147660446e-19
0.0946267906343951,0.08802516975224867,0.09994703573714855,0.0957642836353454,0.11479401588439941,0.007015297334130789,0.007014946773686859,0.06415486335754395,1.0674973354368856e-19
0.0946260216542236,0.08802502922997057,0.09994704190951505,0.09576494187301816,0.11461329460144043,0.007014946781474955,0.007014596237908677,0.06291913986206055,1.0675197484188399e-19
0.09462525267716754,0.08802488871519416,0.09994704808168187,0.09576560005498404,0.11692523956298828,0.0070145962463748065,0.007014245720604606,0.06283712387084961,1.0675421650104457e-19
0.09462448370322875,0.08802474820791877,0.099947054253649,0.09576625818124984,0.1209111213684082,0.007014245728827395,0.007013895220353561,0.06331658363342285,1.0675645786356942e-19
0.09462371473240906,0.08802460770814373,0.09994706042541646,0.09576691625182245,0.12711739540100098,0.007013895228832262,0.007013544738398991,0.06790852546691895,1.0675869919652644e-19
0.0946229457647103,0.08802446721586842,0.09994706659698424,0.09576757426670869,0.1273181438446045,0.007013544746387393,0.007013194273852719,0.06637406349182129,1.06760940137021e-19
0.09462217680013424,0.08802432673109215,0.09994707276835235,0.09576823222591531,0.1213226318359375,0.007013194281492951,0.007012843825826565,0.06873130798339844,1.0676318153519893e-19
0.09462140783868271,0.08802418625381428,0.09994707893952079,0.09576889012944918,0.11621260643005371,0.007012843834149447,0.007012493396807429,0.06566548347473145,1.0676542319889151e-19
0.09462063888035754,0.08802404578403415,0.09994708511048955,0.09576954797731707,0.11354660987854004,0.007012493404353585,0.007012142984130776,0.0632624626159668,1.0676766381661791e-19
0.09461986992516061,0.08802390532175113,0.09994709128125866,0.09577020576952584,0.11553144454956055,0.007012142992107255,0.007011792589928234,0.06302499771118164,1.0676990453704696e-19
0.09461910097309366,0.08802376486696456,0.09994709745182809,0.09577086350608228,0.11717844009399414,0.007011792597406474,0.007011442212956354,0.06212663650512695,1.067721459433031e-19
0.09461833202415848,0.08802362441967378,0.09994710362219786,0.09577152118699324,0.12289881706237793,0.007011442220252414,0.007011091852326956,0.06377315521240234,1.067743866129699e-19
0.09461756307835699,0.08802348397987814,0.09994710979236796,0.09577217881226548,0.12643766403198242,0.007011091860645268,0.007010741510704577,0.06637907028198242,1.0677662692695134e-19
0.09461679413569091,0.08802334354757697,0.09994711596233838,0.09577283638190587,0.12033414840698242,0.007010741518582323,0.007010391185957587,0.06632781028747559,1.067788678078718e-19
0.09461602519616204,0.08802320312276964,0.09994712213210914,0.0957734938959212,0.12250638008117676,0.007010391194062875,0.007010040879329438,0.0674738883972168,1.0678110850889741e-19
0.09461525625977221,0.08802306270545547,0.09994712830168023,0.09577415135431828,0.12073111534118652,0.007010040887085874,0.007009690590109585,0.06893181800842285,1.0678334856196482e-19
0.09461448732652335,0.08802292229563381,0.09994713447105166,0.09577480875710391,0.11809825897216797,0.0070096905976498175,0.007009340317587487,0.0667264461517334,1.0678558917393243e-19
0.09461371839641723,0.08802278189330402,0.09994714064022343,0.0957754661042849,0.11574649810791016,0.007009340325756626,0.007008990063361864,0.06428742408752441,1.067878290368182e-19
0.09461294946945568,0.08802264149846545,0.09994714680919553,0.09577612339586805,0.11540985107421875,0.007008990071403004,0.007008639826722174,0.06374263763427734,1.0679006971564122e-19
0.09461218054564051,0.08802250111111744,0.09994715297796797,0.09577678063186015,0.11657190322875977,0.007008639834588033,0.007008289607135509,0.06244540214538574,1.0679230940717178e-19
0.0946114116249736,0.08802236073125932,0.09994715914654075,0.09577743781226805,0.11919260025024414,0.007008289615312208,0.00700793940584532,0.06248927116394043,1.067945501883189e-19
0.09461064270745678,0.08802222035889046,0.09994716531491386,0.09577809493709848,0.12191176414489746,0.007007939413573215,0.00700758922107525,0.06369972229003906,1.0679678946666522e-19
0.09460987379309181,0.08802207999401018,0.09994717148308732,0.09577875200635827,0.13190150260925293,0.00700758922937269,0.007007239054779291,0.07169389724731445,1.0679902948994851e-19
0.09460910488188054,0.08802193963661786,0.09994717765106113,0.09577940902005422,0.12428545951843262,0.007007239062705598,0.007006888905536357,0.06437134742736816,1.0680126957486228e-19
0.09460833597382477,0.08802179928671283,0.09994718381883529,0.09578006597819315,0.12442660331726074,0.0070068889135738235,0.0070065387742346275,0.06657958030700684,1.0680350899883228e-19
0.09460756706892633,0.08802165894429444,0.09994718998640978,0.09578072288078186,0.12217473983764648,0.007006538781975773,0.0070061886599859236,0.06845498085021973,1.0680574852089254e-19
0.09460679816718706,0.08802151860936203,0.09994719615378461,0.09578137972782716,0.11821579933166504,0.007006188667911894,0.007005838563678424,0.06757354736328125,1.0680798820601913e-19
0.09460602926860877,0.08802137828191495,0.09994720232095979,0.09578203651933583,0.1181340217590332,0.007005838571378981,0.007005488485134492,0.0667269229888916,1.0681022746780036e-19
0.09460526037319324,0.08802123796195255,0.09994720848793531,0.09578269325531469,0.11530494689941406,0.007005488492376075,0.007005138422755408,0.06458854675292969,1.0681246672381545e-19
0.09460449148094233,0.08802109764947419,0.0999472146547112,0.09578334993577055,0.1144876480102539,0.007005138430905786,0.007004788379205706,0.06372284889221191,1.068147059306415e-19
0.0946037225918579,0.0880209573444792,0.09994722082128743,0.09578400656071015,0.11638736724853516,0.007004788386964819,0.007004438352353759,0.06359338760375977,1.0681694537387242e-19
0.09460295370594173,0.08802081704696696,0.09994722698766402,0.09578466313014031,0.11714315414428711,0.007004438360553009,0.007004088343798287,0.06357002258300781,1.0681918416840372e-19
0.09460218482319566,0.08802067675693678,0.09994723315384095,0.09578531964406782,0.1276381015777588,0.007004088351668703,0.007003738352295841,0.06412601470947266,1.0682142340848521e-19
0.09460141594362155,0.08802053647438803,0.09994723931981825,0.0957859761024995,0.11495518684387207,0.007003738360311517,0.0070033883787345985,0.06334877014160156,1.0682366258313785e-19
0.09460064706722113,0.08802039619932003,0.0999472454855959,0.09578663250544206,0.1143798828125,0.007003388386479728,0.007003038422581653,0.06289815902709961,1.068259012326314e-19
0.0945998781939962,0.08802025593173214,0.09994725165117391,0.09578728885290233,0.11607789993286133,0.007003038430172236,0.007002688482948827,0.06358528137207031,1.068281397909572e-19
0.09459910932394867,0.08802011567162372,0.09994725781655225,0.09578794514488712,0.11724233627319336,0.007002688491390539,0.007002338562323018,0.06386256217956543,1.0683037858538329e-19
0.09459834045708036,0.08801997541899412,0.09994726398173097,0.09578860138140316,0.11644935607910156,0.007002338570131573,0.007001988658394964,0.0627291202545166,1.0683261713668873e-19
0.09459757159339309,0.08801983517384268,0.09994727014671004,0.09578925756245728,0.11628913879394531,0.007001988666396296,0.0070016387722304785,0.06283068656921387,1.0683485552821614e-19
0.09459680273288863,0.08801969493616876,0.09994727631148946,0.09578991368805621,0.11896777153015137,0.0070016387801817796,0.007001288903829561,0.06420779228210449,1.0683709395500222e-19
0.09459603387556884,0.08801955470597167,0.09994728247606925,0.0957905697582068,0.11743402481079102,0.007001288911487087,0.007000939052304034,0.062052011489868164,1.0683933228420315e-19
0.09459526502143555,0.08801941448325079,0.0999472886404494,0.09579122577291578,0.12696051597595215,0.007000939060313748,0.007000589218542075,0.06427597999572754,1.0684157040733188e-19
0.09459449617049057,0.08801927426800547,0.09994729480462991,0.09579188173218998,0.12205076217651367,0.0070005892266595,0.00700023940272132,0.06239604949951172,1.0684380883999122e-19
0.09459372732273567,0.08801913406023505,0.09994730096861078,0.09579253763603615,0.11605048179626465,0.007000239410522179,0.006999889604131226,0.06214165687561035,1.0684604646768936e-19
0.09459295847817269,0.08801899385993889,0.09994730713239201,0.09579319348446107,0.11800885200500488,0.006999889611901839,0.006999539823659973,0.062438249588012695,1.0684828523688334e-19
0.0945921896368035,0.08801885366711631,0.09994731329597362,0.09579384927747149,0.11739325523376465,0.006999539830796989,0.006999190059353566,0.061363935470581055,1.0685052287160454e-19
0.09459142079862995,0.08801871348176671,0.09994731945935559,0.09579450501507415,0.11645746231079102,0.006999190067209742,0.006998840313343635,0.0608983039855957,1.0685276055229907e-19
0.09459065196365388,0.08801857330388942,0.09994732562253791,0.09579516069727592,0.11570143699645996,0.006998840321135846,0.006998490585097272,0.06089305877685547,1.0685499838521002e-19
0.09458988313187697,0.08801843313348377,0.09994733178552062,0.09579581632408359,0.11835122108459473,0.006998490592575123,0.0069981408737262996,0.060974836349487305,1.0685723610073203e-19
0.09458911430330118,0.08801829297054914,0.09994733794830368,0.09579647189550386,0.11966705322265625,0.006998140881528711,0.006997791180118895,0.062346696853637695,1.0685947333272833e-19
0.09458834547792822,0.08801815281508485,0.09994734411088713,0.09579712741154355,0.12122035026550293,0.00699779118799408,0.006997441503742152,0.0605778694152832,1.0686171144364162e-19
0.09458757665575998,0.08801801266709028,0.09994735027327094,0.09579778287220941,0.12704873085021973,0.006997441511971701,0.006997091844951342,0.06344151496887207,1.0686394871433296e-19
0.09458680783679824,0.08801787252656475,0.09994735643545512,0.09579843827750822,0.11852741241455078,0.006997091853459619,0.006996742204634643,0.06108999252319336,1.0686618562704518e-19
0.09458603902104488,0.08801773239350763,0.09994736259743967,0.09579909362744672,0.11655449867248535,0.006996742212455272,0.006996392580838062,0.06111621856689453,1.0686842291399182e-19
0.09458527020850169,0.08801759226791825,0.0999473687592246,0.0957997489220317,0.11738157272338867,0.006996392588960525,0.006996042974627414,0.06286048889160156,1.0687066010704967e-19
0.09458450139917043,0.08801745214979596,0.0999473749208099,0.09580040416126995,0.11770367622375488,0.006996042982973872,0.006995693386535606,0.06277012825012207,1.0687289753664206e-19
0.09458373259305301,0.08801731203914014,0.09994738108219557,0.09580105934516825,0.11646842956542969,0.006995693394491977,0.00699534381567446,0.0638418197631836,1.068751341057629e-19
0.09458296379015124,0.08801717193595011,0.09994738724338162,0.0958017144737333,0.11578679084777832,0.0069953438235169675,0.006994994262043974,0.06257963180541992,1.0687737121907645e-19
0.09458219499046697,0.08801703184022525,0.09994739340436805,0.09580236954697187,0.11458086967468262,0.006994994270046407,0.006994644725821786,0.06167316436767578,1.0687960797800825e-19
0.09458142619400199,0.08801689175196488,0.09994739956515486,0.09580302456489075,0.1155242919921875,0.0069946447340810255,0.006994295207540802,0.0626986026763916,1.068818449694133e-19
0.09458065740075813,0.08801675167116836,0.09994740572574204,0.09580367952749666,0.11449599266052246,0.0069942952156172794,0.006993945706490479,0.06275248527526855,1.0688408171224771e-19
0.09457988861073718,0.08801661159783505,0.0999474118861296,0.09580433443479638,0.11646771430969238,0.006993945714656948,0.006993596223203724,0.06407904624938965,1.068863180040981e-19
0.09457911982394102,0.08801647153196432,0.09994741804631754,0.09580498928679668,0.12434506416320801,0.006993596231197821,0.006993246757147631,0.06899309158325195,1.0688855434030855e-19
0.0945783510403714,0.08801633147355549,0.09994742420630587,0.09580564408350424,0.1211404800415039,0.006993246765239043,0.00699289730867747,0.06549739837646484,1.068907909816042e-19
0.09457758226003014,0.08801619142260793,0.09994743036609458,0.09580629882492585,0.1200716495513916,0.00699289731678071,0.006992547877970878,0.06515908241271973,1.0689302693600392e-19
0.09457681348291909,0.08801605137912097,0.09994743652568366,0.09580695351106833,0.12003612518310547,0.006992547885820565,0.006992198464317312,0.06559586524963379,1.0689526355175292e-19
0.09457604470904009,0.08801591134309394,0.09994744268507315,0.09580760814193841,0.12062430381774902,0.006992198472358494,0.006991849068072042,0.06611514091491699,1.0689749964456719e-19
0.09457527593839493,0.08801577131452623,0.09994744884426301,0.09580826271754286,0.12026071548461914,0.006991849076394255,0.006991499689767977,0.06624150276184082,1.0689973580386477e-19
0.0945745071709855,0.08801563129341719,0.09994745500325328,0.09580891723788838,0.11949729919433594,0.006991499697925625,0.006991150328516937,0.06629085540771484,1.0690197140548837e-19
0.09457373840681356,0.08801549127976616,0.09994746116204391,0.09580957170298174,0.12152409553527832,0.0069911503369527676,0.00699080098609528,0.06642985343933105,1.0690420706278448e-19
0.09457296964588092,0.08801535127357249,0.09994746732063493,0.09581022611282969,0.1213083267211914,0.006990800993472968,0.006990451658950292,0.0642232894897461,1.0690644315615319e-19
0.09457220088818943,0.08801521127483554,0.09994747347902636,0.09581088046743896,0.1202547550201416,0.0069904516674885835,0.006990102351167593,0.0641629695892334,1.0690867884399029e-19
0.09457143213374095,0.08801507128355468,0.09994747963721817,0.09581153476681638,0.1268761157989502,0.00699010235899458,0.006989753059905013,0.07165098190307617,1.0691091431552862e-19
0.09457066338253729,0.08801493129972923,0.09994748579521037,0.09581218901096863,0.13910841941833496,0.0069897530679928,0.006989403786583637,0.07416486740112305,1.0691315024768237e-19
0.09456989463458022,0.08801479132335856,0.09994749195300297,0.09581284319990244,0.1239931583404541,0.006989403794481385,0.006989054530492922,0.06288814544677734,1.0691538584911614e-19
0.09456912588987151,0.08801465135444199,0.09994749811059596,0.09581349733362453,0.11724710464477539,0.006989054538461109,0.006988705292343411,0.062460899353027344,1.0691762074549582e-19
0.09456835714841298,0.0880145113929789,0.09994750426798935,0.09581415141214165,0.11514425277709961,0.00698870529992934,0.006988356070891655,0.06219840049743652,1.0691985674761468e-19
0.09456758841020646,0.08801437143896866,0.09994751042518313,0.09581480543546055,0.11308979988098145,0.006988356078886664,0.006988006867736374,0.06277775764465332,1.0692209147090249e-19
0.09456681967525386,0.08801423149241058,0.0999475165821773,0.09581545940358795,0.11234307289123535,0.006988006875330124,0.00698765768074594,0.06244945526123047,1.0692432616020663e-19
0.09456605094355695,0.08801409155330403,0.09994752273897188,0.09581611331653057,0.11176800727844238,0.006987657689261965,0.006987308513117796,0.06351208686828613,1.0692656138744186e-19
0.09456528221511756,0.08801395162164836,0.09994752889556686,0.09581676717429524,0.11415410041809082,0.006987308520677443,0.00698695936200977,0.06613945960998535,1.0692879645517644e-19
0.09456451348993757,0.08801381169744293,0.09994753505196224,0.09581742097688864,0.11547589302062988,0.006986959369577781,0.006986610228132406,0.06792068481445312,1.0693103121581321e-19
0.09456374476801879,0.0880136717806871,0.09994754120815803,0.09581807472431754,0.11790227890014648,0.006986610235962838,0.006986261111485703,0.06788277626037598,1.0693326569180337e-19
0.09456297604936295,0.0880135318713802,0.09994754736415422,0.09581872841658864,0.11834883689880371,0.006986261119831699,0.006985912013135476,0.06859350204467773,1.0693550082943542e-19
0.09456220733397196,0.08801339196952158,0.0999475535199508,0.09581938205370867,0.12041759490966797,0.006985912021182764,0.006985562931838274,0.06254100799560547,1.0693773540695883e-19
0.09456143862184761,0.08801325207511063,0.0999475596755478,0.0958200356356844,0.11740350723266602,0.006985562940014522,0.006985213868482276,0.06198549270629883,1.0693997047863652e-19
0.09456066991299177,0.08801311218814667,0.0999475658309452,0.09582068916252257,0.11761641502380371,0.006985213876326397,0.0069848648220016685,0.06264495849609375,1.0694220467876076e-19
0.09455990120740627,0.08801297230862906,0.099947571986143,0.09582134263422985,0.11614251136779785,0.006984864830117591,0.006984515793462265,0.06345486640930176,1.0694443883505172e-19
0.09455913250509292,0.08801283243655716,0.09994757814114122,0.095821996050813,0.11329960823059082,0.0069845158013874965,0.006984166782331158,0.0635986328125,1.0694667332960222e-19
0.09455836380605355,0.08801269257193033,0.09994758429593985,0.09582264941227878,0.11465620994567871,0.006984166790134878,0.006983817788430713,0.06477689743041992,1.0694890746054189e-19
0.09455759511028995,0.08801255271474788,0.09994759045053887,0.09582330271863382,0.1165001392364502,0.006983817796358942,0.0069834688114056576,0.06738471984863281,1.0695114140364676e-19
0.09455682641780394,0.08801241286500922,0.09994759660493831,0.09582395596988488,0.11819005012512207,0.0069834688200601505,0.006983119853209985,0.06787657737731934,1.069533752769327e-19
0.09455605772859735,0.08801227302271367,0.09994760275913815,0.09582460916603872,0.11781930923461914,0.006983119861236192,0.0069827709115344305,0.06648945808410645,1.0695560955152025e-19
0.094555289042672,0.08801213318786058,0.09994760891313842,0.09582526230710205,0.11862778663635254,0.006982770919887228,0.006982421987977716,0.06562352180480957,1.0695784324770541e-19
0.09455452036002975,0.08801199336044932,0.09994761506693908,0.09582591539308158,0.1264190673828125,0.006982421996010723,0.006982073081474027,0.07170796394348145,1.0696007707666815e-19
0.09455375168067232,0.08801185354047925,0.09994762122054017,0.09582656842398402,0.1194911003112793,0.006982073089607178,0.006981724192733907,0.06274747848510742,1.0696231099015127e-19
0.09455298300460153,0.0880117137279497,0.09994762737394168,0.09582722139981616,0.11576533317565918,0.00698172420067434,0.0069813753214020835,0.06304407119750977,1.0696454447892925e-19
0.09455221433181928,0.08801157392286005,0.0999476335271436,0.09582787432058465,0.11358165740966797,0.006981375329212295,0.00698102646694565,0.06282186508178711,1.0696677804920055e-19
0.09455144566232734,0.08801143412520963,0.09994763968014593,0.0958285271862962,0.11559271812438965,0.006981026475220936,0.0069806776306080565,0.06590890884399414,1.0696901132417018e-19
0.09455067699612753,0.08801129433499781,0.09994764583294868,0.0958291799969576,0.11735773086547852,0.006980677638697948,0.00698032881167876,0.06788468360900879,1.0697124479354698e-19
0.09454990833322166,0.08801115455222394,0.09994765198555186,0.09582983275257552,0.11675739288330078,0.006980328819643172,0.006979980009980125,0.0657198429107666,1.0697347791912209e-19
0.09454913967361159,0.08801101477688737,0.09994765813795546,0.09583048545315669,0.11787939071655273,0.006979980018055731,0.006979631225512151,0.06370425224304199,1.0697571137019756e-19
0.09454837101729915,0.08801087500898747,0.09994766429015947,0.0958311380987078,0.11858391761779785,0.006979631233935456,0.006979282458807745,0.06301450729370117,1.0697794413377929e-19
0.09454760236428617,0.08801073524852357,0.0999476704421639,0.09583179068923556,0.12217593193054199,0.006979282467280726,0.006978933710044544,0.06241869926452637,1.0698017719996471e-19
0.09454683371457448,0.08801059549549506,0.09994767659396878,0.09583244322474671,0.12007975578308105,0.006978933718089683,0.006978584978334368,0.06189393997192383,1.0698241017040054e-19
0.0945460650681659,0.08801045574990127,0.09994768274557406,0.09583309570524795,0.11984491348266602,0.006978584986362768,0.006978236264032489,0.0629732608795166,1.0698464282609029e-19
0.09454529642506224,0.08801031601174156,0.09994768889697976,0.09583374813074595,0.1271800994873047,0.006978236272098178,0.006977887567316543,0.06442141532897949,1.0698687602922962e-19
0.0945445277852653,0.08801017628101529,0.0999476950481859,0.09583440050124745,0.11948370933532715,0.0069778875752953,0.006977538888008894,0.06906247138977051,1.0698910840426647e-19
0.0945437591487769,0.08801003655772181,0.09994770119919247,0.09583505281675916,0.11834096908569336,0.006977538895954297,0.006977190225931906,0.0678560733795166,1.0699134105122206e-19
0.09454299051559888,0.08800989684186047,0.09994770734999946,0.09583570507728778,0.12018084526062012,0.006977190234073607,0.006976841581263216,0.06609058380126953,1.0699357376230493e-19
0.0945422218857331,0.08800975713343064,0.09994771350060688,0.09583635728284003,0.11821413040161133,0.006976841589651738,0.006976492954535729,0.06353449821472168,1.0699580596984255e-19
0.0945414532591814,0.08800961743243166,0.09994771965101475,0.09583700943342258,0.12118649482727051,0.006976492962688404,0.0069761443457494465,0.06242728233337402,1.0699803866260976e-19
0.09454068463594557,0.08800947773886288,0.09994772580122303,0.09583766152904219,0.12245917320251465,0.00697614435318041,0.006975795753128011,0.06235957145690918,1.070002709861928e-19
0.09453991601602742,0.08800933805272367,0.09994773195123176,0.09583831356970553,0.11998438835144043,0.006975795761130875,0.006975447178980687,0.06350207328796387,1.0700250316100788e-19
0.09453914739942874,0.08800919837401336,0.0999477381010409,0.09583896555541924,0.11656951904296875,0.00697544718653692,0.006975098621353482,0.06308889389038086,1.0700473542134001e-19
0.09453837878615141,0.08800905870273133,0.09994774425065048,0.09583961748619012,0.1160438060760498,0.00697509862939809,0.00697475008166748,0.06505537033081055,1.0700696702039185e-19
0.09453761017619726,0.08800891903887696,0.0999477504000605,0.09584026936202479,0.1185753345489502,0.006974750089713452,0.00697440155921214,0.06885790824890137,1.0700919893256348e-19
0.09453684156956807,0.0880087793824496,0.09994775654927095,0.09584092118292999,0.12013101577758789,0.0069744015674831385,0.006974053054698004,0.06969285011291504,1.0701143066952409e-19
0.09453607296626565,0.08800863973344855,0.09994776269828183,0.09584157294891239,0.12107586860656738,0.006974053062704268,0.006973704567059258,0.062143802642822266,1.0701366236937512e-19
0.09453530436629186,0.08800850009187322,0.09994776884709315,0.09584222465997869,0.1202707290649414,0.006973704575377651,0.006973356097361716,0.06347036361694336,1.070158943728396e-19
0.0945345357696485,0.08800836045772294,0.09994777499570491,0.0958428763161356,0.11594629287719727,0.00697335610550069,0.006973007645250107,0.06350183486938477,1.0701812576439641e-19
0.09453376717633742,0.08800822083099707,0.09994778114411712,0.09584352791738977,0.11766648292541504,0.0069730076530734805,0.006972659210191523,0.06682014465332031,1.0702035721349322e-19
0.09453299858636044,0.08800808121169497,0.09994778729232977,0.09584417946374794,0.11980175971984863,0.006972659218094913,0.006972310792541236,0.06866288185119629,1.0702258883010904e-19
0.09453222999971936,0.088007941599816,0.09994779344034285,0.09584483095521681,0.11799860000610352,0.006972310800563748,0.006971962392654518,0.0668344497680664,1.0702481989308242e-19
0.09453146141641604,0.0880078019953595,0.09994779958815637,0.09584548239180303,0.11892437934875488,0.006971962400479377,0.006971614009820826,0.06377744674682617,1.0702705147627883e-19
0.09453069283645231,0.08800766239832483,0.09994780573577035,0.09584613377351327,0.12232542037963867,0.006971614017842387,0.006971265645105973,0.062363624572753906,1.0702928211930246e-19
0.09452992425982992,0.08800752280871137,0.09994781188318477,0.09584678510035427,0.12180757522583008,0.006971265652649071,0.006970917297088874,0.06225180625915527,1.0703151378569453e-19
0.0945291556865508,0.08800738322651845,0.09994781803039963,0.09584743637233267,0.11884236335754395,0.006970917304901366,0.006970568967190616,0.06420755386352539,1.070337443647531e-19
0.09452838711661674,0.08800724365174545,0.09994782417741495,0.09584808758945519,0.11582040786743164,0.006970568974596617,0.006970220653990111,0.0643303394317627,1.070359752052081e-19
0.09452761855002954,0.0880071040843917,0.0999478303242307,0.09584873875172849,0.11626839637756348,0.006970220661734722,0.0069698723583755395,0.06596922874450684,1.0703820657478173e-19
0.09452684998679102,0.08800696452445657,0.0999478364708469,0.09584938985915924,0.1218409538269043,0.006969872366315425,0.006969524080702172,0.06269526481628418,1.070404367592371e-19
0.09452608142690298,0.08800682497193943,0.09994784261726354,0.09585004091175417,0.12105727195739746,0.006969524088335835,0.006969175820437101,0.06248950958251953,1.0704266801414697e-19
0.09452531287036726,0.08800668542683962,0.09994784876348065,0.09585069190951992,0.11813735961914062,0.006969175827796087,0.006968827576514514,0.06383967399597168,1.0704489828525816e-19
0.09452454431718567,0.0880065458891565,0.09994785490949819,0.0958513428524632,0.11570572853088379,0.006968827584696679,0.006968479350888401,0.0646514892578125,1.070471284354124e-19
0.09452377576736,0.08800640635888943,0.09994786105531618,0.09585199374059068,0.11912393569946289,0.0069684793590357,0.006968131142670586,0.06862521171569824,1.0704935899712756e-19
0.09452300722089213,0.08800626683603775,0.09994786720093464,0.095852644573909,0.11787080764770508,0.006968131150812285,0.006967782951861068,0.06650495529174805,1.070515892521632e-19
0.0945222386777839,0.08800612732060084,0.09994787334635355,0.09585329535242482,0.11875414848327637,0.0069677829600252525,0.006967434778637482,0.06334209442138672,1.0705381981203117e-19
0.0945214701380371,0.08800598781257805,0.09994787949157291,0.09585394607614481,0.12109112739562988,0.0069674347866740104,0.006967086623177465,0.06217503547668457,1.0705605009584532e-19
0.09452070160165363,0.08800584831196874,0.09994788563659272,0.09585459674507568,0.11799311637878418,0.006967086630757641,0.006966738484059931,0.06248211860656738,1.0705828004847211e-19
0.09451993306863526,0.08800570881877225,0.099947891781413,0.0958552473592241,0.11486935615539551,0.006966738492275104,0.006966390363061237,0.06320405006408691,1.0706051010883087e-19
0.0945191645389838,0.08800556933298796,0.09994789792603373,0.09585589791859675,0.11873316764831543,0.006966390371225675,0.006966042259826111,0.06861615180969238,1.0706273968719493e-19
0.09451839601270108,0.08800542985461522,0.09994790407045492,0.09585654842320021,0.12137174606323242,0.006966042267608233,0.006965694173999282,0.07059955596923828,1.0706496942335257e-19
0.09451762748978891,0.0880052903836534,0.09994791021467658,0.09585719887304125,0.1195070743560791,0.006965694181421822,0.006965346105225478,0.06220412254333496,1.0706719922893971e-19
0.09451685897024911,0.08800515092010185,0.0999479163586987,0.09585784926812647,0.11618685722351074,0.006965346112664975,0.006964998052971794,0.06268548965454102,1.0706942914258304e-19
0.09451609045408353,0.08800501146395993,0.09994792250252127,0.09585849960846254,0.1173396110534668,0.006964998061339278,0.006964650019547491,0.06595993041992188,1.070716584804522e-19
0.09451532194129394,0.088004872015227,0.0999479286461443,0.09585914989405617,0.1190953254699707,0.006964650027442019,0.006964302003176215,0.06801295280456543,1.0707388784066388e-19
0.09451455343188227,0.0880047325739024,0.0999479347895678,0.09585980012491395,0.11664795875549316,0.006964302010972312,0.006963954003680328,0.0640268325805664,1.0707611768969533e-19
0.09451378492585026,0.08800459313998552,0.09994794093279176,0.09586045030104268,0.12058663368225098,0.006963954011930713,0.006963606022303281,0.062293052673339844,1.0707834647609307e-19
0.09451301642319976,0.08800445371347569,0.09994794707581617,0.09586110042244896,0.12091183662414551,0.006963606030314291,0.0069632580578016245,0.062277793884277344,1.0708057634704739e-19
0.0945122479239325,0.08800431429437228,0.09994795321864106,0.09586175048913946,0.11837077140808105,0.006963258066123853,0.006962910111596443,0.06494808197021484,1.07082804735849e-19
0.09451147942805034,0.08800417488267463,0.09994795936126641,0.09586240050112083,0.1177072525024414,0.0069629101193561735,0.006962562182266652,0.0671091079711914,1.07085034031283e-19
0.09451071093555517,0.08800403547838213,0.09994796550369223,0.09586305045839971,0.1186532974243164,0.006962562190012683,0.00696221426981225,0.06715631484985352,1.0708726319504786e-19
0.09450994244644878,0.08800389608149413,0.09994797164591852,0.09586370036098277,0.11567234992980957,0.0069622142780939224,0.00696186637583196,0.06323027610778809,1.0708949214808675e-19
0.09450917396073306,0.08800375669200998,0.09994797778794527,0.0958643502088767,0.12151288986206055,0.006961866383594287,0.006961518499082331,0.06238436698913574,1.0709172094590123e-19
0.0945084054784098,0.08800361730992905,0.0999479839297725,0.0958650000020881,0.12820982933044434,0.0069615185065151994,0.006961170639208092,0.06434893608093262,1.0709395010173131e-19
0.09450763699948085,0.08800347793525069,0.0999479900714002,0.09586564974062364,0.12053060531616211,0.006961170646856579,0.00696082279674215,0.06871652603149414,1.0709617823060809e-19
0.09450686852394802,0.08800333856797428,0.09994799621282838,0.09586629942448996,0.11660170555114746,0.00696082280461749,0.006960474971862141,0.06427407264709473,1.0709840715817813e-19
0.09450610005181308,0.08800319920809914,0.09994800235405703,0.09586694905369368,0.11879467964172363,0.006960474979796747,0.006960127164212793,0.06234121322631836,1.0710063502845247e-19
0.09450533158307785,0.08800305985562464,0.09994800849508614,0.09586759862824155,0.12180137634277344,0.006960127172393483,0.006959779373971742,0.06212782859802246,1.0710286379365993e-19
0.09450456311774413,0.08800292051055017,0.09994801463591575,0.09586824814814021,0.1183016300201416,0.006959779382406791,0.006959431602027166,0.06512880325317383,1.0710509220262574e-19
0.0945037946558138,0.08800278117287508,0.09994802077654583,0.0958688976133963,0.1175539493560791,0.006959431609834082,0.006959083846957981,0.06706619262695312,1.0710732017604213e-19
0.09450302619728873,0.0880026418425987,0.09994802691697638,0.09586954702401643,0.1175985336303711,0.006959083854676513,0.006958736108941821,0.06643342971801758,1.0710954864172357e-19
0.09450225774217072,0.08800250251972043,0.09994803305720741,0.09587019638000727,0.11769795417785645,0.006958736116932936,0.006958388388511594,0.06258487701416016,1.071117762466632e-19
0.09450148929046145,0.08800236320423961,0.09994803919723894,0.09587084568137542,0.12045669555664062,0.0069583883966030935,0.0069580406862002064,0.062079429626464844,1.0711400436600848e-19
0.0945007208421629,0.0880022238961556,0.09994804533707093,0.09587149492812759,0.11653757095336914,0.006958040693684069,0.006957693000053666,0.06246495246887207,1.0711623211580721e-19
0.0944999523972769,0.08800208459546775,0.09994805147670341,0.09587214412027037,0.11740422248840332,0.0069576930081774215,0.006957345332381237,0.06693124771118164,1.0711846037689773e-19
0.09449918395580524,0.08800194530217545,0.09994805761613637,0.09587279325781041,0.12266874313354492,0.006957345340080523,0.006956997681228927,0.07206511497497559,1.0712068777144606e-19
0.09449841551774978,0.08800180601627802,0.09994806375536981,0.09587344234075436,0.12157511711120605,0.00695699768939426,0.006956650048373092,0.06235861778259277,1.0712291513743097e-19
0.09449764708311226,0.08800166673777488,0.09994806989440375,0.09587409136910884,0.11522269248962402,0.006956650056115642,0.006956302432037376,0.06330728530883789,1.0712514318701866e-19
0.09449687865189459,0.08800152746666534,0.09994807603323816,0.09587474034288054,0.1196601390838623,0.006956302440245566,0.006955954833998135,0.06932377815246582,1.0712737060150443e-19
0.0944961102240985,0.08800138820294877,0.09994808217187306,0.09587538926207609,0.11609506607055664,0.006955954841781076,0.0069556072524790125,0.06427192687988281,1.0712959819459218e-19
0.09449534179972587,0.08800124894662452,0.09994808831030846,0.09587603812670209,0.11925220489501953,0.006955607260723423,0.006955259688723459,0.06256937980651855,1.0713182543685303e-19
0.0944945733787786,0.08800110969769195,0.09994809444854434,0.09587668693676522,0.11984109878540039,0.0069552596970706305,0.0069549121430867444,0.06347084045410156,1.0713405234664414e-19
0.09449380496125848,0.08800097045615045,0.09994810058658071,0.09587733569227208,0.11561131477355957,0.0069549121508218036,0.006954564613970149,0.06454610824584961,1.0713627954341806e-19
0.09449303654716733,0.08800083122199935,0.09994810672441756,0.09587798439322931,0.11989998817443848,0.006954564621976152,0.00695421710226185,0.0682382583618164,1.071385067114118e-19
0.09449226813650696,0.08800069199523804,0.0999481128620549,0.09587863303964356,0.11444354057312012,0.006954217110533797,0.006953869608672392,0.06310367584228516,1.0714073362018671e-19
0.09449149972927917,0.08800055277586585,0.09994811899949274,0.09587928163152148,0.11999988555908203,0.006953869616492382,0.006953522131780687,0.062062740325927734,1.0714296000985599e-19
0.09449073132548572,0.08800041356388218,0.09994812513673107,0.0958799301688697,0.11540746688842773,0.0069535221398519045,0.006953174672652551,0.06290555000305176,1.0714518745260344e-19
0.09448996292512846,0.08800027435928637,0.09994813127376989,0.09588057865169483,0.11768269538879395,0.006953174680611731,0.006952827231110348,0.06725525856018066,1.0714741376164159e-19
0.09448919452820925,0.08800013516207777,0.0999481374106092,0.0958812270800035,0.1229865550994873,0.0069528272387696065,0.006952479806265899,0.07218265533447266,1.0714964060560656e-19
0.09448842613472988,0.08799999597225577,0.09994814354724901,0.09588187545380233,0.1213676929473877,0.006952479814326751,0.0069521323995402895,0.06220507621765137,1.0715186693784597e-19
0.09448765774469214,0.0879998567898197,0.09994814968368933,0.09588252377309797,0.11508393287658691,0.006952132407279845,0.006951785009867706,0.06382441520690918,1.0715409348675001e-19
0.09448688935809792,0.08799971761476894,0.09994815581993013,0.09588317203789701,0.11821651458740234,0.006951785017629778,0.006951437637781055,0.06730175018310547,1.0715632013070188e-19
0.09448612097494906,0.08799957844710284,0.09994816195597145,0.09588382024820608,0.11504983901977539,0.006951437645374672,0.006951090282392158,0.06270003318786621,1.0715854615483966e-19
0.09448535259524737,0.08799943928682077,0.09994816809181326,0.0958844684040318,0.12111687660217285,0.0069510902905156775,0.006950742945299737,0.06203341484069824,1.0716077243023399e-19
0.09448458421899464,0.0879993001339221,0.09994817422745557,0.09588511650538077,0.11711382865905762,0.006950742953049855,0.0069503956247274346,0.06450581550598145,1.0716299859847461e-19
0.09448381584619275,0.08799916098840618,0.09994818036289838,0.09588576455225958,0.11880898475646973,0.006950395632977051,0.006950048322096336,0.0689687728881836,1.071652249296372e-19
0.0944830474768435,0.0879990218502724,0.09994818649814168,0.09588641254467495,0.1145930290222168,0.006950048330296401,0.006949701036873535,0.06393718719482422,1.0716745058883089e-19
0.09448227911094871,0.08799888271952011,0.09994819263318548,0.09588706048263344,0.12114977836608887,0.006949701045006978,0.006949353769236666,0.06214094161987305,1.0716967638698303e-19
0.0944815107485102,0.08799874359614865,0.0999481987680298,0.09588770836614169,0.11771440505981445,0.006949353777106905,0.006949006518652823,0.0625300407409668,1.0717190213369555e-19
0.0944807423895298,0.08799860448015738,0.09994820490267461,0.09588835619520632,0.11711502075195312,0.00694900652659634,0.006948659285477277,0.06649565696716309,1.0717412791216121e-19
0.09447997403400928,0.08799846537154568,0.09994821103711994,0.0958890039698339,0.11749386787414551,0.006948659293474383,0.006948312070242935,0.06681251525878906,1.0717635376356827e-19
0.09447920568195055,0.0879983262703129,0.09994821717136577,0.09588965169003105,0.11628413200378418,0.006948312077738822,0.006947964871883983,0.06203866004943848,1.0717857881468174e-19
0.09447843733335543,0.08799818717645841,0.09994822330541211,0.09589029935580438,0.12568306922912598,0.006947964879390478,0.006947617690755692,0.06317520141601562,1.0718080473752423e-19
0.09447766898822571,0.08799804808998159,0.09994822943925898,0.09589094696716054,0.11847496032714844,0.006947617698428498,0.006947270527035698,0.06766438484191895,1.0718302966273462e-19
0.09447690064656321,0.08799790901088177,0.09994823557290634,0.09589159452410605,0.11564421653747559,0.006947270534851038,0.006946923380546366,0.06289529800415039,1.0718525528637197e-19
0.09447613230836982,0.08799776993915834,0.09994824170635423,0.09589224202664763,0.12033534049987793,0.006946923388658853,0.006946576251820602,0.06200551986694336,1.0718748018035349e-19
0.09447536397364731,0.08799763087481065,0.09994824783960261,0.09589288947479181,0.11528873443603516,0.006946576259849735,0.006946229140503135,0.06306982040405273,1.07189705399027e-19
0.09447459564239753,0.08799749181783806,0.09994825397265153,0.09589353686854526,0.12044453620910645,0.006946229148422797,0.006945882046061058,0.06796002388000488,1.0719193035989707e-19
0.09447382731462226,0.08799735276823996,0.09994826010550095,0.09589418420791458,0.11401009559631348,0.006945882054379205,0.006945534969915457,0.06303715705871582,1.0719415519006845e-19
0.09447305899032336,0.08799721372601568,0.09994826623815088,0.09589483149290631,0.120697021484375,0.006945534977714661,0.006945187909757067,0.06210923194885254,1.0719638027265626e-19
0.09447229066950263,0.0879970746911646,0.09994827237060133,0.09589547872352712,0.1178438663482666,0.006945187918431784,0.006944840868428059,0.06342077255249023,1.0719860496440647e-19
0.09447152235216197,0.08799693566368609,0.0999482785028523,0.09589612589978358,0.11906957626342773,0.006944840876525896,0.006944493843974442,0.0689697265625,1.0720082974169428e-19
0.09447075403830316,0.08799679664357948,0.0999482846349038,0.09589677302168233,0.11457443237304688,0.006944493851998147,0.00694414683657385,0.0633542537689209,1.0720305416994049e-19
0.094469985727928,0.08799665763084416,0.0999482907667558,0.09589742008922993,0.12085795402526855,0.006944146844848096,0.006943799847469734,0.06214118003845215,1.0720527883481296e-19
0.09446921742103837,0.0879965186254795,0.09994829689840834,0.095898067102433,0.11770176887512207,0.006943799855073041,0.006943452874175193,0.06329894065856934,1.0720750396423158e-19
0.09446844911763601,0.08799637962748484,0.0999483030298614,0.09589871406129814,0.11605119705200195,0.00694345288267493,0.006943105920065307,0.06562614440917969,1.0720972756276571e-19
0.09446768081772282,0.08799624063685957,0.09994830916111497,0.09589936096583195,0.12067818641662598,0.006943105927650444,0.006942758982475539,0.06187629699707031,1.0721195251004153e-19
0.09446691252130061,0.08799610165360305,0.09994831529216906,0.09590000781604105,0.1172947883605957,0.006942758989999708,0.006942412061761161,0.06356000900268555,1.072141763274055e-19
0.09446614422837117,0.08799596267771463,0.09994832142302368,0.09590065461193199,0.12010359764099121,0.006942412069722001,0.00694206515845508,0.06900715827941895,1.0721639993574793e-19
0.09446537593893627,0.08799582370919368,0.09994832755367883,0.09590130135351142,0.11413931846618652,0.006942065166817004,0.006941718273445474,0.06310057640075684,1.0721862439932083e-19
0.09446460765299776,0.08799568474803955,0.0999483336841345,0.09590194804078593,0.12045001983642578,0.0069417182812815045,0.006941371404955987,0.06219601631164551,1.0722084836954375e-19
0.0944638393705575,0.08799554579425163,0.09994833981439069,0.09590259467376205,0.11839509010314941,0.006941371413117374,0.006941024554407704,0.0646512508392334,1.07223071960326e-19
0.09446307109161729,0.08799540684782928,0.09994834594444742,0.0959032412524464,0.12017464637756348,0.006941024562322295,0.006940677721267718,0.06801724433898926,1.0722529588158675e-19
0.09446230281617901,0.08799526790877185,0.09994835207430466,0.09590388777684562,0.11335325241088867,0.006940677728894145,0.006940330905180758,0.06308579444885254,1.0722751979142105e-19
0.09446153454424444,0.08799512897707872,0.09994835820396245,0.09590453424696627,0.11972522735595703,0.006940330912834381,0.006939984106324459,0.06226992607116699,1.0722974338372133e-19
0.0944607662758154,0.08799499005274924,0.09994836433342075,0.09590518066281489,0.11556529998779297,0.006939984114141721,0.006939637324876458,0.0628199577331543,1.0723196665540728e-19
0.09445999801089369,0.08799485113578279,0.09994837046267958,0.09590582702439814,0.11998343467712402,0.006939637332815755,0.006939290560481481,0.06802225112915039,1.0723419003583058e-19
0.09445922974948116,0.08799471222617872,0.09994837659173895,0.09590647333172252,0.11479544639587402,0.006939290568854568,0.006938943814382981,0.0622713565826416,1.0723641357005169e-19
0.0944584614915797,0.08799457332393641,0.09994838272059886,0.09590711958479463,0.12115287780761719,0.006938943822257198,0.006938597084982234,0.06229519844055176,1.0723863699527135e-19
0.09445769323719108,0.08799443442905522,0.0999483888492593,0.09590776578362105,0.12393403053283691,0.0069385970930224885,0.006938250372989785,0.0678861141204834,1.0724086005867762e-19
0.09445692498631712,0.08799429554153448,0.09994839497772029,0.09590841192820844,0.11543655395507812,0.006938250381151341,0.006937903679116175,0.062322378158569336,1.0724308319092678e-19
0.09445615673895964,0.08799415666137361,0.09994840110598181,0.09590905801856336,0.12105631828308105,0.0069379036866400595,0.006937557001407413,0.06211066246032715,1.0724530613935082e-19
0.09445538849512046,0.08799401778857197,0.09994840723404387,0.09590970405469239,0.11922740936279297,0.006937557009489932,0.0069372103421727616,0.06596803665161133,1.0724752917161019e-19
0.09445462025480142,0.08799387892312889,0.09994841336190646,0.09591035003660207,0.11893630027770996,0.006937210349698224,0.006936863699280593,0.06419944763183594,1.0724975183037468e-19
0.09445385201800438,0.08799374006504376,0.09994841948956959,0.09591099596429901,0.12537360191345215,0.006936863707265881,0.006936517074507265,0.06753945350646973,1.072519748952023e-19
0.09445308378473116,0.08799360121431594,0.09994842561703325,0.0959116418377898,0.11775517463684082,0.006936517082192323,0.006936170466786962,0.06299757957458496,1.0725419748182998e-19
0.09445231555498361,0.0879934623709448,0.09994843174429746,0.095912287657081,0.12855815887451172,0.006936170474475047,0.006935823875942049,0.06766080856323242,1.0725642024727272e-19
0.09445154732876349,0.0879933235349297,0.0999484378713622,0.09591293342217917,0.11810970306396484,0.006935823884116163,0.006935477303393611,0.06485223770141602,1.0725864261668413e-19
0.0944507791060726,0.08799318470627,0.0999484439982275,0.09591357913309091,0.12697386741638184,0.0069354773111110525,0.006935130747898199,0.06799125671386719,1.0726086467403237e-19
0.09445001088691277,0.08799304588496508,0.09994845012489334,0.09591422478982282,0.12091684341430664,0.0069351307554609085,0.006934784209100542,0.06445527076721191,1.0726308713596955e-19
0.09444924267128578,0.0879929070710143,0.09994845625135972,0.0959148703923814,0.12378072738647461,0.006934784217164882,0.006934437688244088,0.06641817092895508,1.0726530961475159e-19
0.09444847445919358,0.08799276826441704,0.09994846237762664,0.09591551594077324,0.1212148666381836,0.006934437696221458,0.006934091184973568,0.06483697891235352,1.0726753179426038e-19
0.0944477062506379,0.08799262946517265,0.0999484685036941,0.09591616143500493,0.12719058990478516,0.006934091192629667,0.006933744697867894,0.06780052185058594,1.0726975395537314e-19
0.09444693804562061,0.08799249067328051,0.0999484746295621,0.09591680687508303,0.11767768859863281,0.006933744706390452,0.006933398229769239,0.06404280662536621,1.0727197564400888e-19
0.09444616984414356,0.08799235188873995,0.09994848075523066,0.0959174522610141,0.12755727767944336,0.006933398237499792,0.006933051778545973,0.06806588172912598,1.072741976777787e-19
0.09444540164620849,0.08799221311155037,0.09994848688069978,0.09591809759280472,0.12436771392822266,0.006933051785957512,0.006932705343487555,0.06645774841308594,1.0727641950821824e-19
0.0944446334518173,0.08799207434171111,0.09994849300596945,0.09591874287046143,0.12205362319946289,0.006932705351764887,0.006932358926547977,0.06425356864929199,1.072786411266932e-19
0.09444386526097184,0.08799193557922155,0.09994849913103966,0.09591938809399073,0.12239670753479004,0.006932358934920566,0.006932012527727238,0.06583333015441895,1.0728086306912198e-19
0.09444309707367389,0.08799179682408108,0.09994850525591044,0.09592003326339928,0.12115144729614258,0.006932012535420988,0.006931666144893711,0.06526684761047363,1.0728308472256594e-19
0.09444232888992526,0.08799165807628903,0.09994851138058175,0.09592067837869357,0.12336969375610352,0.006931666153268108,0.006931319780001388,0.06614351272583008,1.0728530617409335e-19
0.09444156070972781,0.08799151933584479,0.09994851750505362,0.09592132343988022,0.12443351745605469,0.006931319788460947,0.006930973433405541,0.06689167022705078,1.0728752728646258e-19
0.09444079253308334,0.0879913806027477,0.09994852362932606,0.0959219684469658,0.12272262573242188,0.006930973440996525,0.00693062710297454,0.06454849243164062,1.0728974877142827e-19
0.09444002435999362,0.08799124187699717,0.09994852975339905,0.09592261339995684,0.129410982131958,0.006930627110875477,0.00693028079066238,0.0642850399017334,1.0729197029231532e-19
0.09443925619046056,0.08799110315859253,0.09994853587727259,0.0959232582988599,0.1266489028930664,0.006930280798096193,0.0069299344950479735,0.06711769104003906,1.0729419152941469e-19
0.09443848802448598,0.08799096444753317,0.0999485420009467,0.09592390314368152,0.12237739562988281,0.006929934502658466,0.0069295882170195,0.06592345237731934,1.0729641270953068e-19
0.09443771986207165,0.08799082574381845,0.09994854812442137,0.09592454793442826,0.12402105331420898,0.006929588224561472,0.0069292419563993235,0.06675267219543457,1.0729863329749736e-19
0.09443695170321943,0.08799068704744775,0.09994855424769661,0.09592519267110665,0.12362790107727051,0.006929241963803342,0.00692889571212163,0.06746959686279297,1.0730085453944922e-19
0.09443618354793111,0.08799054835842043,0.09994856037077239,0.09592583735372327,0.12113094329833984,0.006928895720386201,0.0069285494863180475,0.06505560874938965,1.0730307489566585e-19
0.09443541539620855,0.08799040967673585,0.09994856649364875,0.09592648198228464,0.128676176071167,0.006928549494306498,0.006928203277567491,0.06924962997436523,1.0730529618144698e-19
0.09443464724805353,0.08799027100239339,0.09994857261632567,0.0959271265567974,0.12660622596740723,0.006928203285564025,0.006927857086047595,0.0673530101776123,1.0730751675946176e-19
0.09443387910346791,0.0879901323353924,0.09994857873880315,0.09592777107726806,0.12366509437561035,0.00692785709415725,0.006927510912468904,0.06539297103881836,1.0730973711754315e-19
0.09443311096245352,0.08798999367573225,0.0999485848610812,0.09592841554370317,0.1219322681427002,0.0069275109200852645,0.006927164755587967,0.06712079048156738,1.0731195743039459e-19
0.09443234282501216,0.08798985502341232,0.09994859098315981,0.09592905995610927,0.12316322326660156,0.0069271647633488516,0.006926818616292962,0.06769132614135742,1.0731417830549537e-19
0.09443157469114569,0.08798971637843198,0.09994859710503899,0.09592970431449294,0.12193083763122559,0.006926818623945221,0.006926472494406255,0.0650937557220459,1.0731639862039749e-19
0.09443080656085592,0.0879895777407906,0.09994860322671874,0.09593034861886066,0.12784886360168457,0.006926472501874437,0.006926126389039666,0.0685126781463623,1.0731861871131077e-19
0.09443003843414463,0.08798943911048752,0.09994860934819906,0.09593099286921902,0.12474822998046875,0.00692612639713674,0.006925780301614282,0.06777763366699219,1.0732083885724887e-19
0.09442927031101367,0.08798930048752215,0.09994861546947995,0.0959316370655745,0.12264657020568848,0.006925780309729157,0.006925434231419558,0.0664372444152832,1.0732305979397065e-19
0.09442850219146492,0.08798916187189382,0.09994862159056139,0.09593228120793375,0.12358880043029785,0.0069254342396528985,0.006925088178633132,0.06717634201049805,1.0732527920558221e-19
0.09442773407550023,0.08798902326360192,0.09994862771144342,0.09593292529630323,0.12459492683410645,0.006925088186905343,0.00692474214378791,0.0677335262298584,1.0732749904728763e-19
0.09442696596312135,0.0879888846626458,0.09994863383212602,0.09593356933068951,0.1218869686126709,0.006924742151484975,0.006924396125462806,0.06481194496154785,1.0732971864801829e-19
0.09442619785433014,0.08798874606902485,0.09994863995260919,0.0959342133110991,0.12764263153076172,0.006924396133392621,0.006924050124901271,0.06866812705993652,1.0733193882752906e-19
0.09442542974912842,0.08798860748273842,0.09994864607289293,0.09593485723753853,0.1242825984954834,0.00692405013262673,0.006923704140859854,0.0658714771270752,1.0733415838195346e-19
0.09442466164751803,0.08798846890378588,0.09994865219297726,0.09593550111001437,0.12793374061584473,0.006923704149188142,0.0069233581749372775,0.06530427932739258,1.0733637769775285e-19
0.0944238935495008,0.08798833033216662,0.09994865831286216,0.09593614492853313,0.12228131294250488,0.0069233581830742495,0.006923012226067726,0.06584453582763672,1.0733859725949204e-19
0.09442312545507855,0.08798819176787999,0.09994866443254764,0.09593678869310139,0.12746405601501465,0.006923012234283869,0.0069226662949617435,0.06860923767089844,1.0734081674821842e-19
0.09442235736425315,0.08798805321092538,0.0999486705520337,0.09593743240372564,0.11821579933166504,0.006922666302816131,0.006922320380731151,0.06505894660949707,1.0734303603519759e-19
0.09442158927702629,0.08798791466130215,0.09994867667132033,0.09593807606041242,0.12737512588500977,0.006922320388671469,0.006921974483731219,0.06854081153869629,1.073452549944862e-19
0.09442082119339984,0.08798777611900964,0.09994868279040754,0.09593871966316823,0.11830544471740723,0.006921974491849123,0.006921628604672492,0.06357288360595703,1.073474748267845e-19
0.09442005311337562,0.08798763758404726,0.09994868890929534,0.09593936321199967,0.1298685073852539,0.006921628612345753,0.006921282741956247,0.06716275215148926,1.0734969354681912e-19
0.09441928503695547,0.08798749905641437,0.09994869502798372,0.09594000670691326,0.12306809425354004,0.006921282750163295,0.006920936897181207,0.0669867992401123,1.0735191272096665e-19
0.09441851696414125,0.08798736053611034,0.09994870114647267,0.09594065014791547,0.12353992462158203,0.0069209369052988055,0.006920591069459192,0.06814384460449219,1.0735413133639775e-19
0.0944177488949347,0.08798722202313453,0.0999487072647622,0.0959412935350129,0.12142562866210938,0.00692059107775405,0.00692024525932311,0.06572437286376953,1.07356350586771e-19
0.09441698082933778,0.08798708351748631,0.09994871338285231,0.09594193686821204,0.12551236152648926,0.006920245267525559,0.0069198994669505964,0.06839704513549805,1.0735856920965248e-19
0.09441621276735228,0.08798694501916506,0.09994871950074302,0.09594258014751941,0.11876916885375977,0.006919899474611743,0.006919553691275837,0.06485390663146973,1.0736078796792324e-19
0.09441544470897997,0.08798680652817013,0.09994872561843432,0.09594322337294156,0.12825918197631836,0.00691955369901275,0.006919207933542282,0.067138671875,1.0736300624195662e-19
0.09441467665422276,0.08798666804450091,0.0999487317359262,0.095943866544485,0.12649798393249512,0.00691920794072802,0.006918862191795938,0.06851887702941895,1.0736522501815605e-19
0.0944139086030824,0.08798652956815675,0.09994873785321864,0.09594450966215629,0.11950492858886719,0.006918862199758727,0.00691851646834607,0.06405854225158691,1.073674431251674e-19
0.09441314055556073,0.08798639109913706,0.09994874397031168,0.09594515272596187,0.12834644317626953,0.006918516476101029,0.006918170762304499,0.06857156753540039,1.0736966159504288e-19
0.09441237251165958,0.08798625263744117,0.09994875008720532,0.0959457957359083,0.1219937801361084,0.006918170769754299,0.006917825072783046,0.06615686416625977,1.0737188030963612e-19
0.0944116044713808,0.08798611418306847,0.09994875620389955,0.09594643869200215,0.12592625617980957,0.00691782508072075,0.006917479401380433,0.06752896308898926,1.0737409832469349e-19
0.09441083643472609,0.08798597573601832,0.09994876232039437,0.09594708159424985,0.12380385398864746,0.006917479408996491,0.006917133746320303,0.06721949577331543,1.073763162399443e-19
0.09441006840169747,0.0879858372962901,0.09994876843668979,0.09594772444265795,0.12180829048156738,0.006917133754582344,0.006916788109379013,0.06537675857543945,1.0737853436680343e-19
0.09440930037229672,0.08798569886388317,0.09994877455278581,0.095948367237233,0.13075613975524902,0.006916788117477398,0.006916442489490748,0.06473469734191895,1.0738075220168382e-19
0.09440853234652563,0.08798556043879692,0.09994878066868242,0.0959490099779815,0.1277933120727539,0.0069164424976794776,0.006916096887366052,0.06899833679199219,1.0738296938806373e-19
0.09440776432438605,0.0879854220210307,0.09994878678437961,0.09594965266490998,0.11798810958862305,0.006916096895187997,0.006915751302116746,0.06629824638366699,1.0738518793966792e-19
0.09440699630587976,0.08798528361058389,0.09994879289987742,0.09595029529802497,0.12779784202575684,0.006915751310002468,0.006915405734098101,0.06933760643005371,1.073874052499808e-19
0.09440622829100864,0.08798514520745584,0.09994879901517581,0.09595093787733297,0.12035775184631348,0.006915405742121714,0.006915060183487753,0.06490898132324219,1.0738962306701444e-19
0.09440546027977446,0.08798500681164596,0.0999488051302748,0.09595158040284041,0.12594056129455566,0.00691506019154514,0.006914714650108067,0.06739568710327148,1.0739184043869838e-19
0.09440469227217906,0.08798486842315359,0.0999488112451744,0.09595222287455388,0.12738871574401855,0.006914714658272233,0.006914369134491949,0.07326745986938477,1.0739405766282878e-19
0.09440392426822428,0.0879847300419781,0.0999488173598746,0.09595286529247986,0.12395811080932617,0.006914369142300458,0.0069140236359288565,0.0679473876953125,1.0739627523956479e-19
0.09440315626791192,0.08798459166811888,0.0999488234743754,0.09595350765662483,0.11808323860168457,0.006914023643629627,0.006913678154063518,0.06354761123657227,1.0739849241726472e-19
0.09440238827124385,0.0879844533015753,0.09994882958867682,0.09595414996699536,0.12793636322021484,0.006913678162260211,0.006913332690672291,0.06812787055969238,1.0740070981182468e-19
0.0944016202782218,0.08798431494234672,0.09994883570277882,0.09595479222359793,0.11813783645629883,0.006913332698190274,0.006912987243445912,0.06511259078979492,1.0740292639062568e-19
0.09440085228884768,0.08798417659043253,0.09994884181668143,0.09595543442643897,0.12723803520202637,0.006912987251419395,0.006912641813805465,0.06936168670654297,1.0740514332187861e-19
0.09440008430312331,0.08798403824583209,0.09994884793038464,0.09595607657552505,0.11778950691223145,0.006912641821946961,0.00691229640175095,0.06399369239807129,1.0740736020636755e-19
0.09439931632105053,0.08798389990854479,0.09994885404388847,0.09595671867086268,0.12813210487365723,0.006912296409771782,0.006911951006927097,0.06766772270202637,1.0740957713705593e-19
0.09439854834263113,0.08798376157856996,0.0999488601571929,0.09595736071245835,0.12049198150634766,0.006911951014892663,0.006911605629333906,0.06452751159667969,1.0741179400963663e-19
0.09439778036786704,0.08798362325590701,0.09994886627029793,0.09595800270031853,0.1270744800567627,0.006911605637309096,0.006911260269504282,0.06805562973022461,1.074140110057138e-19
0.09439701239676003,0.0879834849405553,0.09994887238320359,0.09595864463444971,0.11708283424377441,0.006911260277018766,0.006910914926017142,0.06318783760070801,1.0741622708642433e-19
0.09439624442931184,0.08798334663251421,0.09994887849590985,0.09595928651485845,0.12831664085388184,0.0069109149340236126,0.00691056960029357,0.06784629821777344,1.0741844367313104e-19
0.09439547646552439,0.08798320833178311,0.09994888460841672,0.09595992834155122,0.11550116539001465,0.006910569608320403,0.006910224292155931,0.06368708610534668,1.0742065999767839e-19
0.09439470850539948,0.08798307003836137,0.0999488907207242,0.09596057011453446,0.12707257270812988,0.0069102242999092185,0.006909879000716046,0.06913137435913086,1.0742287696130713e-19
0.09439394054893889,0.08798293175224835,0.09994889683283228,0.0959612118338147,0.12939119338989258,0.006909879008789226,0.006909533727217365,0.06421732902526855,1.0742509258452379e-19
0.09439317259614446,0.08798279347344343,0.09994890294474099,0.09596185349939845,0.12718725204467773,0.006909533734959221,0.006909188470416439,0.06783270835876465,1.0742730933890098e-19
0.09439240464701804,0.08798265520194598,0.0999489090564503,0.09596249511129218,0.11752676963806152,0.006909188478418997,0.006908843230846173,0.06388688087463379,1.0742952499742094e-19
0.09439163670156152,0.08798251693775537,0.09994891516796024,0.09596313666950242,0.12846016883850098,0.006908843239167761,0.006908498009217112,0.067901611328125,1.0743174116421467e-19
0.09439086875977655,0.08798237868087096,0.0999489212792708,0.09596377817403563,0.11940383911132812,0.006908498017203175,0.006908152804996348,0.06583261489868164,1.0743395667452483e-19
0.09439010082166509,0.08798224043129214,0.09994892739038196,0.09596441962489831,0.12672686576843262,0.00690815281252442,0.006907807617295703,0.06853103637695312,1.0743617245863789e-19
0.09438933288722898,0.0879821021890183,0.09994893350129375,0.09596506102209694,0.12833523750305176,0.006907807625132319,0.006907462446470447,0.07347893714904785,1.0743838850985335e-19
0.09438856495647,0.08798196395404878,0.09994893961200615,0.09596570236563798,0.12862014770507812,0.006907462455026395,0.00690711729465221,0.06862878799438477,1.0744060398960281e-19
0.09438779702939,0.087981825726383,0.09994894572251918,0.09596634365552788,0.1196143627166748,0.006907117302201995,0.006906772158643548,0.06567788124084473,1.0744281985241541e-19
0.09438702910599073,0.08798168750602028,0.09994895183283282,0.09596698489177322,0.1280810832977295,0.0069067721666626804,0.006906427040576091,0.06870651245117188,1.0744503501539109e-19
0.09438626118627404,0.08798154929296004,0.0999489579429471,0.09596762607438046,0.11549186706542969,0.006906427048405177,0.006906081939561659,0.06443452835083008,1.0744725083176128e-19
0.09438549327024175,0.08798141108720163,0.099948964052862,0.0959682672033561,0.1282205581665039,0.006906081947429655,0.006905736855422617,0.06830430030822754,1.0744946619254219e-19
0.09438472535789579,0.08798127288874442,0.0999489701625775,0.09596890827870665,0.1173102855682373,0.006905736863735642,0.006905391789402415,0.06390094757080078,1.0745168111789236e-19
0.09438395744923793,0.0879811346975878,0.09994897627209363,0.09596954930043851,0.12917876243591309,0.006905391797321129,0.006905046740435239,0.0683131217956543,1.0745389623143793e-19
0.09438318954427002,0.08798099651373113,0.0999489823814104,0.09597019026855816,0.12170672416687012,0.006905046748184321,0.0069047017083434525,0.06568789482116699,1.0745611127191644e-19
0.09438242164299387,0.0879808583371738,0.09994898849052779,0.09597083118307212,0.12321138381958008,0.0069047017163253715,0.006904356693659963,0.06783056259155273,1.0745832647918201e-19
0.0943816537454113,0.08798072016791515,0.0999489945994458,0.09597147204398686,0.12155818939208984,0.00690435670174475,0.006904011696207135,0.06522274017333984,1.0746054149639245e-19
0.09438088585152409,0.08798058200595459,0.09994900070816444,0.09597211285130881,0.12893962860107422,0.006904011704440259,0.0069036667165178756,0.06719589233398438,1.0746275603226673e-19
0.09438011796133408,0.08798044385129146,0.09994900681668373,0.09597275360504447,0.11784696578979492,0.006903666724409995,0.006903321753881642,0.06380152702331543,1.0746497073136669e-19
0.09437935007484312,0.08798030570392516,0.09994901292500365,0.09597339430520029,0.12838315963745117,0.006903321761654447,0.006902976807943162,0.06834244728088379,1.0746718537861682e-19
0.09437858219205304,0.08798016756385507,0.09994901903312418,0.09597403495178279,0.12519001960754395,0.006902976816173429,0.006902631880301158,0.06728005409240723,1.0746940018836293e-19
0.09437781431296567,0.08798002943108055,0.09994902514104535,0.09597467554479845,0.1232919692993164,0.006902631887964663,0.006902286968468729,0.06742167472839355,1.0747161461378487e-19
0.09437704643758285,0.087979891305601,0.09994903124876715,0.09597531608425375,0.12146496772766113,0.00690228697702912,0.0069019420754656835,0.06443238258361816,1.0747382879441301e-19
0.09437627856590633,0.08797975318741576,0.0999490373562896,0.09597595657015515,0.1259167194366455,0.006901942083363749,0.006901597198982756,0.06636500358581543,1.0747604286127384e-19
0.09437551069793797,0.08797961507652421,0.09994904346361268,0.09597659700250909,0.11788511276245117,0.0069015972069683875,0.006901252340263397,0.06440138816833496,1.074782577518047e-19
0.09437474283367966,0.08797947697292575,0.09994904957073639,0.09597723738132205,0.1275770664215088,0.0069012523478425404,0.006900907498241793,0.06685209274291992,1.0748047181863858e-19
0.0943739749731331,0.08797933887661974,0.09994905567766074,0.09597787770660049,0.12317085266113281,0.0069009075059850294,0.006900562673806121,0.06489086151123047,1.0748268580135753e-19
0.09437320711630016,0.08797920078760554,0.09994906178438571,0.09597851797835087,0.1285996437072754,0.006900562681394632,0.006900217866245839,0.06552505493164062,1.0748490001982847e-19
0.09437243926318283,0.08797906270588254,0.09994906789091133,0.09597915819657964,0.12186312675476074,0.006900217874071107,0.006899873076093854,0.0656273365020752,1.0748711377833093e-19
0.09437167141378283,0.08797892463145011,0.0999490739972376,0.09597979836129329,0.12357568740844727,0.0068998730840146546,0.006899528302994895,0.0672600269317627,1.0748932803849012e-19
0.094370903568102,0.08797878656430763,0.0999490801033645,0.09598043847249828,0.12067317962646484,0.006899528311223736,0.006899183548192411,0.06479763984680176,1.0749154119607012e-19
0.0943701357261422,0.08797864850445446,0.09994908620929203,0.09598107853020106,0.1267988681793213,0.006899183555695392,0.006898838809554775,0.0677797794342041,1.0749375475722085e-19
0.09436936788790523,0.08797851045188998,0.09994909231502022,0.09598171853440811,0.11874580383300781,0.006898838817431224,0.006898494088503071,0.06443595886230469,1.0749596823479694e-19
0.09436860005339293,0.08797837240661359,0.09994909842054905,0.09598235848512586,0.12686443328857422,0.006898494096430275,0.006898149384504393,0.06763625144958496,1.0749818157466676e-19
0.09436783222260708,0.08797823436862463,0.09994910452587853,0.09598299838236082,0.12662672996520996,0.006898149392690422,0.006897804698269283,0.0669870376586914,1.0750039534555955e-19
0.09436706439554951,0.08797809633792249,0.09994911063100866,0.09598363822611945,0.12296342849731445,0.006897804706211076,0.006897460028909563,0.0664052963256836,1.0750260871238859e-19
0.09436629657222195,0.08797795831450654,0.09994911673593943,0.09598427801640816,0.12067723274230957,0.0068974600369917215,0.006897115377491048,0.06545019149780273,1.0750482174931112e-19
0.09436552875262635,0.08797782029837617,0.09994912284067084,0.09598491775323342,0.1225740909576416,0.00689711538503005,0.006896770742415015,0.06735873222351074,1.0750703536025186e-19
0.09436476093676449,0.08797768228953073,0.0999491289452029,0.09598555743660173,0.12044286727905273,0.006896770750327408,0.006896426124747279,0.0653219223022461,1.0750924765032225e-19
0.09436399312463818,0.08797754428796964,0.0999491350495356,0.09598619706651947,0.12262725830078125,0.006896426132882442,0.006896081524843112,0.06647253036499023,1.0751146095873816e-19
0.0943632253162493,0.08797740629369225,0.09994914115366897,0.09598683664299312,0.13116812705993652,0.006896081532693311,0.00689573694199197,0.07242202758789062,1.0751367377911788e-19
0.09436245751159954,0.08797726830669793,0.09994914725760298,0.09598747616602914,0.1183478832244873,0.006895736949758838,0.006895392376193854,0.06423401832580566,1.0751588691767163e-19
0.09436168971069085,0.08797713032698606,0.09994915336133765,0.09598811563563396,0.1268010139465332,0.006895392384080165,0.006895047828159306,0.06733417510986328,1.0751809974668911e-19
0.09436092191352506,0.08797699235455603,0.09994915946487297,0.09598875505181409,0.12157249450683594,0.006895047835654049,0.006894703296644877,0.06607246398925781,1.0752031222324047e-19
0.09436015412010394,0.0879768543894072,0.09994916556820893,0.09598939441457585,0.1233816146850586,0.006894703304482027,0.006894358783249288,0.06713485717773438,1.0752252502386107e-19
0.09435938633042942,0.08797671643153894,0.09994917167134555,0.09599003372392581,0.12236261367797852,0.006894358790560411,0.006894014286373817,0.06549572944641113,1.0752473730365147e-19
0.0943586185445033,0.08797657848095064,0.09994917777428282,0.09599067297987038,0.12233257293701172,0.006894014293891171,0.006893669806906644,0.06705379486083984,1.0752694936886402e-19
0.0943578507623274,0.08797644053764168,0.09994918387702074,0.095991312182416,0.13017630577087402,0.006893669814472103,0.0068933253446701315,0.06478548049926758,1.0752916205347657e-19
0.0943570829839035,0.08797630260161145,0.09994918997955933,0.09599195133156906,0.12679314613342285,0.00689332535230228,0.006892980899841916,0.0681009292602539,1.0753137447107644e-19
0.09435631520923347,0.0879761646728593,0.09994919608189858,0.09599259042733607,0.11907505989074707,0.006892980907381151,0.006892636471711455,0.06467199325561523,1.0753358661404758e-19
0.09435554743831916,0.08797602675138462,0.09994920218403847,0.09599322946972351,0.12488174438476562,0.006892636479709261,0.006892292061522198,0.06685733795166016,1.0753579899177242e-19
0.09435477967116235,0.08797588883718678,0.09994920828597903,0.09599386845873774,0.12228631973266602,0.006892292069282362,0.006891947668208331,0.06554412841796875,1.0753801071056692e-19
0.09435401190776484,0.08797575093026516,0.09994921438772024,0.09599450739438525,0.12137293815612793,0.006891947676102584,0.0068916032923027615,0.06660151481628418,1.0754022222318423e-19
0.09435324414812842,0.08797561303061914,0.09994922048926211,0.09599514627667247,0.13033223152160645,0.006891603300167108,0.006891258933627853,0.07365870475769043,1.0754243439876953e-19
0.09435247639225497,0.08797547513824809,0.09994922659060465,0.0959957851056058,0.1278836727142334,0.006891258941475981,0.006890914592183606,0.06944799423217773,1.0754464575633467e-19
0.09435170864014635,0.08797533725315139,0.09994923269174785,0.09599642388119171,0.11803889274597168,0.006890914600028419,0.0068905702681476555,0.06639981269836426,1.0754685775925427e-19
0.09435094089180435,0.08797519937532844,0.09994923879269171,0.09599706260343664,0.12595772743225098,0.006890570275823829,0.006890225960631824,0.06781744956970215,1.0754906886722095e-19
0.0943501731472308,0.08797506150477859,0.09994924489343623,0.09599770127234697,0.12535548210144043,0.0068902259688611005,0.006889881671412468,0.06929683685302734,1.075512806052342e-19
0.0943494054064276,0.08797492364150122,0.09994925099398144,0.09599833988792919,0.12439322471618652,0.0068898816791386,0.006889537398890866,0.0694112777709961,1.0755349208111401e-19
0.0943486376693965,0.08797478578549571,0.09994925709432731,0.0959989784501897,0.12656521797180176,0.006889537406656184,0.006889193143777561,0.0698404312133789,1.0755570333596095e-19
0.09434786993613935,0.08797464793676144,0.09994926319447384,0.09599961695913493,0.13589024543762207,0.0068891931514125995,0.006888848906072553,0.06849408149719238,1.0755791464595213e-19
0.09434710220665798,0.08797451009529778,0.09994926929442104,0.09600025541477133,0.1251511573791504,0.006888848913407683,0.006888504684177121,0.06776952743530273,1.0756012575808249e-19
0.09434633448095421,0.0879743722611041,0.0999492753941689,0.0960008938171053,0.12715983390808105,0.006888504692641037,0.006888160480933436,0.06741833686828613,1.0756233696077174e-19
0.09434556675902986,0.08797423443417982,0.09994928149371744,0.09600153216614327,0.1256272792816162,0.006888160489110276,0.006887816294387505,0.06736922264099121,1.075645478491743e-19
0.09434479904088675,0.08797409661452427,0.09994928759306665,0.09600217046189165,0.12685394287109375,0.006887816302815308,0.006887472126315686,0.06953883171081543,1.0756675871444289e-19
0.09434403132652669,0.08797395880213686,0.09994929369221653,0.0960028087043569,0.13532161712646484,0.006887472133753797,0.006887127974053442,0.06850314140319824,1.0756896923111549e-19
0.09434326361595156,0.08797382099701695,0.09994929979116708,0.09600344689354542,0.12665271759033203,0.006887127981927702,0.006886783839732402,0.06970953941345215,1.0757118016703621e-19
0.0943424959091632,0.08797368319916392,0.09994930588991832,0.0960040850294637,0.12547993659973145,0.006886783847333079,0.006886439721931481,0.06782889366149902,1.075733908618068e-19
0.09434172820616343,0.08797354540857714,0.09994931198847024,0.09600472311211812,0.12571406364440918,0.006886439729971428,0.006886095621716493,0.06767010688781738,1.0757560141343843e-19
0.09434096050695402,0.08797340762525602,0.09994931808682282,0.09600536114151512,0.12678766250610352,0.006886095629841597,0.0068857515387321655,0.06787991523742676,1.0757781186135074e-19
0.0943401928115368,0.0879732698491999,0.09994932418497608,0.09600599911766108,0.13100290298461914,0.006885751546942589,0.006885407473511407,0.06801700592041016,1.0758002209930417e-19
0.0943394251199136,0.08797313208040818,0.09994933028293003,0.0960066370405624,0.1273510456085205,0.006885407481271587,0.006885063425166038,0.06786704063415527,1.0758223235578935e-19
0.09433865743208626,0.08797299431888024,0.09994933638068465,0.09600727491022558,0.12735724449157715,0.006885063432829439,0.006884719393873695,0.06860733032226562,1.075844428996425e-19
0.09433788974805657,0.08797285656461545,0.09994934247823996,0.09600791272665697,0.12877964973449707,0.006884719401614571,0.006884375379812013,0.06968307495117188,1.0758665326472629e-19
0.09433712206782642,0.08797271881761319,0.09994934857559594,0.096008550489863,0.1276414394378662,0.006884375387628143,0.006884031383336264,0.07065033912658691,1.0758886359565568e-19
0.09433635439139759,0.08797258107787284,0.09994935467275261,0.0960091881998501,0.12514138221740723,0.0068840313908662696,0.006883687403735905,0.06944608688354492,1.0759107333006449e-19
0.09433558671877196,0.08797244334539381,0.09994936076970996,0.09600982585662468,0.12712812423706055,0.006883687411329154,0.006883343441543843,0.06562995910644531,1.0759328312333647e-19
0.0943348190499513,0.08797230562017543,0.09994936686646799,0.09601046346019312,0.12761425971984863,0.006883343449016181,0.0068829994958719,0.06597399711608887,1.0759549315557646e-19
0.09433405138493746,0.0879721679022171,0.09994937296302671,0.09601110101056187,0.1257321834564209,0.006882999503928899,0.006882655567963525,0.06771183013916016,1.0759770244510526e-19
0.09433328372373222,0.0879720301915182,0.09994937905938611,0.09601173850773731,0.126495361328125,0.006882655576063723,0.0068823116576410825,0.06891798973083496,1.075999121851556e-19
0.09433251606633745,0.0879718924880781,0.0999493851555462,0.09601237595172585,0.12344932556152344,0.006882311665420743,0.00688196776419403,0.06878328323364258,1.0760212180787692e-19
0.09433174841275489,0.0879717547918962,0.09994939125150698,0.09601301334253391,0.12818002700805664,0.006881967771998165,0.006881623888155275,0.06548690795898438,1.0760433086019403e-19
0.09433098076298642,0.08797161710297187,0.09994939734726845,0.09601365068016791,0.12781190872192383,0.006881623895795771,0.0068812800284590026,0.06922078132629395,1.0760654094503646e-19
0.09433021311703392,0.08797147942130448,0.09994940344283061,0.09601428796463424,0.12396883964538574,0.006881280036813429,0.006880936186703934,0.06819653511047363,1.0760874983569149e-19
0.0943294454748992,0.08797134174689343,0.09994940953819345,0.09601492519593934,0.11980080604553223,0.006880936195049248,0.00688059236289007,0.0642852783203125,1.076109592997386e-19
0.09432867783658411,0.08797120407973809,0.09994941563335698,0.09601556237408959,0.12645840644836426,0.0068805923705015735,0.006880248555418689,0.06686544418334961,1.0761316809459425e-19
0.09432791020209048,0.08797106641983785,0.0999494217283212,0.0960161994990914,0.12857937812805176,0.006880248563170004,0.0068799047653556045,0.06804728507995605,1.0761537751602272e-19
0.09432714257142018,0.08797092876719208,0.09994942782308612,0.0960168365709512,0.12888026237487793,0.006879904773053924,0.006879560992345546,0.06486034393310547,1.076175866709717e-19
0.094326374944575,0.08797079112180016,0.09994943391765172,0.09601747358967536,0.12717843055725098,0.006879561000152554,0.006879217236566149,0.06908297538757324,1.0761979548913959e-19
0.09432560732155675,0.08797065348366147,0.09994944001201803,0.09601811055527028,0.12295770645141602,0.006879217244465994,0.006878873497662141,0.06723499298095703,1.0762200469670128e-19
0.09432483970236727,0.08797051585277538,0.09994944610618503,0.09601874746774236,0.12163543701171875,0.006878873505993111,0.006878529776344067,0.06420302391052246,1.076242127415709e-19
0.0943240720870084,0.08797037822914129,0.09994945220015274,0.09601938432709796,0.12818193435668945,0.006878529784732946,0.006878186073144832,0.06933856010437012,1.076264216632948e-19
0.09432330447548197,0.08797024061275859,0.09994945829392114,0.09602002113334356,0.12066483497619629,0.006878186080681945,0.006877842386110444,0.06511235237121582,1.0762863032230603e-19
0.09432253686778984,0.08797010300362662,0.09994946438749024,0.09602065788648548,0.1330733299255371,0.006877842393843025,0.006877498716129082,0.07167768478393555,1.0763083863695262e-19
0.09432176926393383,0.08796996540174479,0.09994947048086002,0.09602129458653014,0.11882901191711426,0.006877498724213909,0.0068771550635560175,0.06554651260375977,1.0763304699140427e-19
0.09432100166391573,0.08796982780711249,0.09994947657403051,0.09602193123348393,0.12589454650878906,0.0068771550717947605,0.00687681142839125,0.06721282005310059,1.0763525556391888e-19
0.09432023406773735,0.08796969021972906,0.09994948266700171,0.09602256782735326,0.1226813793182373,0.006876811436583021,0.006876467810634779,0.06655502319335938,1.0763746371053446e-19
0.09431946647540054,0.08796955263959391,0.0999494887597736,0.09602320436814454,0.1205282211303711,0.006876467818577838,0.0068761242099313336,0.0647745132446289,1.0763967166591931e-19
0.09431869888690708,0.08796941506670643,0.0999494948523462,0.09602384085586414,0.1280531883239746,0.006876124217778711,0.00687578062645855,0.06756067276000977,1.0764187978308584e-19
0.09431793130225886,0.08796927750106598,0.0999495009447195,0.09602447729051838,0.12469768524169922,0.00687578063418439,0.006875437060216427,0.0661933422088623,1.0764408795110168e-19
0.0943171637214576,0.08796913994267196,0.09994950703689351,0.0960251136721137,0.12751483917236328,0.0068754370677940515,0.006875093510494423,0.06644797325134277,1.0764629600824692e-19
0.0943163961445052,0.08796900239152372,0.09994951312886821,0.0960257500006565,0.12189650535583496,0.006875093518608529,0.006874749978891259,0.06623721122741699,1.0764850381889381e-19
0.09431562857140342,0.08796886484762068,0.09994951922064363,0.09602638627615316,0.12639284133911133,0.006874749986624563,0.006874406463630578,0.0686030387878418,1.0765071170873713e-19
0.09431486100215411,0.0879687273109622,0.09994952531221976,0.09602702249861003,0.12027597427368164,0.0068744064718443305,0.006874062966133465,0.06505441665649414,1.0765291884873846e-19
0.09431409343675906,0.08796858978154765,0.0999495314035966,0.09602765866803355,0.12886357307434082,0.006874062974265007,0.006873719485511742,0.06765198707580566,1.0765512650982387e-19
0.09431332587522019,0.08796845225937643,0.09994953749477414,0.09602829478443005,0.11888718605041504,0.0068737194938856975,0.006873376022653588,0.06480550765991211,1.0765733401348266e-19
0.09431255831753925,0.08796831474444791,0.0999495435857524,0.09602893084780594,0.1304173469543457,0.006873376030705766,0.006873032577026095,0.07082772254943848,1.0765954126813252e-19
0.09431179076371812,0.08796817723676148,0.09994954967653137,0.09602956685816759,0.12666106224060059,0.0068730325847238,0.006872689148096356,0.06827402114868164,1.0766174869840177e-19
0.09431102321375863,0.08796803973631653,0.09994955576711105,0.0960302028155214,0.11834001541137695,0.006872689155939197,0.006872345736574914,0.06418037414550781,1.0766395590941991e-19
0.09431025566766263,0.08796790224311243,0.09994956185749145,0.09603083871987374,0.12836647033691406,0.006872345744351515,0.006872002342284134,0.06934690475463867,1.0766616340614669e-19
0.09430948812543193,0.08796776475714856,0.09994956794767255,0.096031474571231,0.11744332313537598,0.006872002349958479,0.006871658964513472,0.06340289115905762,1.0766837052880932e-19
0.09430872058706838,0.08796762727842429,0.09994957403765438,0.09603211036959954,0.12782979011535645,0.00687165897276232,0.00687131560486165,0.06850385665893555,1.0767057740115761e-19
0.09430795305257382,0.08796748980693903,0.09994958012743692,0.09603274611498576,0.11851072311401367,0.006871315612759034,0.006870972262085218,0.06479310989379883,1.0767278418951271e-19
0.09430718552195007,0.08796735234269214,0.09994958621702017,0.09603338180739604,0.1313319206237793,0.006870972269949232,0.006870628936894718,0.07196617126464844,1.076749910458695e-19
0.09430641799519895,0.08796721488568303,0.09994959230640414,0.09603401744683678,0.12896251678466797,0.006870628944331648,0.00687028562769143,0.06958842277526855,1.0767719804957849e-19
0.09430565047232227,0.08796707743591105,0.09994959839558884,0.09603465303331431,0.11959505081176758,0.006870285635906151,0.006869942336962254,0.0656595230102539,1.0767940446170649e-19
0.09430488295332187,0.08796693999337561,0.09994960448457427,0.09603528856683499,0.1290874481201172,0.006869942344670052,0.0068695990627531955,0.06855607032775879,1.076816110972519e-19
0.09430411543819958,0.0879668025580761,0.0999496105733604,0.09603592404740524,0.11520671844482422,0.006869599070624929,0.006869255805597163,0.06394147872924805,1.0768381758163145e-19
0.09430334792695726,0.08796666513001188,0.09994961666194725,0.09603655947503138,0.12697720527648926,0.0068692558137692875,0.006868912565849428,0.06738090515136719,1.0768602374544075e-19
0.09430258041959665,0.08796652770918231,0.09994962275033482,0.09603719484971983,0.12092065811157227,0.006868912574102262,0.006868569343865261,0.0671384334564209,1.076882297826054e-19
0.09430181291611966,0.08796639029558681,0.09994962883852314,0.09603783017147689,0.12821054458618164,0.006868569351621627,0.006868226138401212,0.07345461845397949,1.07690436347923e-19
0.09430104541652817,0.08796625288922474,0.09994963492651217,0.09603846544030893,0.12660503387451172,0.006868226146327806,0.0068678829499901894,0.06726598739624023,1.0769264271978934e-19
0.09430027792082395,0.08796611549009552,0.09994964101430191,0.09603910065622234,0.12318873405456543,0.0068678829582203395,0.006867539779342735,0.06794285774230957,1.0769484875815805e-19
0.09429951042900885,0.08796597809819849,0.0999496471018924,0.09603973581922351,0.11714315414428711,0.006867539787296635,0.006867196625748306,0.06368303298950195,1.0769705462996042e-19
0.0942987429410847,0.08796584071353306,0.0999496531892836,0.0960403709293188,0.12714862823486328,0.006867196633556553,0.006866853488851632,0.06856369972229004,1.076992607292266e-19
0.09429797545705332,0.0879657033360986,0.09994965927647555,0.09604100598651458,0.11812186241149902,0.006866853497000262,0.006866510369718526,0.06502842903137207,1.0770146651374052e-19
0.09429720797691649,0.08796556596589448,0.09994966536346822,0.09604164099081719,0.12037897109985352,0.006866510377624519,0.006866167267816081,0.06499171257019043,1.0770367214991056e-19
0.09429644050067602,0.08796542860292013,0.09994967145026161,0.09604227594223298,0.1269824504852295,0.0068661672754307575,0.006865824182433755,0.0682373046875,1.0770587829587652e-19
0.09429567302833378,0.08796529124717489,0.09994967753685574,0.09604291084076835,0.12790775299072266,0.006865824190416813,0.00686548111428209,0.07253003120422363,1.0770808378590214e-19
0.09429490555989158,0.08796515389865818,0.09994968362325059,0.0960435456864296,0.11471271514892578,0.006865481122582921,0.00686513806407163,0.06471991539001465,1.0771028893762889e-19
0.0942941380953513,0.08796501655736937,0.09994968970944616,0.09604418047922313,0.1193695068359375,0.006865138071927663,0.006864795030736559,0.06373167037963867,1.0771249372924306e-19
0.09429337063471477,0.08796487922330781,0.09994969579544248,0.09604481521915532,0.12640643119812012,0.00686479503844903,0.006864452014276878,0.06809806823730469,1.0771469924054354e-19
0.09429260317798378,0.08796474189647294,0.09994970188123953,0.09604544990623251,0.11812090873718262,0.006864452022147433,0.006864109014870223,0.06575703620910645,1.0771690483901735e-19
0.09429183572516012,0.08796460457686409,0.09994970796683732,0.09604608454046107,0.11620759963989258,0.006864109023023691,0.006863766033049501,0.06302499771118164,1.0771911017877888e-19
0.09429106827624568,0.08796446726448066,0.09994971405223584,0.0960467191218473,0.12534713745117188,0.006863766041073943,0.00686342306845944,0.06718134880065918,1.0772131487321742e-19
0.09429030083124225,0.08796432995932206,0.0999497201374351,0.09604735365039754,0.12315988540649414,0.006863423076298288,0.006863080120922405,0.06843447685241699,1.0772351986442651e-19
0.0942895333901517,0.08796419266138765,0.09994972622243509,0.09604798812611821,0.1229104995727539,0.00686308012869654,0.006862737190260759,0.0681760311126709,1.0772572503872362e-19
0.0942887659529758,0.08796405537067684,0.09994973230723583,0.09604862254901564,0.1142125129699707,0.006862737198267545,0.006862394277007411,0.06323742866516113,1.0772792961136364e-19
0.09428799851971643,0.087963918087189,0.09994973839183731,0.09604925691909613,0.11932754516601562,0.006862394285009815,0.006862051380984724,0.06381797790527344,1.0773013502111672e-19
0.09428723109037541,0.08796378081092351,0.09994974447623951,0.09604989123636609,0.1248011589050293,0.006862051388922062,0.0068617085020150625,0.06670451164245605,1.0773233934601565e-19
0.09428646366495459,0.08796364354187976,0.09994975056044246,0.09605052550083182,0.12119078636169434,0.006861708510004488,0.0068613656402760625,0.0673530101776123,1.0773454416589424e-19
0.09428569624345576,0.08796350628005711,0.09994975664444615,0.09605115971249965,0.11438322067260742,0.006861365648256832,0.006861022796300631,0.06310296058654785,1.0773674834100452e-19
0.09428492882588081,0.08796336902545498,0.09994976272825058,0.09605179387137598,0.11949348449707031,0.006861022803676531,0.006860679968490047,0.06400299072265625,1.0773895271846036e-19
0.09428416141223149,0.08796323177807275,0.09994976881185576,0.09605242797746714,0.12422394752502441,0.006860679976264508,0.006860337158087759,0.06644582748413086,1.0774115714602999e-19
0.09428339400250961,0.08796309453790978,0.09994977489526169,0.09605306203077947,0.1224372386932373,0.006860337166018538,0.006859994365093769,0.06698727607727051,1.077433618195873e-19
0.09428262659671706,0.08796295730496548,0.09994978097846836,0.09605369603131933,0.12397122383117676,0.006859994372939729,0.006859651588619897,0.0686037540435791,1.077455657181972e-19
0.09428185919485564,0.08796282007923921,0.0999497870614758,0.09605432997909304,0.11610198020935059,0.006859651597024944,0.006859308830264865,0.06434512138366699,1.0774776942444172e-19
0.09428109179692715,0.08796268286073036,0.09994979314428395,0.09605496387410693,0.11635804176330566,0.006859308838273275,0.006858966088962859,0.06217002868652344,1.0774997396131706e-19
0.09428032440293334,0.08796254564943834,0.09994979922689287,0.09605559771636735,0.12145495414733887,0.006858966096685787,0.006858623364536243,0.06363487243652344,1.0775217799585988e-19
0.0942795570128761,0.08796240844536252,0.09994980530930254,0.09605623150588066,0.12625503540039062,0.006858623372259403,0.006858280657340288,0.06746172904968262,1.077543812661216e-19
0.09427878962675729,0.08796227124850228,0.09994981139151296,0.09605686524265317,0.11837553977966309,0.006858280664995164,0.006857937966664451,0.06637239456176758,1.0775658492937177e-19
0.0942780222445787,0.08796213405885703,0.09994981747352412,0.09605749892669119,0.11443376541137695,0.006857937974892701,0.00685759529428509,0.06283783912658691,1.0775878938136542e-19
0.09427725486634218,0.08796199687642613,0.09994982355533603,0.09605813255800105,0.12477707862854004,0.006857595301948337,0.006857252637892941,0.06589889526367188,1.0776099250187766e-19
0.09427648749204957,0.08796185970120898,0.0999498296369487,0.09605876613658915,0.12131237983703613,0.006857252646163928,0.006856909999086724,0.06285476684570312,1.0776319620056977e-19
0.0942757201217027,0.08796172253320497,0.09994983571836212,0.09605939966246177,0.12365603446960449,0.006856910007537933,0.0068565673778664404,0.06399965286254883,1.0776539934798763e-19
0.09427495275530341,0.08796158537241347,0.09994984179957629,0.09606003313562532,0.1261594295501709,0.006856567386068565,0.006856224773699182,0.06748843193054199,1.0776760245812581e-19
0.09427418539285355,0.08796144821883385,0.09994984788059123,0.09606066655608604,0.11770915985107422,0.006856224781753854,0.0068558821865849495,0.06660842895507812,1.077698060253755e-19
0.0942734180343549,0.08796131107246552,0.09994985396140692,0.09606129992385026,0.11457562446594238,0.006855882194595287,0.0068555396165237426,0.06303715705871582,1.0777200858998133e-19
0.09427265067980936,0.08796117393330787,0.09994986004202337,0.09606193323892431,0.1171579360961914,0.006855539624591744,0.006855197063693197,0.06260299682617188,1.0777421221241501e-19
0.09427188332921874,0.08796103680136026,0.09994986612244058,0.0960625665013145,0.12141013145446777,0.006855197071741297,0.006854854528093313,0.06372785568237305,1.0777641492813993e-19
0.09427111598258481,0.08796089967662209,0.09994987220265857,0.09606319971102724,0.1272568702697754,0.006854854536043438,0.006854512009368818,0.0675201416015625,1.0777861800074226e-19
0.09427034863990943,0.08796076255909274,0.09994987828267729,0.09606383286806884,0.12018871307373047,0.0068545120174976345,0.006854169507874985,0.06739330291748047,1.0778082110009367e-19
0.09426958130119444,0.08796062544877162,0.09994988436249679,0.09606446597244558,0.12444376945495605,0.0068541695161034085,0.006853827024144721,0.06886577606201172,1.0778302382129401e-19
0.09426881396644161,0.0879604883456581,0.09994989044211704,0.0960650990241638,0.11697554588317871,0.006853827031858448,0.0068534845571122105,0.06665349006652832,1.077852269777258e-19
0.09426804663565289,0.08796035124975157,0.09994989652153806,0.09606573202322985,0.11413860321044922,0.006853484564762023,0.00685314210695509,0.0632779598236084,1.0778742856596516e-19
0.09426727930883003,0.08796021416105144,0.09994990260075982,0.09606636496965001,0.11449551582336426,0.006853142114814908,0.006852799674561538,0.06214189529418945,1.0778963131346323e-19
0.09426651198597485,0.08796007707955708,0.09994990867978236,0.09606699786343058,0.11762046813964844,0.0068527996820148115,0.006852457258510469,0.061652421951293945,1.0779183418777788e-19
0.09426574466708924,0.08795994000526786,0.09994991475860567,0.0960676307045779,0.12159872055053711,0.00685245726636199,0.006852114860045333,0.0623631477355957,1.0779403609886739e-19
0.09426497735217501,0.08795980293818317,0.09994992083722973,0.0960682634930983,0.12731313705444336,0.006852114867855542,0.006851772478633222,0.06546473503112793,1.0779623819585803e-19
0.09426421004123389,0.08795966587830241,0.09994992691565456,0.09606889622899806,0.12095308303833008,0.006851772486493623,0.006851430114096502,0.06811237335205078,1.0779844084776158e-19
0.09426344273426782,0.08795952882562495,0.09994993299388018,0.09606952891228357,0.12436318397521973,0.006851430122276403,0.0068510877673233495,0.0707859992980957,1.0780064306919573e-19
0.0942626754312786,0.08795939178015019,0.09994993907190655,0.09607016154296111,0.12051868438720703,0.006851087775203235,0.0068507454372479515,0.06790447235107422,1.0780284493753916e-19
0.094261908132268,0.08795925474187752,0.09994994514973371,0.09607079412103701,0.11612391471862793,0.006850745445271371,0.0068504031245808505,0.06510043144226074,1.0780504670337902e-19
0.0942611408372379,0.08795911771080629,0.09994995122736164,0.09607142664651759,0.11473703384399414,0.006850403132481227,0.006850060828611504,0.06330251693725586,1.0780724864545007e-19
0.09426037354619016,0.08795898068693594,0.09994995730479032,0.09607205911940912,0.11674785614013672,0.006850060836832997,0.006849718550405726,0.06463384628295898,1.0780945038733246e-19
0.0942596062591265,0.08795884367026587,0.0999499633820198,0.0960726915397179,0.11850571632385254,0.006849718558323751,0.006849376288897702,0.06314611434936523,1.078116516208934e-19
0.09425883897604885,0.08795870666079542,0.09994996945905003,0.09607332390745031,0.12172675132751465,0.0068493762969536855,0.00684903404497561,0.06292414665222168,1.0781385367235148e-19
0.094258071696959,0.087958569658524,0.09994997553588104,0.0960739562226126,0.1257643699645996,0.006849034052720585,0.006848691818106545,0.06440043449401855,1.0781605520126559e-19
0.09425730442185873,0.08795843266345099,0.09994998161251283,0.0960745884852111,0.12403273582458496,0.006848691825624918,0.006848349607757598,0.06795716285705566,1.0781825671224178e-19
0.09425653715074996,0.0879582956755758,0.09994998768894539,0.09607522069525211,0.11953043937683105,0.006848349615666131,0.006848007414106405,0.06514358520507812,1.078204580175815e-19
0.09425576988363443,0.08795815869489779,0.09994999376517873,0.0960758528527419,0.1240696907043457,0.006848007422844535,0.006847665239639866,0.0670318603515625,1.0782265904783373e-19
0.09425500262051408,0.08795802172141635,0.09994999984121285,0.09607648495768682,0.12275552749633789,0.0068476652471553545,0.006847323080982903,0.06890344619750977,1.0782486022786091e-19
0.09425423536139067,0.0879578847551309,0.09995000591704775,0.09607711701009321,0.11742711067199707,0.006847323088600145,0.006846980939556602,0.06667947769165039,1.0782706172347275e-19
0.0942534681062661,0.08795774779604079,0.09995001199268341,0.09607774900996736,0.11618709564208984,0.006846980947178426,0.00684663881500569,0.06556582450866699,1.078292624630933e-19
0.0942527008551421,0.08795761084414541,0.09995001806811986,0.09607838095731559,0.11521220207214355,0.006846638822890333,0.006846296707863075,0.06433415412902832,1.0783146313811768e-19
0.09425193360802049,0.08795747389944417,0.09995002414335709,0.09607901285214414,0.11426568031311035,0.006846296715732656,0.006845954618128758,0.06243753433227539,1.078336642934079e-19
0.09425116636490316,0.08795733696193644,0.0999500302183951,0.0960796446944593,0.11369156837463379,0.006845954625704871,0.006845612544914559,0.062102556228637695,1.0783586488759855e-19
0.09425039912579194,0.08795720003162162,0.0999500362932339,0.0960802764842674,0.11713671684265137,0.00684561255280682,0.0068452704892862926,0.06385517120361328,1.0783806548301025e-19
0.09424963189068866,0.08795706310849909,0.09995004236787348,0.09608090822157475,0.11579585075378418,0.006845270497037582,0.006844928450711052,0.06189775466918945,1.0784026622510577e-19
0.09424886465959512,0.08795692619256824,0.09995004844231384,0.09608153990638758,0.12580513954162598,0.006844928458395667,0.006844586428833566,0.06313371658325195,1.0784246659180512e-19
0.0942480974325131,0.08795678928382847,0.09995005451655499,0.09608217153871226,0.11429309844970703,0.006844586436881253,0.006844244424719648,0.06201338768005371,1.0784466744213673e-19
0.0942473302094445,0.08795665238227916,0.09995006059059694,0.09608280311855509,0.11454200744628906,0.006844244432493053,0.006843902437658755,0.06201934814453125,1.0784686746402914e-19
0.09424656299039115,0.0879565154879197,0.09995006666443966,0.09608343464592234,0.11727452278137207,0.006843902445229274,0.006843560467473253,0.06344771385192871,1.0784906795456087e-19
0.09424579577535483,0.08795637860074948,0.09995007273808318,0.0960840661208203,0.11496520042419434,0.006843560475090063,0.0068432185143407764,0.06142711639404297,1.0785126828803314e-19
0.09424502856433735,0.08795624172076787,0.09995007881152748,0.09608469754325524,0.11598467826843262,0.006843218522074529,0.006842876577906054,0.06124281883239746,1.0785346801753057e-19
0.0942442613573406,0.08795610484797428,0.09995008488477258,0.09608532891323346,0.11851692199707031,0.006842876586182488,0.0068425346601230785,0.061969757080078125,1.0785566800347469e-19
0.09424349415436643,0.0879559679823681,0.09995009095781847,0.09608596023076121,0.11926388740539551,0.006842534667410026,0.0068421927577944075,0.06162667274475098,1.0785786808657194e-19
0.09424272695541663,0.08795583112394874,0.09995009703066515,0.09608659149584486,0.12010574340820312,0.006842192765761085,0.006841850873229305,0.06058812141418457,1.0786006802926707e-19
0.09424195976049307,0.08795569427271556,0.09995010310331263,0.09608722270849064,0.13006281852722168,0.006841850881231717,0.006841509006072499,0.06625819206237793,1.078622676211616e-19
0.09424119256959756,0.08795555742866797,0.0999501091757609,0.09608785386870487,0.11899042129516602,0.006841509013820728,0.006841167155968719,0.06258201599121094,1.0786446723872817e-19
0.09424042538273193,0.08795542059180533,0.09995011524800997,0.09608848497649385,0.12125897407531738,0.006841167163527898,0.006840825322562694,0.061261892318725586,1.0786666762625337e-19
0.094239658199898,0.08795528376212705,0.09995012132005984,0.0960891160318638,0.12180209159851074,0.006840825330352773,0.006840483506209694,0.06477546691894531,1.0786886659647303e-19
0.09423889102109759,0.08795514693963251,0.0999501273919105,0.09608974703482102,0.1140899658203125,0.006840483514295809,0.006840141707797898,0.06224799156188965,1.0787106640398456e-19
0.09423812384633258,0.08795501012432111,0.09995013346356198,0.09609037798537184,0.11491942405700684,0.006840141715353108,0.006839799926083856,0.061417579650878906,1.0787326543155269e-19
0.09423735667560472,0.08795487331619224,0.09995013953501425,0.09609100888352246,0.11960053443908691,0.00683979993352548,0.006839458160889933,0.0630638599395752,1.078754645617163e-19
0.09423658950891585,0.08795473651524528,0.0999501456062673,0.09609163972927919,0.12444281578063965,0.006839458168812474,0.006839116413281943,0.06509661674499512,1.0787766391979493e-19
0.09423582234626787,0.08795459972147963,0.09995015167732117,0.09609227052264835,0.12480545043945312,0.006839116421212482,0.006838774682549342,0.06822323799133301,1.0787986290443964e-19
0.09423505518766259,0.0879544629348947,0.09995015774817584,0.0960929012636362,0.11516046524047852,0.006838774690725457,0.006838432969402675,0.06420445442199707,1.0788206189904163e-19
0.09423428803310172,0.08795432615548986,0.0999501638188313,0.09609353195224908,0.12390279769897461,0.006838432977349368,0.006838091273309033,0.06598687171936035,1.0788426128414237e-19
0.09423352088258714,0.08795418938326448,0.09995016988928757,0.09609416258849324,0.1141669750213623,0.006838091281083076,0.006837749594446052,0.06368017196655273,1.0788646003411611e-19
0.09423275373612064,0.08795405261821797,0.09995017595954464,0.09609479317237493,0.11670804023742676,0.006837749601926687,0.00683740793210319,0.06428408622741699,1.0788865897016743e-19
0.0942319865937041,0.08795391586034972,0.09995018202960251,0.09609542370390042,0.1173093318939209,0.0068374079398790845,0.006837066287346261,0.061971187591552734,1.0789085735916835e-19
0.09423121945533934,0.08795377910965911,0.0999501880994612,0.09609605418307596,0.12111473083496094,0.006837066294939371,0.00683672465910945,0.06300163269042969,1.078930561558039e-19
0.09423045232102822,0.08795364236614556,0.0999501941691207,0.09609668460990785,0.1256694793701172,0.0068367246671087335,0.0068363830481033006,0.06557965278625488,1.0789525465860952e-19
0.09422968519077253,0.08795350562980844,0.099950200238581,0.09609731498440235,0.12182426452636719,0.00683638305638396,0.006836041455393627,0.0686349868774414,1.078974528721723e-19
0.09422891806457408,0.08795336890064714,0.09995020630784213,0.09609794530656578,0.1162710189819336,0.006836041462763431,0.0068356998784935286,0.06591653823852539,1.0789965118436612e-19
0.09422815094243472,0.08795323217866105,0.09995021237690406,0.09609857557640432,0.1146247386932373,0.006835699886248707,0.006835358319179363,0.06357192993164062,1.079018495077932e-19
0.09422738382435625,0.08795309546384956,0.0999502184457668,0.09609920579392432,0.1258082389831543,0.006835358326836896,0.006835016776740588,0.06537675857543945,1.0790404782140208e-19
0.09422661671034059,0.08795295875621209,0.09995022451443036,0.09609983595913203,0.11359620094299316,0.006835016784529171,0.006834675251177202,0.06366419792175293,1.0790624578422024e-19
0.09422584960038961,0.08795282205574802,0.09995023058289472,0.09610046607203368,0.11344432830810547,0.006834675259323724,0.00683433374319975,0.06274127960205078,1.0790844363437563e-19
0.09422508249450512,0.08795268536245672,0.09995023665115989,0.09610109613263554,0.11640739440917969,0.006834333751219598,0.00683399225280823,0.06217217445373535,1.0791064192697265e-19
0.09422431539268895,0.08795254867633759,0.09995024271922587,0.0961017261409439,0.11839985847473145,0.006833992260213272,0.006833650778403921,0.06177163124084473,1.0791283981160911e-19
0.09422354829494294,0.08795241199739004,0.09995024878709266,0.09610235609696498,0.12070345878601074,0.006833650786308967,0.006833309321940817,0.06279826164245605,1.0791503740547186e-19
0.09422278120126881,0.08795227532561344,0.09995025485476028,0.09610298600070506,0.1246786117553711,0.006833309329502456,0.00683296788164256,0.06564474105834961,1.0791723524675946e-19
0.09422201411166845,0.08795213866100718,0.09995026092222871,0.09610361585217043,0.12339973449707031,0.00683296788979389,0.006832626459107871,0.06720328330993652,1.0791943262241685e-19
0.09422124702614364,0.08795200200357067,0.09995026698949795,0.09610424565136731,0.11796426773071289,0.00683262646718273,0.006832285053626208,0.06787395477294922,1.0792162983632369e-19
0.09422047994469629,0.0879518653533033,0.09995027305656802,0.09610487539830194,0.12386679649353027,0.006832285061667474,0.006831943664842299,0.0713798999786377,1.0792382833226865e-19
0.0942197128673282,0.08795172871020444,0.09995027912343891,0.0961055050929806,0.1207737922668457,0.006831943673247206,0.00683160229417723,0.06889486312866211,1.0792602513762193e-19
0.09421894579404126,0.08795159207427351,0.09995028519011062,0.0961061347354096,0.11609077453613281,0.006831602301921437,0.006831260939854644,0.06651639938354492,1.0792822238406673e-19
0.0942181787248372,0.08795145544550989,0.09995029125658314,0.09610676432559515,0.11590743064880371,0.006831260947688997,0.006830919603117991,0.0665900707244873,1.0793041953186319e-19
0.09421741165971785,0.08795131882391297,0.09995029732285649,0.09610739386354351,0.11641621589660645,0.0068309196105476,0.00683057828272382,0.06636214256286621,1.079326167642281e-19
0.09421664459868506,0.08795118220948213,0.09995030338893066,0.09610802334926098,0.11504721641540527,0.006830578290499181,0.006830236979737947,0.06430745124816895,1.0793481368730894e-19
0.09421587754174059,0.08795104560221678,0.09995030945480565,0.09610865278275375,0.11451578140258789,0.006830236987541526,0.006829895694160371,0.06372475624084473,1.0793701074657276e-19
0.09421511048888637,0.08795090900211631,0.09995031552048149,0.0961092821640281,0.11436986923217773,0.006829895701674018,0.006829554425102913,0.06310725212097168,1.0793920730744877e-19
0.09421434344012414,0.08795077240918012,0.09995032158595814,0.09610991149309028,0.11726713180541992,0.006829554432895927,0.006829213173453752,0.06490254402160645,1.0794140436837548e-19
0.09421357639545579,0.08795063582340759,0.09995032765123561,0.09611054076994653,0.1159658432006836,0.00682921318120595,0.006828871938857617,0.06233572959899902,1.0794360095353009e-19
0.0942128093548831,0.0879504992447981,0.09995033371631391,0.0961111699946031,0.12704253196716309,0.0068288719466032665,0.0068285307213145074,0.06318545341491699,1.0794579800133145e-19
0.09421204231840793,0.08795036267335106,0.09995033978119304,0.09611179916706626,0.11463713645935059,0.006828530729086735,0.006828189520291517,0.062279462814331055,1.0794799422052259e-19
0.09421127528603214,0.08795022610906587,0.09995034584587299,0.09611242828734223,0.1150505542755127,0.00682818952865811,0.0068278483373873655,0.06303858757019043,1.0795019098550088e-19
0.09421050825775756,0.08795008955194193,0.09995035191035379,0.09611305735543729,0.11586594581604004,0.006827848345313862,0.006827507171003333,0.06387877464294434,1.079523868502485e-19
0.09420974123358596,0.08794995300197861,0.0999503579746354,0.09611368637135768,0.11555886268615723,0.0068275071790535125,0.006827166021317055,0.061660051345825195,1.0795458334520677e-19
0.0942089742135191,0.08794981645917531,0.09995036403871786,0.0961143153351096,0.11583566665649414,0.006827166029877563,0.006826824889749616,0.06137442588806152,1.0795677953052205e-19
0.09420820719755893,0.08794967992353141,0.09995037010260115,0.09611494424669931,0.11704039573669434,0.006826824897781757,0.006826483775057568,0.062168121337890625,1.0795897574640226e-19
0.09420744018570726,0.08794954339504632,0.09995037616628527,0.09611557310613306,0.11701416969299316,0.006826483782767236,0.006826142677063274,0.0610499382019043,1.0796117222189256e-19
0.09420667317796604,0.08794940687371944,0.09995038222977022,0.09611620191341709,0.11649298667907715,0.006826142684833159,0.006825801596299641,0.06108856201171875,1.0796336815560376e-19
0.09420590617433701,0.08794927035955015,0.099950388293056,0.0961168306685576,0.12598347663879395,0.006825801603979004,0.0068254605322337625,0.06297659873962402,1.07965563853649e-19
0.094205139174822,0.08794913385253784,0.09995039435614261,0.09611745937156088,0.12188959121704102,0.006825460540204947,0.006825119485753817,0.061293840408325195,1.079677596171063e-19
0.09420437217942287,0.08794899735268191,0.09995040041903007,0.09611808802243312,0.11619710922241211,0.006825119493508726,0.006824778455971625,0.061072349548339844,1.0796995556876188e-19
0.09420360518814146,0.08794886085998176,0.09995040648171838,0.09611871662118056,0.11789679527282715,0.006824778463889181,0.006824437443597731,0.06268310546875,1.0797215051732213e-19
0.09420283820097955,0.08794872437443677,0.09995041254420751,0.09611934516780951,0.11655449867248535,0.006824437451345813,0.006824096448276862,0.06258702278137207,1.0797434628395654e-19
0.09420207121793892,0.08794858789604633,0.09995041860649749,0.09611997366232618,0.11784601211547852,0.006824096455878446,0.0068237554694761116,0.061423540115356445,1.0797654186590139e-19
0.09420130423902143,0.08794845142480986,0.09995042466858832,0.09612060210473676,0.1171574592590332,0.006823755477485844,0.006823414508261294,0.06069064140319824,1.0797873721566162e-19
0.0942005372642289,0.08794831496072675,0.09995043073047999,0.09612123049504749,0.11703276634216309,0.006823414516166793,0.006823073564277138,0.060762643814086914,1.0798093272751939e-19
0.09419977029356322,0.0879481785037964,0.0999504367921725,0.09612185883326461,0.11748218536376953,0.006823073571920152,0.006822732636635465,0.06071805953979492,1.0798312807542558e-19
0.09419900332702615,0.08794804205401817,0.09995044285366585,0.09612248711939435,0.1179494857788086,0.0068227326447460965,0.006822391726579724,0.06104135513305664,1.0798532328933183e-19
0.09419823636461945,0.08794790561139147,0.09995044891496004,0.09612311535344295,0.11690473556518555,0.006822391734643714,0.006822050833577009,0.06088852882385254,1.0798751844181204e-19
0.09419746940634505,0.08794776917591571,0.09995045497605508,0.09612374353541663,0.12827348709106445,0.006822050841611535,0.006821709958337863,0.06267642974853516,1.0798971298607149e-19
0.09419670245220475,0.08794763274759027,0.09995046103695096,0.09612437166532158,0.11392998695373535,0.006821709965646924,0.006821369098908292,0.06126284599304199,1.0799190809592706e-19
0.09419593550220043,0.08794749632641456,0.0999504670976477,0.09612499974316406,0.11425304412841797,0.0068213691067521235,0.006821028257064654,0.06169581413269043,1.0799410243806837e-19
0.09419516855633385,0.08794735991238795,0.09995047315814529,0.09612562776895037,0.11416053771972656,0.00682102826492458,0.006820687431741135,0.06219482421875,1.0799629755214984e-19
0.09419440161460683,0.08794722350550985,0.09995047921844373,0.09612625574268666,0.11442160606384277,0.006820687440165202,0.006820346625069362,0.0627751350402832,1.0799849163978011e-19
0.09419363467702131,0.08794708710577964,0.09995048527854301,0.09612688366437919,0.11486291885375977,0.0068203466324705565,0.00682000583402953,0.06362724304199219,1.0800068680475859e-19
0.09419286774357905,0.08794695071319673,0.09995049133844314,0.09612751153403415,0.11508822441101074,0.006820005841842368,0.006819665060397995,0.06369185447692871,1.0800288113340949e-19
0.09419210081428188,0.08794681432776051,0.09995049739814411,0.09612813935165772,0.11559319496154785,0.006819665068277985,0.006819324304352392,0.06388354301452637,1.0800507570443005e-19
0.09419133388913163,0.08794667794947038,0.09995050345764596,0.09612876711725617,0.11734867095947266,0.006819324311776213,0.006818983564294001,0.06532669067382812,1.0800726944453348e-19
0.09419056696813016,0.08794654157832572,0.09995050951694864,0.09612939483083571,0.11807084083557129,0.006818983572338622,0.006818642842176814,0.06660270690917969,1.0800946445298792e-19
0.09418980005127935,0.08794640521432594,0.09995051557605218,0.09613002249240256,0.11525297164916992,0.00681864284996131,0.006818302136579746,0.06381726264953613,1.0801165812264783e-19
0.09418903313858097,0.08794626885747044,0.09995052163495657,0.09613065010196294,0.14570307731628418,0.006818302144646042,0.00681796144856861,0.07775592803955078,1.0801385235144165e-19
0.09418826623003686,0.0879461325077586,0.09995052769366183,0.09613127765952305,0.12213683128356934,0.006817961456390362,0.0068176207774328645,0.06765937805175781,1.0801604651126189e-19
0.09418749932564882,0.08794599616518982,0.09995053375216793,0.0961319051650891,0.1179039478302002,0.006817620785193995,0.006817280123705416,0.06647992134094238,1.0801824018799124e-19
0.09418673242541867,0.0879458598297635,0.09995053981047489,0.09613253261866733,0.11962342262268066,0.006817280131055744,0.00681693948632045,0.06640839576721191,1.0802043386559658e-19
0.09418596552934821,0.08794572350147904,0.09995054586858271,0.09613316002026394,0.14120054244995117,0.006816939493975556,0.0068165988658108745,0.07581377029418945,1.0802262753234929e-19
0.09418519863743932,0.08794558718033584,0.0999505519264914,0.09613378736988513,0.13985061645507812,0.006816598873952852,0.006816258263597774,0.07289695739746094,1.0802482094725985e-19
0.09418443174969378,0.08794545086633328,0.09995055798420092,0.09613441466753714,0.13838863372802734,0.006816258270983391,0.006815917677016614,0.0706484317779541,1.0802701502788675e-19
0.09418366486611339,0.08794531455947076,0.09995056404171132,0.09613504191322618,0.14354181289672852,0.006815917685071041,0.0068155771087319295,0.06991171836853027,1.0802920791635467e-19
0.09418289798669996,0.08794517825974768,0.09995057009902257,0.09613566910695844,0.13214516639709473,0.0068155771162109,0.006815236556789728,0.06231975555419922,1.0803140201797854e-19
0.09418213111145544,0.08794504196716343,0.09995057615613469,0.09613629624874018,0.12184023857116699,0.006815236564404137,0.006814896021900552,0.06300950050354004,1.0803359545153967e-19
0.09418136424038157,0.08794490568171742,0.09995058221304767,0.09613692333857755,0.11205267906188965,0.006814896029649884,0.006814555504419673,0.0640404224395752,1.0803578823383399e-19
0.0941805973734802,0.08794476940340905,0.09995058826976151,0.09613755037647682,0.11338639259338379,0.00681455551194698,0.0068142150032812765,0.06606197357177734,1.0803798182907185e-19
0.09417983051075317,0.0879446331322377,0.09995059432627622,0.09613817736244412,0.11581683158874512,0.006814215011295255,0.006813874519551177,0.0682058334350586,1.0804017458460617e-19
0.09417906365220234,0.08794449686820277,0.09995060038259179,0.09613880429648568,0.11573338508605957,0.006813874527694148,0.006813534053407011,0.06698822975158691,1.0804236748389701e-19
0.09417829679782952,0.08794436061130363,0.09995060643870823,0.09613943117860767,0.11464238166809082,0.006813534061141458,0.006813193603960599,0.06493711471557617,1.0804456031133487e-19
0.09417752994763655,0.08794422436153972,0.09995061249462554,0.09614005800881634,0.11660432815551758,0.006813193611636334,0.006812853171211941,0.0638277530670166,1.0804675333705626e-19
0.09417676310162522,0.0879440881189104,0.09995061855034372,0.09614068478711786,0.11617469787597656,0.006812853179179292,0.006812512756049216,0.06382989883422852,1.0804894588270206e-19
0.09417599625979736,0.0879439518834151,0.09995062460586278,0.09614131151351844,0.11830997467041016,0.006812512763768067,0.006812172357939517,0.06284213066101074,1.080511386607465e-19
0.09417522942215478,0.08794381565505319,0.09995063066118269,0.09614193818802431,0.11714744567871094,0.006812172365401544,0.0068118319761723,0.06170463562011719,1.0805333126412729e-19
0.09417446258869928,0.08794367943382408,0.09995063671630347,0.09614256481064166,0.1183614730834961,0.006811831984080522,0.006811491612168652,0.061707496643066406,1.0805552365111732e-19
0.09417369575943273,0.08794354321972717,0.09995064277122513,0.09614319138137668,0.12414288520812988,0.006811491619803397,0.006811151264507487,0.0623931884765625,1.0805771586483117e-19
0.09417292893435698,0.08794340701276185,0.09995064882594766,0.09614381790023557,0.11437606811523438,0.006811151272569781,0.006810810934965161,0.06559967994689941,1.0805990841795652e-19
0.09417216211347391,0.08794327081292752,0.09995065488047107,0.09614444436722458,0.11712384223937988,0.006810810942377331,0.00681047062087714,0.0694127082824707,1.0806210117093072e-19
0.09417139529678537,0.08794313462022357,0.09995066093479535,0.09614507078234982,0.11719560623168945,0.006810470629227764,0.006810130325263231,0.06791400909423828,1.0806429315892895e-19
0.0941706284842932,0.0879429984346494,0.09995066698892051,0.09614569714561753,0.11484479904174805,0.006810130333117989,0.006809790045991804,0.06561398506164551,1.0806648482193617e-19
0.09416986167599917,0.0879428622562044,0.09995067304284654,0.0961463234570339,0.11731433868408203,0.006809790054046909,0.006809449783951038,0.06296777725219727,1.0806867738317446e-19
0.09416909487190508,0.087942726084888,0.09995067909657344,0.09614694971660506,0.11541485786437988,0.006809449792015698,0.006809109538963298,0.06212592124938965,1.080708688920469e-19
0.09416832807201275,0.08794258992069956,0.09995068515010123,0.09614757592433726,0.11848044395446777,0.006809109547021512,0.006808769310673313,0.061724185943603516,1.0807306105422804e-19
0.09416756127632407,0.08794245376363849,0.0999506912034299,0.09614820208023662,0.11591196060180664,0.0068087693190651,0.0068084291001468955,0.06189417839050293,1.0807525248228455e-19
0.0941667944848408,0.08794231761370419,0.09995069725655946,0.09614882818430939,0.11483144760131836,0.006808429108144266,0.006808088906140597,0.061972856521606445,1.0807744475416455e-19
0.09416602769756477,0.08794218147089608,0.0999507033094899,0.0961494542365617,0.11302518844604492,0.006808088914259524,0.006807748728832053,0.0624237060546875,1.0807963590702568e-19
0.0941652609144978,0.08794204533521353,0.09995070936222121,0.09615008023699977,0.12240099906921387,0.006807748737409039,0.006807408569819984,0.06701278686523438,1.080818272957613e-19
0.0941644941356418,0.08794190920665597,0.09995071541475341,0.09615070618562982,0.1137535572052002,0.00680740857759022,0.006807068427150398,0.0651693344116211,1.0808401887775982e-19
0.09416372736099865,0.08794177308522277,0.09995072146708649,0.09615133208245799,0.11554932594299316,0.006807068434804891,0.0068067283015338376,0.06289052963256836,1.0808621012209508e-19
0.09416296059057011,0.08794163697091334,0.09995072751922045,0.09615195792749048,0.11903142929077148,0.006806728309050535,0.00680638819225976,0.06261658668518066,1.080884015163218e-19
0.09416219382435805,0.08794150086372707,0.0999507335711553,0.09615258372073351,0.11667847633361816,0.006806388200328331,0.006806048101282158,0.062177419662475586,1.0809059248812819e-19
0.09416142706236427,0.08794136476366336,0.09995073962289104,0.0961532094621932,0.11625885963439941,0.006806048108635089,0.006805708025936497,0.06309866905212402,1.0809278378624586e-19
0.09416066030459061,0.0879412286707216,0.09995074567442766,0.09615383515187578,0.11394810676574707,0.006805708033972653,0.006805367968532039,0.062221527099609375,1.0809497490391649e-19
0.09415989355103893,0.08794109258490121,0.09995075172576519,0.0961544607897874,0.11250925064086914,0.006805367976338099,0.0068050279276477,0.06351900100708008,1.0809716563238718e-19
0.09415912680171097,0.08794095650620157,0.0999507577769036,0.09615508637593422,0.11533093452453613,0.0068050279357306336,0.006804687904171658,0.06694197654724121,1.0809935647723397e-19
0.09415836005660858,0.08794082043462208,0.0999507638278429,0.09615571191032242,0.11592411994934082,0.006804687912150338,0.0068043478972157345,0.06762146949768066,1.0810154750164993e-19
0.09415759331573355,0.08794068437016213,0.09995076987858309,0.09615633739295817,0.11724305152893066,0.006804347905596796,0.0068040079080233795,0.06497788429260254,1.0810373773748707e-19
0.09415682657908775,0.08794054831282114,0.09995077592912417,0.0961569628238477,0.12470245361328125,0.006804007916066739,0.006803667936061686,0.07226419448852539,1.0810592883341411e-19
0.09415605984667315,0.08794041226259851,0.09995078197946615,0.09615758820299712,0.11613249778747559,0.006803667943559565,0.006803327979731932,0.06384897232055664,1.0810811866590324e-19
0.09415529311849143,0.08794027621949363,0.09995078802960902,0.09615821353041262,0.11168622970581055,0.006803327988078276,0.006802988041521019,0.06260466575622559,1.0811030942378081e-19
0.09415452639454444,0.0879401401835059,0.09995079407955279,0.09615883880610038,0.11386346817016602,0.006802988049617891,0.006802648120363131,0.06618976593017578,1.0811249962779407e-19
0.09415375967483403,0.08794000415463472,0.09995080012929744,0.09615946403006653,0.11595392227172852,0.0068026481281795535,0.006802308216435904,0.06795382499694824,1.0811468978181408e-19
0.09415299295936201,0.0879398681328795,0.09995080617884299,0.09616008920231732,0.11574625968933105,0.006802308223761332,0.006801968328673524,0.06431984901428223,1.0811688037209299e-19
0.09415222624813024,0.08793973211823962,0.09995081222818944,0.09616071432285887,0.11662960052490234,0.006801968336363264,0.006801628458141806,0.0629723072052002,1.0811906997536202e-19
0.09415145954114057,0.0879395961107145,0.09995081827733679,0.09616133939169737,0.11797928810119629,0.006801628465984366,0.0068012886048407495,0.06166243553161621,1.0812126044596243e-19
0.0941506928383948,0.08793946011030353,0.09995082432628503,0.09616196440883902,0.11603736877441406,0.00680128861262407,0.006800948768770354,0.06192445755004883,1.0812345055215368e-19
0.09414992613989479,0.0879393241170061,0.09995083037503416,0.09616258937428998,0.11394762992858887,0.006800948776280949,0.006800608949397713,0.06377100944519043,1.0812564024294464e-19
0.09414915944564235,0.08793918813082162,0.0999508364235842,0.09616321428805637,0.11457610130310059,0.006800608956953463,0.006800269146722826,0.06683683395385742,1.0812783000456766e-19
0.0941483927556393,0.08793905215174948,0.09995084247193513,0.09616383915014437,0.11728382110595703,0.006800269154642739,0.0067999293612786005,0.06795334815979004,1.0813001980112167e-19
0.09414762606988747,0.08793891617978908,0.09995084852008697,0.0961644639605601,0.12018060684204102,0.006799929369346631,0.006799589593242672,0.07217121124267578,1.0813220900784878e-19
0.09414685938838865,0.08793878021493984,0.09995085456803972,0.09616508871930976,0.12967848777770996,0.006799589601063868,0.0067992498420821335,0.0717310905456543,1.0813439886911536e-19
0.09414609271114474,0.08793864425720113,0.09995086061579336,0.09616571342639949,0.12775778770446777,0.006799249849794275,0.006798910108152256,0.06319379806518555,1.0813658836368906e-19
0.09414532603815752,0.08793850830657238,0.09995086666334792,0.09616633808183546,0.1126394271850586,0.0067989101155354024,0.006798570389854319,0.06223583221435547,1.0813877745991957e-19
0.09414455936942882,0.08793837236305296,0.09995087271070338,0.09616696268562384,0.11217999458312988,0.006798570398290122,0.006798230690030493,0.06551909446716309,1.081409667308038e-19
0.0941437927049604,0.0879382364266423,0.09995087875785975,0.0961675872377708,0.11571311950683594,0.006798230698055076,0.0067978910065491505,0.06763458251953125,1.0814315611305812e-19
0.09414302604475416,0.08793810049733977,0.09995088480481704,0.09616821173828248,0.11236238479614258,0.006797891014829551,0.006797551340831376,0.06383419036865234,1.0814534519183197e-19
0.0941422593888119,0.0879379645751448,0.09995089085157521,0.09616883618716504,0.11372017860412598,0.006797551348612568,0.00679721169163372,0.061692237854003906,1.0814753464946462e-19
0.09414149273713548,0.08793782866005678,0.09995089689813431,0.09616946058442465,0.1146550178527832,0.006797211699402958,0.00679687205948909,0.06148386001586914,1.0814972331028094e-19
0.09414072608972679,0.08793769275207512,0.09995090294449431,0.0961700849300674,0.11254453659057617,0.006796872067201289,0.006796532444219849,0.06400680541992188,1.0815191171908736e-19
0.09413995944658754,0.08793755685119921,0.09995090899065522,0.09617070922409952,0.11365509033203125,0.0067965324520053525,0.00679619284618127,0.06665706634521484,1.0815410089682841e-19
0.09413919280771961,0.08793742095742844,0.09995091503661703,0.09617133346652712,0.11576223373413086,0.006796192853814253,0.00679585326466281,0.06786870956420898,1.0815628951210595e-19
0.09413842617312487,0.08793728507076223,0.09995092108237977,0.09617195765735638,0.12137389183044434,0.0067958532726281684,0.006795513700730282,0.07220315933227539,1.0815847800270617e-19
0.09413765954280516,0.08793714919119996,0.09995092712794341,0.09617258179659344,0.11350297927856445,0.006795513708446563,0.006795174153140238,0.062406063079833984,1.0816066603974902e-19
0.09413689291676229,0.08793701331874106,0.09995093317330798,0.09617320588424443,0.11206865310668945,0.006795174161267299,0.006794834623313761,0.06378817558288574,1.0816285504458346e-19
0.0941361262949981,0.0879368774533849,0.09995093921847346,0.09617382992031558,0.11498165130615234,0.006794834631090098,0.006794495110007404,0.06715822219848633,1.081650436100587e-19
0.0941353596775144,0.0879367415951309,0.09995094526343985,0.09617445390481302,0.1143045425415039,0.00679449511791314,0.006794155613931707,0.06444263458251953,1.0816723186529728e-19
0.09413459306431303,0.08793660574397845,0.09995095130820716,0.09617507783774287,0.1145162582397461,0.006794155621736209,0.006793816134731401,0.06199169158935547,1.0816941994762541e-19
0.09413382645539581,0.08793646989992697,0.09995095735277539,0.09617570171911123,0.11565113067626953,0.006793816142558883,0.00679347667258412,0.06164407730102539,1.0817160821452076e-19
0.0941330598507645,0.08793633406297585,0.09995096339714453,0.09617632554892427,0.11280584335327148,0.006793476680380598,0.006793137227489865,0.06399893760681152,1.0817379634815597e-19
0.09413229325042098,0.08793619823312449,0.0999509694413146,0.09617694932718815,0.11312127113342285,0.006793137235200107,0.006792797799626271,0.0658571720123291,1.0817598412613807e-19
0.09413152665436707,0.08793606241037229,0.09995097548528559,0.096177573053909,0.1135869026184082,0.006792797807014941,0.006792458387572253,0.06594705581665039,1.0817817162518234e-19
0.09413076006260455,0.08793592659471865,0.0999509815290575,0.09617819672909295,0.1145477294921875,0.006792458395826966,0.0067921189939923465,0.06256556510925293,1.0818036011208646e-19
0.09412999347513529,0.08793579078616298,0.09995098757263035,0.09617882035274614,0.11574268341064453,0.006792119001633231,0.006791779616577287,0.06174898147583008,1.0818254795536177e-19
0.09412922689196113,0.08793565498470468,0.09995099361600411,0.09617944392487474,0.11212778091430664,0.006791779624434995,0.0067914402560376175,0.062081098556518555,1.0818473482057978e-19
0.09412846031308389,0.08793551919034315,0.0999509996591788,0.09618006744548488,0.11878085136413574,0.0067914402642297094,0.006791100913083881,0.06865453720092773,1.0818692274915273e-19
0.09412769373850544,0.0879353834030778,0.09995100570215441,0.0961806909145827,0.12317991256713867,0.006791100921016774,0.006790761586650262,0.06985807418823242,1.081891104329065e-19
0.09412692716822753,0.08793524762290802,0.09995101174493096,0.09618131433217432,0.14072251319885254,0.006790761594795077,0.006790422277802577,0.07101631164550781,1.0819129792107841e-19
0.09412616060225205,0.08793511184983323,0.09995101778750842,0.09618193769826588,0.1399226188659668,0.006790422285564044,0.00679008298547501,0.06996393203735352,1.0819348463165598e-19
0.09412539404058082,0.08793497608385283,0.09995102382988681,0.09618256101286353,0.14294934272766113,0.006790082993323536,0.00678974371055574,0.07037830352783203,1.081956724075899e-19
0.0941246274832156,0.0879348403249662,0.09995102987206614,0.09618318427597337,0.14354538917541504,0.006789743718071598,0.006789404451978953,0.07033443450927734,1.081978592195597e-19
0.09412386093015829,0.08793470457317275,0.09995103591404639,0.09618380748760154,0.14153146743774414,0.00678940445980921,0.006789065210988099,0.07031917572021484,1.0820004641934098e-19
0.09412309438141073,0.08793456882847189,0.09995104195582756,0.0961844306477542,0.13968467712402344,0.006789065218532708,0.006788725986339728,0.06974411010742188,1.0820223323503694e-19
0.09412232783697477,0.08793443309086303,0.09995104799740967,0.09618505375643743,0.14266443252563477,0.006788725994244023,0.00678838677963256,0.07021260261535645,1.0820442033474902e-19
0.09412156129685223,0.08793429736034555,0.09995105403879272,0.09618567681365739,0.1443636417388916,0.006788386786940137,0.006788047588912605,0.0708017349243164,1.0820660684151311e-19
0.094120794761045,0.08793416163691889,0.09995106007997669,0.09618629981942022,0.1445331573486328,0.006788047596621707,0.006787708415068039,0.07085037231445312,1.0820879331033518e-19
0.09412002822955486,0.08793402592058241,0.09995106612096159,0.09618692277373202,0.1282799243927002,0.006787708423288197,0.006787369258987042,0.06344938278198242,1.0821098056400311e-19
0.09411926170238369,0.08793389021133553,0.09995107216174744,0.09618754567659894,0.1143331527709961,0.006787369266938646,0.00678703011995907,0.0656425952911377,1.0821316678901452e-19
0.09411849517953322,0.08793375450917766,0.09995107820233422,0.09618816852802711,0.11117029190063477,0.006787030127569925,0.0067866909970959455,0.06317281723022461,1.0821535365390152e-19
0.09411772866100536,0.0879336188141082,0.09995108424272194,0.09618879132802262,0.11159157752990723,0.006786691005183573,0.0067863518919963894,0.06075406074523926,1.0821753966334557e-19
0.09411696214680194,0.08793348312612655,0.09995109028291059,0.09618941407659161,0.11412835121154785,0.006786351899776654,0.006786012803416952,0.0629119873046875,1.0821972614121159e-19
0.09411619563692473,0.0879333474452321,0.09995109632290018,0.09619003677374022,0.11170601844787598,0.00678601281134972,0.006785673732245812,0.06479978561401367,1.0822191225378185e-19
0.0941154291313756,0.08793321177142427,0.09995110236269071,0.09619065941947454,0.11308550834655762,0.006785673739900459,0.00678533467759479,0.0666193962097168,1.0822409840197378e-19
0.0941146626301564,0.08793307610470247,0.09995110840228218,0.09619128201380073,0.10965323448181152,0.006785334685430825,0.006784995640174429,0.061846256256103516,1.0822628422212679e-19
0.09411389613326888,0.0879329404450661,0.09995111444167458,0.0961919045567249,0.11214637756347656,0.006784995647938913,0.006784656619629459,0.06080341339111328,1.0822847020548022e-19
0.09411312964071492,0.08793280479251454,0.09995112048086793,0.09619252704825315,0.11005067825317383,0.006784656627422872,0.006784317615782243,0.06329107284545898,1.0823065610842347e-19
0.09411236315249634,0.08793266914704721,0.09995112651986222,0.0961931494883916,0.11434650421142578,0.006784317623882494,0.006783978629698595,0.06813907623291016,1.0823284245399752e-19
0.09411159666861495,0.08793253350866352,0.09995113255865745,0.0961937718771464,0.11013674736022949,0.006783978637316285,0.006783639660135066,0.06313705444335938,1.0823502799671136e-19
0.09411083018907257,0.08793239787736286,0.09995113859725363,0.09619439421452362,0.11373019218444824,0.006783639667723669,0.006783300707624562,0.06211709976196289,1.0823721403156799e-19
0.09411006371387105,0.08793226225314464,0.09995114463565075,0.0961950165005294,0.12318134307861328,0.006783300715103891,0.006782961771989449,0.06752657890319824,1.0823939905591464e-19
0.09410929724301223,0.08793212663600826,0.0999511506738488,0.09619563873516986,0.11229062080383301,0.0067829617794560645,0.006782622852696818,0.06344890594482422,1.0824158469708453e-19
0.0941085307764979,0.08793199102595314,0.0999511567118478,0.0961962609184511,0.11070370674133301,0.006782622860781054,0.00678228395099012,0.061357975006103516,1.0824376988175493e-19
0.09410776431432989,0.08793185542297868,0.09995116274964776,0.09619688305037924,0.11157488822937012,0.006782283959076264,0.0067819450665140835,0.06318998336791992,1.0824595567489603e-19
0.09410699785651008,0.08793171982708427,0.09995116878724866,0.09619750513096038,0.11292815208435059,0.006781945074339822,0.0067816061985581655,0.06731343269348145,1.0824814093513207e-19
0.09410623140304024,0.08793158423826931,0.09995117482465052,0.09619812716020065,0.11348652839660645,0.0067816062065729635,0.006781267347832909,0.06435513496398926,1.0825032570874911e-19
0.09410546495392225,0.08793144865653323,0.09995118086185333,0.09619874913810612,0.11117815971374512,0.006781267355775087,0.006780928514160678,0.06154465675354004,1.0825251073694526e-19
0.09410469850915795,0.0879313130818754,0.09995118689885707,0.09619937106468295,0.11091184616088867,0.006780928521942381,0.006780589697186201,0.061829328536987305,1.0825469632080463e-19
0.09410393206874917,0.08793117751429526,0.09995119293566176,0.09619999293993717,0.1115717887878418,0.006780589705076338,0.00678025089726475,0.06583690643310547,1.0825688053962583e-19
0.09410316563269777,0.0879310419537922,0.09995119897226741,0.09620061476387495,0.11018514633178711,0.00678025090517513,0.006779912114041053,0.06244254112243652,1.0825906595391491e-19
0.0941023992010055,0.08793090640036562,0.09995120500867402,0.09620123653650241,0.11286544799804688,0.00677991212223881,0.006779573348580925,0.06106972694396973,1.0826125034691004e-19
0.09410163277367425,0.08793077085401493,0.09995121104488158,0.09620185825782566,0.11792635917663574,0.0067795733562645505,0.006779234599108008,0.0678257942199707,1.0826343510011245e-19
0.09410086635070583,0.08793063531473956,0.0999512170808901,0.0962024799278508,0.1202535629272461,0.006779234607254631,0.006778895867221024,0.07018303871154785,1.0826561973249053e-19
0.09410009993210211,0.08793049978253889,0.09995122311669957,0.09620310154658393,0.12208795547485352,0.006778895875206429,0.006778557152742337,0.07277989387512207,1.0826780443401633e-19
0.09409933351786483,0.08793036425741231,0.09995122915231,0.09620372311403112,0.1189737319946289,0.006778557160118685,0.006778218454250862,0.06739544868469238,1.0826998893856202e-19
0.09409856710799587,0.08793022873935924,0.09995123518772141,0.0962043446301985,0.1201021671295166,0.006778218461991309,0.0067778797729900475,0.06865262985229492,1.0827217296683611e-19
0.09409780070249699,0.0879300932283791,0.09995124122293376,0.09620496609509209,0.12117767333984375,0.0067778797808231706,0.006777541108959895,0.06995820999145508,1.0827435750321874e-19
0.09409703430137008,0.08792995772447126,0.09995124725794707,0.09620558750871802,0.12012124061584473,0.006777541116613354,0.0067772024614498605,0.06838154792785645,1.0827654133143294e-19
0.094096267904617,0.08792982222763515,0.09995125329276135,0.09620620887108242,0.1222834587097168,0.006777202469361986,0.006776863830992852,0.06737279891967773,1.0827872509951052e-19
0.09409550151223958,0.08792968673787017,0.09995125932737658,0.09620683018219134,0.12047338485717773,0.006776863839066952,0.006776525218121776,0.06752848625183105,1.0828090961695588e-19
0.09409473512423962,0.08792955125517575,0.09995126536179279,0.09620745144205092,0.1200857162475586,0.006776525225726974,0.006776186621593183,0.06904244422912598,1.0828309347623562e-19
0.09409396874061894,0.08792941577955127,0.09995127139600996,0.09620807265066725,0.11726927757263184,0.006776186629343265,0.006775848042472887,0.06738829612731934,1.0828527731512638e-19
0.09409320236137941,0.08792928031099614,0.09995127743002809,0.09620869380804645,0.11090254783630371,0.006775848049912908,0.006775509479695074,0.06162524223327637,1.0828746112117883e-19
0.09409243598652284,0.08792914484950977,0.09995128346384718,0.09620931491419453,0.11743998527526855,0.00677550948743714,0.006775170934147923,0.06039166450500488,1.0828964469509986e-19
0.09409166961605102,0.08792900939509155,0.09995128949746723,0.09620993596911763,0.11281657218933105,0.0067751709419137055,0.006774832405831432,0.061907052993774414,1.0829182822913547e-19
0.09409090324996582,0.0879288739477409,0.09995129553088825,0.09621055697282183,0.11474871635437012,0.006774832413340112,0.006774493893502154,0.06633234024047852,1.0829401170637158e-19
0.09409013688826906,0.08792873850745725,0.09995130156411024,0.09621117792531324,0.11774063110351562,0.006774493901720273,0.00677415539946935,0.06972312927246094,1.0829619519300628e-19
0.09408937053096261,0.08792860307423997,0.0999513075971332,0.09621179882659794,0.11227774620056152,0.0067741554070488525,0.006773816921246123,0.062469482421875,1.0829837882817764e-19
0.09408860417804826,0.08792846764808848,0.09995131362995713,0.09621241967668201,0.1137990951538086,0.006773816929327098,0.006773478460431193,0.06463837623596191,1.0830056203063495e-19
0.09408783782952788,0.08792833222900219,0.09995131966258203,0.09621304047557148,0.11052680015563965,0.006773478468552828,0.006773140017024559,0.06089162826538086,1.0830274499107034e-19
0.0940870714854033,0.08792819681698047,0.09995132569500789,0.09621366122327252,0.11666607856750488,0.006773140024725736,0.006772801589960409,0.06117892265319824,1.0830492828909352e-19
0.09408630514567631,0.08792806141202275,0.09995133172723474,0.09621428191979117,0.11165642738342285,0.006772801597845405,0.00677246318012692,0.06415653228759766,1.0830711131580465e-19
0.09408553881034876,0.08792792601412844,0.09995133775926254,0.09621490256513354,0.11331367492675781,0.00677246318791098,0.006772124787346456,0.06382870674133301,1.0830929466065505e-19
0.09408477247942246,0.08792779062329695,0.09995134379109133,0.09621552315930572,0.11319994926452637,0.00677212479492093,0.006771786410908476,0.061373233795166016,1.0831147708332744e-19
0.09408400615289925,0.08792765523952768,0.0999513498227211,0.09621614370231373,0.11312150955200195,0.006771786418875443,0.006771448052411699,0.06302165985107422,1.0831365958916589e-19
0.09408323983078098,0.08792751986282005,0.09995135585415182,0.09621676419416367,0.11478781700134277,0.0067714480597729195,0.006771109709546863,0.06738018989562988,1.083158424218541e-19
0.09408247351306948,0.08792738449317344,0.09995136188538353,0.09621738463486162,0.11038756370544434,0.006771109717613917,0.006770771384800867,0.06271719932556152,1.083180252975365e-19
0.0940817071997665,0.0879272491305873,0.09995136791641622,0.09621800502441366,0.11569690704345703,0.006770771392395198,0.006770433076574989,0.061249494552612305,1.0832020774203524e-19
0.09408094089087396,0.08792711377506102,0.09995137394724987,0.09621862536282584,0.1104593276977539,0.006770433084116581,0.006770094785046865,0.06202197074890137,1.0832239010625036e-19
0.09408017458639366,0.08792697842659399,0.09995137997788452,0.09621924565010424,0.11370587348937988,0.00677009479277927,0.006769756510216496,0.06524538993835449,1.0832457261801418e-19
0.09407940828632737,0.08792684308518561,0.09995138600832014,0.09621986588625496,0.11326313018798828,0.006769756518381111,0.006769418252439152,0.06065773963928223,1.0832675503312306e-19
0.09407864199067704,0.08792670775083532,0.09995139203855674,0.09622048607128407,0.11956596374511719,0.006769418260921889,0.006769080012425377,0.06278467178344727,1.083289370099111e-19
0.09407787569944442,0.0879265724235425,0.09995139806859432,0.09622110620519764,0.11210274696350098,0.006769080020399024,0.006768741788754085,0.06413531303405762,1.0833111890559258e-19
0.09407710941263135,0.08792643710330657,0.09995140409843288,0.09622172628800175,0.1125190258026123,0.006768741796811374,0.006768403582313454,0.06077384948730469,1.0833330140771615e-19
0.09407634313023963,0.08792630179012695,0.09995141012807243,0.09622234631970249,0.11304616928100586,0.0067684035901590285,0.006768065392925848,0.062284231185913086,1.0833548343212142e-19
0.09407557685227119,0.08792616648400302,0.09995141615751298,0.09622296630030591,0.11454391479492188,0.006768065400441243,0.00676772721970309,0.06723666191101074,1.0833766539609269e-19
0.09407481057872774,0.08792603118493421,0.0999514221867545,0.0962235862298181,0.10869026184082031,0.006767727227657435,0.006767389064599172,0.06170010566711426,1.0833984692811101e-19
0.09407404430961115,0.08792589589291991,0.099951428215797,0.0962242061082451,0.11288690567016602,0.006767389071804748,0.0067670509253048294,0.06063556671142578,1.083420286770694e-19
0.0940732780449233,0.08792576060795954,0.0999514342446405,0.09622482593559299,0.10968852043151855,0.006767050932886341,0.006766712803418784,0.06305074691772461,1.0834420996083813e-19
0.09407251178466607,0.08792562533005249,0.09995144027328497,0.09622544571186782,0.10991477966308594,0.006766712810899104,0.006766374698230493,0.06198930740356445,1.0834639192280625e-19
0.09407174552884123,0.0879254900591982,0.09995144630173043,0.09622606543707563,0.11367177963256836,0.006766374705841763,0.006766036609739956,0.060350894927978516,1.0834857306246433e-19
0.09407097927745062,0.08792535479539605,0.09995145232997689,0.09622668511122252,0.11112785339355469,0.006766036617715551,0.006765698538835352,0.06095409393310547,1.0835075468741959e-19
0.09407021303049608,0.08792521953864547,0.09995145835802433,0.09622730473431455,0.11364173889160156,0.00676569854651694,0.006765360484450866,0.06533622741699219,1.0835293591305048e-19
0.09406944678797949,0.08792508428894585,0.09995146438587275,0.0962279243063578,0.10931015014648438,0.006765360492246301,0.0067650224471194065,0.06000947952270508,1.0835511746650836e-19
0.09406868054990261,0.08792494904629661,0.09995147041352218,0.0962285438273583,0.11618876457214355,0.006765022454903285,0.006764684426308065,0.06098198890686035,1.0835729835197523e-19
0.09406791431626732,0.08792481381069714,0.09995147644097259,0.09622916329732215,0.11302590370178223,0.006764684434487208,0.006764346423082657,0.06476092338562012,1.0835947963125364e-19
0.09406714808707539,0.08792467858214685,0.099951482468224,0.09622978271625537,0.11178755760192871,0.0067643464309950045,0.006764008436377367,0.05987977981567383,1.0836166029845972e-19
0.09406638186232875,0.08792454336064516,0.0999514884952764,0.09623040208416407,0.10789632797241211,0.006764008444427775,0.006763670466547467,0.060853004455566406,1.0836384134289923e-19
0.09406561564202914,0.08792440814619147,0.0999514945221298,0.09623102140105434,0.10835123062133789,0.006763670474784707,0.006763332514481135,0.06218600273132324,1.0836602210452776e-19
0.09406484942617846,0.0879242729387852,0.0999515005487842,0.09623164066693218,0.11347651481628418,0.006763332522063193,0.0067629945782243794,0.0624539852142334,1.083682029845115e-19
0.09406408321477851,0.08792413773842575,0.09995150657523959,0.09623225988180369,0.11588311195373535,0.006762994586264186,0.0067626566595535564,0.06453156471252441,1.0837038355389152e-19
0.09406331700783112,0.08792400254511254,0.09995151260149597,0.0962328790456749,0.11847496032714844,0.006762656667385713,0.006762318757935759,0.06584024429321289,1.0837256440371063e-19
0.09406255080533804,0.08792386735884498,0.09995151862755336,0.09623349815855184,0.11236715316772461,0.006762318765426981,0.006761980872482809,0.06477165222167969,1.0837474450909304e-19
0.0940617846073011,0.08792373217962247,0.09995152465341176,0.09623411722044056,0.11977577209472656,0.006761980880389144,0.006761643004438156,0.06570672988891602,1.0837692480544909e-19
0.09406101841372218,0.08792359700744443,0.09995153067907116,0.09623473623134716,0.1199026107788086,0.006761643012269382,0.0067613051534465285,0.06596660614013672,1.0837910505236639e-19
0.09406025222460311,0.08792346184231026,0.09995153670453155,0.09623535519127767,0.11587405204772949,0.006761305161066414,0.006760967319152655,0.06376338005065918,1.0838128509377942e-19
0.09405948603994577,0.08792332668421936,0.09995154272979294,0.09623597410023813,0.1194143295288086,0.006760967326780134,0.006760629501734172,0.06593775749206543,1.0838346521976091e-19
0.09405871985975192,0.08792319153317114,0.09995154875485533,0.09623659295823457,0.11136388778686523,0.006760629509410063,0.006760291701368715,0.06273365020751953,1.0838564573099273e-19
0.09405795368402343,0.08792305638916503,0.09995155477971873,0.09623721176527308,0.11723065376281738,0.006760291708954943,0.0067599539177010115,0.06392621994018555,1.0838782534016441e-19
0.09405718751276221,0.08792292125220043,0.09995156080438314,0.09623783052135967,0.11771750450134277,0.006759953925413611,0.006759616150553427,0.06532979011535645,1.0839000530715839e-19
0.09405642134597003,0.08792278612227675,0.09995156682884854,0.09623844922650045,0.11884093284606934,0.006759616158787968,0.006759278401702318,0.07036328315734863,1.0839218555598686e-19
0.09405565518364865,0.08792265099939339,0.09995157285311496,0.0962390678807014,0.11707568168640137,0.0067592784090733,0.006758940668305513,0.06544780731201172,1.0839436490546401e-19
0.09405488902579995,0.08792251588354977,0.09995157887718238,0.09623968648396858,0.11168074607849121,0.006758940676271325,0.006758602953027548,0.0630490779876709,1.0839654447564097e-19
0.09405412287242575,0.0879223807747453,0.09995158490105081,0.09624030503630795,0.11640429496765137,0.006758602960378992,0.0067582652539144306,0.06458759307861328,1.0839872449880465e-19
0.09405335672352785,0.08792224567297939,0.09995159092472025,0.0962409235377256,0.11509060859680176,0.006758265261396913,0.006757927571499067,0.0645301342010498,1.0840090393918728e-19
0.09405259057910818,0.08792211057825144,0.0999515969481907,0.09624154198822761,0.11167263984680176,0.00675792757932454,0.006757589906314365,0.06287169456481934,1.0840308310942142e-19
0.09405182443916854,0.08792197549056088,0.09995160297146215,0.09624216038781996,0.12182998657226562,0.0067575899141610486,0.00675725225853796,0.06907033920288086,1.0840526238516838e-19
0.0940510583037108,0.08792184040990712,0.09995160899453462,0.09624277873650876,0.12601566314697266,0.006757252265904198,0.006756914626748767,0.06994819641113281,1.0840744162696385e-19
0.09405029217273674,0.08792170533628955,0.09995161501740811,0.0962433970343,0.12362289428710938,0.0067569146345531714,0.006756577012190235,0.07123017311096191,1.084096210872824e-19
0.09404952604624824,0.08792157026970762,0.09995162104008261,0.09624401528119973,0.1238560676574707,0.006756577020109173,0.006756239414684728,0.07280755043029785,1.0841180056555402e-19
0.09404875992424704,0.08792143521016069,0.09995162706255813,0.096244633477214,0.12378239631652832,0.006756239422570677,0.00675590183369934,0.07040262222290039,1.0841397951899458e-19
0.09404799380673493,0.0879213001576482,0.09995163308483465,0.09624525162234884,0.12266087532043457,0.006755901841936406,0.006755564270655157,0.06905221939086914,1.0841615792304439e-19
0.09404722769371385,0.08792116511216955,0.09995163910691218,0.09624586971661028,0.13152527809143066,0.006755564278203908,0.0067552267235981844,0.07340240478515625,1.0841833675519396e-19
0.09404646158518558,0.08792103007372414,0.09995164512879073,0.09624648776000436,0.1208796501159668,0.006755226731374032,0.006754889193771874,0.0697629451751709,1.0842051565923255e-19
0.09404569548115196,0.08792089504231139,0.09995165115047032,0.09624710575253712,0.12166023254394531,0.0067548892014458566,0.006754551680465681,0.06856298446655273,1.0842269450405943e-19
0.09404492938161478,0.0879207600179307,0.09995165717195091,0.09624772369421461,0.12390995025634766,0.00675455168841926,0.006754214184567786,0.07017827033996582,1.084248729008309e-19
0.09404416328657594,0.08792062500058148,0.09995166319323252,0.09624834158504281,0.12666940689086914,0.006754214192291691,0.006753876705367645,0.07217240333557129,1.0842705130141125e-19
0.09404339719603722,0.08792048999026317,0.09995166921431516,0.0962489594250278,0.12332773208618164,0.006753876713063623,0.006753539243398166,0.07118368148803711,1.084292297798068e-19
0.09404263111000048,0.08792035498697516,0.09995167523519881,0.09624957721417558,0.12751460075378418,0.006753539250733186,0.006753201797060626,0.0772864818572998,1.0843140826831735e-19
0.09404186502846759,0.08792021999071686,0.09995168125588348,0.09625019495249218,0.12396383285522461,0.006753201805301338,0.006752864369374834,0.0720512866973877,1.084335864618144e-19
0.09404109895144033,0.0879200850014877,0.09995168727636917,0.09625081263998361,0.12540864944458008,0.006752864376764106,0.0067525269571433455,0.07221198081970215,1.0843576488852064e-19
0.0940403328789206,0.08791995001928705,0.09995169329665589,0.09625143027665592,0.12496328353881836,0.006752526965123713,0.006752189561964883,0.07149004936218262,1.0843794281524086e-19
0.09403956681091019,0.08791981504411438,0.09995169931674362,0.0962520478625151,0.12262082099914551,0.0067521895703789424,0.006751852184549989,0.07006406784057617,1.0844012101534933e-19
0.09403880074741092,0.08791968007596905,0.09995170533663238,0.09625266539756716,0.12302947044372559,0.006751852192527233,0.006751514824188121,0.0711357593536377,1.0844229917828765e-19
0.09403803468842464,0.08791954511485052,0.09995171135632216,0.09625328288181821,0.12472343444824219,0.006751514831568104,0.0067511774794581925,0.07302379608154297,1.0844447702153216e-19
0.0940372686339532,0.08791941016075816,0.09995171737581299,0.09625390031527421,0.12204885482788086,0.006751177487501743,0.006750840152491833,0.06918764114379883,1.0844665444491906e-19
0.09403650258399837,0.0879192752136914,0.09995172339510483,0.0962545176979412,0.12486100196838379,0.006750840160326286,0.006750502841867956,0.0707089900970459,1.084488323849485e-19
0.094035736538562,0.08791914027364967,0.0999517294141977,0.09625513502982519,0.12346506118774414,0.0067505028500425765,0.006750165548830012,0.07022213935852051,1.0845100999019022e-19
0.09403497049764592,0.08791900534063235,0.09995173543309159,0.0962557523109322,0.12500882148742676,0.006750165556646393,0.006749828272489822,0.07035374641418457,1.0845318751368568e-19
0.094034204461252,0.08791887041463886,0.09995174145178652,0.09625636954126823,0.12257242202758789,0.006749828280139517,0.0067494910126697505,0.06920886039733887,1.0845536438938476e-19
0.09403343842938205,0.08791873549566862,0.09995174747028247,0.09625698672083935,0.12409472465515137,0.0067494910205215045,0.006749153770790883,0.07140183448791504,1.0845754200450371e-19
0.0940326724020379,0.08791860058372102,0.09995175348857945,0.09625760384965154,0.12254214286804199,0.006749153777788776,0.006748816544188685,0.06904363632202148,1.084597193913983e-19
0.09403190637922132,0.08791846567879548,0.09995175950667745,0.09625822092771079,0.1243436336517334,0.006748816551943196,0.006748479335527691,0.0706627368927002,1.084618966239282e-19
0.09403114036093423,0.08791833078089144,0.0999517655245765,0.09625883795502312,0.12519073486328125,0.006748479342982876,0.006748142143386815,0.0730431079864502,1.084640733111724e-19
0.0940303743471785,0.0879181958900083,0.09995177154227658,0.09625945493159452,0.1236414909362793,0.006748142150906725,0.0067478049679436936,0.07265591621398926,1.084662505267894e-19
0.09402960833795589,0.08791806100614546,0.0999517775597777,0.09626007185743106,0.12186121940612793,0.006747804975715493,0.006747467809908869,0.0705864429473877,1.0846842774876583e-19
0.09402884233326828,0.08791792612930235,0.09995178357707986,0.09626068873253878,0.12748456001281738,0.006747467817406693,0.006747130668749435,0.07501697540283203,1.0847060468520068e-19
0.09402807633311744,0.08791779125947838,0.09995178959418305,0.09626130555692364,0.12465810775756836,0.006747130675980088,0.006746793543399576,0.07131171226501465,1.0847278143853888e-19
0.09402731033750514,0.08791765639667294,0.09995179561108729,0.09626192233059166,0.1233210563659668,0.006746793551435975,0.0067464564361685575,0.0702979564666748,1.0847495790376968e-19
0.09402654434643326,0.08791752154088546,0.09995180162779256,0.09626253905354883,0.12247419357299805,0.006746456443771061,0.006746119345102386,0.07030677795410156,1.0847713492440698e-19
0.09402577835990364,0.08791738669211535,0.09995180764429887,0.09626315572580117,0.12362837791442871,0.0067461193529858455,0.006745782271266876,0.07075643539428711,1.084793117038775e-19
0.09402501237791802,0.08791725185036203,0.09995181366060622,0.09626377234735473,0.12173104286193848,0.006745782279079498,0.006745445213951484,0.07043981552124023,1.084814875732709e-19
0.09402424640047825,0.08791711701562491,0.09995181967671461,0.09626438891821543,0.12382698059082031,0.006745445222051508,0.006745108174222025,0.06926465034484863,1.0848366397919913e-19
0.09402348042758618,0.08791698218790338,0.09995182569262405,0.09626500543838933,0.12676692008972168,0.0067451081818996166,0.0067447711513679565,0.07144737243652344,1.0848584025190505e-19
0.09402271445924366,0.08791684736719688,0.09995183170833453,0.09626562190788242,0.1240854263305664,0.0067447711586233194,0.0067444341443234634,0.07089591026306152,1.0848801668534022e-19
0.0940219484954525,0.0879167125535048,0.09995183772384607,0.0962662383267007,0.11997270584106445,0.006744434152223561,0.006744097154864903,0.06952571868896484,1.0849019264142119e-19
0.09402118253621458,0.0879165777468266,0.09995184373915864,0.0962668546948502,0.1251370906829834,0.006744097162698108,0.006743760182281733,0.07218551635742188,1.0849236869252616e-19
0.09402041658153179,0.08791644294716165,0.09995184975427225,0.09626747101233689,0.1325979232788086,0.006743760190045361,0.006743423226218681,0.08042120933532715,1.0849454474821138e-19
0.0940196506314059,0.08791630815450938,0.09995185576918691,0.09626808727916678,0.13781309127807617,0.006743423234266288,0.006743086287563926,0.06998586654663086,1.0849672094273047e-19
0.0940188846858387,0.0879161733688692,0.09995186178390263,0.09626870349534583,0.11216020584106445,0.006743086295357921,0.006742749365606926,0.0641169548034668,1.0849889652725616e-19
0.09401811874483207,0.08791603859024053,0.09995186779841937,0.09626931966088006,0.11767911911010742,0.0067427493733211346,0.006742412460170044,0.06714034080505371,1.08501072325557e-19
0.0940173528083879,0.08791590381862274,0.09995187381273718,0.09626993577577547,0.11586904525756836,0.006742412468155097,0.006742075571963824,0.06643247604370117,1.0850324803977482e-19
0.09401658687650798,0.0879157690540153,0.09995187982685604,0.09627055184003804,0.11491703987121582,0.006742075579857923,0.006741738700632993,0.06414270401000977,1.085054235741163e-19
0.09401582094919414,0.0879156342964176,0.09995188584077594,0.09627116785367379,0.11838459968566895,0.006741738708429755,0.006741401845999917,0.0678093433380127,1.0850759925095935e-19
0.09401505502644823,0.08791549954582907,0.09995189185449689,0.09627178381668869,0.12130212783813477,0.006741401853869426,0.0067410650084198664,0.06359720230102539,1.085097744134489e-19
0.09401428910827207,0.08791536480224911,0.0999518978680189,0.09627239972908877,0.11902785301208496,0.006741065016175428,0.0067407281873599345,0.06749629974365234,1.0851194932380132e-19
0.09401352319466749,0.08791523006567713,0.09995190388134197,0.09627301559088003,0.11557197570800781,0.0067407281953483006,0.0067403913837083,0.06344127655029297,1.0851412461291187e-19
0.09401275728563628,0.08791509533611254,0.09995190989446608,0.09627363140206843,0.11558413505554199,0.0067403913913854085,0.006740054596576783,0.06434941291809082,1.0851630024592952e-19
0.09401199138118027,0.08791496061355475,0.09995191590739125,0.09627424716265998,0.11930632591247559,0.006740054604286691,0.006739717826143021,0.06646156311035156,1.0851847515889623e-19
0.09401122548130131,0.08791482589800319,0.09995192192011747,0.09627486287266064,0.1125338077545166,0.006739717834051603,0.006739381072762285,0.06274938583374023,1.0852065063146495e-19
0.09401045958600122,0.08791469118945727,0.09995192793264475,0.09627547853207641,0.12035036087036133,0.006739381080679226,0.006739044336434574,0.06615996360778809,1.0852282488225074e-19
0.09400969369528181,0.08791455648791639,0.09995193394497309,0.09627609414091325,0.11549878120422363,0.0067390443441684485,0.006738707616626982,0.06352972984313965,1.0852499996018382e-19
0.09400892780914497,0.08791442179338,0.0999519399571025,0.0962767096991772,0.12043595314025879,0.006738707624518769,0.006738370914227687,0.0667734146118164,1.0852717468093523e-19
0.09400816192759248,0.08791428710584748,0.09995194596903297,0.09627732520687422,0.11833715438842773,0.006738370921727965,0.006738034227815604,0.06946802139282227,1.0852934933933661e-19
0.09400739605062612,0.08791415242531826,0.0999519519807645,0.0962779406640103,0.12496662139892578,0.006738034235797219,0.006737697558989453,0.07219934463500977,1.0853152413602405e-19
0.09400663017824784,0.08791401775179176,0.09995195799229707,0.09627855607059137,0.12351655960083008,0.006737697566724364,0.006737360906861056,0.07262182235717773,1.0853369844519186e-19
0.09400586431045939,0.0879138830852674,0.09995196400363071,0.09627917142662344,0.12979364395141602,0.006737360914509475,0.006737024271075143,0.0774545669555664,1.0853587278776276e-19
0.09400509844726271,0.08791374842574459,0.09995197001476541,0.09627978673211249,0.12401032447814941,0.006737024279151817,0.0067366876525198904,0.07157564163208008,1.0853804742428767e-19
0.0940043325886595,0.08791361377322275,0.09995197602570118,0.09628040198706453,0.12019729614257812,0.0067366876606495246,0.006736351050840028,0.06986784934997559,1.0854022164637347e-19
0.09400356673465166,0.0879134791277013,0.09995198203643801,0.09628101719148549,0.12288713455200195,0.006736351059002065,0.006736014466568463,0.07187032699584961,1.085423957895248e-19
0.09400280088524104,0.08791334448917962,0.0999519880469759,0.0962816323453814,0.11976051330566406,0.006736014474208156,0.006735677898639381,0.06864643096923828,1.085445700669799e-19
0.09400203504042944,0.08791320985765716,0.09995199405731486,0.09628224744875823,0.12324094772338867,0.006735677906267409,0.006735341347763324,0.07023167610168457,1.0854674354520011e-19
0.09400126920021865,0.08791307523313334,0.09995200006745489,0.09628286250162192,0.12696218490600586,0.006735341355178612,0.006735004812696843,0.0712277889251709,1.0854891741653808e-19
0.09400050336461055,0.08791294061560755,0.09995200607739597,0.09628347750397848,0.12589645385742188,0.006735004820943337,0.006734668295926838,0.06979846954345703,1.0855109160988e-19
0.09399973753360699,0.08791280600507922,0.09995201208713812,0.09628409245583389,0.12209749221801758,0.006734668303557586,0.006734331795144044,0.06991004943847656,1.0855326563012662e-19
0.09399897170720976,0.08791267140154778,0.09995201809668135,0.09628470735719412,0.12209796905517578,0.006734331803021923,0.006733995311769547,0.06884884834289551,1.0855543884427133e-19
0.09399820588542072,0.08791253680501264,0.09995202410602565,0.09628532220806511,0.12424683570861816,0.0067339953193347995,0.006733658844559898,0.07202458381652832,1.0855761265192397e-19
0.09399744006824175,0.0879124022154732,0.09995203011517101,0.09628593700845285,0.12125182151794434,0.006733658852497118,0.006733322394936181,0.06865453720092773,1.0855978643973263e-19
0.09399667425567461,0.08791226763292886,0.09995203612411745,0.0962865517583633,0.12611937522888184,0.006733322402505595,0.006732985961654947,0.07311129570007324,1.0856195926378095e-19
0.09399590844772114,0.08791213305737908,0.09995204213286495,0.09628716645780246,0.1293637752532959,0.006732985969361103,0.006732649545071467,0.07792997360229492,1.0856413288472954e-19
0.09399514264438319,0.08791199848882322,0.09995204814141354,0.09628778110677627,0.12322425842285156,0.006732649553062532,0.0067323131460739205,0.07212567329406738,1.085663059645319e-19
0.09399437684566261,0.08791186392726073,0.0999520541497632,0.09628839570529074,0.12001848220825195,0.006732313153608241,0.006731976763241221,0.06936073303222656,1.0856847948172592e-19
0.09399361105156114,0.08791172937269101,0.09995206015791394,0.09628901025335179,0.12454938888549805,0.006731976770998177,0.0067316403976391825,0.07100605964660645,1.0857065240075983e-19
0.0939928452620807,0.08791159482511349,0.09995206616586574,0.09628962475096535,0.1203773021697998,0.006731640405231356,0.006731304048557263,0.06877565383911133,1.0857282521066715e-19
0.093992079477223,0.08791146028452759,0.09995207217361864,0.09629023919813748,0.12443065643310547,0.006731304056307022,0.0067309677167060045,0.0710458755493164,1.0857499828624689e-19
0.09399131369698985,0.08791132575093272,0.0999520781811726,0.09629085359487412,0.11824846267700195,0.006730967724222962,0.006730631401730136,0.06843805313110352,1.0857717155319826e-19
0.09399054792138314,0.0879111912243283,0.09995208418852765,0.09629146794118124,0.1240379810333252,0.006730631408978375,0.006730295103629658,0.0706322193145752,1.0857934410559221e-19
0.09398978215040474,0.08791105670471375,0.09995209019568375,0.09629208223706479,0.12059760093688965,0.00673029511057366,0.006729958821338755,0.06974291801452637,1.0858151710904166e-19
0.09398901638405648,0.08791092219208849,0.09995209620264095,0.09629269648253075,0.11968302726745605,0.006729958829009113,0.006729622556278514,0.0679011344909668,1.085836894625288e-19
0.09398825062234015,0.08791078768645191,0.09995210220939924,0.09629331067758508,0.12666010856628418,0.006729622564283845,0.006729286308448934,0.06988763809204102,1.085858621282112e-19
0.09398748486525772,0.08791065318780347,0.0999521082159586,0.09629392482223371,0.12418889999389648,0.006729286316395322,0.0067289500773171085,0.0694875717163086,1.0858803455969136e-19
0.09398671911281091,0.08791051869614255,0.09995211422231903,0.09629453891648265,0.12377262115478516,0.0067289500853426835,0.00672861386359358,0.07141661643981934,1.085902072110127e-19
0.09398595336500165,0.08791038421146857,0.09995212022848056,0.09629515296033776,0.11975550651550293,0.0067286138711256825,0.006728277666034899,0.06848764419555664,1.0859237843569636e-19
0.0939851876218317,0.08791024973378098,0.09995212623444318,0.09629576695380504,0.12263011932373047,0.006728277673742941,0.006727941484996336,0.0709848403930664,1.0859455141516092e-19
0.09398442188330289,0.08791011526307918,0.09995213224020687,0.09629638089689045,0.12247276306152344,0.006727941493195575,0.00672760532136607,0.0694434642791748,1.0859672324989647e-19
0.09398365614941703,0.08790998079936259,0.09995213824577165,0.09629699478959992,0.12237000465393066,0.006727605329480409,0.00672726917478883,0.06870365142822266,1.0859889595653808e-19
0.09398289042017592,0.0879098463426306,0.09995214425113752,0.09629760863193942,0.12227416038513184,0.00672726918259683,0.00672693304508698,0.07023239135742188,1.0860106725477704e-19
0.09398212469558144,0.08790971189288266,0.09995215025630448,0.09629822242391489,0.11897420883178711,0.006726933052543724,0.006726596931372342,0.06824159622192383,1.0860323935798698e-19
0.0939813589756354,0.08790957745011817,0.09995215626127252,0.09629883616553231,0.12277102470397949,0.006726596939323004,0.006726260835243636,0.07071948051452637,1.0860541126333692e-19
0.0939805932603397,0.08790944301433655,0.09995216226604164,0.09629944985679766,0.12096595764160156,0.0067262608429303926,0.006725924755635049,0.06917023658752441,1.0860758306090675e-19
0.09397982754969611,0.08790930858553722,0.09995216827061186,0.09630006349771685,0.12630009651184082,0.0067259247633667165,0.006725588693079487,0.07017064094543457,1.0860975441466592e-19
0.09397906184370654,0.0879091741637196,0.09995217427498318,0.09630067708829586,0.12490653991699219,0.006725588700630514,0.00672525264722168,0.07031512260437012,1.0861192608297447e-19
0.09397829614237273,0.08790903974888312,0.09995218027915559,0.09630129062854059,0.12014937400817871,0.006725252654721915,0.006724916618061627,0.06867003440856934,1.086140975319744e-19
0.0939775304456965,0.08790890534102717,0.09995218628312909,0.09630190411845702,0.12453937530517578,0.006724916625639687,0.006724580605244057,0.07152986526489258,1.086162694493584e-19
0.09397676475367962,0.08790877094015118,0.09995219228690369,0.09630251755805105,0.11239051818847656,0.006724580613383782,0.006724244610545327,0.06297588348388672,1.086184405360453e-19
0.093975999066324,0.08790863654625457,0.09995219829047938,0.09630313094732865,0.11102294921875,0.006724244617951222,0.006723908631833808,0.061466217041015625,1.0862061132940248e-19
0.09397523338363159,0.08790850215933675,0.09995220429385618,0.09630374428629573,0.1168985366821289,0.0067239086393429135,0.006723572670175315,0.06590127944946289,1.0862278264158003e-19
0.09397446770560412,0.08790836777939715,0.09995221029703405,0.09630435757495828,0.10872650146484375,0.006723572677556603,0.006723236725036941,0.06297636032104492,1.0862495335272922e-19
0.09397370203224335,0.08790823340643518,0.09995221630001304,0.09630497081332225,0.1183314323425293,0.00672323673259289,0.006722900796773956,0.06181669235229492,1.0862712461008784e-19
0.09397293636355127,0.08790809904045024,0.0999522223027931,0.09630558400139354,0.11091184616088867,0.006722900804450458,0.0067225648855639974,0.06177115440368652,1.086292952918074e-19
0.0939721706995296,0.0879079646814418,0.09995222830537427,0.0963061971391781,0.11933016777038574,0.006722564893127562,0.00672222899034125,0.06606721878051758,1.086314661173595e-19
0.09397140504018012,0.08790783032940924,0.09995223430775654,0.09630681022668192,0.10881471633911133,0.006722228998625419,0.006721893113592614,0.06290245056152344,1.0863363739204258e-19
0.09397063938550479,0.08790769598435198,0.0999522403099399,0.09630742326391092,0.10907173156738281,0.006721893120940018,0.006721557251943011,0.06099653244018555,1.086358081154268e-19
0.09396987373550544,0.08790756164626944,0.09995224631192437,0.096308036250871,0.11398935317993164,0.006721557260074711,0.0067212214080569765,0.062334537506103516,1.086379786899114e-19
0.09396910809018384,0.08790742731516103,0.09995225231370994,0.09630864918756815,0.1150352954864502,0.006721221416026436,0.006720885580691061,0.06520867347717285,1.0864014919850972e-19
0.09396834244954186,0.08790729299102619,0.09995225831529661,0.09630926207400832,0.10819697380065918,0.0067208855887932305,0.00672054977037817,0.06237220764160156,1.0864231948261506e-19
0.09396757681358127,0.08790715867386434,0.09995226431668437,0.0963098749101974,0.1181492805480957,0.006720549778375761,0.006720213977118306,0.06195259094238281,1.086444897430095e-19
0.09396681118230399,0.0879070243636749,0.09995227031787324,0.09631048769614127,0.11043572425842285,0.006720213984771546,0.0067198782003785595,0.06237053871154785,1.0864666024748216e-19
0.09396604555571185,0.08790689006045727,0.0999522763188632,0.09631110043184592,0.11069488525390625,0.006719878207981029,0.006719542440158932,0.06360483169555664,1.0864883047829025e-19
0.09396527993380668,0.08790675576421088,0.09995228231965429,0.0963117131173173,0.11472702026367188,0.006719542448003853,0.006719206697169966,0.0656731128692627,1.0865100021387427e-19
0.09396451431659024,0.08790662147493516,0.09995228832024648,0.09631232575256128,0.11801385879516602,0.006719206704838042,0.006718870970878754,0.06836247444152832,1.0865317014354383e-19
0.09396374870406442,0.08790648719262954,0.09995229432063979,0.09631293833758381,0.11547970771789551,0.006718870978483718,0.006718535261285297,0.06660604476928711,1.0865534010738454e-19
0.09396298309623105,0.08790635291729341,0.09995230032083419,0.09631355087239081,0.11563706398010254,0.006718535268940187,0.0067181995689225005,0.06582427024841309,1.0865751028971061e-19
0.09396221749309192,0.0879062186489262,0.09995230632082969,0.09631416335698827,0.1225273609161377,0.006718199576204531,0.0067178638927245515,0.06417489051818848,1.0865968000777815e-19
0.09396145189464891,0.08790608438752733,0.0999523123206263,0.09631477579138205,0.1172647476196289,0.006717863900277899,0.0067175282339349,0.06464385986328125,1.0866184958811898e-19
0.09396068630090375,0.08790595013309621,0.09995231832022404,0.0963153881755781,0.11527299880981445,0.006717528241158078,0.006717192591487731,0.06450128555297852,1.0866401917027006e-19
0.09395992071185831,0.08790581588563226,0.09995232431962288,0.09631600050958233,0.11803650856018066,0.00671719259884529,0.006716856965205409,0.06696009635925293,1.0866618865345588e-19
0.09395915512751449,0.08790568164513492,0.09995233031882282,0.09631661279340069,0.1138451099395752,0.006716856973340396,0.00671652135650902,0.06348204612731934,1.0866835762670415e-19
0.09395838954787414,0.0879055474116036,0.0999523363178239,0.0963172250270391,0.12009930610656738,0.006716521364640878,0.006716185764688021,0.0699164867401123,1.0867052772737727e-19
0.09395762397293907,0.0879054131850377,0.09995234231662607,0.09631783721050348,0.1179800033569336,0.006716185772745482,0.006715850189564776,0.06434297561645508,1.0867269681758996e-19
0.09395685840271098,0.08790527896543665,0.09995234831522937,0.09631844934379975,0.11569499969482422,0.006715850197653379,0.006715514631494557,0.06482934951782227,1.0867486584226013e-19
0.09395609283719179,0.0879051447527999,0.09995235431363378,0.09631906142693382,0.11690473556518555,0.006715514639363753,0.006715179090299728,0.06595635414123535,1.086770352622721e-19
0.09395532727638332,0.08790501054712684,0.0999523603118393,0.09631967345991159,0.11413431167602539,0.006715179097874334,0.00671484356509211,0.06456685066223145,1.0867920379919288e-19
0.0939545617202874,0.0879048763484169,0.09995236630984593,0.09632028544273903,0.12164449691772461,0.006714843573187152,0.006714508057470425,0.06905555725097656,1.0868137269935695e-19
0.09395379616890591,0.0879047421566695,0.09995237230765368,0.09632089737542202,0.12592840194702148,0.00671450806530015,0.006714172566368859,0.07375359535217285,1.086835421101552e-19
0.09395303062224065,0.08790460797188407,0.09995237830526255,0.09632150925796647,0.12384939193725586,0.0067141725742119775,0.006713837091965047,0.07296586036682129,1.0868571070693992e-19
0.0939522650802934,0.08790447379406001,0.09995238430267255,0.09632212109037831,0.12514591217041016,0.0067138370999223745,0.006713501635147168,0.07269477844238281,1.0868787941877022e-19
0.09395149954306609,0.08790433962319674,0.09995239029988366,0.09632273287266348,0.12468814849853516,0.006713501642429778,0.0067131661943165,0.07184290885925293,1.086900477869547e-19
0.09395073401056048,0.0879042054592937,0.0999523962968959,0.09632334460482786,0.12302994728088379,0.0067131662017333865,0.006712830770005951,0.07027602195739746,1.0869221643196395e-19
0.0939499684827784,0.08790407130235028,0.09995240229370926,0.09632395628687737,0.12764334678649902,0.006712830777833412,0.006712495363103699,0.07697772979736328,1.0869438487240592e-19
0.0939492029597217,0.08790393715236593,0.09995240829032374,0.09632456791881792,0.1223909854888916,0.006712495370728655,0.00671215997254393,0.06989216804504395,1.0869655338930755e-19
0.09394843744139224,0.08790380300934005,0.09995241428673936,0.09632517950065543,0.12491917610168457,0.006712159980418656,0.006711824599214822,0.06992721557617188,1.0869872185675746e-19
0.09394767192779181,0.08790366887327207,0.0999524202829561,0.09632579103239583,0.1282820701599121,0.006711824606901166,0.0067114892424058326,0.07153773307800293,1.0870088963644218e-19
0.0939469064189223,0.08790353474416142,0.09995242627897397,0.09632640251404506,0.12280440330505371,0.006711489250176357,0.006711153902649869,0.07079386711120605,1.0870305873495044e-19
0.09394614091478551,0.08790340062200751,0.09995243227479296,0.09632701394560893,0.12205791473388672,0.0067111539102430035,0.006710818579236388,0.06973671913146973,1.0870522589695276e-19
0.09394537541538323,0.08790326650680977,0.09995243827041307,0.09632762532709338,0.12842607498168945,0.006710818587100346,0.006710483273586476,0.07478976249694824,1.0870739394343953e-19
0.09394460992071732,0.08790313239856762,0.09995244426583431,0.0963282366585043,0.12270641326904297,0.00671048328074678,0.006710147983390868,0.07094931602478027,1.0870956206651188e-19
0.0939438444307895,0.08790299829728047,0.09995245026105667,0.09632884793984767,0.12473773956298828,0.006710147991183232,0.006709812710958829,0.06940889358520508,1.0871172995772668e-19
0.09394307894560178,0.08790286420294775,0.09995245625608018,0.09632945917112931,0.12975740432739258,0.006709812718407161,0.006709477454514001,0.07222318649291992,1.0871389740140023e-19
0.09394231346515587,0.08790273011556889,0.0999524622509048,0.09633007035235518,0.12583041191101074,0.006709477462420078,0.006709142215832742,0.07213973999023438,1.0871606517411712e-19
0.09394154798945357,0.0879025960351433,0.09995246824553056,0.09633068148353116,0.12076449394226074,0.006709142223218078,0.00670880699331633,0.07001137733459473,1.0871823312784327e-19
0.09394078251849679,0.08790246196167041,0.09995247423995744,0.0963312925646631,0.13050580024719238,0.0067088070008020344,0.006708471787320036,0.07500171661376953,1.0872040011520557e-19
0.0939400170522873,0.08790232789514964,0.09995248023418546,0.09633190359575698,0.1284019947052002,0.006708471795171454,0.006708136598554404,0.07181334495544434,1.0872256769624802e-19
0.09393925159082696,0.0879021938355804,0.09995248622821461,0.09633251457681868,0.12431049346923828,0.006708136606325436,0.006707801426664162,0.06929683685302734,1.0872473476862106e-19
0.09393848613411757,0.0879020597829621,0.0999524922220449,0.09633312550785408,0.1314525604248047,0.006707801434262146,0.006707466271116402,0.07150769233703613,1.0872690210291073e-19
0.093937720682161,0.0879019257372942,0.09995249821567632,0.09633373638886905,0.13031792640686035,0.006707466278981151,0.006707131132621669,0.0730123519897461,1.0872906896650442e-19
0.09393695523495911,0.0879017916985761,0.09995250420910888,0.09633434721986954,0.12697410583496094,0.006707131140481907,0.006706796010824689,0.07100343704223633,1.0873123667624676e-19
0.09393618979251375,0.08790165766680723,0.09995251020234258,0.09633495800086145,0.13698363304138184,0.006706796018763189,0.006706460905725464,0.07538104057312012,1.087334032236052e-19
0.09393542435482678,0.08790152364198699,0.09995251619537741,0.09633556873185066,0.12844300270080566,0.006706460913824902,0.006706125818034536,0.06928277015686035,1.0873557018730767e-19
0.09393465892189994,0.08790138962411483,0.09995252218821338,0.09633617941284307,0.1278085708618164,0.006706125825665774,0.006705790746686091,0.07023167610168457,1.0873773725022025e-19
0.09393389349373513,0.08790125561319016,0.0999525281808505,0.09633679004384456,0.13024044036865234,0.006705790754283979,0.006705455691857765,0.07242465019226074,1.087399038579531e-19
0.09393312807033405,0.08790112160921242,0.09995253417328875,0.09633740062486106,0.12647628784179688,0.006705455699680715,0.006705120654082464,0.07061100006103516,1.0874207068681987e-19
0.09393236265169863,0.087900987612181,0.09995254016552814,0.09633801115589839,0.13185572624206543,0.006705120661853789,0.0067047856328272815,0.0713653564453125,1.0874423701021373e-19
0.09393159723783073,0.08790085362209535,0.09995254615756867,0.09633862163696248,0.13469314575195312,0.006704785640802376,0.006704450628625125,0.07659578323364258,1.087464035381779e-19
0.09393083182873208,0.08790071963895489,0.09995255214941035,0.09633923206805925,0.1305239200592041,0.0067044506365249905,0.0067041156411207226,0.0718541145324707,1.0874857014399722e-19
0.09393006642440459,0.08790058566275902,0.09995255814105318,0.09633984244919451,0.1261591911315918,0.006704115649021422,0.0067037806703140745,0.07175397872924805,1.087507362603042e-19
0.09392930102485005,0.0879004516935072,0.09995256413249715,0.0963404527803742,0.12626338005065918,0.006703780678291158,0.006703445716560452,0.0707099437713623,1.0875290305040494e-19
0.09392853563007034,0.08790031773119884,0.09995257012374226,0.09634106306160418,0.1295764446258545,0.006703445724333399,0.006703110779504584,0.07110452651977539,1.0875506870867015e-19
0.09392777024006735,0.08790018377583336,0.09995257611478851,0.09634167329289035,0.12738990783691406,0.006703110787145905,0.006702775858791199,0.06953978538513184,1.087572345482509e-19
0.09392700485484287,0.08790004982741018,0.09995258210563591,0.09634228347423857,0.13108301162719727,0.006702775866730603,0.006702440955841382,0.07259392738342285,1.0875940113321562e-19
0.09392623947439872,0.0878999158859287,0.09995258809628446,0.09634289360565478,0.12956786155700684,0.006702440963083443,0.00670210606834587,0.07147812843322754,1.0876156718181914e-19
0.09392547409873675,0.08789978195138838,0.09995259408673415,0.0963435036871448,0.1275320053100586,0.006702106076205112,0.006701771198258655,0.07133674621582031,1.0876373275382104e-19
0.09392470872785878,0.08789964802378859,0.099952600076985,0.0963441137187145,0.12766027450561523,0.006701771206096075,0.006701436345224465,0.07051730155944824,1.0876589820732516e-19
0.09392394336176661,0.0878995141031288,0.099952606067037,0.09634472370036982,0.1305692195892334,0.006701436352753433,0.006701101508710394,0.07162737846374512,1.0876806403544311e-19
0.0939231780004621,0.08789938018940842,0.09995261205689016,0.09634533363211657,0.12656903266906738,0.0067011015161773275,0.006700766688716442,0.06944680213928223,1.0877023000043838e-19
0.09392241264394707,0.08789924628262688,0.09995261804654446,0.09634594351396067,0.13007164001464844,0.0067007666963669905,0.006700431885420244,0.07147645950317383,1.0877239554956037e-19
0.09392164729222333,0.0878991123827836,0.0999526240359999,0.09634655334590793,0.130540132522583,0.006700431893322258,0.006700097099532343,0.07318329811096191,1.0877456123660071e-19
0.09392088194529273,0.087898978489878,0.09995263002525649,0.0963471631279643,0.1307694911956787,0.0067000971070402225,0.006699762329809289,0.07073712348937988,1.0877672593632602e-19
0.09392011660315705,0.08789884460390952,0.09995263601431424,0.09634777286013566,0.13157176971435547,0.006699762337522371,0.0066994275773168965,0.07217621803283691,1.0877889137097435e-19
0.09391935126581807,0.08789871072487758,0.09995264200317315,0.09634838254242784,0.1311502456665039,0.006699427584765581,0.006699092841522258,0.07286596298217773,1.087810564738246e-19
0.09391858593327779,0.08789857685278159,0.09995264799183322,0.09634899217484673,0.12703990936279297,0.00669909284876961,0.006698758121537196,0.07129335403442383,1.0878322187419017e-19
0.09391782060553798,0.08789844298762096,0.09995265398029445,0.09634960175739819,0.1278543472290039,0.006698758129535443,0.006698423419315702,0.07254791259765625,1.0878538651867063e-19
0.09391705528260044,0.08789830912939514,0.09995265996855682,0.09635021129008813,0.12675762176513672,0.00669842342706075,0.006698088733614327,0.07107663154602051,1.0878755187018424e-19
0.09391628996446708,0.08789817527810356,0.09995266595662035,0.09635082077292237,0.1351151466369629,0.006698088741344066,0.006697754064610706,0.0773320198059082,1.0878971660185095e-19
0.09391552465113966,0.08789804143374562,0.09995267194448504,0.09635143020590682,0.13345932960510254,0.0066977540723852196,0.006697419412482475,0.07457995414733887,1.0879188154473632e-19
0.09391475934262003,0.08789790759632075,0.09995267793215089,0.09635203958904735,0.12441706657409668,0.006697419420184014,0.006697084777229634,0.07075667381286621,1.0879404641093928e-19
0.09391399403890996,0.08789777376582839,0.09995268391961791,0.09635264892234985,0.12762737274169922,0.006697084784738289,0.00669675015814164,0.07257580757141113,1.0879621070545586e-19
0.0939132287400113,0.08789763994226796,0.09995268990688608,0.09635325820582019,0.12628936767578125,0.006696750166048239,0.006696415556461943,0.0725395679473877,1.0879837530793403e-19
0.09391246344592587,0.08789750612563886,0.0999526958939554,0.0963538674394642,0.128309965133667,0.006696415564112997,0.006696080971480001,0.07092761993408203,1.0880053969639337e-19
0.09391169815665555,0.08789737231594055,0.0999527018808259,0.09635447662328775,0.13182377815246582,0.006696080978931323,0.0066957464026629054,0.07262849807739258,1.0880270472145074e-19
0.09391093287220216,0.08789723851317244,0.09995270786749756,0.09635508575729669,0.13518786430358887,0.006695746410503519,0.0066954118507212,0.07670879364013672,1.0880486798996165e-19
0.09391016759256757,0.08789710471733393,0.09995271385397039,0.0963556948414969,0.12459826469421387,0.006695411858828636,0.006695077316720699,0.07084131240844727,1.088070326761728e-19
0.09390940231775345,0.08789697092842448,0.0999527198402444,0.09635630387589428,0.11807584762573242,0.006695077323902477,0.006694742798352138,0.06712102890014648,1.08809197281324e-19
0.09390863704776183,0.0878968371464435,0.09995272582631956,0.09635691286049461,0.11175847053527832,0.0066947428057272905,0.006694408296858967,0.06629729270935059,1.0881136097899767e-19
0.09390787178259447,0.08789670337139042,0.0999527318121959,0.0963575217953038,0.10708951950073242,0.0066944083043015395,0.0066940738118859144,0.06212735176086426,1.0881352527422403e-19
0.09390710652225323,0.08789656960326467,0.09995273779787339,0.0963581306803277,0.10800695419311523,0.0066940738196261,0.006693739343965888,0.061467647552490234,1.0881568916829394e-19
0.09390634126674,0.08789643584206566,0.09995274378335206,0.09635873951557218,0.10874438285827637,0.0066937393516970185,0.0066934048925659795,0.060271263122558594,1.088178521844372e-19
0.09390557601605648,0.08789630208779284,0.0999527497686319,0.09635934830104305,0.1130678653717041,0.006693404900515929,0.006693070458396733,0.06260108947753906,1.088200164371691e-19
0.09390481077020461,0.08789616834044563,0.09995275575371292,0.09635995703674621,0.11401867866516113,0.006693070466080826,0.006692736040392333,0.0650944709777832,1.0882218051091122e-19
0.09390404552918619,0.08789603460002343,0.0999527617385951,0.09636056572268759,0.11803960800170898,0.006692736048390966,0.0066924016397962305,0.0708608627319336,1.0882434321686524e-19
0.09390328029300306,0.0878959008665257,0.09995276772327846,0.09636117435887293,0.12872314453125,0.006692401647445143,0.006692067256075518,0.07280802726745605,1.088265071169889e-19
0.09390251506165695,0.08789576713995184,0.09995277370776298,0.09636178294530814,0.12615227699279785,0.006692067263242177,0.006691732888164381,0.07063698768615723,1.0882867027093644e-19
0.09390174983514982,0.08789563342030127,0.09995277969204869,0.09636239148199909,0.12888026237487793,0.006691732895782936,0.00669139853730627,0.07202935218811035,1.0883083379061053e-19
0.09390098461348345,0.08789549970757343,0.09995278567613558,0.09636299996895159,0.12544631958007812,0.0066913985450662,0.006691064203323549,0.07182526588439941,1.0883299704818926e-19
0.09390021939665961,0.08789536600176776,0.09995279166002363,0.09636360840617149,0.12292671203613281,0.006691064211090222,0.006690729886393854,0.06956052780151367,1.0883516003834407e-19
0.0938994541846802,0.08789523230288368,0.09995279764371287,0.09636421679366465,0.1273486614227295,0.006690729893855348,0.006690395585806641,0.07135796546936035,1.0883732317345896e-19
0.09389868897754702,0.08789509861092061,0.09995280362720328,0.09636482513143693,0.13109993934631348,0.006690395593358179,0.006690061301917183,0.0732734203338623,1.0883948650529924e-19
0.09389792377526196,0.08789496492587796,0.09995280961049487,0.09636543341949415,0.1300795078277588,0.006690061309600896,0.006689727035436022,0.07282733917236328,1.0884164949019491e-19
0.09389715857782681,0.08789483124775518,0.09995281559358762,0.09636604165784214,0.12528753280639648,0.0066897270425799165,0.006689392784586801,0.07142400741577148,1.0884381213723965e-19
0.09389639338524335,0.08789469757655168,0.09995282157648157,0.09636664984648682,0.12491393089294434,0.006689392792297814,0.006689058551145877,0.06910181045532227,1.0884597524089796e-19
0.0938956281975135,0.0878945639122669,0.09995282755917669,0.09636725798543405,0.12730026245117188,0.006689058558751304,0.006688724334225071,0.07266616821289062,1.088481374867252e-19
0.09389486301463913,0.08789443025490025,0.09995283354167299,0.0963678660746896,0.12483906745910645,0.006688724341940626,0.006688390134357292,0.07021355628967285,1.0885030015373677e-19
0.093894097836622,0.08789429660445117,0.09995283952397048,0.09636847411425933,0.12764286994934082,0.006688390141863263,0.0066880559510096305,0.07078003883361816,1.0885246278846511e-19
0.09389333266346402,0.08789416296091908,0.09995284550606914,0.09636908210414914,0.13128256797790527,0.006688055958519993,0.006687721784182088,0.07224321365356445,1.0885462500252293e-19
0.09389256749516696,0.0878940293243034,0.099952851487969,0.09636969004436481,0.1274104118347168,0.006687721791909691,0.0066873876340523,0.07232236862182617,1.088567874366135e-19
0.0938918023317327,0.08789389569460355,0.09995285746967003,0.09637029793491216,0.12875008583068848,0.006687387642032222,0.006687053500975537,0.0716552734375,1.0885894982315098e-19
0.09389103717316297,0.08789376207181898,0.09995286345117226,0.09637090577579706,0.12625408172607422,0.0066870535088853445,0.006686719385129436,0.07039856910705566,1.088611115120529e-19
0.09389027201945956,0.08789362845594911,0.09995286943247567,0.09637151356702538,0.1305863857269287,0.00668671939246751,0.006686385284915275,0.0692138671875,1.0886327423098893e-19
0.09388950687062438,0.08789349484699338,0.09995287541358026,0.09637212130860288,0.13050508499145508,0.0066863852927800255,0.006686051202109411,0.07253742218017578,1.0886543603636888e-19
0.0938887417266592,0.0878933612449512,0.09995288139448605,0.09637272900053544,0.12454843521118164,0.006686051209820622,0.0066857171358236656,0.06972002983093262,1.088675978319793e-19
0.09388797658756594,0.08789322764982202,0.09995288737519302,0.0963733366428289,0.12302517890930176,0.0066857171435897806,0.006685383086058039,0.06896471977233887,1.0886976013488992e-19
0.09388721145334636,0.08789309406160524,0.09995289335570118,0.09637394423548912,0.12271738052368164,0.00668538309408637,0.006685049053523073,0.06903862953186035,1.0887192172527295e-19
0.09388644632400239,0.08789296048030029,0.09995289933601052,0.09637455177852189,0.1289961338043213,0.006685049061307901,0.006684715037685862,0.07231259346008301,1.0887408357029023e-19
0.09388568119953587,0.0878928269059066,0.09995290531612105,0.09637515927193306,0.1348419189453125,0.00668471504525419,0.006684381038546405,0.07941746711730957,1.0887624486897283e-19
0.09388491607994864,0.08789269333842359,0.09995291129603277,0.09637576671572848,0.1262681484222412,0.006684381045925316,0.006684047055571796,0.07246184349060059,1.0887840689788218e-19
0.09388415096524248,0.08789255977785071,0.09995291727574569,0.09637637410991398,0.1103353500366211,0.00668404706331885,0.006683713089650212,0.06325817108154297,1.088805680053472e-19
0.09388338585541921,0.08789242622418739,0.09995292325525981,0.09637698145449541,0.11010098457336426,0.006683713097436302,0.006683379140959289,0.06164908409118652,1.0888272958508739e-19
0.09388262075048066,0.08789229267743302,0.09995292923457512,0.0963775887494786,0.11036276817321777,0.006683379148273804,0.006683045207722671,0.06085610389709473,1.0888489048837953e-19
0.09388185565042868,0.08789215913758705,0.09995293521369163,0.09637819599486938,0.11401772499084473,0.006683045215834864,0.006682711292604893,0.06130695343017578,1.0888705210591608e-19
0.09388109055526511,0.0878920256046489,0.09995294119260932,0.09637880319067355,0.1158137321472168,0.006682711300115911,0.00668237739329669,0.06164407730102539,1.088892133079345e-19
0.09388032546499181,0.087891892078618,0.09995294717132822,0.09637941033689691,0.11821603775024414,0.006682377401116191,0.006682043511041513,0.06428647041320801,1.088913743666118e-19
0.0938795603796106,0.08789175855949379,0.09995295314984831,0.09638001743354532,0.11564254760742188,0.006682043518834481,0.006681709645484091,0.06507372856140137,1.0889353480906517e-19
0.09387879529912324,0.08789162504727568,0.09995295912816961,0.09638062448062464,0.1145017147064209,0.006681709653270595,0.006681375796446787,0.06382012367248535,1.0889569606620847e-19
0.09387803022353162,0.08789149154196312,0.0999529651062921,0.09638123147814062,0.1179046630859375,0.0066813758044241105,0.006681041964640144,0.06350851058959961,1.0889785702588943e-19
0.09387726515283759,0.08789135804355551,0.0999529710842158,0.09638183842609914,0.11622142791748047,0.006681041972291428,0.0066807081486430775,0.06468367576599121,1.089000176426017e-19
0.09387650008704287,0.0878912245520523,0.0999529770619407,0.09638244532450604,0.11477994918823242,0.006680708156875475,0.006680374350587215,0.06559014320373535,1.0890217817105486e-19
0.09387573502614936,0.08789109106745292,0.0999529830394668,0.0963830521733671,0.11167764663696289,0.006680374358173309,0.006680040568518564,0.06384420394897461,1.08904339183444e-19
0.0938749699701589,0.0878909575897568,0.0999529890167941,0.09638365897268811,0.11089468002319336,0.006680040576184432,0.006679706803325303,0.06338214874267578,1.0890649932679257e-19
0.09387420491907328,0.08789082411896337,0.09995299499392261,0.09638426572247497,0.11039566993713379,0.0066797068109080825,0.00667937305465216,0.06258463859558105,1.0890866005440292e-19
0.0938734398728944,0.08789069065507205,0.09995300097085233,0.09638487242273337,0.10997438430786133,0.006679373062343388,0.006679039322499136,0.06266903877258301,1.0891081975718165e-19
0.09387267483162408,0.08789055719808227,0.09995300694758325,0.09638547907346917,0.11136603355407715,0.006679039330490806,0.006678705607399138,0.06405425071716309,1.0891298025042934e-19
0.09387190979526418,0.08789042374799344,0.09995301292411538,0.09638608567468823,0.1101539134979248,0.006678705615347222,0.00667837190917453,0.06308507919311523,1.0891514033146071e-19
0.09387114476381653,0.08789029030480502,0.09995301890044872,0.09638669222639637,0.12186360359191895,0.006678371916914088,0.006678038227292404,0.0710134506225586,1.089173005634422e-19
0.09387037973728292,0.08789015686851645,0.09995302487658327,0.09638729872859937,0.12000417709350586,0.006678038235188272,0.006677704562818576,0.07032608985900879,1.089194603514761e-19
0.09386961471566521,0.08789002343912712,0.09995303085251901,0.09638790518130308,0.12152481079101562,0.00667770457016982,0.006677370914154324,0.06965494155883789,1.089216203020365e-19
0.09386884969896517,0.08788989001663648,0.09995303682825597,0.09638851158451332,0.12352609634399414,0.006677370921858369,0.006677037282898368,0.0693366527557373,1.0892378035347814e-19
0.09386808468718459,0.08788975660104395,0.09995304280379413,0.09638911793823586,0.12253403663635254,0.006677037290251679,0.006676703667984896,0.06845307350158691,1.0892593996162486e-19
0.0938673196803254,0.08788962319234896,0.09995304877913352,0.09638972424247652,0.1223909854888916,0.00667670367535129,0.006676370069591542,0.0682525634765625,1.0892809984024692e-19
0.09386655467838942,0.08788948979055092,0.09995305475427411,0.09639033049724119,0.1243143081665039,0.006676370077155664,0.006676036487895942,0.06907200813293457,1.0893025915538612e-19
0.09386578968137843,0.08788935639564928,0.09995306072921593,0.09639093670253561,0.12637543678283691,0.00667603649566363,0.0066757029230757325,0.07202935218811035,1.0893241873063516e-19
0.09386502468929432,0.08788922300764347,0.09995306670395895,0.0963915428583656,0.1255171298980713,0.006675702930874047,0.006675369374953277,0.07346367835998535,1.0893457802975778e-19
0.09386425970213894,0.08788908962653291,0.09995307267850319,0.096392148964737,0.1315762996673584,0.006675369382786728,0.006675035843706212,0.07755064964294434,1.089367373841546e-19
0.09386349471991405,0.08788895625231703,0.09995307865284865,0.09639275502165554,0.1270310878753662,0.006675035851398815,0.006674702329156901,0.07308149337768555,1.0893889690939074e-19
0.09386272974262161,0.08788882288499528,0.09995308462699533,0.09639336102912704,0.12437701225280762,0.006674702336710457,0.006674368830950073,0.07184290885925293,1.0894105566625507e-19
0.0938619647702633,0.08788868952456706,0.09995309060094322,0.09639396698715738,0.12088298797607422,0.006674368838722177,0.006674035349618634,0.07001352310180664,1.089432149794133e-19
0.09386119980284098,0.0878885561710318,0.09995309657469233,0.09639457289575232,0.12034273147583008,0.006674035357432494,0.006673701884629679,0.06903839111328125,1.0894537418143844e-19
0.09386043484035657,0.08788842282438897,0.09995310254824265,0.09639517875491765,0.12214255332946777,0.00667370189284091,0.006673368437226657,0.06792235374450684,1.0894753273255656e-19
0.09385966988281187,0.08788828948463796,0.0999531085215942,0.09639578456465916,0.12236809730529785,0.006673368444944511,0.006673035005988481,0.068267822265625,1.0894969182317302e-19
0.0938589049302086,0.08788815615177822,0.09995311449474696,0.09639639032498269,0.1264481544494629,0.006673035013744151,0.006672701591270425,0.06959152221679688,1.089518512697418e-19
0.09385813998254862,0.08788802282580918,0.09995312046770095,0.09639699603589406,0.1283097267150879,0.006672701599240057,0.006672368193783029,0.0704343318939209,1.0895400923523974e-19
0.09385737503983378,0.08788788950673025,0.09995312644045615,0.09639760169739905,0.12667155265808105,0.0066723682014292775,0.006672034812638117,0.07287740707397461,1.0895616797226066e-19
0.09385661010206602,0.0878877561945409,0.09995313241301257,0.09639820730950344,0.11770224571228027,0.006672034820311107,0.006671701448368594,0.06563949584960938,1.0895832660024604e-19
0.09385584516924715,0.08788762288924051,0.0999531383853702,0.09639881287221302,0.12461447715759277,0.006671701455885946,0.006671368100796826,0.0709848403930664,1.089604853530258e-19
0.09385508024137906,0.08788748959082855,0.09995314435752907,0.09639941838553362,0.12377524375915527,0.0066713681081519375,0.006671034768856998,0.06864142417907715,1.0896264292357538e-19
0.09385431531846347,0.08788735629930443,0.09995315032948916,0.09640002384947108,0.12180495262145996,0.006671034777110703,0.006670701454858374,0.0693974494934082,1.0896480180501045e-19
0.09385355040050222,0.08788722301466759,0.09995315630125047,0.09640062926403113,0.12320470809936523,0.006670701462757611,0.006670368157557505,0.07182097434997559,1.089669601124447e-19
0.09385278548749715,0.08788708973691745,0.099953162272813,0.09640123462921954,0.12183761596679688,0.0066703681650935615,0.006670034876243847,0.06570768356323242,1.0896911814778735e-19
0.09385202057945008,0.08788695646605345,0.09995316824417677,0.09640183994504213,0.11942100524902344,0.006670034884119008,0.006669701612338486,0.06902885437011719,1.0897127602122952e-19
0.09385125567636284,0.08788682320207501,0.09995317421534176,0.09640244521150465,0.11853528022766113,0.0066697016198314476,0.006669368364953243,0.06782174110412598,1.0897343459520032e-19
0.09385049077823722,0.0878866899449816,0.09995318018630799,0.09640305042861293,0.11774706840515137,0.006669368372230061,0.006669035133022305,0.06743288040161133,1.0897559184500636e-19
0.09384972588507517,0.08788655669477262,0.09995318615707544,0.09640365559637273,0.11985898017883301,0.006669035141316053,0.006668701919032571,0.06734728813171387,1.0897774976954954e-19
0.09384896099687848,0.08788642345144751,0.09995319212764411,0.09640426071478987,0.11445188522338867,0.006668701927086226,0.0066683687219182275,0.06665229797363281,1.0897990763102408e-19
0.09384819611364892,0.0878862902150057,0.09995319809801402,0.09640486578387011,0.11462807655334473,0.006668368729539677,0.0066680355411463665,0.06686687469482422,1.0898206467225347e-19
0.09384743123538834,0.0878861569854466,0.09995320406818517,0.09640547080361923,0.11514878273010254,0.006668035548676304,0.0066677023767169885,0.06620264053344727,1.0898422270285106e-19
0.0938466663620986,0.08788602376276966,0.09995321003815755,0.09640607577404305,0.11936259269714355,0.006667702384494938,0.006667369229518272,0.06740093231201172,1.0898638089108687e-19
0.09384590149378141,0.08788589054697431,0.09995321600793114,0.09640668069514734,0.11981797218322754,0.006667369236995697,0.006667036098306767,0.06838679313659668,1.089885375682912e-19
0.09384513663043872,0.08788575733805998,0.09995322197750599,0.0964072855669379,0.1195061206817627,0.006667036106177188,0.0066667029839706515,0.06934213638305664,1.0899069456552958e-19
0.09384437177207233,0.08788562413602609,0.09995322794688206,0.09640789038942048,0.11783218383789062,0.00666670299203978,0.006666369886687562,0.06843042373657227,1.089928519528067e-19
0.09384360691868408,0.0878854909408721,0.09995323391605937,0.09640849516260087,0.11829352378845215,0.0066663698945806735,0.006666036806102227,0.06864070892333984,1.089950091725783e-19
0.09384284207027584,0.08788535775259741,0.09995323988503792,0.09640909988648484,0.12495565414428711,0.006666036813800752,0.006665703742214646,0.0700521469116211,1.0899716615072913e-19
0.0938420772268494,0.08788522457120146,0.09995324585381771,0.09640970456107818,0.12119793891906738,0.006665703749697049,0.006665370695024819,0.06795191764831543,1.089993233953264e-19
0.09384131238840657,0.08788509139668368,0.09995325182239873,0.09641030918638668,0.12099337577819824,0.006665370702269803,0.006665037663822204,0.06841230392456055,1.090014801175396e-19
0.0938405475549492,0.08788495822904353,0.09995325779078099,0.09641091376241616,0.12210440635681152,0.006665037671519541,0.0066647046498502505,0.06911373138427734,1.0900363721320233e-19
0.09383978272647907,0.08788482506828042,0.09995326375896449,0.09641151828917234,0.12283062934875488,0.006664704657443054,0.00666437165222078,0.06903266906738281,1.0900579393900887e-19
0.09383901790299809,0.08788469191439378,0.09995326972694923,0.09641212276666097,0.12525725364685059,0.006664371660041218,0.0066640386716443345,0.07175183296203613,1.0900795076292543e-19
0.09383825308450805,0.08788455876738303,0.09995327569473522,0.09641272719488793,0.1235654354095459,0.006664038679312137,0.006663705707765644,0.07172417640686035,1.09010107874579e-19
0.09383748827101078,0.08788442562724763,0.09995328166232245,0.09641333157385894,0.1237020492553711,0.006663705715254995,0.006663372760229436,0.07085466384887695,1.0901226353359316e-19
0.09383672346250803,0.087884292493987,0.09995328762971092,0.09641393590357977,0.1228017807006836,0.006663372767869992,0.006663039829035711,0.0689551830291748,1.0901442008866901e-19
0.09383595865900175,0.08788415936760058,0.09995329359690064,0.09641454018405622,0.1307830810546875,0.006663039837156947,0.006662706915427918,0.07067394256591797,1.0901657655626646e-19
0.09383519386049376,0.08788402624808776,0.09995329956389161,0.09641514441529406,0.12193012237548828,0.006662706923112289,0.006662374018162609,0.06963920593261719,1.0901873240389396e-19
0.09383442906698591,0.08788389313544802,0.09995330553068381,0.09641574859729904,0.12085723876953125,0.0066623740257369165,0.0066620411372397825,0.0696098804473877,1.09020889320713e-19
0.09383366427847997,0.08788376002968078,0.09995331149727726,0.09641635273007693,0.12024545669555664,0.00666204114502927,0.006661708273369982,0.06894803047180176,1.0902304485555166e-19
0.09383289949497778,0.08788362693078547,0.09995331746367196,0.09641695681363352,0.12382745742797852,0.006661708280988917,0.006661375425665028,0.06873559951782227,1.0902520090497483e-19
0.09383213471648123,0.08788349383876154,0.09995332342986792,0.09641756084797458,0.1251542568206787,0.006661375433615699,0.006661042595190736,0.06905436515808105,1.0902735703242365e-19
0.09383136994299217,0.08788336075360839,0.09995332939586511,0.09641816483310583,0.11605286598205566,0.006661042602907336,0.006660709781236562,0.0640571117401123,1.0902951259204484e-19
0.09383060517451239,0.08788322767532548,0.09995333536166355,0.09641876876903309,0.11218738555908203,0.006660709788864418,0.006660376983624872,0.0634145736694336,1.0903166849223256e-19
0.09382984041104368,0.08788309460391223,0.09995334132726326,0.09641937265576211,0.11381673812866211,0.006660376991486401,0.006660044203243842,0.06322669982910156,1.090338240987064e-19
0.09382907565258795,0.08788296153936807,0.09995334729266421,0.09641997649329866,0.11217641830444336,0.006660044210770839,0.0066597114388500245,0.06393814086914062,1.0903598009443238e-19
0.09382831089914699,0.08788282848169247,0.09995335325786642,0.09642058028164843,0.12057304382324219,0.006659711446717868,0.006659378691864504,0.06729316711425781,1.0903813537575951e-19
0.09382754615072264,0.08788269543088482,0.09995335922286987,0.09642118402081727,0.12622642517089844,0.006659378699326213,0.0066590459608661945,0.06895732879638672,1.090402908627308e-19
0.09382678140731672,0.08788256238694457,0.09995336518767457,0.09642178771081093,0.12659835815429688,0.006659045968595831,0.006658713247276182,0.07102370262145996,1.0904244632876386e-19
0.09382601666893102,0.08788242934987114,0.09995337115228055,0.09642239135163515,0.12868857383728027,0.006658713254523815,0.006658380549673382,0.07327699661254883,1.0904460136807269e-19
0.09382525193556746,0.08788229631966397,0.09995337711668778,0.09642299494329568,0.125260591506958,0.006658380557111371,0.006658047868235428,0.07194757461547852,1.0904675688803544e-19
0.09382448720722783,0.08788216329632252,0.09995338308089627,0.09642359848579835,0.12309479713439941,0.006658047876359393,0.006657715204738679,0.07004213333129883,1.0904891182773166e-19
0.09382372248391395,0.08788203027984619,0.099953389044906,0.09642420197914892,0.12082409858703613,0.006657715212262249,0.006657382556340963,0.06990432739257812,1.0905106742267496e-19
0.09382295776562768,0.08788189727023443,0.099953395008717,0.09642480542335313,0.1219947338104248,0.006657382564823917,0.006657049926594993,0.0695352554321289,1.0905322213532286e-19
0.09382219305237086,0.08788176426748667,0.09995340097232926,0.09642540881841673,0.12244224548339844,0.006657049934038093,0.006656717312125693,0.06789350509643555,1.0905537720398568e-19
0.09382142834414535,0.08788163127160235,0.09995340693574277,0.0964260121643455,0.13329458236694336,0.006656717319907958,0.006656384714531782,0.06853842735290527,1.0905753163525676e-19
0.09382066364095294,0.08788149828258089,0.09995341289895755,0.09642661546114516,0.1244649887084961,0.006656384722432768,0.006656052133990897,0.06949377059936523,1.0905968634221233e-19
0.09381989894279542,0.08788136530042175,0.09995341886197359,0.09642721870882143,0.1248617172241211,0.0066560521416102695,0.00665571956961486,0.06925725936889648,1.0906184115108726e-19
0.09381913424967463,0.08788123232512433,0.0999534248247909,0.09642782190738008,0.12100553512573242,0.006655719577440648,0.006655387022291848,0.06881189346313477,1.0906399575809884e-19
0.09381836956159247,0.08788109935668809,0.09995343078740945,0.09642842505682692,0.12189674377441406,0.0066553870299216715,0.006655054491488954,0.06804013252258301,1.0906615066351466e-19
0.09381760487855076,0.08788096639511246,0.09995343674982927,0.09642902815716763,0.12176799774169922,0.006655054499053938,0.006654721977028544,0.06720399856567383,1.090683048130867e-19
0.09381684020055138,0.08788083344039686,0.09995344271205035,0.09642963120840795,0.11725521087646484,0.006654721984835931,0.006654389479443523,0.06017875671386719,1.0907045892663782e-19
0.09381607552759609,0.08788070049254075,0.0999534486740727,0.09643023421055365,0.12108445167541504,0.006654389487267169,0.006654056998378621,0.06763553619384766,1.0907261272179297e-19
0.09381531085968668,0.08788056755154354,0.09995345463589632,0.09643083716361045,0.1282212734222412,0.006654057006347399,0.006653724534189109,0.06819796562194824,1.0907476698720034e-19
0.09381454619682499,0.08788043461740466,0.09995346059752121,0.09643144006758414,0.13141798973083496,0.0066537245420742,0.006653392086697352,0.07565712928771973,1.0907692120674496e-19
0.09381378153901287,0.08788030169012356,0.09995346655894735,0.09643204292248043,0.12297821044921875,0.006653392094447682,0.006653059655725713,0.06823563575744629,1.0907907521598265e-19
0.09381301688625218,0.08788016876969966,0.09995347252017477,0.0964326457283051,0.12306690216064453,0.006653059663466637,0.006652727241451828,0.0679471492767334,1.0908122932168577e-19
0.09381225223854472,0.08788003585613241,0.09995347848120345,0.0964332484850639,0.1276991367340088,0.006652727249129649,0.006652394843520426,0.06766796112060547,1.0908338329279462e-19
0.09381148759589238,0.08787990294942123,0.09995348444203339,0.09643385119276258,0.12651705741882324,0.006652394851437857,0.0066520624622867786,0.06808733940124512,1.0908553681668622e-19
0.09381072295829697,0.08787977004956556,0.09995349040266462,0.09643445385140689,0.12619447708129883,0.0066520624703891185,0.006651730098283792,0.06943607330322266,1.0908769084080475e-19
0.09380995832576033,0.08787963715656483,0.09995349636309711,0.09643505646100256,0.12605667114257812,0.00665173010598118,0.006651397750623289,0.07016682624816895,1.0908984409909951e-19
0.0938091936982843,0.08787950427041848,0.09995350232333088,0.09643565902155532,0.12522506713867188,0.006651397758215244,0.006651065418949997,0.07093691825866699,1.0909199768765572e-19
0.09380842907587057,0.08787937139112595,0.09995350828336592,0.09643626153307094,0.12746000289916992,0.006651065427091249,0.006650733105040274,0.07205319404602051,1.0909415131107498e-19
0.09380766445852112,0.08787923851868669,0.09995351424320224,0.09643686399555516,0.13927483558654785,0.006650733112605195,0.006650400807117762,0.07801246643066406,1.090963043028062e-19
0.09380689984623783,0.0878791056531001,0.09995352020283983,0.09643746640901371,0.12122273445129395,0.006650400814759616,0.006650068525715369,0.06883025169372559,1.0909845827190468e-19
0.0938061352390225,0.08787897279436564,0.0999535261622787,0.09643806877345229,0.11070871353149414,0.006650068533550773,0.006649736261721273,0.061728477478027344,1.0910061077387676e-19
0.09380537063687688,0.08787883994248273,0.09995353212151885,0.09643867108887665,0.11169266700744629,0.006649736268978419,0.006649404013181481,0.06116795539855957,1.0910276421697899e-19
0.09380460603980278,0.08787870709745083,0.09995353808056026,0.09643927335529257,0.11210393905639648,0.00664940402104375,0.006649071782405258,0.05985569953918457,1.0910491685421385e-19
0.09380384144780211,0.08787857425926936,0.09995354403940296,0.09643987557270577,0.11062455177307129,0.006649071789743537,0.006648739567793882,0.05979514122009277,1.0910706998036155e-19
0.09380307686087666,0.08787844142793773,0.09995354999804694,0.09644047774112197,0.1097257137298584,0.006648739575078338,0.006648407369169718,0.06035113334655762,1.0910922318353396e-19
0.0938023122790283,0.08787830860345541,0.09995355595649219,0.0964410798605469,0.10897350311279297,0.006648407377048027,0.006648075188309122,0.06148266792297363,1.0911137575840716e-19
0.09380154770225878,0.08787817578582184,0.09995356191473873,0.09644168193098632,0.10886883735656738,0.0066480751956499926,0.006647743023613373,0.0628507137298584,1.0911352813967069e-19
0.09380078313056994,0.08787804297503644,0.09995356787278653,0.09644228395244592,0.1230309009552002,0.006647743030884459,0.006647410875260107,0.07384467124938965,1.0911568133032424e-19
0.0938000185639637,0.08787791017109865,0.09995357383063562,0.09644288592493144,0.11692214012145996,0.006647410882751302,0.00664707874342696,0.06611037254333496,1.0911783370409886e-19
0.09379925400244184,0.08787777737400791,0.09995357978828599,0.09644348784844865,0.11014294624328613,0.00664707875124901,0.006646746628291567,0.06441950798034668,1.0911998617510762e-19
0.09379848944600626,0.08787764458376365,0.09995358574573765,0.09644408972300328,0.11002755165100098,0.006646746636376411,0.006646414530386835,0.0640411376953125,1.0912213873992138e-19
0.09379772489465883,0.08787751180036531,0.09995359170299059,0.09644469154860104,0.11214995384216309,0.006646414538132571,0.006646082448291679,0.06085848808288574,1.0912429082630662e-19
0.09379696034840128,0.08787737902381232,0.09995359766004482,0.09644529332524762,0.11102700233459473,0.006646082456518125,0.006645750383427185,0.06154680252075195,1.0912644314702156e-19
0.09379619580723544,0.08787724625410412,0.09995360361690034,0.09644589505294875,0.10860323905944824,0.006645750391530513,0.00664541833543808,0.060736894607543945,1.0912859498060177e-19
0.09379543127116313,0.08787711349124015,0.09995360957355715,0.09644649673171019,0.10863637924194336,0.006645418343168199,0.006645086303613823,0.06259393692016602,1.091307470889149e-19
0.09379466674018618,0.08787698073521984,0.09995361553001524,0.09644709836153763,0.11037445068359375,0.006645086311431363,0.0066447542888425914,0.0646820068359375,1.0913289956522124e-19
0.09379390221430649,0.08787684798604263,0.09995362148627461,0.09644769994243682,0.11200475692749023,0.00664475429631846,0.0066444222900585714,0.06543827056884766,1.0913505119202981e-19
0.09379313769352585,0.08787671524370795,0.09995362744233528,0.0964483014744135,0.10973334312438965,0.00664442229783046,0.006644090308505213,0.06375360488891602,1.0913720282157727e-19
0.09379237317784606,0.08787658250821524,0.09995363339819725,0.09644890295747335,0.10854268074035645,0.006644090315965096,0.006643758342939066,0.05979657173156738,1.0913935463293526e-19
0.09379160866726902,0.08787644977956395,0.09995363935386051,0.09644950439162213,0.11126494407653809,0.006643758350722591,0.0066434263942483085,0.059345245361328125,1.0914150655440127e-19
0.09379084416179649,0.0878763170577535,0.09995364530932505,0.0964501057768655,0.11088681221008301,0.006643426402101998,0.00664309446207767,0.05897927284240723,1.0914365798904815e-19
0.09379007966143034,0.08787618434278334,0.09995365126459088,0.09645070711320919,0.10752511024475098,0.006643094470102313,0.0066427625473153284,0.05976295471191406,1.0914580948699942e-19
0.09378931516617244,0.08787605163465288,0.099953657219658,0.09645130840065895,0.12587428092956543,0.006642762554720596,0.0066424306485401985,0.07125377655029297,1.0914796101191746e-19
0.09378855067602448,0.0878759189333616,0.09995366317452642,0.09645190963922047,0.12665224075317383,0.006642430655958655,0.00664209876575228,0.07298874855041504,1.0915011193326035e-19
0.09378778619098836,0.08787578623890889,0.09995366912919613,0.09645251082889951,0.11290597915649414,0.006642098773815098,0.00664176690072793,0.0653226375579834,1.0915226311375146e-19
0.09378702171106597,0.08787565355129423,0.09995367508366715,0.09645311196970177,0.1124427318572998,0.006641766908288652,0.006641435051690792,0.062302350997924805,1.091544145624895e-19
0.09378625723625914,0.08787552087051702,0.09995368103793946,0.09645371306163293,0.11091804504394531,0.0066414350593781875,0.006641103219529043,0.06049394607543945,1.0915656575047523e-19
0.09378549276656964,0.08787538819657671,0.09995368699201307,0.09645431410469868,0.11131429672241211,0.00664110322708319,0.006640771404065049,0.06014680862426758,1.0915871664808413e-19
0.09378472830199931,0.08787525552947276,0.09995369294588796,0.09645491509890473,0.10883784294128418,0.006640771411403491,0.006640439604232995,0.060375213623046875,1.0916086788428132e-19
0.09378396384255,0.08787512286920458,0.09995369889956415,0.09645551604425685,0.10833334922790527,0.006640439612337623,0.006640107822697416,0.06179380416870117,1.0916301851313113e-19
0.09378319938822352,0.08787499021577162,0.09995370485304166,0.09645611694076069,0.11009860038757324,0.006640107829883353,0.006639776056083235,0.06476974487304688,1.091651690026591e-19
0.09378243493902182,0.0878748575691733,0.09995371080632044,0.09645671778842199,0.11100029945373535,0.006639776064042981,0.006639444307054987,0.06549739837646484,1.0916732005783555e-19
0.09378167049494661,0.08787472492940909,0.09995371675940054,0.09645731858724647,0.10903382301330566,0.0066394443148132705,0.006639112574369221,0.06154298782348633,1.0916947030797479e-19
0.09378090605599974,0.0878745922964784,0.09995372271228194,0.0964579193372399,0.11953163146972656,0.006639112582194685,0.006638780858736482,0.06650400161743164,1.0917162126415791e-19
0.09378014162218305,0.08787445967038068,0.09995372866496464,0.09645852003840792,0.10967659950256348,0.006638780866185386,0.006638449158913318,0.06256222724914551,1.0917377154908358e-19
0.09377937719349842,0.08787432705111536,0.09995373461744865,0.09645912069075624,0.11004066467285156,0.006638449166785607,0.006638117476143179,0.0644218921661377,1.091759218993149e-19
0.09377861276994764,0.0878741944386819,0.09995374056973395,0.0964597212942906,0.11147880554199219,0.0066381174839934935,0.006637785810070795,0.06532049179077148,1.091780714507483e-19
0.09377784835153254,0.08787406183307973,0.09995374652182057,0.09646032184901672,0.10857152938842773,0.006637785817809478,0.006637454160340894,0.061578989028930664,1.0918022227471954e-19
0.09377708393825493,0.08787392923430827,0.09995375247370848,0.0964609223549402,0.1094963550567627,0.006637454168231815,0.006637122527841655,0.060468196868896484,1.091823723656783e-19
0.09377631953011671,0.08787379664236696,0.0999537584253977,0.09646152281206681,0.11049699783325195,0.006637122535259556,0.006636790911684898,0.06045889854431152,1.0918452253686284e-19
0.09377555512711964,0.08787366405725523,0.09995376437688824,0.09646212322040228,0.10850119590759277,0.0066367909188906225,0.006636459311337717,0.06128263473510742,1.0918667246518098e-19
0.09377479072926552,0.08787353147897255,0.09995377032818008,0.09646272357995228,0.10923528671264648,0.0066364593191275915,0.006636127728398833,0.06403112411499023,1.0918882195563886e-19
0.09377402633655625,0.08787339890751836,0.09995377627927324,0.0964633238907225,0.11309194564819336,0.0066361277359665,0.006635796161980068,0.06675410270690918,1.091909719640297e-19
0.09377326194899369,0.08787326634289207,0.0999537822301677,0.0964639241527187,0.11176514625549316,0.006635796169407152,0.006635464612081421,0.06533074378967285,1.0919312167845896e-19
0.09377249756657963,0.08787313378509314,0.09995378818086348,0.0964645243659465,0.11761713027954102,0.006635464619449806,0.006635133078525257,0.06321001052856445,1.091952716672279e-19
0.09377173318931584,0.08787300123412099,0.09995379413136055,0.09646512453041163,0.11894345283508301,0.006635133086093966,0.006634801561844483,0.06120562553405762,1.0919742116074042e-19
0.09377096881720415,0.08787286868997508,0.09995380008165894,0.0964657246461198,0.13859820365905762,0.006634801569336448,0.006634470061328557,0.07482171058654785,1.091995700795967e-19
0.09377020445024642,0.08787273615265484,0.09995380603175864,0.09646632471307669,0.11315512657165527,0.006634470069179412,0.006634138578220927,0.06294536590576172,1.0920171982890595e-19
0.0937694400884444,0.08787260362215969,0.09995381198165966,0.09646692473128804,0.11177754402160645,0.006634138585619353,0.0066338071109228736,0.0662682056427002,1.092038692905371e-19
0.09376867573180005,0.0878724710984891,0.099953817931362,0.09646752470075949,0.11298441886901855,0.00663380711865612,0.0066334756606778456,0.06509613990783691,1.0920601848163163e-19
0.0937679113803152,0.08787233858164249,0.09995382388086566,0.0964681246214967,0.11209917068481445,0.0066334756682895155,0.006633144226420029,0.06305861473083496,1.092081673749329e-19
0.09376714703399171,0.0878722060716193,0.09995382983017062,0.09646872449350541,0.11697530746459961,0.0066331442345194955,0.006632812809392874,0.06151103973388672,1.0921031654244793e-19
0.09376638269283138,0.087872073568419,0.0999538357792769,0.09646932431679127,0.11363720893859863,0.0066328128173447284,0.006632481409241109,0.061132192611694336,1.092124656753669e-19
0.09376561835683614,0.08787194107204101,0.0999538417281845,0.09646992409135999,0.11225175857543945,0.006632481416762108,0.006632150025076555,0.06363940238952637,1.092146144029866e-19
0.09376485402600772,0.08787180858248475,0.09995384767689341,0.09647052381721725,0.11359548568725586,0.006632150032773808,0.00663181865743212,0.06607794761657715,1.092167633361997e-19
0.09376408970034796,0.08787167609974968,0.09995385362540365,0.09647112349436877,0.11423325538635254,0.00663181866537769,0.006631487307195982,0.0666205883026123,1.0921891176131487e-19
0.09376332537985864,0.08787154362383523,0.0999538595737152,0.09647172312282021,0.11175346374511719,0.006631487314571159,0.006631155972947056,0.06262826919555664,1.0922106070891545e-19
0.09376256106454159,0.08787141115474083,0.09995386552182808,0.09647232270257723,0.12353849411010742,0.006631155980356147,0.006630824654862977,0.06421208381652832,1.0922320942199546e-19
0.09376179675439865,0.08787127869246593,0.09995387146974227,0.09647292223364556,0.11255097389221191,0.006630824662731497,0.006630493354187195,0.06282734870910645,1.0922535792999988e-19
0.09376103244943167,0.08787114623700998,0.09995387741745779,0.0964735217160309,0.11278724670410156,0.006630493361694962,0.00663016206967626,0.0669705867767334,1.0922750607661873e-19
0.09376026814964247,0.08787101378837242,0.09995388336497463,0.09647412114973886,0.11132144927978516,0.006630162077247097,0.006629830801863079,0.06501364707946777,1.0922965471851021e-19
0.09375950385503287,0.08787088134655269,0.09995388931229279,0.09647472053477517,0.11369800567626953,0.006629830809386695,0.006629499550747653,0.0621640682220459,1.0923180272351638e-19
0.09375873956560478,0.08787074891155022,0.09995389525941228,0.0964753198711455,0.11383676528930664,0.006629499558112968,0.006629168315797074,0.061463356018066406,1.0923395106648962e-19
0.09375797528135997,0.08787061648336446,0.0999539012063331,0.09647591915885557,0.11118149757385254,0.006629168323424444,0.006628837097366613,0.061878204345703125,1.0923609917803404e-19
0.09375721100230026,0.08787048406199484,0.09995390715305524,0.09647651839791103,0.11220812797546387,0.006628837105322213,0.006628505896166814,0.06547784805297852,1.0923824739248475e-19
0.0937564467284275,0.08787035164744081,0.09995391309957873,0.09647711758831752,0.11394906044006348,0.006628505903802139,0.006628174710954227,0.06589341163635254,1.0924039510009415e-19
0.09375568245974358,0.0878702192397018,0.09995391904590353,0.09647771673008075,0.11213278770446777,0.006628174718865753,0.006627843542794665,0.06293487548828125,1.0924254298096022e-19
0.09375491819625026,0.08787008683877724,0.09995392499202967,0.09647831582320641,0.11563563346862793,0.0066278435505112265,0.006627512391155221,0.0610346794128418,1.0924469068278394e-19
0.09375415393794945,0.0878699544446666,0.09995393093795713,0.09647891486770016,0.11221051216125488,0.006627512398737677,0.006627181256035897,0.06120705604553223,1.0924683836299767e-19
0.09375338968484294,0.08786982205736929,0.09995393688368592,0.09647951386356765,0.11030125617980957,0.006627181263544628,0.0066268501369037836,0.06302261352539062,1.09248985666136e-19
0.09375262543693257,0.08786968967688477,0.09995394282921605,0.09648011281081463,0.11077284812927246,0.006626850144932582,0.006626519034824696,0.06380891799926758,1.0925113374088743e-19
0.09375186119422003,0.08786955730321247,0.0999539487745475,0.09648071170944672,0.1151113510131836,0.006626519042899086,0.00662618794997627,0.06090807914733887,1.0925328127592451e-19
0.09375109695670723,0.08786942493635183,0.0999539547196803,0.09648131055946961,0.11287450790405273,0.006626187957442884,0.006625856880759784,0.0625162124633789,1.0925542830888913e-19
0.09375033272439603,0.08786929257630231,0.09995396066461443,0.09648190936088893,0.1112067699432373,0.006625856888564475,0.006625525829129231,0.06397533416748047,1.0925757566124006e-19
0.09374956849728829,0.08786916022306333,0.0999539666093499,0.0964825081137104,0.11324596405029297,0.006625525836261758,0.006625194792775346,0.06588578224182129,1.092597228748422e-19
0.09374880427538582,0.08786902787663434,0.09995397255388669,0.09648310681793967,0.11100888252258301,0.006625194800535858,0.006624863773829759,0.062384843826293945,1.0926187014657736e-19
0.09374804005869045,0.08786889553701478,0.09995397849822482,0.09648370547358238,0.11552286148071289,0.006624863781383321,0.00662453277140429,0.06120419502258301,1.0926401703961002e-19
0.09374727584720399,0.08786876320420409,0.09995398444236431,0.09648430408064426,0.11366653442382812,0.006624532778805944,0.006624201785321304,0.06261777877807617,1.092661642511531e-19
0.09374651164092834,0.08786863087820171,0.09995399038630512,0.09648490263913093,0.11081266403198242,0.0066242017928016105,0.006623870815758437,0.06361937522888184,1.0926831103397166e-19
0.09374574743986526,0.08786849855900708,0.09995399633004727,0.0964855011490481,0.1132056713104248,0.00662387082336977,0.006623539862893324,0.06569743156433105,1.0927045779383097e-19
0.09374498324401666,0.08786836624661964,0.09995400227359076,0.0964860996104014,0.11144089698791504,0.006623539870508939,0.006623208926903601,0.061696767807006836,1.0927260417610249e-19
0.09374421905338434,0.08786823394103886,0.09995400821693558,0.0964866980231965,0.1157376766204834,0.006623208934217971,0.006622878006723454,0.060901641845703125,1.0927475122525192e-19
0.09374345486797019,0.08786810164226415,0.09995401416008175,0.09648729638743907,0.12723565101623535,0.006622878014498415,0.006622547103773968,0.07211184501647949,1.0927689751697053e-19
0.09374269068777592,0.08786796935029496,0.09995402010302926,0.09648789470313474,0.12842273712158203,0.006622547111347317,0.006622216217166965,0.06944918632507324,1.092790436271583e-19
0.09374192651280344,0.08786783706513075,0.0999540260457781,0.09648849297028919,0.11109685897827148,0.006622216224763907,0.006621885347257717,0.06514477729797363,1.0928119031863192e-19
0.09374116234305456,0.08786770478677093,0.09995403198832829,0.09648909118890804,0.11111021041870117,0.0066218853547473965,0.00662155449333568,0.061264753341674805,1.0928333677580784e-19
0.0937403981785311,0.08786757251521496,0.09995403793067983,0.096489689358997,0.11244559288024902,0.006621554501297612,0.0066212236562890325,0.061171770095825195,1.0928548324315016e-19
0.09373963401923498,0.08786744025046227,0.09995404387283272,0.09649028748056175,0.10942554473876953,0.006621223664415348,0.0066208928361177755,0.06289911270141602,1.0928762924223904e-19
0.09373886986516798,0.08786730799251229,0.09995404981478695,0.09649088555360792,0.11346435546875,0.006620892844097443,0.006620562032821908,0.06605696678161621,1.0928977560113261e-19
0.09373810571633195,0.08786717574136449,0.09995405575654252,0.0964914835781412,0.10798335075378418,0.0066205620403420335,0.0066202312451579814,0.06152534484863281,1.0929192167385064e-19
0.0937373415727287,0.0878670434970183,0.09995406169809944,0.09649208155416726,0.11308765411376953,0.006620231253151058,0.006619900475079987,0.060968637466430664,1.0929406709790583e-19
0.09373657743436001,0.08786691125947314,0.0999540676394577,0.09649267948169168,0.11026263236999512,0.00661990048252184,0.0066195697204562975,0.06195712089538574,1.0929621323676246e-19
0.09373581330122768,0.0878667790287285,0.09995407358061732,0.09649327736072015,0.11296916007995605,0.0066195697284541,0.0066192389828856335,0.06687712669372559,1.092983589380959e-19
0.09373504917333356,0.0878666468047838,0.09995407952157828,0.09649387519125834,0.11155986785888672,0.00661923899094757,0.006618908261835088,0.06323814392089844,1.0930050459936666e-19
0.09373428505067945,0.08786651458763849,0.0999540854623406,0.0964944729733119,0.11097002029418945,0.006618908270001115,0.006618577558015204,0.06098055839538574,1.0930264986087026e-19
0.09373352093326726,0.08786638237729201,0.09995409140290426,0.09649507070688648,0.11081433296203613,0.006618577565612127,0.0066182468701825314,0.061570167541503906,1.0930479563073884e-19
0.09373275682109883,0.0878662501737438,0.09995409734326928,0.09649566839198773,0.11808443069458008,0.006618246877781881,0.006617916198692342,0.06831550598144531,1.0930694097104571e-19
0.09373199271417598,0.08786611797699331,0.09995410328343565,0.0964962660286213,0.10915088653564453,0.006617916206509197,0.0066175855438999065,0.06114530563354492,1.0930908651858154e-19
0.09373122861250058,0.08786598578703997,0.09995410922340336,0.09649686361679288,0.11153340339660645,0.006617585551793254,0.006617254905982861,0.06063055992126465,1.0931123203131505e-19
0.09373046451607439,0.08786585360388321,0.09995411516317243,0.09649746115650804,0.10929179191589355,0.006617254913632459,0.006616924284585934,0.06229066848754883,1.0931337697014375e-19
0.0937297004248993,0.0878657214275225,0.09995412110274286,0.09649805864777244,0.11187744140625,0.006616924292025726,0.006616593679353855,0.06519103050231934,1.0931552188951672e-19
0.09372893633897715,0.08786558925795726,0.09995412704211465,0.09649865609059176,0.10979890823364258,0.006616593686973917,0.006616263090641894,0.061348676681518555,1.093176671079848e-19
0.09372817225830979,0.08786545709518695,0.09995413298128779,0.09649925348497161,0.11279892921447754,0.006616263098475215,0.006615932518982959,0.061136722564697266,1.0931981210500696e-19
0.09372740818289901,0.08786532493921101,0.09995413892026228,0.09649985083091768,0.11003232002258301,0.006615932526527701,0.006615601964021778,0.06193733215332031,1.0932195719997588e-19
0.09372664411274659,0.08786519279002888,0.09995414485903813,0.09650044812843561,0.1136929988861084,0.006615601971131207,0.006615271424514901,0.06572747230529785,1.093241018678457e-19
0.09372588004785445,0.08786506064764,0.09995415079761534,0.09650104537753104,0.10933136940002441,0.0066152714322873,0.006614940902238686,0.061542510986328125,1.093262462554411e-19
0.0937251159882243,0.08786492851204383,0.09995415673599392,0.09650164257820962,0.11346435546875,0.006614940909993228,0.006614610396304954,0.06071591377258301,1.0932839109606691e-19
0.09372435193385804,0.0878647963832398,0.09995416267417387,0.09650223973047695,0.1104896068572998,0.006614610404247755,0.006614279907246612,0.06251883506774902,1.093305359135114e-19
0.0937235878847575,0.08786466426122735,0.09995416861215517,0.09650283683433869,0.11446976661682129,0.006614279915050654,0.006613949434886024,0.06653380393981934,1.0933268008446776e-19
0.09372282384092451,0.08786453214600592,0.09995417454993784,0.09650343388980046,0.11813616752624512,0.006613949442400428,0.006613618978512648,0.07072782516479492,1.0933482456861393e-19
0.09372205980236092,0.08786440003757497,0.09995418048752186,0.09650403089686792,0.11155247688293457,0.006613618986297333,0.006613288539014661,0.06128072738647461,1.0933696879567215e-19
0.09372129576906858,0.08786426793593394,0.09995418642490725,0.09650462785554671,0.11265420913696289,0.006613288546739482,0.006612958116036793,0.06522226333618164,1.0933911268823115e-19
0.09372053174104933,0.08786413584108227,0.09995419236209399,0.09650522476584247,0.10858774185180664,0.0066129581237263655,0.00661262770975668,0.06093716621398926,1.0934125727295905e-19
0.09371976771830497,0.08786400375301939,0.0999541982990821,0.09650582162776085,0.11577415466308594,0.006612627717257194,0.006612297319463778,0.060172319412231445,1.0934340139614197e-19
0.09371900370083727,0.08786387167174478,0.09995420423587158,0.09650641844130742,0.11122488975524902,0.006612297327331495,0.006611966946223902,0.06062006950378418,1.093455451839157e-19
0.0937182396886481,0.08786373959725785,0.09995421017246242,0.09650701520648784,0.1111752986907959,0.006611966953947414,0.006611636589504144,0.06360459327697754,1.0934768902131257e-19
0.09371747568173924,0.08786360752955806,0.09995421610885463,0.09650761192330776,0.10792875289916992,0.006611636597104767,0.006611306248949234,0.060561418533325195,1.0934983285033543e-19
0.09371671168011254,0.08786347546864484,0.09995422204504821,0.09650820859177281,0.1150047779083252,0.006611306256803377,0.006610975925980256,0.059782981872558594,1.093519764244509e-19
0.09371594768376991,0.08786334341451767,0.09995422798104316,0.0965088052118886,0.11049652099609375,0.006610975933040679,0.006610645618287947,0.06047177314758301,1.0935412031565223e-19
0.0937151836927131,0.08786321136717595,0.09995423391683947,0.09650940178366074,0.11176443099975586,0.006610645625818,0.006610315326938121,0.06416082382202148,1.0935626384412332e-19
0.09371441970694398,0.08786307932661916,0.09995423985243716,0.09650999830709495,0.10883712768554688,0.006610315335134488,0.006609985053529499,0.06078958511352539,1.0935840733202387e-19
0.09371365572646445,0.08786294729284672,0.09995424578783622,0.09651059478219677,0.11329197883605957,0.006609985060987529,0.006609654795752817,0.060122013092041016,1.093605509698794e-19
0.09371289175127631,0.08786281526585807,0.09995425172303667,0.09651119120897189,0.1103522777557373,0.006609654803377026,0.00660932455467389,0.06208086013793945,1.0936269402742057e-19
0.09371212778138131,0.08786268324565268,0.09995425765803848,0.09651178758742592,0.11086082458496094,0.006609324562301814,0.006608994330115081,0.0638427734375,1.0936483769165e-19
0.09371136381678137,0.08786255123222997,0.09995426359284167,0.09651238391756449,0.1120598316192627,0.006608994337761114,0.006608664121898755,0.06061267852783203,1.0936698044087255e-19
0.0937105998574783,0.08786241922558939,0.09995426952744624,0.09651298019939322,0.11103439331054688,0.006608664129755715,0.006608333930557819,0.06337881088256836,1.0936912374727786e-19
0.09370983590347393,0.08786228722573038,0.09995427546185218,0.09651357643291772,0.11298394203186035,0.006608333938283149,0.006608003755381731,0.06418180465698242,1.0937126674380435e-19
0.09370907195477009,0.08786215523265238,0.0999542813960595,0.09651417261814366,0.10958337783813477,0.006608003763343553,0.006607673597613939,0.060314178466796875,1.0937340979729747e-19
0.09370830801136856,0.08786202324635486,0.0999542873300682,0.09651476875507663,0.11108803749084473,0.006607673604934717,0.00660734345494518,0.06063389778137207,1.093755526810854e-19
0.0937075440732712,0.08786189126683726,0.09995429326387827,0.09651536484372226,0.11096549034118652,0.006607343463058262,0.006607013330217626,0.0639030933380127,1.0937769563483176e-19
0.0937067801404799,0.08786175929409899,0.09995429919748972,0.09651596088408616,0.10943031311035156,0.006607013337710915,0.006606683221477283,0.06084084510803223,1.0937983770686338e-19
0.09370601621299647,0.08786162732813954,0.09995430513090253,0.0965165568761739,0.11421537399291992,0.0066066832288922146,0.006606353128901787,0.05977320671081543,1.0938198084901042e-19
0.09370525229082273,0.08786149536895835,0.09995431106411673,0.0965171528199912,0.11096453666687012,0.006606353136602064,0.006606023053379317,0.060153961181640625,1.0938412354648588e-19
0.0937044883739605,0.08786136341655486,0.09995431699713232,0.09651774871554368,0.11231136322021484,0.006606023060838229,0.006605692994021695,0.06381440162658691,1.0938626583586278e-19
0.09370372446241164,0.0878612314709285,0.09995432292994928,0.09651834456283692,0.10831427574157715,0.006605693001601531,0.006605362950651283,0.05965566635131836,1.0938840827956782e-19
0.09370296055617791,0.08786109953207873,0.09995432886256764,0.09651894036187655,0.11315107345581055,0.0066053629588922755,0.006605032924866805,0.059427499771118164,1.09390550265014e-19
0.09370219665526125,0.08786096760000499,0.09995433479498737,0.09651953611266817,0.11020302772521973,0.006605032932707465,0.006604702915247174,0.061632633209228516,1.0939269279578304e-19
0.09370143275966342,0.08786083567470673,0.09995434072720848,0.09652013181521739,0.11449217796325684,0.006604702923045993,0.006604372922147661,0.06633591651916504,1.0939483482856377e-19
0.09370066886938624,0.08786070375618339,0.09995434665923096,0.0965207274695298,0.1126859188079834,0.006604372929906736,0.006604042945390631,0.06041264533996582,1.0939697738628954e-19
0.09369990498443156,0.08786057184443442,0.09995435259105484,0.09652132307561107,0.11131024360656738,0.0066040429532918145,0.0066037129855089916,0.06310892105102539,1.0939911884907828e-19
0.09369914110480122,0.08786043993945929,0.0999543585226801,0.09652191863346679,0.1082909107208252,0.006603712993197092,0.006603383041969835,0.060777902603149414,1.0940126090915268e-19
0.09369837723049708,0.0878603080412574,0.09995436445410676,0.09652251414310256,0.12076973915100098,0.006603383049623733,0.006603053114240254,0.05997729301452637,1.0940340285552203e-19
0.09369761336152099,0.08786017614982823,0.09995437038533479,0.09652310960452397,0.12890839576721191,0.006603053122571954,0.006602723204274241,0.07165718078613281,1.0940554439051475e-19
0.09369684949787466,0.08786004426517122,0.09995437631636421,0.09652370501773663,0.11127567291259766,0.006602723212038528,0.006602393310828347,0.06319379806518555,1.0940768604424478e-19
0.09369608563955996,0.08785991238728581,0.09995438224719504,0.09652430038274622,0.1099851131439209,0.00660239331802222,0.0066020634330143935,0.061280250549316406,1.0940982718390742e-19
0.09369532178657883,0.08785978051617144,0.09995438817782726,0.09652489569955827,0.11547207832336426,0.006602063440523692,0.006601733571898194,0.06119704246520996,1.0941196917889105e-19
0.09369455793893297,0.08785964865182755,0.09995439410826086,0.09652549096817839,0.11024618148803711,0.006601733579542071,0.006601403727479749,0.06115221977233887,1.0941411010166665e-19
0.09369379409662423,0.0878595167942536,0.09995440003849584,0.09652608618861223,0.11356282234191895,0.0066014037350764655,0.006601073899581422,0.06545329093933105,1.0941625227283647e-19
0.09369303025965445,0.08785938494344905,0.09995440596853222,0.09652668136086542,0.10836172103881836,0.0066010739071254605,0.006600744087847943,0.06078743934631348,1.0941839318473955e-19
0.09369226642802554,0.08785925309941332,0.09995441189837,0.09652727648494351,0.11362266540527344,0.006600744095689252,0.0066004142929898535,0.06119036674499512,1.094205342739676e-19
0.0936915026017393,0.08785912126214589,0.09995441782800916,0.09652787156085209,0.11096906661987305,0.006600414300765269,0.006600084514474247,0.06427240371704102,1.0942267510994717e-19
0.09369073878079756,0.08785898943164618,0.09995442375744971,0.0965284665885968,0.1167442798614502,0.006600084522355011,0.006599754753011666,0.0704948902130127,1.0942481624655579e-19
0.09368997496520208,0.08785885760791363,0.09995442968669167,0.0965290615681832,0.11027383804321289,0.006599754760455625,0.006599425007713933,0.06136727333068848,1.0942695712694877e-19
0.09368921115495481,0.08785872579094771,0.09995443561573503,0.0965296564996169,0.11273717880249023,0.00659942501506699,0.006599095278403411,0.06652188301086426,1.0942909832997973e-19
0.09368844735005748,0.08785859398074784,0.09995444154457978,0.0965302513829035,0.1070706844329834,0.006599095286188672,0.006598765565790643,0.06071877479553223,1.0943123917091987e-19
0.09368768355051194,0.08785846217731351,0.0999544474732259,0.09653084621804862,0.11187386512756348,0.00659876557381975,0.006598435870408537,0.06043529510498047,1.0943337966378954e-19
0.09368691975631996,0.08785833038064411,0.09995445340167344,0.09653144100505787,0.11065220832824707,0.006598435877958079,0.006598106191013642,0.06439924240112305,1.094355202832046e-19
0.09368615596748343,0.08785819859073914,0.09995445932992238,0.09653203574393678,0.10797548294067383,0.006598106198603848,0.0065977765276059586,0.06146383285522461,1.0943766074584113e-19
0.09368539218400422,0.08785806680759801,0.0999544652579727,0.09653263043469097,0.11348795890808105,0.006597776535758615,0.006597446881784208,0.060591936111450195,1.0943980106806293e-19
0.09368462840588415,0.0878579350312202,0.09995447118582444,0.09653322507732608,0.10913276672363281,0.006597446889416801,0.006597117251594398,0.06172060966491699,1.0944194130143393e-19
0.09368386463312507,0.08785780326160514,0.09995447711347757,0.09653381967184772,0.11184954643249512,0.006597117259581972,0.006596787638279977,0.06417226791381836,1.0944408190030044e-19
0.09368310086572876,0.08785767149875227,0.09995448304093212,0.09653441421826142,0.11147069931030273,0.0065967876462506405,0.0065964580420185825,0.06100344657897949,1.0944622206841465e-19
0.09368233710369707,0.08785753974266103,0.09995448896818807,0.0965350087165728,0.11071062088012695,0.006596458049421539,0.006596128461744399,0.06143927574157715,1.0944836174700534e-19
0.09368157334703187,0.08785740799333087,0.09995449489524542,0.09653560316678744,0.11397814750671387,0.006596128469094584,0.006595798897812699,0.0657343864440918,1.0945050208516975e-19
0.09368080959573492,0.08785727625076127,0.09995450082210418,0.09653619756891094,0.10893917083740234,0.006595798905270237,0.006595469350578753,0.06107449531555176,1.0945264195805503e-19
0.09368004584980809,0.08785714451495165,0.09995450674876434,0.09653679192294887,0.11459469795227051,0.006595469357947366,0.006595139819864926,0.060575246810913086,1.094547824218629e-19
0.09367928210925316,0.08785701278590147,0.09995451267522591,0.09653738622890683,0.1083836555480957,0.006595139827124168,0.006594810305671217,0.060517072677612305,1.0945692140505857e-19
0.09367851837407191,0.08785688106361016,0.09995451860148889,0.0965379804867904,0.10859823226928711,0.006594810312799396,0.0065944808076423556,0.060744524002075195,1.094590616933177e-19
0.09367775464426628,0.08785674934807718,0.09995452452755328,0.0965385746966052,0.1084134578704834,0.006594480814973377,0.006594151326133613,0.060529232025146484,1.0946120145804075e-19
0.0936769909198381,0.08785661763930197,0.09995453045341908,0.09653916885835681,0.10849452018737793,0.006594151333645161,0.006593821861144988,0.060509681701660156,1.0946334065783412e-19
0.09367622720078911,0.087856485937284,0.09995453637908629,0.0965397629720508,0.10824179649353027,0.006593821868814359,0.006593492412498847,0.06047940254211426,1.094654801183395e-19
0.09367546348712123,0.08785635424202268,0.0999545423045549,0.09654035703769279,0.10782361030578613,0.006593492420480391,0.006593162980728096,0.06025123596191406,1.0946761976861673e-19
0.09367469977883633,0.0878562225535175,0.09995454822982494,0.09654095105528833,0.1078495979309082,0.006593162988641766,0.006592833565477463,0.06045246124267578,1.0946975891813875e-19
0.0936739360759362,0.08785609087176786,0.09995455415489639,0.096541545024843,0.10859823226928711,0.006592833573295685,0.006592504166924584,0.060788869857788086,1.0947189872320661e-19
0.0936731723784227,0.08785595919677325,0.09995456007976926,0.09654213894636235,0.10792827606201172,0.0065925041744423,0.006592174784358917,0.06025409698486328,1.0947403773378083e-19
0.09367240868629766,0.08785582752853312,0.09995456600444354,0.09654273281985203,0.10738611221313477,0.006592174792083072,0.006591845418313369,0.060235023498535156,1.094761766783832e-19
0.09367164499956299,0.08785569586704689,0.09995457192891924,0.09654332664531758,0.10739755630493164,0.00659184542621586,0.006591516068787939,0.0601961612701416,1.0947831554348514e-19
0.09367088131822035,0.08785556421231402,0.09995457785319634,0.09654392042276455,0.10762143135070801,0.006591516076839935,0.0065911867361378995,0.06041860580444336,1.0948045428042018e-19
0.09367011764227168,0.08785543256433398,0.09995458377727487,0.09654451415219857,0.10765480995178223,0.0065911867439540075,0.006590857419830343,0.06042599678039551,1.0948259324527046e-19
0.09366935397171879,0.08785530092310619,0.09995458970115481,0.09654510783362523,0.10742521286010742,0.006590857427556654,0.006590528120398176,0.0603642463684082,1.0948473194798723e-19
0.09366859030656341,0.0878551692886301,0.09995459562483618,0.09654570146705008,0.10748100280761719,0.006590528127647634,0.006590198836242678,0.060337066650390625,1.0948687071327532e-19
0.09366782664680746,0.08785503766090517,0.09995460154831896,0.0965462950524787,0.10767793655395508,0.006590198844227294,0.006589869569317841,0.060394287109375,1.094890094754555e-19
0.0936670629924528,0.08785490603993086,0.09995460747160316,0.09654688858991664,0.1075444221496582,0.0065898695772943095,0.006589540319623666,0.06020855903625488,1.0949114795866726e-19
0.09366629934350117,0.0878547744257066,0.09995461339468878,0.09654748207936949,0.10747432708740234,0.00658954032684487,0.0065892110850285235,0.060286521911621094,1.0949328599932596e-19
0.09366553569995445,0.08785464281823184,0.09995461931757581,0.0965480755208428,0.10756468772888184,0.006589211092882582,0.006588881867664043,0.060742855072021484,1.0949542431598507e-19
0.09366477206181449,0.08785451121750604,0.09995462524026426,0.09654866891434218,0.10683059692382812,0.006588881875404195,0.006588552667174952,0.060382843017578125,1.0949756330936644e-19
0.09366400842908308,0.08785437962352866,0.09995463116275413,0.09654926225987318,0.10695075988769531,0.0065885526744085335,0.006588223482495437,0.06038045883178711,1.0949970135072934e-19
0.09366324480176202,0.08785424803629913,0.09995463708504543,0.09654985555744137,0.1072547435760498,0.006588223489895529,0.0065878943141584045,0.06059408187866211,1.0950183908910116e-19
0.09366248117985315,0.0878541164558169,0.09995464300713815,0.09655044880705235,0.10679745674133301,0.006587894321865306,0.006587565162519127,0.060393571853637695,1.0950397712540591e-19
0.09366171756335834,0.08785398488208139,0.09995464892903229,0.09655104200871166,0.10662961006164551,0.006587565170316034,0.006587236027222332,0.06048774719238281,1.0950611501584822e-19
0.09366095395227937,0.0878538533150921,0.09995465485072787,0.0965516351624249,0.10638427734375,0.006587236035247611,0.006586906908800927,0.06010842323303223,1.0950825328080427e-19
0.09366019034661814,0.08785372175484846,0.09995466077222485,0.09655222826819763,0.10634970664978027,0.006586906916657129,0.006586577807254912,0.0601963996887207,1.0951039086747817e-19
0.09365942674637646,0.0878535902013499,0.09995466669352328,0.0965528213260354,0.10707879066467285,0.0065865778145450535,0.00658624872080793,0.06027412414550781,1.0951252869983778e-19
0.09365866315155624,0.08785345865459591,0.09995467261462312,0.09655341433594376,0.10674667358398438,0.00658624872891202,0.006585919652124517,0.06027054786682129,1.0951466625705403e-19
0.09365789956215928,0.08785332711458593,0.0999546785355244,0.0965540072979283,0.10716056823730469,0.006585919659756129,0.006585590599250679,0.06038618087768555,1.095168037659653e-19
0.09365713597818734,0.08785319558131939,0.0999546844562271,0.09655460021199459,0.10762786865234375,0.006585590607075883,0.006585261563429867,0.06054878234863281,1.0951894133495966e-19
0.09365637239964232,0.08785306405479575,0.09995469037673124,0.0965551930781482,0.10721397399902344,0.006585261570869135,0.00658493254306336,0.06022286415100098,1.095210786643668e-19
0.09365560882652604,0.08785293253501444,0.09995469629703682,0.09655578589639463,0.10759472846984863,0.006584932551138392,0.006584603540282785,0.06020212173461914,1.0952321557296702e-19
0.09365484525884035,0.08785280102197494,0.09995470221714382,0.0965563786667395,0.10750055313110352,0.00658460354788047,0.006584274553667058,0.06020760536193848,1.095253533297479e-19
0.09365408169658711,0.08785266951567669,0.09995470813705225,0.09655697138918835,0.1072077751159668,0.00658427456109457,0.006583945583038542,0.06013822555541992,1.0952749049572496e-19
0.09365331813976809,0.08785253801611914,0.09995471405676212,0.09655756406374677,0.10740876197814941,0.006583945590781872,0.0065836166289301445,0.060186147689819336,1.0952962739936684e-19
0.09365255458838513,0.08785240652330174,0.09995471997627342,0.09655815669042028,0.10729312896728516,0.0065836166369408824,0.006583287691874773,0.06021833419799805,1.0953176471677758e-19
0.0936517910424401,0.08785227503722395,0.09995472589558616,0.09655874926921443,0.1075129508972168,0.006583287699569754,0.00658295877133952,0.06016182899475098,1.095339016095693e-19
0.09365102750193478,0.08785214355788522,0.09995473181470031,0.09655934180013481,0.1076507568359375,0.006582958778666683,0.0065826298667914784,0.06028413772583008,1.0953603766510902e-19
0.09365026396687097,0.08785201208528498,0.09995473773361592,0.09655993428318697,0.1073598861694336,0.0065826298742327986,0.00658230097858592,0.060273170471191406,1.0953817508652357e-19
0.09364950043725051,0.0878518806194227,0.09995474365233296,0.09656052671837648,0.10690593719482422,0.006582300986267026,0.006581972107788658,0.059915781021118164,1.0954031182336384e-19
0.09364873691307525,0.08785174916029782,0.09995474957085143,0.09656111910570885,0.10695981979370117,0.006581972114767375,0.00658164325209043,0.059937477111816406,1.0954244846354383e-19
0.09364797339434705,0.0878516177079098,0.09995475548917133,0.09656171144518963,0.10695290565490723,0.00658164325973485,0.006581314413445227,0.05984187126159668,1.0954458492252547e-19
0.0936472098810676,0.08785148626225807,0.09995476140729269,0.09656230373682441,0.10691404342651367,0.006581314421167595,0.006580985591320143,0.05981159210205078,1.0954672113199657e-19
0.09364644637323882,0.0878513548233421,0.09995476732521548,0.09656289598061873,0.10675692558288574,0.006580985599065415,0.006580656785892813,0.05962228775024414,1.0954885786117639e-19
0.0936456828708626,0.08785122339116133,0.0999547732429397,0.09656348817657813,0.10671854019165039,0.006580656793425786,0.006580327996630331,0.05965232849121094,1.095509939746673e-19
0.09364491937394064,0.08785109196571524,0.09995477916046538,0.09656408032470815,0.10658836364746094,0.006580328004249299,0.0065799992240656024,0.059532880783081055,1.0955312984199238e-19
0.09364415588247486,0.08785096054700325,0.0999547850777925,0.09656467242501436,0.10698628425598145,0.006579999231534758,0.006579670467843357,0.05975031852722168,1.0955526613990477e-19
0.09364339239646714,0.08785082913502483,0.09995479099492105,0.0965652644775023,0.10657644271850586,0.006579670475281319,0.006579341727963595,0.05955195426940918,1.0955740237431968e-19
0.09364262891591921,0.08785069772977941,0.09995479691185105,0.09656585648217747,0.10686635971069336,0.006579341735488492,0.0065790130047815865,0.05963873863220215,1.095595380894105e-19
0.09364186544083299,0.08785056633126645,0.09995480282858249,0.09656644843904547,0.10630488395690918,0.006579013012155138,0.0065786842972315185,0.05951261520385742,1.095616740693133e-19
0.0936411019712103,0.08785043493948543,0.09995480874511538,0.09656704034811187,0.10668230056762695,0.0065786843052818055,0.006578355607622655,0.0596470832824707,1.095638100637014e-19
0.09364033850705299,0.08785030355443578,0.09995481466144972,0.09656763220938222,0.10666894912719727,0.006578355614864537,0.0065780269332904595,0.05960559844970703,1.0956594589565296e-19
0.09363957504836287,0.08785017217611694,0.09995482057758551,0.096568224022862,0.10689973831176758,0.0065780269409043204,0.006577698275833654,0.059808969497680664,1.0956808135633062e-19
0.09363881159514179,0.08785004080452838,0.09995482649352275,0.09656881578855678,0.1067194938659668,0.006577698283401256,0.0065773696345416965,0.05966448783874512,1.095702170836989e-19
0.09363804814739152,0.08784990943966953,0.09995483240926144,0.09656940750647211,0.10660195350646973,0.006577369642353517,0.006577041010302764,0.05955958366394043,1.0957235227212397e-19
0.09363728470511394,0.08784977808153986,0.09995483832480158,0.09656999917661349,0.10651969909667969,0.0065770410177602885,0.006576712402051044,0.059612274169921875,1.095744873899128e-19
0.09363652126831082,0.08784964673013883,0.09995484424014317,0.09657059079898647,0.10640645027160645,0.006576712409620403,0.006576383810852349,0.059630632400512695,1.0957662290633117e-19
0.09363575783698405,0.08784951538546586,0.0999548501552862,0.09657118237359662,0.10638308525085449,0.006576383817933268,0.0065760552349303225,0.059473514556884766,1.0957875851883602e-19
0.09363499441113543,0.08784938404752042,0.09995485607023068,0.09657177390044949,0.10646438598632812,0.006576055242698591,0.006575726676238958,0.0596470832824707,1.0958089298014901e-19
0.09363423099076675,0.08784925271630198,0.09995486198497662,0.09657236537955059,0.10651421546936035,0.006575726683916134,0.006575398134245347,0.05965828895568848,1.095830280701627e-19
0.09363346757587976,0.08784912139180996,0.09995486789952401,0.09657295681090541,0.10648369789123535,0.006575398141583377,0.006575069607883677,0.05975461006164551,1.0958516341009206e-19
0.09363270416647636,0.08784899007404384,0.09995487381387287,0.09657354819451958,0.10643672943115234,0.006575069615700488,0.006574741098575032,0.05974745750427246,1.095872982794958e-19
0.09363194076255844,0.08784885876300307,0.09995487972802317,0.09657413953039856,0.10648488998413086,0.006574741106266716,0.006574412605964142,0.05984377861022949,1.0958943263227645e-19
0.09363117736412783,0.08784872745868708,0.09995488564197492,0.09657473081854792,0.10631203651428223,0.006574412613280768,0.0065740841289851915,0.05981898307800293,1.09591567993179e-19
0.09363041397118639,0.08784859616109535,0.09995489155572813,0.09657532205897316,0.1062765121459961,0.00657408413674132,0.0065737556687039955,0.059838056564331055,1.0959370278077437e-19
0.09362965058373594,0.08784846487022732,0.09995489746928281,0.09657591325167983,0.10650873184204102,0.006573755676649107,0.006573427225475825,0.05988335609436035,1.0959583698579017e-19
0.09362888720177834,0.08784833358608245,0.09995490338263895,0.09657650439667348,0.10594630241394043,0.006573427233001254,0.006573098798057231,0.05979657173156738,1.0959797114454583e-19
0.09362812382531539,0.08784820230866018,0.09995490929579652,0.09657709549395961,0.10663461685180664,0.0065730988057987015,0.006572770387514026,0.06040143966674805,1.0960010614836522e-19
0.09362736045434894,0.08784807103795997,0.09995491520875557,0.09657768654354379,0.10658764839172363,0.006572770395039932,0.006572441993313305,0.06083989143371582,1.0960224067483825e-19
0.09362659708888074,0.08784793977398127,0.09995492112151608,0.09657827754543151,0.10575222969055176,0.006572442000724093,0.006572113615277431,0.06024360656738281,1.0960437431407708e-19
0.0936258337289127,0.08784780851672354,0.09995492703407804,0.09657886849962834,0.10592913627624512,0.006572113622851068,0.006571785253939311,0.0603642463684082,1.0960650907854172e-19
0.09362507037444656,0.08784767726618621,0.09995493294644146,0.09657945940613978,0.10580849647521973,0.0065717852614187045,0.006571456908766038,0.060413360595703125,1.0960864315202252e-19
0.09362430702548431,0.08784754602236873,0.09995493885860635,0.0965800502649714,0.10616922378540039,0.006571456916427477,0.006571128580468155,0.060552120208740234,1.0961077737296172e-19
0.09362354368202776,0.08784741478527057,0.09995494477057269,0.09658064107612872,0.12197136878967285,0.0065711285878757904,0.006570800267979848,0.07281780242919922,1.09612910582815e-19
0.09362278034407863,0.08784728355489119,0.09995495068234052,0.09658123183961721,0.11137533187866211,0.006570800275763739,0.006570471972544567,0.060991525650024414,1.0961504487361518e-19
0.0936220170116388,0.08784715233123004,0.0999549565939098,0.09658182255544247,0.1062471866607666,0.006570471980088657,0.006570143693629404,0.06039285659790039,1.0961717862959514e-19
0.09362125368471008,0.08784702111428656,0.09995496250528055,0.09658241322360994,0.10623955726623535,0.0065701437008504025,0.006569815430701453,0.0604093074798584,1.0961931267544046e-19
0.09362049036329433,0.08784688990406023,0.09995496841645275,0.09658300384412515,0.10584521293640137,0.0065698154380490915,0.006569487183583078,0.06010103225708008,1.0962144554916864e-19
0.0936197270473934,0.08784675870055048,0.09995497432742642,0.09658359441699366,0.10614562034606934,0.006569487191685465,0.006569158954228271,0.060437917709350586,1.0962357972705295e-19
0.09361896373700905,0.08784662750375678,0.09995498023820155,0.09658418494222093,0.10738468170166016,0.006569158961754719,0.00656883074068304,0.06151771545410156,1.096257134401298e-19
0.09361820043214311,0.08784649631367858,0.09995498614877817,0.09658477541981253,0.10637474060058594,0.006568830748257601,0.006568502543480292,0.060605764389038086,1.0962784627674395e-19
0.0936174371327975,0.08784636513031531,0.09995499205915624,0.096585365849774,0.10616707801818848,0.00656850255119454,0.006568174362975299,0.06083798408508301,1.09629979549536e-19
0.09361667383897401,0.08784623395366646,0.09995499796933578,0.09658595623211083,0.10603141784667969,0.006568174370563952,0.006567846198812788,0.06061744689941406,1.09632112816858e-19
0.09361591055067447,0.08784610278373145,0.0999550038793168,0.09658654656682855,0.10593175888061523,0.0065678462063638275,0.006567518050637489,0.06066322326660156,1.096342458291123e-19
0.09361514726790077,0.08784597162050975,0.09995500978909928,0.09658713685393264,0.10597515106201172,0.006567518058595313,0.006567189919515215,0.06059408187866211,1.0963637915153681e-19
0.09361438399065465,0.08784584046400082,0.09995501569868324,0.09658772709342865,0.10634255409240723,0.006567189927255541,0.006566861804735424,0.06084012985229492,1.0963851243753835e-19
0.09361362071893797,0.08784570931420409,0.09995502160806868,0.09658831728532205,0.10597538948059082,0.006566861812345363,0.006566533706475752,0.0605921745300293,1.0964064514942645e-19
0.09361285745275254,0.08784557817111902,0.09995502751725559,0.0965889074296184,0.10640239715576172,0.006566533713862949,0.0065662056243809275,0.06083250045776367,1.0964277780010207e-19
0.09361209419210018,0.08784544703474506,0.09995503342624397,0.09658949752632316,0.10625648498535156,0.006566205631808094,0.006565877558273314,0.06060361862182617,1.0964491035551202e-19
0.09361133093698266,0.08784531590508168,0.09995503933503383,0.09659008757544188,0.10651707649230957,0.006565877566179773,0.006565549509396362,0.060690879821777344,1.0964704301987294e-19
0.09361056768740185,0.08784518478212834,0.09995504524362517,0.09659067757698006,0.10598874092102051,0.006565549516977014,0.006565221476328986,0.06051945686340332,1.0964917578973905e-19
0.09360980444335963,0.08784505366588448,0.09995505115201798,0.09659126753094319,0.1066892147064209,0.006565221484200481,0.006564893460314636,0.06077146530151367,1.09651308397385e-19
0.09360904120485782,0.08784492255634956,0.09995505706021228,0.09659185743733675,0.10672473907470703,0.006564893467846207,0.00656456546099804,0.06067180633544922,1.0965344044208743e-19
0.09360827797189833,0.08784479145352306,0.09995506296820804,0.09659244729616631,0.10643219947814941,0.006564565467915369,0.006564237477135748,0.060648441314697266,1.0965557327898502e-19
0.09360751474448296,0.0878446603574044,0.09995506887600529,0.09659303710743734,0.10682439804077148,0.006564237484406587,0.006563909509260668,0.06067013740539551,1.0965770514480764e-19
0.09360675152261354,0.08784452926799305,0.09995507478360402,0.09659362687115533,0.10697150230407715,0.006563909517321001,0.006563581559326792,0.06089663505554199,1.096598371973222e-19
0.0936059883062919,0.08784439818528846,0.09995508069100423,0.09659421658732578,0.10651564598083496,0.006563581566655723,0.006563253625202492,0.06043505668640137,1.0966196949967583e-19
0.09360522509551977,0.08784426710929008,0.09995508659820591,0.09659480625595422,0.1070857048034668,0.00656325363240896,0.0065629257070654035,0.060801029205322266,1.0966410195739356e-19
0.09360446189029907,0.08784413603999737,0.09995509250520909,0.09659539587704619,0.1067955493927002,0.00656292571458225,0.0065625978054484335,0.060671091079711914,1.0966623359229345e-19
0.0936036986906316,0.0878440049774098,0.09995509841201376,0.09659598545060713,0.10734748840332031,0.006562597813174144,0.0065622699201739465,0.06104230880737305,1.0966836542901005e-19
0.09360293549651925,0.0878438739215268,0.09995510431861991,0.09659657497664262,0.10684561729431152,0.0065622699281841,0.006561942051952485,0.06067705154418945,1.0967049728594725e-19
0.09360217230796386,0.08784374287234786,0.09995511022502754,0.09659716445515808,0.1071774959564209,0.006561942059610274,0.006561614199718235,0.060723304748535156,1.0967262867085014e-19
0.09360140912496723,0.08784361182987241,0.09995511613123664,0.09659775388615904,0.10675525665283203,0.006561614207451878,0.00656128636418174,0.060418128967285156,1.0967476071136858e-19
0.0936006459475312,0.08784348079409991,0.09995512203724724,0.09659834326965101,0.1072092056274414,0.0065612863717083945,0.006560958544632456,0.06067013740539551,1.0967689166703751e-19
0.09359988277565753,0.08784334976502982,0.09995512794305932,0.09659893260563948,0.10705327987670898,0.006560958552379318,0.006560630742136198,0.060680389404296875,1.096790231767702e-19
0.09359911960934811,0.0878432187426616,0.09995513384867288,0.09659952189412999,0.10733318328857422,0.006560630749463161,0.006560302955449515,0.0607142448425293,1.0968115497240354e-19
0.09359835644860484,0.0878430877269947,0.09995513975408794,0.09660011113512801,0.10656452178955078,0.006560302962959107,0.006559975185282951,0.060060977935791016,1.0968328608914477e-19
0.0935975932934295,0.08784295671802857,0.0999551456593045,0.09660070032863904,0.10558509826660156,0.006559975192868037,0.006559647431281235,0.05938577651977539,1.0968541758567386e-19
0.0935968301438239,0.08784282571576264,0.09995515156432253,0.09660128947466858,0.10468459129333496,0.006559647439188108,0.006559319694154908,0.059488534927368164,1.0968754863750296e-19
0.0935960669997898,0.08784269472019642,0.09995515746914205,0.0966018785732221,0.10477256774902344,0.0065593197019185225,0.006558991973371064,0.059558868408203125,1.096896798048221e-19
0.09359530386132901,0.0878425637313293,0.09995516337376308,0.09660246762430509,0.10615921020507812,0.006558991981057409,0.006558664269107339,0.06081247329711914,1.0969181059106006e-19
0.0935945407284434,0.08784243274916079,0.0999551692781856,0.09660305662792308,0.11113572120666504,0.006558664276604918,0.0065583365810084615,0.061731815338134766,1.0969394142435166e-19
0.0935937776011349,0.08784230177369035,0.09995517518240961,0.09660364558408152,0.1084895133972168,0.0065583365885595645,0.006558008909252067,0.06101346015930176,1.0969607242345527e-19
0.0935930144794052,0.0878421708049174,0.09995518108643511,0.09660423449278588,0.1081693172454834,0.006558008916920953,0.006557681253660519,0.060979604721069336,1.09698203244666e-19
0.09359225136325616,0.08784203984284142,0.09995518699026211,0.09660482335404164,0.11043477058410645,0.006557681261689574,0.006557353615654904,0.06125688552856445,1.0970033367835632e-19
0.09359148825268968,0.08784190888746185,0.09995519289389061,0.09660541216785432,0.10989236831665039,0.006557353622861151,0.006557025992748322,0.06080126762390137,1.09702464507019e-19
0.0935907251477075,0.08784177793877816,0.0999551987973206,0.09660600093422943,0.10854625701904297,0.006557026000437988,0.006556698386894766,0.06084847450256348,1.0970459504740846e-19
0.0935899620483115,0.0878416469967898,0.09995520470055208,0.09660658965317245,0.10989165306091309,0.006556698394417847,0.006556370796850786,0.06095075607299805,1.0970672547043998e-19
0.09358919895450357,0.08784151606149622,0.09995521060358506,0.09660717832468887,0.10875368118286133,0.006556370804801341,0.006556043223859831,0.060764312744140625,1.0970885553088496e-19
0.09358843586628551,0.0878413851328969,0.09995521650641953,0.09660776694878415,0.10944223403930664,0.006556043231586537,0.0065557156670337235,0.060632944107055664,1.0971098605174717e-19
0.09358767278365909,0.08784125421099127,0.09995522240905551,0.09660835552546378,0.10868072509765625,0.0065557156747716745,0.006555388126727735,0.06067943572998047,1.097131160915875e-19
0.09358690970662625,0.08784112329577881,0.09995522831149298,0.09660894405473323,0.10668087005615234,0.0065553881343578925,0.0065550606029418645,0.06008100509643555,1.0971524619606522e-19
0.0935861466351888,0.08784099238725895,0.09995523421373195,0.09660953253659801,0.10657787322998047,0.006555060610342683,0.00655473309496557,0.06012749671936035,1.097173761779869e-19
0.0935853835693485,0.08784086148543117,0.09995524011577242,0.09661012097106357,0.10636639595031738,0.006554733102726957,0.006554405604219937,0.060070037841796875,1.097195063142709e-19
0.09358462050910728,0.08784073059029492,0.0999552460176144,0.0966107093581354,0.10648250579833984,0.006554405611507812,0.00655407812928388,0.060106754302978516,1.097216360893703e-19
0.09358385745446693,0.08784059970184965,0.09995525191925787,0.09661129769781897,0.10654115676879883,0.006554078136685199,0.00655375067051267,0.0599980354309082,1.0972376573831325e-19
0.09358309440542929,0.08784046882009482,0.09995525782070284,0.09661188599011981,0.10662102699279785,0.006553750678259885,0.006553423228794486,0.060239553451538086,1.0972589564910838e-19
0.09358233136199613,0.08784033794502989,0.09995526372194934,0.09661247423504334,0.1072993278503418,0.006553423236229044,0.006553095802885878,0.06026148796081543,1.097280253234613e-19
0.09358156832416935,0.08784020707665433,0.09995526962299733,0.09661306243259504,0.1068582534790039,0.006553095810592598,0.006552768394030295,0.06022524833679199,1.0973015472073304e-19
0.09358080529195073,0.08784007621496759,0.09995527552384682,0.09661365058278043,0.10569381713867188,0.006552768401350629,0.006552441000984288,0.059624433517456055,1.0973228425618828e-19
0.09358004226534207,0.08783994535996911,0.09995528142449782,0.096614238685605,0.10534405708312988,0.006552441008501034,0.006552113624636036,0.05968976020812988,1.0973441347177352e-19
0.09357927924434524,0.08783981451165837,0.09995528732495032,0.09661482674107419,0.1049351692199707,0.006552113632042937,0.006551786264097359,0.059331655502319336,1.0973654305311705e-19
0.09357851622896209,0.0878396836700348,0.09995529322520433,0.09661541474919348,0.10495114326477051,0.0065517862719769405,0.006551458920434072,0.059191226959228516,1.0973867254088713e-19
0.09357775321919445,0.08783955283509787,0.09995529912525986,0.09661600270996831,0.1056680679321289,0.0065514589283011924,0.0065511315931132685,0.0594027042388916,1.0974080110148557e-19
0.09357699021504415,0.08783942200684704,0.09995530502511689,0.09661659062340423,0.10699152946472168,0.006551131601014495,0.006550804282134948,0.05983448028564453,1.097429302498132e-19
0.09357622721651307,0.08783929118528175,0.09995531092477543,0.09661717848950666,0.10660600662231445,0.006550804290117354,0.006550476988032017,0.05998992919921875,1.097450589346515e-19
0.09357546422360297,0.08783916037040147,0.09995531682423547,0.09661776630828106,0.1071014404296875,0.006550476995606928,0.006550149709738662,0.06003689765930176,1.0974718789518726e-19
0.09357470123631573,0.08783902956220567,0.09995532272349704,0.09661835407973295,0.10694098472595215,0.006550149717482803,0.0065498224479654255,0.06012701988220215,1.097493168384663e-19
0.09357393825465316,0.08783889876069378,0.09995532862256012,0.09661894180386776,0.10669469833374023,0.006549822455745815,0.006549495202889943,0.059850454330444336,1.097514460992264e-19
0.09357317527861697,0.08783876796586529,0.09995533452142472,0.09661952948069098,0.10685181617736816,0.0065494952103937526,0.0065491679734464014,0.05986332893371582,1.0975357432531381e-19
0.09357241230820915,0.08783863717771964,0.09995534042009083,0.09662011711020807,0.10664057731628418,0.006549167981427137,0.006548840761055885,0.05977129936218262,1.0975570316384008e-19
0.09357164934343144,0.0878385063962563,0.09995534631855846,0.09662070469242447,0.10671877861022949,0.006548840768843562,0.006548513565007852,0.05972409248352051,1.0975783143726024e-19
0.09357088638428573,0.08783837562147473,0.0999553522168276,0.09662129222734567,0.10694599151611328,0.006548513572643447,0.006548186385124666,0.059787750244140625,1.0975995995913888e-19
0.09357012343077384,0.08783824485337438,0.09995535811489825,0.09662187971497717,0.10718560218811035,0.0065481863928246765,0.006547859221761598,0.06002020835876465,1.0976208769125654e-19
0.0935693604828976,0.0878381140919547,0.09995536401277043,0.09662246715532442,0.10701513290405273,0.006547859229387047,0.006547532074563378,0.059807538986206055,1.0976421678450375e-19
0.09356859754065884,0.08783798333721515,0.09995536991044411,0.09662305454839289,0.10687971115112305,0.006547532082330155,0.006547204944062912,0.059580326080322266,1.097663447099853e-19
0.09356783460405939,0.0878378525891552,0.09995537580791931,0.09662364189418801,0.10674762725830078,0.006547204951653098,0.006546877829727293,0.05962228775024414,1.0976847294243712e-19
0.09356707167310106,0.0878377218477743,0.09995538170519605,0.09662422919271522,0.10710525512695312,0.006546877837354434,0.006546550732089429,0.059487104415893555,1.0977060081797713e-19
0.09356630874778571,0.08783759111307192,0.09995538760227429,0.09662481644398004,0.10733795166015625,0.006546550739434286,0.00654622365026114,0.05964064598083496,1.0977272900349128e-19
0.09356554582811515,0.08783746038504751,0.09995539349915407,0.09662540364798787,0.10707926750183105,0.00654622365789124,0.006545896585130606,0.05950212478637695,1.0977485698647702e-19
0.09356478291409123,0.08783732966370053,0.09995539939583536,0.09662599080474422,0.1069493293762207,0.006545896592724465,0.006545569536164919,0.059388160705566406,1.0977698431287285e-19
0.09356402000571579,0.08783719894903044,0.09995540529231818,0.09662657791425457,0.10756325721740723,0.006545569543933457,0.006545242503896986,0.0597836971282959,1.0977911231586103e-19
0.09356325710299061,0.08783706824103668,0.09995541118860252,0.09662716497652425,0.10764288902282715,0.006545242511516678,0.006544915487260994,0.05972933769226074,1.09781239801952e-19
0.09356249420591753,0.08783693753971872,0.09995541708468839,0.0966277519915588,0.10753154754638672,0.006544915495474716,0.006544588488033298,0.05949592590332031,1.0978336738424446e-19
0.09356173131449841,0.08783680684507603,0.09995542298057578,0.09662833895936364,0.10739493370056152,0.00654458849580505,0.006544261504792814,0.05938124656677246,1.0978549461021602e-19
0.09356096842873514,0.08783667615710805,0.09995542887626468,0.09662892587994425,0.10902643203735352,0.006544261512507522,0.006543934537894813,0.05955076217651367,1.097876222456051e-19
0.0935602055486295,0.08783654547581425,0.09995543477175513,0.09662951275330608,0.10892486572265625,0.006543934545581619,0.0065436075871616595,0.05972099304199219,1.0978974943108025e-19
0.09355944267418327,0.08783641480119408,0.09995544066704709,0.09663009957945459,0.10770153999328613,0.006543607595026592,0.006543280653303896,0.05912590026855469,1.09791876734229e-19
0.0935586798053983,0.08783628413324703,0.0999554465621406,0.09663068635839528,0.10748171806335449,0.006543280660840177,0.006542953735433343,0.05907583236694336,1.097940038194862e-19
0.09355791694227643,0.08783615347197253,0.09995545245703563,0.09663127309013353,0.10761260986328125,0.006542953743022994,0.006542626833905274,0.05919933319091797,1.097961313341219e-19
0.09355715408481952,0.08783602281737005,0.0999554583517322,0.09663185977467484,0.10755372047424316,0.00654262684157349,0.006542299948897323,0.05922055244445801,1.0979825818596748e-19
0.09355639123302932,0.08783589216943903,0.09995546424623028,0.0966324464120246,0.10783743858337402,0.006542299956491195,0.006541973080231855,0.05921578407287598,1.0980038486937154e-19
0.0935556283869077,0.08783576152817897,0.09995547014052991,0.09663303300218834,0.10753965377807617,0.006541973087775616,0.006541646227553599,0.058940887451171875,1.0980251213537805e-19
0.09355486554645646,0.08783563089358931,0.09995547603463106,0.09663361954517148,0.10804915428161621,0.006541646235426297,0.006541319391750733,0.05903053283691406,1.0980463838504923e-19
0.09355410271167748,0.08783550026566951,0.09995548192853376,0.09663420604097946,0.10777449607849121,0.006541319399441677,0.006540992572467985,0.05897378921508789,1.0980676554157628e-19
0.09355333988257257,0.08783536964441904,0.09995548782223798,0.0966347924896177,0.10822367668151855,0.006540992579819977,0.006540665768994813,0.05923914909362793,1.0980889230156037e-19
0.09355257705914356,0.08783523902983736,0.09995549371574375,0.09663537889109167,0.10844635963439941,0.00654066577656272,0.006540338982219396,0.05924654006958008,1.0981101853584741e-19
0.09355181424139232,0.08783510842192394,0.09995549960905104,0.09663596524540681,0.10889434814453125,0.006540338989667405,0.00654001221143119,0.05925130844116211,1.0981314454807887e-19
0.09355105142932059,0.0878349778206782,0.09995550550215987,0.09663655155256856,0.10851788520812988,0.00654001221913362,0.0065396854571631025,0.059172868728637695,1.0981527136503207e-19
0.09355028862293017,0.08783484722609962,0.09995551139507022,0.0966371378125824,0.10816073417663574,0.006539685464960403,0.006539358719592769,0.05940556526184082,1.0981739750486696e-19
0.09354952582222298,0.08783471663818766,0.09995551728778213,0.0966377240254537,0.10827136039733887,0.006539358727147039,0.006539031998364919,0.05923104286193848,1.0981952363993974e-19
0.0935487630272008,0.08783458605694178,0.09995552318029556,0.09663831019118792,0.10796713829040527,0.006539032005692657,0.006538705292769009,0.05935835838317871,1.098216498199348e-19
0.09354800023786547,0.08783445548236143,0.09995552907261053,0.09663889630979049,0.10773468017578125,0.006538705300596789,0.006538378604403761,0.05913043022155762,1.0982377629770997e-19
0.09354723745421882,0.0878343249144461,0.09995553496472705,0.09663948238126684,0.10811877250671387,0.006538378611857577,0.006538051931848088,0.059282779693603516,1.0982590163713603e-19
0.09354647467626273,0.08783419435319521,0.0999555408566451,0.0966400684056224,0.10800552368164062,0.006538051939475247,0.006537725275634898,0.05947685241699219,1.0982802763698621e-19
0.09354571190399903,0.08783406379860827,0.0999555467483647,0.09664065438286264,0.10825967788696289,0.006537725283450048,0.006537398635941827,0.05961489677429199,1.098301531160697e-19
0.09354494913742958,0.08783393325068471,0.09995555263988583,0.096641240312993,0.10788321495056152,0.006537398643779346,0.006537072012768874,0.059537410736083984,1.0983227912763536e-19
0.09354418637655611,0.087833802709424,0.09995555853120851,0.09664182619601895,0.1081538200378418,0.006537072020462047,0.0065367454059384045,0.05968976020812988,1.0983440431845132e-19
0.09354342362138057,0.08783367217482559,0.09995556442233273,0.09664241203194587,0.10788464546203613,0.006536745413497672,0.006536418815095146,0.059549570083618164,1.0983653021777576e-19
0.09354266087190474,0.08783354164688893,0.0999555703132585,0.09664299782077919,0.10812640190124512,0.006536418822886711,0.006536092241304914,0.05982613563537598,1.0983865581511603e-19
0.09354189812813045,0.0878334111256135,0.0999555762039858,0.09664358356252435,0.11027002334594727,0.006536092248626021,0.006535765682968986,0.06175351142883301,1.0984078097528113e-19
0.09354113539005944,0.08783328061099877,0.09995558209451466,0.09664416925718676,0.11471343040466309,0.006535765690717501,0.006535439141508448,0.05975008010864258,1.0984290654765017e-19
0.09354037265769362,0.08783315010304416,0.09995558798484507,0.09664475490477185,0.11064386367797852,0.006535439149158905,0.006535112616390393,0.06194019317626953,1.098450321330965e-19
0.09353960993103488,0.08783301960174915,0.09995559387497702,0.09664534050528512,0.10813593864440918,0.006535112623949492,0.006534786107792456,0.05998802185058594,1.0984715709640546e-19
0.09353884721008497,0.08783288910711322,0.09995559976491052,0.09664592605873196,0.11637544631958008,0.0065347861150877075,0.006534459615004096,0.06483030319213867,1.098492819260818e-19
0.09353808449484578,0.08783275861913581,0.09995560565464555,0.09664651156511785,0.11804032325744629,0.006534459622573092,0.006534133138735854,0.06360888481140137,1.0985140716814434e-19
0.09353732178531901,0.0878326281378164,0.09995561154418214,0.0966470970244482,0.11671614646911621,0.006534133146406201,0.006533806678810095,0.06320667266845703,1.0985353160510915e-19
0.09353655908150663,0.08783249766315444,0.09995561743352029,0.09664768243672839,0.12004637718200684,0.006533806686585533,0.006533480235226818,0.0651862621307373,1.098556566493485e-19
0.09353579638341045,0.0878323671951494,0.09995562332265998,0.09664826780196387,0.11755084991455078,0.006533480243109569,0.0065331538083412966,0.06421399116516113,1.0985778165364898e-19
0.09353503369103222,0.08783223673380074,0.09995562921160123,0.09664885312016008,0.12105560302734375,0.0065331538159784115,0.006532827397087715,0.061522722244262695,1.098599061870953e-19
0.09353427100437384,0.08783210627910791,0.09995563510034403,0.09664943839132241,0.11486363410949707,0.006532827405191094,0.0065325010030647945,0.06191372871398926,1.0986203033774961e-19
0.0935335083234371,0.08783197583107037,0.09995564098888839,0.09665002361545627,0.1157674789428711,0.0065325010107459966,0.006532174625206721,0.06197047233581543,1.098641552005204e-19
0.09353274564822388,0.08783184538968761,0.0999556468772343,0.09665060879256711,0.11411571502685547,0.00653217463264198,0.006531848263513496,0.06252670288085938,1.0986627936227746e-19
0.09353198297873608,0.08783171495495906,0.09995565276538176,0.09665119392266036,0.11803603172302246,0.0065318482708792355,0.006531521918340388,0.06506037712097168,1.0986840389037418e-19
0.09353122031497546,0.08783158452688421,0.09995565865333078,0.09665177900574143,0.11259031295776367,0.006531521925455913,0.006531195588799221,0.06242823600769043,1.0987052827729945e-19
0.09353045765694386,0.08783145410546249,0.09995566454108136,0.0966523640418157,0.1160428524017334,0.006531195596373272,0.0065308692759558085,0.06122875213623047,1.0987265236764881e-19
0.09352969500464312,0.08783132369069338,0.09995567042863349,0.09665294903088863,0.11489033699035645,0.006530869283629141,0.006530542979987786,0.062166452407836914,1.0987477632323624e-19
0.09352893235807506,0.08783119328257635,0.09995567631598717,0.09665353397296564,0.11589717864990234,0.0065305429872213275,0.006530216699829339,0.06319069862365723,1.0987690046783486e-19
0.09352816971724152,0.08783106288111085,0.09995568220314241,0.09665411886805218,0.11515212059020996,0.006530216707150342,0.006529890435835739,0.06325411796569824,1.0987902412279278e-19
0.09352740708214428,0.08783093248629635,0.0999556880900992,0.09665470371615366,0.11221623420715332,0.006529890443417766,0.006529564188539894,0.06339454650878906,1.0988114853490252e-19
0.09352664445278525,0.08783080209813231,0.09995569397685755,0.09665528851727545,0.11959171295166016,0.006529564196019681,0.00652923795723126,0.0630960464477539,1.0988327203550585e-19
0.09352588182916625,0.0878306717166182,0.09995569986341747,0.09665587327142301,0.11504459381103516,0.006529237964955343,0.00652891174262038,0.06351757049560547,1.098853957335543e-19
0.09352511921128909,0.08783054134175346,0.09995570574977894,0.09665645797860176,0.11377286911010742,0.0065289117502249265,0.006528585544529619,0.06375455856323242,1.0988751981625922e-19
0.09352435659915558,0.08783041097353755,0.09995571163594198,0.09665704263881705,0.11061739921569824,0.006528585551826527,0.006528259362248434,0.0624699592590332,1.0988964312311344e-19
0.09352359399276752,0.08783028061196996,0.09995571752190659,0.09665762725207433,0.11070108413696289,0.006528259369760439,0.006527933196487368,0.06097126007080078,1.0989176673194286e-19
0.09352283139212683,0.08783015025705014,0.09995572340767275,0.09665821181837903,0.11724257469177246,0.006527933204026086,0.006527607047068784,0.06310415267944336,1.0989389052288956e-19
0.09352206879723526,0.08783001990877755,0.09995572929324048,0.09665879633773654,0.1169123649597168,0.00652760705462172,0.006527280913815048,0.06276869773864746,1.098960130287346e-19
0.09352130620809468,0.08782988956715165,0.09995573517860978,0.09665938081015225,0.11159086227416992,0.006527280921547866,0.00652695479708143,0.06172060966491699,1.0989813637357128e-19
0.09352054362470695,0.08782975923217193,0.09995574106378065,0.09665996523563157,0.11519742012023926,0.006526954804801902,0.00652662869651266,0.06290221214294434,1.0990025973298127e-19
0.09351978104707387,0.08782962890383782,0.09995574694875309,0.09666054961417984,0.11595916748046875,0.006526628704384528,0.006526302612819279,0.0644834041595459,1.0990238281393883e-19
0.09351901847519725,0.0878294985821488,0.09995575283352709,0.09666113394580259,0.11315178871154785,0.006526302620293413,0.006525976544757839,0.06423783302307129,1.0990450594345179e-19
0.09351825590907892,0.08782936826710432,0.09995575871810267,0.09666171823050518,0.1177065372467041,0.0065259765525292075,0.006525650493394153,0.06840634346008301,1.0990662901246488e-19
0.09351749334872062,0.08782923795870386,0.0999557646024798,0.09666230246829298,0.11486387252807617,0.006525650501089363,0.006525324458195314,0.06392192840576172,1.099087518267859e-19
0.0935167307941242,0.08782910765694688,0.09995577048665852,0.09666288665917146,0.11739063262939453,0.006525324465975783,0.006524998439871865,0.06588578224182129,1.0991087423908003e-19
0.0935159682452915,0.08782897736183282,0.0999557763706388,0.09666347080314601,0.11549019813537598,0.006524998447184547,0.006524672437180357,0.06459569931030273,1.0991299749338655e-19
0.09351520570222441,0.08782884707336115,0.09995578225442066,0.09666405490022202,0.11432027816772461,0.0065246724447165574,0.0065243464504760595,0.0627889633178711,1.099151196258715e-19
0.0935144431649247,0.08782871679153136,0.09995578813800408,0.09666463895040492,0.11281585693359375,0.006524346458571726,0.006524020481357695,0.06149411201477051,1.0991724248532245e-19
0.09351368063339427,0.08782858651634289,0.0999557940213891,0.09666522295370009,0.12075018882751465,0.006524020488747743,0.006523694527871271,0.06723308563232422,1.0991936460417287e-19
0.09351291810763496,0.08782845624779521,0.09995579990457568,0.09666580691011295,0.1130208969116211,0.006523694535243577,0.00652336859072733,0.06290555000305176,1.0992148691099676e-19
0.09351215558764865,0.08782832598588779,0.09995580578756384,0.0966663908196489,0.1143949031829834,0.006523368598059046,0.0065230426699258715,0.06250357627868652,1.099236095830278e-19
0.09351139307343713,0.08782819573062008,0.09995581167035357,0.09666697468231332,0.11659955978393555,0.0065230426771936325,0.006522716765111625,0.06461548805236816,1.0992573142374397e-19
0.09351063056500222,0.08782806548199155,0.09995581755294487,0.09666755849811162,0.1121368408203125,0.006522716772645957,0.006522390876106954,0.06349658966064453,1.0992785345211134e-19
0.09350986806234572,0.08782793524000167,0.09995582343533777,0.09666814226704917,0.11163759231567383,0.006522390884418168,0.006522065004688216,0.06162881851196289,1.0992997581996597e-19
0.09350910556546946,0.0878278050046499,0.09995582931753222,0.09666872598913143,0.11542916297912598,0.006522065012505036,0.006521739148723782,0.0638420581817627,1.0993209784743976e-19
0.09350834307437528,0.08782767477593571,0.09995583519952826,0.09666930966436371,0.11214447021484375,0.0065217391569078,0.0065214133094571025,0.06232166290283203,1.0993421940929122e-19
0.09350758058906494,0.08782754455385856,0.09995584108132588,0.09666989329275145,0.11666989326477051,0.006521413317625324,0.006521087487243449,0.06424450874328613,1.0993634144637636e-19
0.09350681810954027,0.08782741433841793,0.09995584696292507,0.09667047687430003,0.1093909740447998,0.006521087494655672,0.006520761680661735,0.061281681060791016,1.0993846307284165e-19
0.0935060556358032,0.08782728412961326,0.09995585284432584,0.09667106040901484,0.13243412971496582,0.006520761687999425,0.006520435890244869,0.0735926628112793,1.0994058449111161e-19
0.09350529316785551,0.08782715392744402,0.09995585872552819,0.09667164389690128,0.11876082420349121,0.006520435897655453,0.00652011011599285,0.06397128105163574,1.099427063131247e-19
0.09350453070569907,0.08782702373190966,0.09995586460653212,0.09667222733796477,0.1179664134979248,0.006520110123623949,0.006519784358438585,0.06964111328125,1.0994482766460022e-19
0.09350376824933568,0.08782689354300967,0.09995587048733764,0.09667281073221064,0.11553406715393066,0.006519784365902391,0.006519458616693896,0.06468629837036133,1.0994694923069713e-19
0.09350300579876714,0.08782676336074348,0.09995587636794476,0.09667339407964436,0.10847592353820801,0.006519458624491998,0.006519132892179869,0.06170916557312012,1.099490704596995e-19
0.09350224335399532,0.0878266331851106,0.09995588224835344,0.09667397738027123,0.11720752716064453,0.0065191328993886005,0.006518807183297781,0.06352782249450684,1.0995119164170015e-19
0.09350148091502199,0.08782650301611046,0.09995588812856371,0.09667456063409671,0.10788369178771973,0.0065188071905940585,0.006518481490758177,0.060860633850097656,1.0995331316788688e-19
0.09350071848184908,0.08782637285374253,0.09995589400857556,0.09667514384112617,0.11643528938293457,0.006518481498106521,0.006518155814738691,0.06328535079956055,1.0995543391419562e-19
0.09349995605447842,0.0878262426980063,0.09995589988838902,0.096675727001365,0.10836577415466309,0.006518155821926472,0.006517830154528781,0.061324357986450195,1.09957554795206e-19
0.09349919363291173,0.08782611254890123,0.09995590576800403,0.09667631011481857,0.11379528045654297,0.006517830162052185,0.006517504510661354,0.06267094612121582,1.0995967624280295e-19
0.09349843121715087,0.08782598240642676,0.09995591164742065,0.0966768931814923,0.1158759593963623,0.006517504518482525,0.006517178883846952,0.06256294250488281,1.0996179703202936e-19
0.09349766880719772,0.08782585227058236,0.09995591752663886,0.0966774762013915,0.10812997817993164,0.006517178891216926,0.006516853273375034,0.06011676788330078,1.0996391757898102e-19
0.09349690640305407,0.08782572214136751,0.09995592340565865,0.09667805917452157,0.11589455604553223,0.006516853280253525,0.006516527678179784,0.06349325180053711,1.0996603807864357e-19
0.09349614400472175,0.08782559201878165,0.09995592928448002,0.09667864210088793,0.10724997520446777,0.006516527685593624,0.006516202099504653,0.060639381408691406,1.099681585299951e-19
0.09349538161220258,0.08782546190282428,0.09995593516310299,0.09667922498049593,0.1142117977142334,0.006516202107235371,0.006515876537704912,0.06304597854614258,1.0997027983054402e-19
0.09349461922549843,0.08782533179349483,0.09995594104152754,0.096679807813351,0.10962343215942383,0.006515876545177253,0.006515550991892383,0.0617523193359375,1.099723999604547e-19
0.09349385684461116,0.08782520169079278,0.0999559469197537,0.09668039059945847,0.11861562728881836,0.006515550999420789,0.006515225462067065,0.06955814361572266,1.0997452002149002e-19
0.09349309446954253,0.08782507159471759,0.09995595279778145,0.09668097333882375,0.11403179168701172,0.006515225469963856,0.006514899949117137,0.06352829933166504,1.099766406127746e-19
0.09349233210029438,0.08782494150526873,0.0999559586756108,0.09668155603145219,0.11332845687866211,0.006514899956804586,0.0065145744519767845,0.06272602081298828,1.0997876089741532e-19
0.0934915697368685,0.08782481142244569,0.09995596455324174,0.09668213867734922,0.11052846908569336,0.006514574459944236,0.006514248971889458,0.06128358840942383,1.0998088066666997e-19
0.09349080737926675,0.08782468134624792,0.09995597043067427,0.09668272127652021,0.11539745330810547,0.006514248979378916,0.006513923507434072,0.0635225772857666,1.0998300076593874e-19
0.09349004502749109,0.08782455127667486,0.0999559763079084,0.09668330382897049,0.11441755294799805,0.006513923515109842,0.00651359805967644,0.06435489654541016,1.099851209870857e-19
0.0934892826815433,0.08782442121372602,0.09995598218494411,0.09668388633470545,0.1207280158996582,0.0065135980671354385,0.006513272627906019,0.07107400894165039,1.0998724080464082e-19
0.09348852034142521,0.08782429115740084,0.09995598806178144,0.09668446879373047,0.11757016181945801,0.006513272635455735,0.0065129472126557175,0.06555891036987305,1.0998936029735059e-19
0.09348775800713863,0.08782416110769879,0.09995599393842035,0.09668505120605089,0.11284661293029785,0.006512947220069433,0.006512621813392627,0.06176400184631348,1.0999148015149195e-19
0.09348699567868535,0.08782403106461933,0.09995599981486086,0.09668563357167213,0.11330389976501465,0.00651262182097544,0.00651229643047202,0.06224560737609863,1.0999360036340622e-19
0.0934862333560672,0.08782390102816194,0.09995600569110297,0.0966862158905995,0.11786770820617676,0.006512296438174252,0.006511971064249167,0.06485962867736816,1.0999571971921643e-19
0.09348547103928598,0.08782377099832608,0.09995601156714666,0.0966867981628384,0.11195588111877441,0.006511971071663408,0.006511645713480618,0.061011314392089844,1.0999783902569126e-19
0.09348470872834351,0.08782364097511121,0.09995601744299197,0.09668738038839422,0.11763548851013184,0.006511645721444127,0.006511320379765095,0.06315350532531738,1.0999995850804805e-19
0.09348394642324163,0.0878235109585168,0.09995602331863887,0.09668796256727233,0.11813974380493164,0.006511320387514838,0.00651099506221442,0.06351613998413086,1.100020777021019e-19
0.09348318412398215,0.08782338094854232,0.09995602919408737,0.09668854469947805,0.11251497268676758,0.006510995069873441,0.006510669760828591,0.061104536056518555,1.100041971170296e-19
0.09348242183056696,0.08782325094518724,0.09995603506933749,0.09668912678501679,0.11774110794067383,0.006510669768519106,0.00651034447560761,0.06334877014160156,1.100063160876877e-19
0.09348165954299786,0.08782312094845102,0.09995604094438922,0.09668970882389392,0.11063027381896973,0.00651034448345336,0.006510019207084383,0.0621953010559082,1.1000843534791353e-19
0.09348089726127662,0.08782299095833312,0.09995604681924253,0.0966902908161148,0.1154947280883789,0.006510019214672374,0.006509693954015461,0.06287050247192383,1.1001055424308365e-19
0.09348013498540514,0.08782286097483302,0.09995605269389744,0.09669087276168475,0.11378169059753418,0.006509693962177371,0.0065093687183548354,0.06351470947265625,1.1001267326876208e-19
0.09347937271538524,0.08782273099795017,0.09995605856835398,0.09669145466060917,0.12108850479125977,0.006509368725965744,0.006509043498503786,0.06655645370483398,1.1001479215711383e-19
0.09347861045121879,0.08782260102768405,0.09995606444261211,0.09669203651289345,0.11121296882629395,0.0065090435060374255,0.006508718294995219,0.06076455116271973,1.1001691060637885e-19
0.09347784819290762,0.08782247106403412,0.09995607031667185,0.09669261831854292,0.11517453193664551,0.006508718302392583,0.006508393107473864,0.06316113471984863,1.1001902992110968e-19
0.0934770859404535,0.08782234110699987,0.09995607619053319,0.09669320007756294,0.11289381980895996,0.006508393115029773,0.006508067936650264,0.06280899047851562,1.100211485289335e-19
0.09347632369385825,0.08782221115658073,0.09995608206419615,0.09669378178995887,0.11279630661010742,0.00650806794394782,0.006507742781636239,0.061600685119628906,1.1002326703582375e-19
0.09347556145312376,0.08782208121277618,0.09995608793766073,0.09669436345573608,0.11754751205444336,0.006507742789146893,0.006507417642964697,0.06389951705932617,1.1002538534380576e-19
0.09347479921825176,0.08782195127558569,0.09995609381092692,0.09669494507489994,0.11998152732849121,0.0065074176506258845,0.006507092520990909,0.06930851936340332,1.1002750355183758e-19
0.09347403698924424,0.08782182134500872,0.09995609968399471,0.0966955266474558,0.11271858215332031,0.006507092528382585,0.006506767414649062,0.06262087821960449,1.1002962194883005e-19
0.09347327476610294,0.08782169142104476,0.09995610555686413,0.09669610817340901,0.1126248836517334,0.0065067674224182775,0.0065064423250049686,0.06149125099182129,1.100317403089446e-19
0.09347251254882973,0.08782156150369326,0.09995611142953516,0.096696689652765,0.11457085609436035,0.006506442332731335,0.006506117251525723,0.0632164478302002,1.1003385828919736e-19
0.0934717503374264,0.08782143159295369,0.09995611730200779,0.09669727108552907,0.11131644248962402,0.0065061172593207095,0.006505792194744231,0.06144833564758301,1.1003597675514877e-19
0.09347098813189478,0.0878213016888255,0.09995612317428204,0.09669785247170659,0.11285591125488281,0.006505792202185216,0.006505467153772315,0.06223750114440918,1.1003809439835358e-19
0.09347022593223672,0.08782117179130818,0.09995612904635791,0.0966984338113029,0.11174297332763672,0.0065054671613250315,0.006505142129142882,0.06185626983642578,1.1004021251954573e-19
0.09346946373845401,0.08782104190040119,0.09995613491823539,0.09669901510432331,0.11658763885498047,0.00650514213673801,0.0065048171208559324,0.06731343269348145,1.10042329814547e-19
0.0934687015505485,0.087820912016104,0.0999561407899145,0.09669959635077321,0.11554241180419922,0.006504817128424,0.0065044921289114654,0.06343913078308105,1.1004444797863815e-19
0.09346793936852205,0.08782078213841607,0.09995614666139521,0.09670017755065796,0.1074216365814209,0.00650449213638156,0.006504167152776574,0.06089019775390625,1.1004656558952143e-19
0.09346717719237642,0.08782065226733687,0.09995615253267755,0.09670075870398291,0.1145780086517334,0.006504167160611229,0.006503842193161802,0.06353282928466797,1.100486832635756e-19
0.09346641502211347,0.08782052240286589,0.09995615840376151,0.0967013398107534,0.10989785194396973,0.006503842201111816,0.0065035172502447836,0.061840057373046875,1.1005080107245426e-19
0.09346565285773506,0.08782039254500258,0.0999561642746471,0.0967019208709748,0.11228299140930176,0.00650351725788109,0.006503192323314977,0.062496185302734375,1.1005291767556666e-19
0.09346489069924295,0.0878202626937464,0.0999561701453343,0.09670250188465242,0.11351823806762695,0.006503192330919678,0.0065028674130829245,0.06375455856323242,1.1005503554229847e-19
0.09346412854663899,0.08782013284909683,0.09995617601582311,0.0967030828517916,0.11938714981079102,0.006502867420225617,0.006502542518305177,0.07024669647216797,1.1005715260309136e-19
0.09346336639992502,0.08782000301105333,0.09995618188611356,0.09670366377239772,0.1157374382019043,0.006502542525800925,0.006502217639869912,0.06316208839416504,1.1005926980670098e-19
0.09346260425910285,0.08781987317961538,0.09995618775620563,0.0967042446464761,0.10984158515930176,0.006502217647643386,0.006501892777954765,0.06167769432067871,1.1006138705350093e-19
0.09346184212417435,0.08781974335478245,0.09995619362609931,0.09670482547403217,0.11237072944641113,0.006501892785751481,0.006501567932204466,0.06166982650756836,1.100635040653979e-19
0.09346107999514136,0.08781961353655397,0.09995619949579462,0.09670540625507118,0.11399626731872559,0.006501567940123845,0.006501243103151921,0.06335091590881348,1.1006562105488278e-19
0.0934603178720057,0.08781948372492945,0.09995620536529155,0.0967059869895985,0.10979485511779785,0.0065012431107595225,0.006500918290264224,0.06165885925292969,1.1006773787284568e-19
0.09345955575476927,0.08781935391990835,0.09995621123459011,0.09670656767761945,0.11285901069641113,0.006500918297658739,0.006500593493186102,0.06276273727416992,1.1006985455514825e-19
0.09345879364343376,0.08781922412149012,0.0999562171036903,0.09670714831913937,0.10965633392333984,0.006500593500821039,0.006500268712805735,0.06200695037841797,1.1007197174940295e-19
0.09345803153800117,0.08781909432967426,0.09995622297259212,0.0967077289141636,0.12037348747253418,0.006500268720244295,0.006499943948234943,0.06290721893310547,1.1007408800700376e-19
0.09345726943847321,0.08781896454446021,0.09995622884129556,0.09670830946269753,0.11295366287231445,0.006499943955928352,0.006499619200361906,0.06325244903564453,1.1007620450225716e-19
0.0934565073448518,0.08781883476584745,0.09995623470980061,0.09670888996474641,0.10921525955200195,0.006499619207872671,0.006499294467943173,0.06185173988342285,1.100783211645051e-19
0.0934557452571387,0.08781870499383547,0.09995624057810731,0.09670947042031565,0.11065101623535156,0.006499294476076537,0.006498969753110373,0.061814069747924805,1.1008043741294042e-19
0.0934549831753358,0.0878185752284237,0.09995624644621563,0.09671005082941053,0.11688494682312012,0.0064989697605389845,0.006498645053554242,0.06469416618347168,1.1008255417705329e-19
0.0934542210994449,0.08781844546961165,0.0999562523141256,0.09671063119203643,0.10713362693786621,0.006498645061257987,0.006498320370695865,0.06057453155517578,1.1008467020266979e-19
0.0934534590294678,0.08781831571739877,0.09995625818183718,0.09671121150819872,0.11409187316894531,0.006498320378233327,0.006497995703647064,0.06329798698425293,1.1008678585501561e-19
0.09345269696540631,0.08781818597178452,0.09995626404935039,0.0967117917779027,0.11713671684265137,0.006497995711465922,0.006497671053296017,0.0671532154083252,1.1008890246741427e-19
0.0934519349072623,0.08781805623276838,0.09995626991666524,0.09671237200115375,0.11057400703430176,0.006497671060953501,0.006497346418754546,0.0622410774230957,1.1009101841493994e-19
0.09345117285503748,0.08781792650034981,0.09995627578378173,0.09671295217795713,0.1115567684173584,0.0064973464266963946,0.006497021801266101,0.061804771423339844,1.1009313443020018e-19
0.09345041080873387,0.08781779677452829,0.09995628165069984,0.0967135323083182,0.11726522445678711,0.00649702180869101,0.006496697199409596,0.0639498233795166,1.10095250311593e-19
0.09344964876835325,0.08781766705530329,0.09995628751741957,0.09671411239224227,0.1080026626586914,0.006496697206938256,0.006496372614073209,0.06038069725036621,1.1009736594981168e-19
0.09344888673389744,0.08781753734267428,0.09995629338394095,0.09671469242973464,0.11041259765625,0.006496372621437297,0.006496048044546399,0.0602107048034668,1.1009948166786632e-19
0.09344812470536822,0.08781740763664073,0.09995629925026397,0.0967152724208007,0.11668515205383301,0.0064960480521879735,0.006495723491184435,0.06334161758422852,1.1010159692931474e-19
0.09344736268276738,0.0878172779372021,0.09995630511638863,0.09671585236544576,0.10812759399414062,0.006495723499190217,0.006495398955053133,0.06020021438598633,1.1010371283113872e-19
0.0934466006660968,0.08781714824435788,0.09995631098231493,0.09671643226367509,0.11975884437561035,0.006495398962440461,0.006495074434553771,0.06122303009033203,1.1010582830603353e-19
0.09344583865535826,0.08781701855810752,0.09995631684804286,0.09671701211549408,0.11223483085632324,0.006495074441938863,0.006494749930219257,0.06133556365966797,1.10107943551635e-19
0.09344507665055365,0.08781688887845049,0.09995632271357244,0.09671759192090804,0.113861083984375,0.006494749937685354,0.006494425442227225,0.06365036964416504,1.1011005883157162e-19
0.09344431465168482,0.08781675920538627,0.09995632857890364,0.09671817167992232,0.10827779769897461,0.006494425449678477,0.006494100970222405,0.06117606163024902,1.1011217404584802e-19
0.09344355265875354,0.08781662953891432,0.0999563344440365,0.09671875139254224,0.11390852928161621,0.0064941009779176575,0.006493776514915339,0.06251192092895508,1.1011428898243554e-19
0.09344279067176169,0.08781649987903412,0.09995634030897099,0.09671933105877312,0.11371874809265137,0.0064937765224020805,0.006493452075417849,0.06473016738891602,1.1011640426894258e-19
0.09344202869071111,0.08781637022574512,0.09995634617370713,0.09671991067862025,0.10802221298217773,0.0064934520831323225,0.006493127652618114,0.06170201301574707,1.101185192529839e-19
0.09344126671560361,0.0878162405790468,0.09995635203824492,0.09672049025208898,0.11789202690124512,0.0064931276601055046,0.006492803245627954,0.06943392753601074,1.1012063393462346e-19
0.09344050474644097,0.08781611093893864,0.09995635790258435,0.09672106977918463,0.10964226722717285,0.006492803253321921,0.00649247885569082,0.06068110466003418,1.1012274877639165e-19
0.09343974278322498,0.08781598130542011,0.09995636376672543,0.09672164925991253,0.11099386215209961,0.006492478862779281,0.006492154481030354,0.05993318557739258,1.1012486351080197e-19
0.09343898082595753,0.08781585167849067,0.09995636963066815,0.09672222869427798,0.11463093757629395,0.006492154488478226,0.006491830122890008,0.06511735916137695,1.1012697819725313e-19
0.0934382188746404,0.08781572205814979,0.09995637549441251,0.09672280808228627,0.10904073715209961,0.00649183013041821,0.006491505781625051,0.06354022026062012,1.1012909304041918e-19
0.09343745692927558,0.08781559244439696,0.09995638135795853,0.0967233874239428,0.10929536819458008,0.0064915057885963755,0.006491181455814399,0.0636444091796875,1.1013120780343932e-19
0.09343669498986484,0.08781546283723164,0.0999563872213062,0.09672396671925283,0.1078493595123291,0.006491181463013648,0.0064908571463462295,0.06227707862854004,1.1013332170064498e-19
0.09343593305640999,0.08781533323665329,0.09995639308445552,0.09672454596822169,0.107696533203125,0.0064908571536688685,0.006490532853042907,0.06186723709106445,1.1013543632657442e-19
0.09343517112891284,0.08781520364266139,0.09995639894740649,0.09672512517085471,0.10675549507141113,0.006490532860562224,0.006490208576082068,0.06098222732543945,1.1013755016802354e-19
0.09343440920737518,0.0878150740552554,0.0999564048101591,0.0967257043271572,0.10914063453674316,0.006490208583690943,0.006489884315463712,0.061853647232055664,1.1013966441205108e-19
0.09343364729179889,0.0878149444744348,0.09995641067271338,0.09672628343713449,0.10740232467651367,0.006489884323055483,0.006489560070832567,0.05992245674133301,1.1014177863543037e-19
0.09343288538218587,0.08781481490019906,0.0999564165350693,0.0967268625007919,0.11682963371276855,0.006489560078655754,0.006489235842543906,0.06028032302856445,1.101438928484038e-19
0.09343212347853785,0.08781468533254765,0.09995642239722688,0.09672744151813466,0.10588216781616211,0.006489235850490511,0.006488911630952998,0.06061553955078125,1.1014600652748546e-19
0.09343136158085663,0.08781455577148004,0.0999564282591861,0.09672802048916809,0.10837268829345703,0.006488911638557681,0.006488587435171667,0.06286191940307617,1.1014812042571808e-19
0.09343059968914418,0.0878144262169957,0.09995643412094697,0.09672859941389754,0.10749077796936035,0.006488587442857398,0.006488263255732818,0.061104536056518555,1.1015023444211515e-19
0.09342983780340222,0.08781429666909411,0.09995643998250951,0.09672917829232831,0.10862040519714355,0.006488263263388867,0.006487939092281181,0.06124758720397949,1.1015234833189204e-19
0.09342907592363263,0.08781416712777475,0.0999564458438737,0.09672975712446572,0.1087336540222168,0.006487939100150653,0.006487614945882569,0.06012725830078125,1.1015446214770115e-19
0.09342831404983724,0.08781403759303706,0.09995645170503954,0.09673033591031505,0.10940766334533691,0.006487614953141461,0.006487290814938262,0.06060433387756348,1.1015657523923413e-19
0.09342755218201783,0.08781390806488054,0.09995645756600706,0.09673091464988164,0.11177945137023926,0.006487290822361323,0.006486966699981167,0.060517311096191406,1.1015868866518097e-19
0.09342679032017624,0.08781377854330466,0.09995646342677622,0.09673149334317081,0.10961437225341797,0.006486966707810682,0.006486642601721826,0.06010723114013672,1.101608016597108e-19
0.09342602846431428,0.08781364902830888,0.09995646928734704,0.09673207199018785,0.11771702766418457,0.0064866426094867275,0.006486318519449696,0.06738018989562988,1.101629153637126e-19
0.09342526661443379,0.08781351951989266,0.09995647514771953,0.09673265059093807,0.10790014266967773,0.0064863185273900375,0.006485994454052957,0.05976080894470215,1.101650278425536e-19
0.09342450477053658,0.08781339001805549,0.09995648100789369,0.0967332291454267,0.10875511169433594,0.006485994461517997,0.0064856704042881574,0.05990004539489746,1.1016714144967676e-19
0.0934237429326245,0.08781326052279685,0.0999564868678695,0.0967338076536591,0.10910630226135254,0.006485670411871185,0.006485346370688205,0.06094837188720703,1.1016925454244794e-19
0.09342298110069935,0.08781313103411618,0.09995649272764696,0.09673438611564057,0.11113762855529785,0.0064853463784488325,0.0064850223537860074,0.05996417999267578,1.101713676140601e-19
0.09342221927476296,0.08781300155201296,0.0999564985872261,0.09673496453137642,0.11059403419494629,0.0064850223612491,0.006484698353048657,0.05980992317199707,1.1017348069298683e-19
0.09342145745481724,0.08781287207648669,0.0999565044466069,0.09673554290087193,0.10989189147949219,0.006484698360271787,0.006484374367765611,0.06012248992919922,1.1017559316571845e-19
0.09342069564086401,0.08781274260753683,0.09995651030578935,0.09673612122413235,0.1111452579498291,0.006484374375517526,0.006484050399180319,0.06028866767883301,1.101777056732424e-19
0.09341993383290509,0.08781261314516284,0.09995651616477347,0.09673669950116306,0.11255502700805664,0.006484050406983723,0.006483726447115146,0.0601193904876709,1.1017981851909064e-19
0.09341917203094229,0.0878124836893642,0.09995652202355926,0.0967372777319694,0.1136786937713623,0.006483726454669305,0.006483402510859548,0.060285091400146484,1.1018193141445846e-19
0.09341841023497743,0.08781235424014039,0.09995652788214672,0.09673785591655658,0.11837458610534668,0.006483402518574421,0.006483078591301705,0.06696510314941406,1.101840437867612e-19
0.09341764844501238,0.08781222479749086,0.09995653374053584,0.09673843405492995,0.11101603507995605,0.00648307859869722,0.0064827546879087095,0.059877634048461914,1.1018615675050592e-19
0.09341688666104896,0.08781209536141511,0.09995653959872663,0.09673901214709474,0.11216950416564941,0.006482754695037278,0.006482430799970018,0.06003212928771973,1.101882685142758e-19
0.09341612488308904,0.08781196593191261,0.09995654545671909,0.09673959019305625,0.10947751998901367,0.00648243080759578,0.006482106928729081,0.05963444709777832,1.101903813844725e-19
0.09341536311113441,0.0878118365089828,0.09995655131451321,0.09674016819281982,0.1094367504119873,0.006482106936369599,0.006481783074008263,0.05962228775024414,1.1019249329866626e-19
0.09341460134518698,0.08781170709262519,0.099956557172109,0.09674074614639072,0.10997414588928223,0.0064817830813591855,0.00648145923509702,0.05968046188354492,1.1019460502054007e-19
0.09341383958524846,0.08781157768283923,0.09995656302950645,0.09674132405377422,0.10951566696166992,0.006481459242562455,0.006481135412705896,0.05947422981262207,1.1019671718987728e-19
0.09341307783132065,0.08781144827962441,0.09995656888670557,0.09674190191497561,0.11218905448913574,0.006481135419978863,0.006480811606124348,0.06035923957824707,1.1019882913891101e-19
0.09341231608340539,0.08781131888298019,0.09995657474370637,0.09674247973000027,0.11082959175109863,0.006480811613609002,0.006480487815707647,0.05979609489440918,1.102009409193406e-19
0.09341155434150449,0.08781118949290605,0.09995658060050884,0.09674305749885345,0.11076045036315918,0.006480487823450065,0.006480164041633429,0.05956101417541504,1.1020305270885152e-19
0.09341079260561977,0.08781106010940146,0.09995658645711299,0.09674363522154042,0.1183781623840332,0.00648016404950323,0.006479840284256966,0.06319093704223633,1.1020516468991106e-19
0.09341003087575317,0.08781093073246589,0.0999565923135188,0.09674421289806646,0.10915064811706543,0.006479840291766608,0.006479516542157171,0.061131954193115234,1.1020727658620814e-19
0.09340926915190643,0.08781080136209882,0.0999565981697263,0.09674479052843689,0.1081686019897461,0.006479516550239827,0.0064791928172880375,0.061326026916503906,1.1020938808372736e-19
0.0934085074340814,0.08781067199829971,0.09995660402573546,0.09674536811265698,0.10695147514343262,0.006479192824921582,0.00647886910822848,0.06102156639099121,1.1021149934606834e-19
0.09340774572227999,0.08781054264106805,0.0999566098815463,0.09674594565073198,0.10746335983276367,0.006478869115811203,0.00647854541533377,0.06176590919494629,1.1021361081158846e-19
0.0934069840165039,0.0878104132904033,0.0999566157371588,0.09674652314266721,0.10819792747497559,0.0064785454229077735,0.0064782217391368135,0.062410593032836914,1.1021572203710821e-19
0.09340622231675498,0.08781028394630494,0.099956621592573,0.09674710058846796,0.10865235328674316,0.006478221746209505,0.006477898078571798,0.06323909759521484,1.102178331134907e-19
0.0934054606230351,0.08781015460877245,0.09995662744778887,0.0967476779881395,0.10944128036499023,0.0064778980857166605,0.006477574433638722,0.06385207176208496,1.1021994432262425e-19
0.0934046989353461,0.08781002527780529,0.09995663330280642,0.09674825534168714,0.10979318618774414,0.006477574441428758,0.006477250805758672,0.06427288055419922,1.102220555400203e-19
0.09340393725368981,0.08780989595340294,0.09995663915762565,0.09674883264911614,0.10964250564575195,0.00647725081334528,0.0064769271938658335,0.06322693824768066,1.102241662123661e-19
0.09340317557806808,0.08780976663556486,0.09995664501224656,0.09674940991043177,0.10965156555175781,0.006476927201465005,0.006476603598670749,0.06357669830322266,1.1022627769725627e-19
0.09340241390848268,0.08780963732429053,0.09995665086666915,0.09674998712563929,0.11071085929870605,0.006476603605785523,0.006476280018574698,0.06373310089111328,1.1022838832740297e-19
0.09340165224493549,0.08780950801957944,0.0999566567208934,0.09675056429474407,0.11234855651855469,0.0064762800263094234,0.006475956455531673,0.0603327751159668,1.102304991364494e-19
0.0934008905874283,0.08780937872143105,0.09995666257491936,0.09675114141775132,0.10914897918701172,0.006475956463032754,0.006475632909008766,0.05967354774475098,1.1023260961870038e-19
0.09340012893596301,0.08780924942984483,0.099956668428747,0.09675171849466632,0.11108636856079102,0.006475632915954435,0.0064753093775848924,0.05978751182556152,1.1023472013663855e-19
0.09339936729054137,0.08780912014482027,0.09995667428237631,0.09675229552549436,0.10938477516174316,0.006475309385076736,0.0064749858632140445,0.06017041206359863,1.1023683053178278e-19
0.09339860565116523,0.08780899086635684,0.09995668013580732,0.09675287251024073,0.10954737663269043,0.006474985870396686,0.006474662364119865,0.06117105484008789,1.1023894120270878e-19
0.09339784401783642,0.08780886159445402,0.09995668598904,0.09675344944891065,0.10846424102783203,0.006474662371914643,0.0064743388822563475,0.06043601036071777,1.1024105156495413e-19
0.09339708239055676,0.08780873232911127,0.09995669184207438,0.09675402634150945,0.10737490653991699,0.006474338889627982,0.0064740154156694985,0.060846567153930664,1.1024316215300893e-19
0.09339632076932812,0.08780860307032808,0.09995669769491045,0.09675460318804238,0.10819721221923828,0.00647401542353729,0.006473691965958039,0.06238698959350586,1.1024527243962262e-19
0.09339555915415229,0.08780847381810392,0.09995670354754818,0.09675517998851473,0.10941767692565918,0.006473691973641766,0.006473368532056156,0.06374835968017578,1.102473826865176e-19
0.0933947975450311,0.08780834457243825,0.0999567093999876,0.09675575674293177,0.11063265800476074,0.006473368539941548,0.006473045114852027,0.06504440307617188,1.1024949264583743e-19
0.09339403594196641,0.08780821533333057,0.09995671525222873,0.09675633345129879,0.10975527763366699,0.006473045122433184,0.006472721713990381,0.06344056129455566,1.1025160236340074e-19
0.09339327434496004,0.08780808610078034,0.09995672110427153,0.096756910113621,0.11434817314147949,0.006472721721115465,0.006472398328050133,0.060825347900390625,1.1025371228238245e-19
0.09339251275401375,0.08780795687478703,0.09995672695611603,0.09675748672990374,0.1127467155456543,0.006472398335991399,0.006472074959695817,0.06051182746887207,1.102558216661155e-19
0.09339175116912944,0.08780782765535013,0.09995673280776222,0.09675806330015226,0.1119697093963623,0.0064720749670566504,0.0064717516069734415,0.0600740909576416,1.1025793213862266e-19
0.0933909895903089,0.08780769844246908,0.0999567386592101,0.0967586398243718,0.11125493049621582,0.006471751614312855,0.0064714282702382775,0.0598907470703125,1.1026004141190583e-19
0.09339022801755399,0.08780756923614337,0.09995674451045969,0.09675921630256765,0.10864663124084473,0.0064714282777582005,0.006471104950023232,0.06000018119812012,1.1026215106705052e-19
0.09338946645086654,0.08780744003637249,0.09995675036151096,0.09675979273474504,0.10808873176574707,0.006471104957392556,0.006470781645795398,0.06006193161010742,1.102642607107259e-19
0.09338870489024839,0.08780731084315589,0.09995675621236393,0.09676036912090924,0.10732841491699219,0.006470781653213692,0.006470458357910047,0.06060934066772461,1.102663699824677e-19
0.09338794333570138,0.08780718165649305,0.0999567620630186,0.09676094546106553,0.10924768447875977,0.006470458365221492,0.006470135085834272,0.06349682807922363,1.1026847936338276e-19
0.09338718178722738,0.08780705247638344,0.09995676791347495,0.09676152175521918,0.11028528213500977,0.0064701350934162054,0.006469811830278616,0.06511354446411133,1.102705884385535e-19
0.09338642024482816,0.08780692330282656,0.09995677376373299,0.09676209800337546,0.10965108871459961,0.006469811837795973,0.006469488590887806,0.06360673904418945,1.1027269787571276e-19
0.09338565870850557,0.08780679413582188,0.09995677961379275,0.09676267420553962,0.11297750473022461,0.006469488598359324,0.006469165367306573,0.06659340858459473,1.1027480708891712e-19
0.09338489717826134,0.08780666497536886,0.09995678546365419,0.09676325036171692,0.11018228530883789,0.006469165375107109,0.00646884216060073,0.059421539306640625,1.102769155158635e-19
0.09338413565409737,0.08780653582146701,0.09995679131331733,0.09676382647191262,0.1092233657836914,0.006468842168036167,0.006468518969704462,0.059737443923950195,1.1027902509055449e-19
0.09338337413601548,0.0878064066741158,0.09995679716278218,0.09676440253613199,0.10886883735656738,0.006468518977147406,0.006468195794262499,0.06159234046936035,1.1028113372243746e-19
0.0933826126240175,0.08780627753331469,0.09995680301204872,0.09676497855438031,0.10719966888427734,0.006468195802440006,0.006467872635873562,0.061116695404052734,1.102832424903141e-19
0.09338185111810533,0.08780614839906314,0.09995680886111696,0.09676555452666281,0.10852909088134766,0.006467872643912487,0.006467549494182379,0.06271672248840332,1.1028535146313455e-19
0.09338108961828083,0.08780601927136066,0.09995681470998691,0.09676613045298481,0.10992431640625,0.006467549501564208,0.006467226367767864,0.06341862678527832,1.1028745974648328e-19
0.09338032812454572,0.08780589015020669,0.09995682055865857,0.09676670633335151,0.10859346389770508,0.0064672263753948606,0.006466903257873469,0.06263923645019531,1.1028956794632558e-19
0.0933795666369019,0.08780576103560075,0.09995682640713192,0.0967672821677682,0.11023521423339844,0.006466903265403287,0.00646658016414392,0.06093597412109375,1.102916771105776e-19
0.09337880515535107,0.08780563192754229,0.09995683225540697,0.0967678579562401,0.11164045333862305,0.006466580171588304,0.006466257086401583,0.06025528907775879,1.10293785590585e-19
0.09337804367989516,0.08780550282603078,0.09995683810348373,0.09676843369877249,0.10979366302490234,0.00646625709394913,0.006465934024646458,0.059404850006103516,1.1029589391355052e-19
0.09337728221053597,0.08780537373106571,0.09995684395136219,0.09676900939537063,0.1408553123474121,0.006465934032486633,0.006465610979766723,0.08202648162841797,1.1029800171735054e-19
0.0933765207472753,0.08780524464264654,0.09995684979904236,0.0967695850460397,0.1264815330505371,0.006465610987198259,0.006465287950518928,0.06946969032287598,1.1030010971448263e-19
0.09337575929011505,0.08780511556077274,0.09995685564652423,0.09677016065078502,0.12466883659362793,0.006465287958083598,0.006464964937791251,0.06872916221618652,1.1030221774903025e-19
0.09337499783905703,0.0878049864854438,0.09995686149380782,0.09677073620961178,0.12677216529846191,0.006464964945141816,0.006464641941050786,0.0694282054901123,1.1030432632203303e-19
0.09337423639410306,0.08780485741665921,0.09995686734089311,0.0967713117225253,0.12638354301452637,0.0064646419483714215,0.006464318960119897,0.06959748268127441,1.1030643384208178e-19
0.09337347495525485,0.08780472835441841,0.09995687318778011,0.0967718871895308,0.12775874137878418,0.006464318967773958,0.006463995995886762,0.06878995895385742,1.1030854160044157e-19
0.0933727135225143,0.0878045992987209,0.09995687903446882,0.09677246261063352,0.1268010139465332,0.006463996003345617,0.0064636730478184745,0.06876277923583984,1.103106493903779e-19
0.09337195209588325,0.08780447024956617,0.09995688488095923,0.09677303798583874,0.12739062309265137,0.006463673055086591,0.006463350115204491,0.0690925121307373,1.103127572352623e-19
0.09337119067536351,0.08780434120695367,0.09995689072725136,0.09677361331515169,0.12945914268493652,0.006463350122997353,0.006463027199288263,0.06891679763793945,1.103148648256241e-19
0.09337042926095701,0.08780421217088288,0.0999568965733452,0.09677418859857762,0.1304948329925537,0.006463027207077459,0.006462704299714517,0.0696713924407959,1.1031697229425695e-19
0.0933696678526655,0.08780408314135328,0.09995690241924074,0.09677476383612175,0.13467645645141602,0.00646270430732381,0.0064623814161279824,0.07683968544006348,1.103190799303012e-19
0.0933689064504908,0.08780395411836435,0.099956908264938,0.09677533902778934,0.12668156623840332,0.006462381423736497,0.00646205854852866,0.06902647018432617,1.1032118695470997e-19
0.09336814505443482,0.08780382510191558,0.09995691411043697,0.09677591417358558,0.12644743919372559,0.006462058556313795,0.0064617356974494555,0.06905913352966309,1.1032329433326608e-19
0.09336738366449926,0.08780369609200643,0.09995691995573766,0.0967764892735157,0.1279439926147461,0.0064617357050565215,0.0064614128620021916,0.06938529014587402,1.103254018970569e-19
0.09336662228068604,0.08780356708863638,0.09995692580084006,0.09677706432758497,0.12983202934265137,0.006461412869964192,0.006461090043607953,0.06872677803039551,1.1032750906212185e-19
0.09336586090299698,0.0878034380918049,0.09995693164574418,0.09677763933579865,0.1302480697631836,0.006461090051033958,0.006460767240845655,0.06933355331420898,1.1032961622917546e-19
0.09336509953143386,0.08780330910151148,0.09995693749045001,0.09677821429816198,0.1289520263671875,0.006460767248266408,0.00646044445442584,0.07082176208496094,1.1033172331506684e-19
0.09336433816599851,0.08780318011775559,0.09995694333495757,0.09677878921468022,0.1291048526763916,0.006460444461659673,0.006460121683460329,0.07067656517028809,1.1033382958976677e-19
0.09336357680669279,0.08780305114053671,0.09995694917926684,0.09677936408535864,0.14097023010253906,0.00646012169121476,0.0064597989293702085,0.08110547065734863,1.1033593630016308e-19
0.09336281545351853,0.08780292216985432,0.09995695502337783,0.09677993891020244,0.13277459144592285,0.006459798936928688,0.006459476191267299,0.07062339782714844,1.1033804306855105e-19
0.09336205410647766,0.08780279320570789,0.09995696086729053,0.09678051368921686,0.13434934616088867,0.00645947619880234,0.006459153469329237,0.0749354362487793,1.1034014983770337e-19
0.09336129276557191,0.0878026642480969,0.09995696671100496,0.09678108842240712,0.12903213500976562,0.0064591534768346,0.006458830763378387,0.07300281524658203,1.1034225641446287e-19
0.0933605314308031,0.08780253529702084,0.0999569725545211,0.09678166310977848,0.12912654876708984,0.006458830771024375,0.0064585080737700196,0.0724172592163086,1.1034436317718136e-19
0.09335977010217308,0.08780240635247917,0.09995697839783897,0.09678223775133614,0.12828421592712402,0.00645850808137113,0.006458185400326499,0.07079005241394043,1.1034646932626553e-19
0.09335900877968364,0.08780227741447137,0.09995698424095856,0.09678281234708537,0.1271352767944336,0.006458185407873365,0.006457862743403098,0.07086992263793945,1.1034857578783213e-19
0.09335824746333658,0.08780214848299693,0.09995699008387987,0.0967833868970314,0.12800836563110352,0.006457862750529637,0.006457540101756365,0.07036972045898438,1.1035068187090595e-19
0.09335748615313383,0.08780201955805532,0.09995699592660291,0.09678396140117945,0.13236784934997559,0.0064575401093414815,0.006457217476985022,0.07184672355651855,1.1035278831878222e-19
0.09335672484907719,0.08780189063964601,0.09995700176912767,0.09678453585953475,0.11133980751037598,0.006457217484306046,0.006456894867667984,0.06282806396484375,1.103548941681036e-19
0.09335596355116849,0.08780176172776848,0.09995700761145415,0.09678511027210251,0.10594391822814941,0.0064568948754239065,0.006456572274871064,0.06274890899658203,1.103570002129893e-19
0.09335520225940955,0.08780163282242222,0.09995701345358236,0.09678568463888801,0.10463142395019531,0.0064565722826932246,0.006456249698771899,0.06087923049926758,1.1035910643516942e-19
0.09335444097380222,0.0878015039236067,0.09995701929551229,0.09678625895989644,0.11904692649841309,0.006456249706113175,0.0064559271383046735,0.0725255012512207,1.1036121241498013e-19
0.0933536796943483,0.08780137503132139,0.09995702513724394,0.09678683323513308,0.12675189971923828,0.006455927145682619,0.00645560459382466,0.0697169303894043,1.1036331797467278e-19
0.0933529184210496,0.0878012461455658,0.09995703097877734,0.09678740746460313,0.12702226638793945,0.006455604601402788,0.006455282065687129,0.0686190128326416,1.10365423547121e-19
0.09335215715390796,0.08780111726633937,0.09995703682011246,0.09678798164831177,0.1292104721069336,0.006455282073271481,0.006454959554069717,0.06873369216918945,1.1036752913875781e-19
0.09335139589292513,0.08780098839364159,0.09995704266124933,0.09678855578626426,0.12960290908813477,0.0064549595612861995,0.0064546370577289736,0.0689852237701416,1.1036963422988934e-19
0.09335063463810306,0.08780085952747194,0.09995704850218791,0.0967891298784658,0.13178491592407227,0.006454637065449924,0.006454314577908349,0.06949877738952637,1.103717404228223e-19
0.09334987338944352,0.0878007306678299,0.09995705434292822,0.09678970392492163,0.129425048828125,0.006454314585759431,0.006453992114607843,0.07118797302246094,1.1037384565194306e-19
0.09334911214694833,0.08780060181471494,0.09995706018347027,0.09679027792563694,0.1302649974822998,0.006453992122214864,0.0064536696676498195,0.07113933563232422,1.1037595069920336e-19
0.09334835091061931,0.08780047296812657,0.09995706602381405,0.09679085188061697,0.12944865226745605,0.006453669674813756,0.0064533472357908295,0.07140254974365234,1.1037805606665585e-19
0.0933475896804583,0.08780034412806423,0.09995707186395957,0.09679142578986696,0.13120222091674805,0.006453347243557051,0.006453024821162501,0.07328104972839355,1.103801613937168e-19
0.09334682845646715,0.08780021529452742,0.09995707770390681,0.09679199965339218,0.12875080108642578,0.00645302482844287,0.006452702422166112,0.0702202320098877,1.103822666494022e-19
0.09334606723864772,0.08780008646751561,0.0999570835436558,0.09679257347119777,0.12583494186401367,0.00645270242947108,0.006452380039156935,0.06974434852600098,1.1038437110667048e-19
0.09334530602700175,0.08779995764702828,0.09995708938320653,0.09679314724328901,0.12406563758850098,0.00645238004663959,0.00645205767213497,0.06988883018493652,1.1038647662846893e-19
0.09334454482153112,0.0877998288330649,0.099957095222559,0.09679372096967104,0.13457179069519043,0.006452057679950238,0.006451735321810759,0.07514047622680664,1.10388581148121e-19
0.09334378362223765,0.08779970002562497,0.0999571010617132,0.09679429465034912,0.11448979377746582,0.006451735329399505,0.0064514129878290305,0.0627126693725586,1.1039068625956288e-19
0.09334302242912322,0.08779957122470797,0.09995710690066914,0.09679486828532845,0.12407183647155762,0.006451412994986866,0.0064510906694792425,0.06960487365722656,1.103927905812459e-19
0.09334226124218964,0.08779944243031336,0.09995711273942683,0.09679544187461422,0.12625980377197266,0.006451090676712571,0.006450768366583759,0.06974220275878906,1.1039489521638015e-19
0.09334150006143868,0.08779931364244063,0.09995711857798625,0.09679601541821173,0.12482953071594238,0.006450768374576244,0.006450446081451844,0.07008767127990723,1.1039699959308143e-19
0.09334073888687223,0.08779918486108927,0.09995712441634741,0.09679658891612615,0.12322115898132324,0.006450446088575229,0.006450123811418962,0.07008743286132812,1.1039910423738885e-19
0.09333997771849208,0.08779905608625875,0.0999571302545103,0.09679716236836271,0.12342619895935059,0.006450123818709829,0.006449801557550927,0.07025885581970215,1.1040120868599762e-19
0.09333921655630009,0.08779892731794854,0.09995713609247495,0.0967977357749266,0.12576556205749512,0.006449801564980187,0.006449479319670104,0.0727083683013916,1.1040331284932939e-19
0.09333845540029807,0.08779879855615814,0.09995714193024134,0.09679830913582307,0.14189362525939941,0.006449479327384881,0.006449157098487035,0.07858443260192871,1.1040541705407474e-19
0.09333769425048785,0.08779866980088702,0.09995714776780948,0.09679888245105732,0.13132047653198242,0.006449157105922023,0.006448834893113542,0.07268023490905762,1.1040752085243163e-19
0.09333693310687127,0.08779854105213465,0.09995715360517936,0.09679945572063452,0.12002325057983398,0.006448834900591864,0.006448512703904896,0.06931471824645996,1.104096249882577e-19
0.09333617196945011,0.08779841230990053,0.09995715944235098,0.09680002894455993,0.12000656127929688,0.00644851271139325,0.006448190530683462,0.06834745407104492,1.1041172964844815e-19
0.0933354108382262,0.08779828357418412,0.09995716527932434,0.09680060212283868,0.12316298484802246,0.006448190538325392,0.006447868373804511,0.06882572174072266,1.104138330439292e-19
0.09333464971320132,0.0877981548449849,0.09995717111609945,0.09680117525547603,0.1233072280883789,0.006447868381387495,0.006447546232912771,0.06897974014282227,1.1041593733105425e-19
0.09333388859437733,0.08779802612230236,0.09995717695267631,0.0968017483424772,0.12091660499572754,0.006447546240578644,0.006447224108363514,0.0687251091003418,1.1041804047744255e-19
0.09333312748175611,0.08779789740613599,0.09995718278905492,0.09680232138384744,0.12002849578857422,0.006447224115898126,0.00644690200015674,0.0678415298461914,1.1042014423882972e-19
0.09333236637533941,0.08779776869648524,0.09995718862523528,0.09680289437959186,0.11883735656738281,0.006446902007345047,0.006446579907581906,0.06759762763977051,1.1042224821511804e-19
0.09333160527512911,0.08779763999334962,0.09995719446121738,0.0968034673297157,0.18987274169921875,0.006446579914918307,0.00644625783117192,0.11929464340209961,1.1042435139200722e-19
0.09333084418112701,0.08779751129672858,0.09995720029700124,0.09680404023422416,0.13946008682250977,0.006446257838617508,0.006445935771282052,0.0673072338104248,1.1042645458324763e-19
0.09333008309333501,0.08779738260662162,0.09995720613258684,0.09680461309312238,0.11034059524536133,0.006445935778441665,0.006445613726668853,0.062313079833984375,1.1042855791325159e-19
0.09332932201175492,0.08779725392302822,0.09995721196797419,0.09680518590641563,0.10914874076843262,0.0064456137343908634,0.006445291698753408,0.0616452693939209,1.1043066139064056e-19
0.09332856093638857,0.08779712524594785,0.0999572178031633,0.09680575867410914,0.11006951332092285,0.00644529170646378,0.006444969686825175,0.06264233589172363,1.1043276414527884e-19
0.09332779986723777,0.08779699657538,0.09995722363815417,0.09680633139620808,0.11121869087219238,0.006444969694658374,0.00644464769141706,0.062360525131225586,1.1043486789087486e-19
0.09332703880430439,0.08779686791132414,0.09995722947294679,0.09680690407271764,0.11086535453796387,0.006444647698976052,0.0064443257118185215,0.06210684776306152,1.1043697078337244e-19
0.0933262777475902,0.08779673925377976,0.09995723530754115,0.09680747670364301,0.11120057106018066,0.006444325719414123,0.006444003748562466,0.06208920478820801,1.1043907352431168e-19
0.09332551669709704,0.08779661060274635,0.09995724114193727,0.09680804928898944,0.11166644096374512,0.00644400375597236,0.0064436818012936214,0.06225728988647461,1.1044117665330454e-19
0.09332475565282682,0.08779648195822337,0.09995724697613514,0.09680862182876211,0.13582563400268555,0.006443681808649317,0.006443359869834353,0.0773472785949707,1.1044327910892147e-19
0.09332399461478123,0.0877963533202103,0.09995725281013478,0.09680919432296621,0.1158449649810791,0.006443359877446235,0.006443037954895203,0.06222844123840332,1.1044538171443146e-19
0.09332323358296223,0.08779622468870664,0.09995725864393616,0.09680976677160691,0.11217474937438965,0.006443037962360904,0.006442716055943265,0.06225013732910156,1.1044748458320637e-19
0.09332247255737157,0.08779609606371186,0.09995726447753929,0.0968103391746894,0.11237931251525879,0.006442716063391919,0.006442394172978538,0.06191682815551758,1.1044958714883165e-19
0.09332171153801108,0.08779596744522546,0.09995727031094419,0.09681091153221895,0.1129004955291748,0.006442394180539768,0.006442072306356295,0.06145358085632324,1.1045169001141612e-19
0.09332095052488264,0.08779583883324689,0.09995727614415084,0.09681148384420073,0.11304306983947754,0.006442072313801939,0.006441750455721262,0.06103682518005371,1.1045379194247338e-19
0.09332018951798801,0.08779571022777566,0.09995728197715927,0.09681205611063991,0.11404824256896973,0.0064417504631789965,0.006441428621073442,0.06098318099975586,1.1045589392946591e-19
0.0933194285173291,0.08779558162881122,0.09995728780996944,0.09681262833154165,0.1140139102935791,0.006441428628670148,0.00644110680294574,0.061516523361206055,1.1045799660880221e-19
0.09331866752290763,0.08779545303635308,0.09995729364258138,0.09681320050691115,0.11355948448181152,0.0064411068102735326,0.006440785000449978,0.06128048896789551,1.104600991445301e-19
0.09331790653472552,0.08779532445040071,0.09995729947499508,0.09681377263675361,0.13352084159851074,0.006440785007990722,0.006440463214119063,0.07435941696166992,1.1046220087266491e-19
0.0933171455527846,0.08779519587095361,0.09995730530721054,0.09681434472107422,0.11705732345581055,0.0064404632218192474,0.006440141444485903,0.06156635284423828,1.1046430271266472e-19
0.09331638457708666,0.08779506729801123,0.09995731113922778,0.09681491675987813,0.11340546607971191,0.006440141451757217,0.006439819690662318,0.06162524223327637,1.1046640435218973e-19
0.09331562360763347,0.08779493873157307,0.09995731697104676,0.09681548875317057,0.11345458030700684,0.006439819697804202,0.0064394979522930385,0.06234908103942871,1.1046850603602295e-19
0.09331486264442686,0.0877948101716386,0.09995732280266752,0.09681606070095669,0.11186718940734863,0.006439497959961144,0.006439176230976784,0.06221413612365723,1.104706086462792e-19
0.09331410168746868,0.0877946816182073,0.09995732863409004,0.09681663260324172,0.11322855949401855,0.006439176238225078,0.00643885452529247,0.062246084213256836,1.1047270994110173e-19
0.09331334073676076,0.08779455307127866,0.09995733446531434,0.09681720446003082,0.11275696754455566,0.006438854532596332,0.006438532835240096,0.06200361251831055,1.1047481126712897e-19
0.09331257979230491,0.08779442453085215,0.09995734029634039,0.0968177762713292,0.11475491523742676,0.006438532843074734,0.006438211162063112,0.062148332595825195,1.1047691325090604e-19
0.09331181885410296,0.08779429599692727,0.09995734612716821,0.09681834803714198,0.114166259765625,0.0064382111696587715,0.006437889504695704,0.061837196350097656,1.1047901437192204e-19
0.09331105792215676,0.0877941674695035,0.0999573519577978,0.09681891975747439,0.11368823051452637,0.0064378895123479735,0.0064375678633155076,0.06258368492126465,1.104811156877364e-19
0.09331029699646815,0.08779403894858032,0.09995735778822916,0.09681949143233162,0.11285710334777832,0.0064375678711415685,0.00643724623845543,0.06246185302734375,1.1048321705043191e-19
0.09330953607703901,0.08779391043415721,0.09995736361846229,0.09682006306171885,0.11196374893188477,0.006437246246038083,0.006436924629404928,0.06231355667114258,1.104853181465708e-19
0.09330877516387119,0.08779378192623366,0.09995736944849719,0.09682063464564125,0.11190962791442871,0.006436924637036957,0.006436603036341637,0.062474727630615234,1.1048741978855404e-19
0.09330801425696642,0.08779365342480913,0.09995737527833386,0.09682120618410403,0.11201596260070801,0.0064366030441378305,0.006436281459976101,0.06265020370483398,1.1048952055504523e-19
0.09330725335632654,0.08779352492988313,0.0999573811079723,0.09682177767711234,0.1249077320098877,0.006436281467339104,0.006435959899420141,0.0697638988494873,1.1049162173740147e-19
0.09330649246195344,0.08779339644145512,0.0999573869374125,0.09682234912467136,0.12431812286376953,0.006435959906640052,0.006435638354140849,0.06875419616699219,1.1049372231003426e-19
0.09330573157384887,0.08779326795952459,0.0999573927666545,0.09682292052678632,0.11321377754211426,0.006435638362041224,0.00643531682644749,0.06218576431274414,1.1049582328514022e-19
0.0933049706920147,0.08779313948409104,0.09995739859569826,0.09682349188346236,0.11219525337219238,0.006435316833539371,0.006434995313675529,0.06219339370727539,1.1049792387286202e-19
0.09330420981645268,0.08779301101515392,0.0999574044245438,0.09682406319470463,0.11186075210571289,0.006434995321135445,0.0064346738172460505,0.06208038330078125,1.1050002445178618e-19
0.09330344894716469,0.08779288255271273,0.09995741025319112,0.09682463446051835,0.11194896697998047,0.0064346738248293005,0.006434352337159055,0.061742544174194336,1.105021251650733e-19
0.09330268808415254,0.08779275409676696,0.09995741608164022,0.09682520568090869,0.1104116439819336,0.006434352344618477,0.006434030872881635,0.061754465103149414,1.1050422554309558e-19
0.09330192722741809,0.08779262564731607,0.0999574219098911,0.09682577685588081,0.11053323745727539,0.006434030880503145,0.006433709424946699,0.06156516075134277,1.1050632592470795e-19
0.09330116637696313,0.08779249720435957,0.09995742773794375,0.09682634798543988,0.11006736755371094,0.006433709432482109,0.006433387993709516,0.06217169761657715,1.1050842641860061e-19
0.09330040553278947,0.08779236876789692,0.09995743356579818,0.09682691906959105,0.11058712005615234,0.006433388000553193,0.00643306657703846,0.061994314193725586,1.1051052673015673e-19
0.09329964469489893,0.08779224033792762,0.0999574393934544,0.09682749010833952,0.11058926582336426,0.006433066584718411,0.006432745177598065,0.06136274337768555,1.1051262676895292e-19
0.09329888386329341,0.08779211191445115,0.09995744522091239,0.09682806110169045,0.11096668243408203,0.006432745184975532,0.006432423793611974,0.061669349670410156,1.105147268412673e-19
0.09329812303797476,0.08779198349746697,0.09995745104817215,0.09682863204964902,0.11060571670532227,0.006432423801324112,0.006432102425790731,0.06132936477661133,1.1051682738635868e-19
0.09329736221894482,0.08779185508697458,0.0999574568752337,0.09682920295222033,0.11064887046813965,0.006432102433764056,0.006431781074667242,0.0610194206237793,1.1051892706332009e-19
0.09329660140620531,0.08779172668297347,0.09995746270209704,0.09682977380940963,0.11045289039611816,0.006431781082292102,0.006431459739175693,0.061046600341796875,1.1052102692374572e-19
0.09329584059975807,0.08779159828546312,0.09995746852876217,0.096830344621222,0.11059880256652832,0.006431459746908862,0.006431138419848992,0.06145811080932617,1.1052312664901163e-19
0.09329507979960494,0.08779146989444302,0.09995747435522907,0.09683091538766267,0.1102743148803711,0.006431138427614124,0.0064308171166871375,0.06143021583557129,1.105252265496046e-19
0.09329431900574767,0.08779134150991263,0.09995748018149778,0.0968314861087368,0.1093442440032959,0.006430817124406144,0.0064304958296901304,0.06150698661804199,1.1052732626072736e-19
0.09329355821818817,0.08779121313187147,0.09995748600756825,0.09683205678444959,0.10997653007507324,0.006430495837284064,0.006430174558680335,0.06162071228027344,1.1052942554830918e-19
0.09329279743692827,0.087791084760319,0.09995749183344052,0.09683262741480614,0.11031770706176758,0.006430174566248477,0.006429853303657751,0.06133770942687988,1.105315249689222e-19
0.09329203666196982,0.0877909563952547,0.09995749765911456,0.09683319799981163,0.11134457588195801,0.006429853311295849,0.006429532064800014,0.061524152755737305,1.1053362451291656e-19
0.09329127589331457,0.08779082803667805,0.0999575034845904,0.09683376853947125,0.11071419715881348,0.006429532072428459,0.0064292108422847605,0.06108522415161133,1.1053572323530056e-19
0.09329051513096437,0.08779069968458855,0.09995750930986802,0.09683433903379014,0.11110544204711914,0.0064292108496436795,0.0064288896355790826,0.06119585037231445,1.1053782273606491e-19
0.09328975437492114,0.08779057133898567,0.09995751513494744,0.09683490948277342,0.11167311668395996,0.006428889642940805,0.006428568445038252,0.06134819984436035,1.1053992166866836e-19
0.0932889936251867,0.08779044299986892,0.09995752095982866,0.09683547988642628,0.1292116641998291,0.006428568452319728,0.006428247270306997,0.07326221466064453,1.105420210774376e-19
0.09328823288176277,0.08779031466723776,0.09995752678451165,0.09683605024475388,0.11442136764526367,0.006428247277779257,0.006427926111562954,0.06078672409057617,1.1054412047767076e-19
0.09328747214465126,0.08779018634109169,0.09995753260899645,0.09683662055776136,0.11089301109313965,0.006427926119318942,0.006427604969516665,0.06222176551818848,1.10546219095018e-19
0.09328671141385401,0.08779005802143018,0.09995753843328303,0.09683719082545392,0.11063504219055176,0.006427604976937253,0.006427283843102316,0.06194138526916504,1.1054831816741707e-19
0.0932859506893728,0.08778992970825271,0.09995754425737141,0.09683776104783666,0.11074686050415039,0.0064272838506350734,0.006426962732497543,0.06171154975891113,1.1055041638267831e-19
0.09328518997120952,0.08778980140155876,0.09995755008126157,0.0968383312249148,0.11097049713134766,0.006426962740409332,0.006426641638412889,0.06171894073486328,1.1055251524696194e-19
0.09328442925936595,0.08778967310134783,0.09995755590495353,0.09683890135669346,0.11005520820617676,0.006426641646259893,0.006426320560493082,0.0613405704498291,1.105546138370562e-19
0.09328366855384383,0.0877895448076194,0.09995756172844729,0.09683947144317782,0.11123466491699219,0.006426320568186194,0.0064259994983828506,0.061719655990600586,1.105567127084118e-19
0.09328290785464502,0.08778941652037296,0.09995756755174283,0.09684004148437303,0.11048507690429688,0.006425999506187767,0.006425678452437467,0.0613858699798584,1.1055881114805832e-19
0.09328214716177143,0.08778928823960801,0.09995757337484017,0.09684061148028424,0.11105060577392578,0.006425678460264811,0.006425357422479294,0.06119871139526367,1.1056090961016996e-19
0.09328138647522481,0.08778915996532399,0.0999575791977393,0.09684118143091656,0.1110832691192627,0.00642535743041394,0.00642503640904124,0.061446428298950195,1.105630076708445e-19
0.09328062579500708,0.08778903169752042,0.09995758502044023,0.09684175133627515,0.10971522331237793,0.006425036416635232,0.0064247154114127625,0.06161808967590332,1.1056510570427464e-19
0.09327986512111999,0.08778890343619676,0.09995759084294296,0.09684232119636517,0.11018490791320801,0.006424715418928607,0.006424394429949132,0.061867713928222656,1.1056720418958273e-19
0.0932791044535654,0.08778877518135252,0.09995759666524749,0.09684289101119178,0.10918569564819336,0.006424394437292537,0.006424073464117441,0.06196951866149902,1.1056930227821647e-19
0.09327834379234515,0.08778864693298717,0.09995760248735382,0.09684346078076014,0.10944461822509766,0.006424073471726919,0.006423752514983505,0.062117576599121094,1.105713997296368e-19
0.09327758313746104,0.08778851869110021,0.09995760830926194,0.09684403050507537,0.11054420471191406,0.0064237525222299915,0.006423431581481509,0.062166690826416016,1.1057349784261357e-19
0.0932768224889149,0.08778839045569112,0.09995761413097187,0.0968446001841426,0.11084127426147461,0.006423431588802193,0.006423110663789089,0.06233716011047363,1.1057559591283082e-19
0.09327606184670852,0.08778826222675935,0.0999576199524836,0.09684516981796704,0.1102137565612793,0.00642311067144214,0.006422789762616787,0.06212353706359863,1.1057769355283776e-19
0.09327530121084379,0.08778813400430444,0.09995762577379713,0.09684573940655379,0.11055159568786621,0.006422789770150308,0.006422468877076426,0.062007904052734375,1.1057979129535052e-19
0.09327454058132256,0.08778800578832582,0.09995763159491246,0.096846308949908,0.11140179634094238,0.006422468884924263,0.006422148008233819,0.062395334243774414,1.105818887673485e-19
0.09327377995814662,0.08778787757882302,0.0999576374158296,0.09684687844803483,0.11182427406311035,0.0064221480157628415,0.006421827155200788,0.06276130676269531,1.1058398614443187e-19
0.09327301934131775,0.0877877493757955,0.09995764323654854,0.0968474479009394,0.11063790321350098,0.006421827162665853,0.006421506318154968,0.06273555755615234,1.1058608357408963e-19
0.09327225873083787,0.08778762117924277,0.09995764905706929,0.0968480173086269,0.11122679710388184,0.006421506325632591,0.006421185496918724,0.06260466575622559,1.1058818127492558e-19
0.09327149812670874,0.0877874929891643,0.09995765487739183,0.09684858667110244,0.11199426651000977,0.006421185504661876,0.0064208646920249635,0.06255865097045898,1.1059027825622283e-19
0.0932707375289322,0.08778736480555957,0.09995766069751619,0.09684915598837116,0.11049747467041016,0.006420864699753201,0.006420543902763143,0.06233811378479004,1.105923757144627e-19
0.09326997693751002,0.08778723662842806,0.09995766651744234,0.09684972526043818,0.11152982711791992,0.006420543910906469,0.0064202231307319835,0.06233334541320801,1.1059447285766185e-19
0.09326921635244413,0.08778710845776927,0.09995767233717032,0.09685029448730863,0.11064314842224121,0.006420223138119541,0.006419902374332764,0.062459468841552734,1.1059656966601454e-19
0.0932684557737363,0.08778698029358269,0.09995767815670009,0.0968508636689877,0.11213970184326172,0.0064199023813911816,0.006419581633565485,0.06247973442077637,1.1059866679396327e-19
0.09326769520138832,0.08778685213586777,0.09995768397603168,0.09685143280548049,0.11099004745483398,0.0064195816407216,0.006419260908607782,0.062116384506225586,1.1060076324979381e-19
0.09326693463540207,0.08778672398462403,0.09995768979516508,0.09685200189679216,0.1099855899810791,0.006419260916111466,0.006418940199992562,0.0626227855682373,1.1060285995145405e-19
0.09326617407577935,0.08778659583985096,0.09995769561410027,0.09685257094292783,0.11071228981018066,0.006418940207558897,0.006418619507186918,0.06223797798156738,1.106049568878189e-19
0.09326541352252206,0.08778646770154803,0.09995770143283729,0.09685313994389258,0.11081266403198242,0.006418619515064093,0.006418298830546121,0.06172347068786621,1.1060705404934776e-19
0.09326465297563204,0.08778633956971474,0.09995770725137612,0.09685370889969161,0.10924696922302246,0.006418298838624292,0.0064179781709583494,0.06178712844848633,1.1060915007853405e-19
0.09326389243511107,0.08778621144435057,0.09995771306971676,0.0968542778103301,0.10959148406982422,0.006417978178237871,0.006417657526647247,0.061922550201416016,1.1061124662956365e-19
0.09326313190096094,0.08778608332545501,0.09995771888785922,0.0968548466758131,0.10933589935302734,0.006417657533906138,0.006417336898323356,0.06202077865600586,1.1061334270910598e-19
0.09326237137318354,0.08778595521302754,0.0999577247058035,0.09685541549614579,0.10917377471923828,0.006417336905627233,0.006417016285809041,0.061875343322753906,1.106154397770625e-19
0.09326161085178061,0.08778582710706766,0.09995773052354959,0.09685598427133328,0.10961127281188965,0.006417016293401139,0.0064166956901701155,0.061878204345703125,1.1061753584681238e-19
0.09326085033675409,0.08778569900757482,0.09995773634109749,0.0968565530013807,0.12340068817138672,0.006416695697224868,0.006416375109985495,0.07181096076965332,1.106196318836428e-19
0.09326008982810574,0.08778557091454854,0.09995774215844722,0.09685712168629318,0.11771368980407715,0.006416375117100416,0.00641605454561045,0.06458044052124023,1.1062172819653577e-19
0.09325932932583739,0.0877854428279883,0.09995774797559877,0.09685769032607587,0.10967659950256348,0.006416054553025314,0.006415733997755524,0.061803579330444336,1.1062382410523904e-19
0.09325856882995082,0.08778531474789356,0.09995775379255213,0.09685825892073388,0.11044025421142578,0.006415734004999979,0.006415413465354902,0.06160759925842285,1.1062592011776767e-19
0.09325780834044788,0.08778518667426383,0.09995775960930732,0.09685882747027234,0.1092979907989502,0.006415413473023066,0.0064150929492967634,0.061232566833496094,1.1062801549296425e-19
0.0932570478573304,0.08778505860709859,0.09995776542586432,0.09685939597469632,0.1094517707824707,0.006415092957093754,0.006414772449581108,0.06157827377319336,1.1063011166525825e-19
0.09325628738060023,0.08778493054639734,0.09995777124222313,0.096859964434011,0.10991668701171875,0.006414772457211492,0.006414451965497392,0.06127047538757324,1.106322073199443e-19
0.09325552691025916,0.08778480249215956,0.09995777705838377,0.09686053284822146,0.11040401458740234,0.006414451973375901,0.006414131497933795,0.06139183044433594,1.106343027433742e-19
0.09325476644630902,0.08778467444438473,0.09995778287434623,0.09686110121733289,0.10957980155944824,0.006414131505585388,0.006413811046179774,0.061281681060791016,1.106363985720638e-19
0.09325400598875161,0.08778454640307236,0.09995778869011052,0.09686166954135038,0.10898590087890625,0.006413811053839556,0.0064134906107682355,0.060866355895996094,1.1063849403783278e-19
0.09325324553758879,0.08778441836822191,0.09995779450567661,0.09686223782027904,0.10971879959106445,0.006413490618136217,0.006413170191343909,0.061388492584228516,1.1064058926555355e-19
0.09325248509282236,0.0877842903398329,0.09995780032104455,0.09686280605412403,0.10967350006103516,0.0064131701984749,0.0064128497873738866,0.06118917465209961,1.1064268482587793e-19
0.09325172465445415,0.0877841623179048,0.09995780613621431,0.09686337424289046,0.10972785949707031,0.0064128497948568765,0.006412529399923983,0.060894012451171875,1.1064477964289299e-19
0.09325096422248606,0.08778403430243707,0.0999578119511859,0.09686394238658343,0.10954999923706055,0.006412529407279684,0.006412209028638927,0.06086874008178711,1.1064687487987253e-19
0.09325020379691985,0.08778390629342923,0.09995781776595931,0.09686451048520804,0.11028051376342773,0.0064122090357417675,0.006411888672630539,0.06085681915283203,1.1064896978716736e-19
0.09324944337775735,0.08778377829088077,0.09995782358053457,0.09686507853876941,0.1101541519165039,0.006411888680244731,0.006411568333319906,0.06112551689147949,1.106510648922449e-19
0.09324868296500047,0.08778365029479114,0.09995782939491163,0.09686564654727274,0.11026453971862793,0.006411568340786061,0.006411248009996484,0.06146979331970215,1.1065315986250254e-19
0.09324792255865093,0.08778352230515986,0.09995783520909053,0.0968662145107231,0.10987997055053711,0.006411248017364893,0.006410927702305003,0.061150312423706055,1.1065525504033987e-19
0.09324716215871061,0.0877833943219864,0.09995784102307126,0.0968667824291256,0.1101219654083252,0.006410927709981938,0.006410607411311275,0.06168937683105469,1.1065734969139242e-19
0.0932464017651813,0.08778326634527026,0.09995784683685381,0.09686735030248532,0.10941815376281738,0.00641060741863351,0.006410287135771853,0.0612332820892334,1.1065944428164043e-19
0.09324564137806485,0.08778313837501091,0.09995785265043819,0.09686791813080742,0.1110076904296875,0.006410287143321933,0.006409966876574913,0.061597347259521484,1.106615390609914e-19
0.0932448809973631,0.08778301041120787,0.09995785846382439,0.09686848591409698,0.10980033874511719,0.006409966884045361,0.006409646633187549,0.061029672622680664,1.1066363353270908e-19
0.09324412062307783,0.08778288245386061,0.09995786427701243,0.09686905365235916,0.10965180397033691,0.006409646640802322,0.006409326406320304,0.06103658676147461,1.1066572801027316e-19
0.0932433602552109,0.08778275450296862,0.09995787009000232,0.09686962134559905,0.1096351146697998,0.0064093264135916435,0.006409006195084999,0.06162524223327637,1.1066782171200407e-19
0.09324259989376417,0.08778262655853138,0.09995787590279402,0.09687018899382174,0.10917043685913086,0.006409006202413938,0.006408685999836905,0.06124520301818848,1.106699164656962e-19
0.09324183953873941,0.08778249862054839,0.09995788171538755,0.09687075659703238,0.11020231246948242,0.006408686007267331,0.006408365820398387,0.061202049255371094,1.1067201063357177e-19
0.09324107919013844,0.08778237068901915,0.09995788752778292,0.09687132415523607,0.10941386222839355,0.0064083658281514425,0.006408045657657624,0.06086564064025879,1.1067410464843655e-19
0.09324031884796322,0.08778224276394311,0.09995789333998013,0.09687189166843793,0.10830259323120117,0.006408045665064732,0.006407725510371165,0.06099987030029297,1.1067619888204015e-19
0.09323955851221549,0.08778211484531978,0.09995789915197917,0.09687245913664302,0.10952210426330566,0.006407725518008018,0.006407405379071918,0.06119060516357422,1.1067829262209423e-19
0.0932387981828971,0.08778198693314865,0.09995790496378004,0.09687302655985645,0.1092674732208252,0.006407405386980939,0.006407085264292789,0.06128716468811035,1.1068038654456837e-19
0.09323803786000978,0.0877818590274292,0.09995791077538276,0.09687359393808334,0.10924005508422852,0.006407085271979271,0.0064067651651456,0.06148505210876465,1.106824804686186e-19
0.09323727754355543,0.08778173112816093,0.0999579165867873,0.0968741612713288,0.10988664627075195,0.006406765173004935,0.00640644508251853,0.06181478500366211,1.1068457447081945e-19
0.0932365172335358,0.08778160323534331,0.09995792239799367,0.09687472855959794,0.10974383354187012,0.006406445090055715,0.006406125015701036,0.061713457107543945,1.1068666776430398e-19
0.0932357569299527,0.08778147534897587,0.09995792820900189,0.09687529580289585,0.10956931114196777,0.006406125023131827,0.006405804964515482,0.06186103820800781,1.1068876146863418e-19
0.09323499663280799,0.08778134746905807,0.09995793401981194,0.09687586300122765,0.10931086540222168,0.006405804972232516,0.006405484929850047,0.06165122985839844,1.1069085507039606e-19
0.09323423634210354,0.08778121959558939,0.09995793983042384,0.09687643015459846,0.10935378074645996,0.006405484937356953,0.006405164910994188,0.06154990196228027,1.1069294903265987e-19
0.09323347605784114,0.08778109172856932,0.09995794564083757,0.09687699726301333,0.1097269058227539,0.0064051649185037,0.006404844908480811,0.06206035614013672,1.1069504192596084e-19
0.0932327157800227,0.08778096386799736,0.09995795145105314,0.09687756432647741,0.10820817947387695,0.006404844915671179,0.0064045249212441036,0.06162881851196289,1.106971349657449e-19
0.09323195550865002,0.087780836013873,0.09995795726107055,0.09687813134499579,0.10879302024841309,0.00640452492886168,0.0064042049505275145,0.06154036521911621,1.1069922857236948e-19
0.09323119524372492,0.08778070816619571,0.09995796307088982,0.09687869831857356,0.10888814926147461,0.006404204958071777,0.006403884996153408,0.0616917610168457,1.1070132149456433e-19
0.09323043498524922,0.087780580324965,0.09995796888051094,0.09687926524721582,0.10818791389465332,0.006403885003300539,0.0064035650567007,0.06118035316467285,1.1070341449325722e-19
0.09322967473322474,0.08778045249018035,0.0999579746899339,0.0968798321309277,0.10974550247192383,0.006403565064548962,0.006403245134301017,0.06200075149536133,1.10705507571196e-19
0.09322891448765332,0.08778032466184126,0.0999579804991587,0.09688039896971427,0.1089940071105957,0.006403245141814515,0.006402925227355638,0.06207394599914551,1.1070759996195224e-19
0.09322815424853675,0.0877801968399472,0.09995798630818535,0.09688096576358061,0.11048650741577148,0.006402925235098048,0.0064026053367527425,0.06227231025695801,1.1070969262557633e-19
0.0932273940158768,0.08778006902449767,0.09995799211701385,0.09688153251253184,0.11019301414489746,0.006402605344397066,0.006402285462314694,0.06180548667907715,1.107117860344986e-19
0.09322663378967533,0.08777994121549217,0.0999579979256442,0.09688209921657301,0.10815048217773438,0.006402285469711113,0.006401965603863857,0.06160783767700195,1.1071387813350697e-19
0.09322587356993427,0.08777981341293016,0.0999580037340764,0.09688266587570925,0.10884356498718262,0.006401965611038695,0.006401645761044961,0.06177258491516113,1.1071597122970476e-19
0.09322511335665538,0.08777968561681114,0.09995800954231045,0.09688323248994564,0.10896015167236328,0.006401645768380391,0.006401325933502733,0.061844825744628906,1.1071806343078917e-19
0.09322435314984054,0.0877795578271346,0.09995801535034635,0.09688379905928726,0.10870838165283203,0.006401325941737491,0.006401006123368802,0.06188654899597168,1.107201558108987e-19
0.09322359294949147,0.08777943004390007,0.0999580211581841,0.09688436558373921,0.1089169979095459,0.006401006131105991,0.006400686329044447,0.06160879135131836,1.1072224779504776e-19
0.09322283275560997,0.08777930226710699,0.0999580269658237,0.09688493206330662,0.10903167724609375,0.006400686336484158,0.006400366550352032,0.06206202507019043,1.1072434057020716e-19
0.09322207256819794,0.08777917449675486,0.09995803277326515,0.09688549849799456,0.10939931869506836,0.006400366557873904,0.006400046788002101,0.06222891807556152,1.1072643246678418e-19
0.09322131238725724,0.08777904673284317,0.09995803858050846,0.09688606488780811,0.10989928245544434,0.006400046795272066,0.006399727040928838,0.062238454818725586,1.1072852488483112e-19
0.0932205522127897,0.08777891897537142,0.09995804438755362,0.0968866312327524,0.10987138748168945,0.006399727048680524,0.006399407310553329,0.061989784240722656,1.107306164322431e-19
0.09321979204479725,0.0877787912243391,0.09995805019440063,0.09688719753283247,0.1103823184967041,0.006399407318097133,0.006399087595987396,0.061959028244018555,1.1073270900494346e-19
0.0932190318832816,0.08777866347974568,0.0999580560010495,0.09688776378805343,0.10979270935058594,0.006399087603520434,0.0063987678975863105,0.06254196166992188,1.107348005053999e-19
0.09321827172824451,0.08777853574159067,0.09995806180750023,0.09688832999842034,0.11046814918518066,0.00639876790494991,0.006398448214461894,0.06229281425476074,1.107368924273305e-19
0.09321751157968783,0.08777840800987355,0.09995806761375281,0.09688889616393828,0.11045408248901367,0.006398448222387165,0.006398128548568138,0.06216931343078613,1.1073898390281523e-19
0.09321675143761346,0.08777828028459383,0.09995807341980725,0.0968894622846124,0.1096653938293457,0.006398128555827285,0.006397808898306323,0.06210470199584961,1.107410759392525e-19
0.09321599130202311,0.08777815256575097,0.09995807922566356,0.09689002836044774,0.1105804443359375,0.006397808905271827,0.006397489263676448,0.062033653259277344,1.1074316707906132e-19
0.09321523117291866,0.08777802485334449,0.09995808503132171,0.09689059439144942,0.1101369857788086,0.006397489270719056,0.006397169644678513,0.06262493133544922,1.107452585043691e-19
0.09321447105030198,0.08777789714737387,0.09995809083678173,0.09689116037762247,0.10988688468933105,0.006397169652170118,0.006396850042023061,0.06234264373779297,1.1074735029487015e-19
0.09321371093417485,0.0877777694478386,0.09995809664204361,0.09689172631897197,0.10813546180725098,0.006396850049623292,0.0063965304555324565,0.06083393096923828,1.1074944150994983e-19
0.0932129508245391,0.08777764175473819,0.09995810244710734,0.09689229221550298,0.10858631134033203,0.006396530463078046,0.006396210884851428,0.06119489669799805,1.1075153213097336e-19
0.09321219072139658,0.0877775140680721,0.09995810825197295,0.09689285806722063,0.1218862533569336,0.006396210892532214,0.006395891330512882,0.06876301765441895,1.1075362330310254e-19
0.09321143062474911,0.08777738638783986,0.0999581140566404,0.09689342387412996,0.12051200866699219,0.0063958913379846966,0.006395571791983912,0.0679616928100586,1.1075571446270326e-19
0.09321067053459851,0.0877772587140409,0.09995811986110974,0.09689398963623604,0.10944318771362305,0.006395571799436019,0.006395252269442153,0.06142902374267578,1.1075780586453757e-19
0.09320991045094656,0.08777713104667477,0.09995812566538093,0.09689455535354397,0.10943174362182617,0.006395252276885715,0.006394932763065242,0.06135725975036621,1.1075989634471811e-19
0.09320915037379517,0.08777700338574095,0.09995813146945398,0.09689512102605881,0.10993003845214844,0.006394932770331272,0.0063946132719649995,0.061237335205078125,1.107619870988254e-19
0.09320839030314614,0.0877768757312389,0.0999581372733289,0.09689568665378566,0.10990643501281738,0.0063946132797743135,0.006394293797740147,0.06156110763549805,1.107640779249225e-19
0.09320763023900118,0.08777674808316813,0.09995814307700569,0.0968962522367296,0.1092984676361084,0.006394293805211644,0.006393974339502506,0.06126880645751953,1.1076616859245475e-19
0.0932068701813622,0.08777662044152812,0.09995814888048435,0.09689681777489569,0.10930633544921875,0.006393974346643154,0.006393654896541534,0.06159567832946777,1.1076825956201404e-19
0.093206110130231,0.08777649280631836,0.09995815468376487,0.09689738326828898,0.10918617248535156,0.006393654904068633,0.006393335470100681,0.06102585792541504,1.1077034989004298e-19
0.09320535008560944,0.08777636517753837,0.09995816048684726,0.09689794871691458,0.10993337631225586,0.006393335477487377,0.006393016059469403,0.061467647552490234,1.1077244026621245e-19
0.09320459004749931,0.08777623755518761,0.09995816628973153,0.09689851412077755,0.10916876792907715,0.006393016066898166,0.006392696665002973,0.06116914749145508,1.1077453088392911e-19
0.09320383001590246,0.0877761099392656,0.09995817209241765,0.09689907947988291,0.11049914360046387,0.006392696672300892,0.006392377285990847,0.061155080795288086,1.107766209671268e-19
0.09320306999082074,0.08777598232977182,0.09995817789490564,0.0968996447942358,0.1096346378326416,0.00639237729369414,0.006392057923321204,0.061241865158081055,1.1077871069016033e-19
0.09320230997225591,0.08777585472670577,0.09995818369719552,0.09690021006384125,0.10983562469482422,0.006392057931077055,0.006391738577349315,0.060991764068603516,1.1078080108184723e-19
0.09320154996020984,0.0877757271300669,0.09995818949928725,0.09690077528870436,0.11070871353149414,0.006391738584447483,0.00639141924647646,0.06134319305419922,1.107828911438645e-19
0.09320078995468446,0.08777559953985474,0.09995819530118086,0.09690134046883019,0.10946321487426758,0.00639141925380598,0.006391099931768451,0.060872793197631836,1.1078498104176373e-19
0.09320002995568144,0.08777547195606877,0.09995820110287634,0.09690190560422383,0.10935187339782715,0.006391099939152104,0.006390780632514748,0.06057572364807129,1.1078707119110352e-19
0.09319926996320267,0.0877753443787085,0.0999582069043737,0.09690247069489033,0.10976529121398926,0.006390780640485393,0.006390461350491705,0.06114649772644043,1.1078916062183684e-19
0.09319850997724996,0.08777521680777339,0.09995821270567293,0.09690303574083473,0.11052441596984863,0.006390461357803633,0.006390142083567696,0.0613095760345459,1.1079125053828312e-19
0.09319774999782517,0.08777508924326297,0.09995821850677403,0.09690360074206208,0.11063790321350098,0.0063901420911064155,0.0063898228329861695,0.061359405517578125,1.1079334046727852e-19
0.09319699002493004,0.08777496168517669,0.09995822430767701,0.09690416569857752,0.11137938499450684,0.00638982284039325,0.006389503597858948,0.06161856651306152,1.107954300437841e-19
0.09319623005856646,0.08777483413351406,0.09995823010838185,0.09690473061038607,0.11135387420654297,0.006389503605665368,0.006389184379074209,0.061902523040771484,1.1079751953244122e-19
0.09319547009873617,0.08777470658827458,0.09995823590888858,0.09690529547749278,0.11153221130371094,0.006389184386918944,0.006388865177342495,0.06220412254333496,1.1079960862263072e-19
0.09319471014544099,0.08777457904945772,0.09995824170919719,0.09690586029990274,0.1111764907836914,0.0063888651841527725,0.006388545989821637,0.061983346939086914,1.1080169829281065e-19
0.09319395019868276,0.087774451517063,0.09995824750930768,0.09690642507762096,0.11071920394897461,0.0063885459973681705,0.006388226819176168,0.061511993408203125,1.1080378758827392e-19
0.09319319025846326,0.0877743239910899,0.09995825330922005,0.09690698981065253,0.11159133911132812,0.006388226826564598,0.00638790766416264,0.06202077865600586,1.1080587682563514e-19
0.09319243032478444,0.08777419647153792,0.09995825910893429,0.0969075544990025,0.11014080047607422,0.006387907671740602,0.00638758852566923,0.06209397315979004,1.1080796598516849e-19
0.09319167039764813,0.08777406895840655,0.0999582649084504,0.09690811914267593,0.11153554916381836,0.006387588532894006,0.00638726940280776,0.062169790267944336,1.1081005485611007e-19
0.09319091047705612,0.08777394145169527,0.0999582707077684,0.09690868374167788,0.11184144020080566,0.006387269410025398,0.006386950295578231,0.06224799156188965,1.1081214393294428e-19
0.09319015056301024,0.0877738139514036,0.0999582765068883,0.09690924829601345,0.11083412170410156,0.006386950303133696,0.00638663120486882,0.062203168869018555,1.1081423270152527e-19
0.09318939065551234,0.08777368645753102,0.09995828230581005,0.0969098128056877,0.1114506721496582,0.006386631212217358,0.006386312129258442,0.06188845634460449,1.1081632131012435e-19
0.09318863075456418,0.08777355897007699,0.09995828810453371,0.09691037727070569,0.1114966869354248,0.0063863121372772814,0.006385993070878726,0.06288743019104004,1.108184101845768e-19
0.09318787086016764,0.08777343148904104,0.09995829390305923,0.09691094169107242,0.11182188987731934,0.006385993078310947,0.00638567402813095,0.06262612342834473,1.1082049841830707e-19
0.09318711097232442,0.08777330401442265,0.09995829970138664,0.09691150606679297,0.11058211326599121,0.006385674035317283,0.00638535500119275,0.06164240837097168,1.108225872604338e-19
0.09318635109103646,0.0877731765462213,0.09995830549951595,0.09691207039787236,0.10976362228393555,0.006385355008296364,0.006385035989353582,0.06187725067138672,1.1082467535265896e-19
0.09318559121630555,0.0877730490844365,0.09995831129744713,0.09691263468431567,0.11055493354797363,0.006385035997248612,0.006384716994745077,0.062105417251586914,1.1082676452679011e-19
0.09318483134813363,0.08777292162906775,0.09995831709518022,0.09691319892612797,0.11070871353149414,0.006384717002172283,0.00638439801541324,0.06195497512817383,1.108288524342573e-19
0.0931840714865224,0.08777279418011454,0.09995832289271518,0.0969137631233143,0.11052513122558594,0.006384398023066148,0.006384079052779157,0.06212663650512695,1.1083094085012156e-19
0.09318331163147374,0.08777266673757633,0.09995832869005203,0.0969143272758797,0.10991024971008301,0.006384079059929184,0.006383760105421743,0.061640024185180664,1.1083302877486706e-19
0.09318255178298941,0.08777253930145265,0.09995833448719077,0.09691489138382922,0.10967898368835449,0.0063837601127611065,0.006383441174229176,0.06169295310974121,1.1083511708000398e-19
0.0931817919410713,0.08777241187174298,0.0999583402841314,0.0969154554471679,0.11055278778076172,0.006383441181561056,0.0063831222588461856,0.06219935417175293,1.1083720480289415e-19
0.09318103210572122,0.08777228444844681,0.09995834608087392,0.0969160194659008,0.10972166061401367,0.006383122266329193,0.006382803359628042,0.06207537651062012,1.1083929266920354e-19
0.09318027227694102,0.08777215703156364,0.09995835187741833,0.09691658344003297,0.11092233657836914,0.006382803367062759,0.006382484476041839,0.06295633316040039,1.1084138145951842e-19
0.09317951245473245,0.08777202962109297,0.09995835767376464,0.09691714736956948,0.11012721061706543,0.0063824844837629974,0.006382165608975754,0.06204390525817871,1.1084346870396161e-19
0.09317875263909743,0.08777190221703426,0.09995836346991283,0.09691771125451537,0.11034560203552246,0.006382165616427338,0.006381846757719245,0.06231951713562012,1.1084555596625493e-19
0.09317799283003779,0.08777177481938706,0.09995836926586292,0.09691827509487562,0.11000919342041016,0.0063818467650560585,0.006381527921917041,0.0620732307434082,1.1084764380425507e-19
0.09317723302755532,0.08777164742815081,0.09995837506161491,0.09691883889065527,0.10955619812011719,0.006381527929647345,0.006381209102812591,0.06176304817199707,1.1084973162185876e-19
0.09317647323165179,0.08777152004332504,0.09995838085716878,0.0969194026418594,0.10997581481933594,0.006381209110201347,0.006380890298984809,0.06285738945007324,1.1085181913748052e-19
0.09317571344232907,0.08777139266490923,0.09995838665252456,0.09691996634849308,0.1096963882446289,0.0063808903067173175,0.006380571511854782,0.061609506607055664,1.1085390612605198e-19
0.09317495365958894,0.08777126529290288,0.09995839244768223,0.09692053001056135,0.1102287769317627,0.006380571519194741,0.00638025274017906,0.06217789649963379,1.1085599340410188e-19
0.09317419388343336,0.08777113792730548,0.0999583982426418,0.09692109362806921,0.10976099967956543,0.006380252747630856,0.006379933984668185,0.06191658973693848,1.1085808049227405e-19
0.09317343411386403,0.08777101056811651,0.09995840403740326,0.09692165720102168,0.10882568359375,0.006379933992026185,0.006379615244433978,0.06164073944091797,1.108601677756297e-19
0.09317267435088282,0.08777088321533548,0.09995840983196662,0.09692222072942384,0.11006045341491699,0.006379615252380972,0.00637929652071989,0.06267642974853516,1.108622552360792e-19
0.09317191459449153,0.08777075586896188,0.09995841562633188,0.09692278421328075,0.10966777801513672,0.006379296528693379,0.0063789778133482855,0.06250786781311035,1.1086434247737082e-19
0.093171154844692,0.08777062852899521,0.09995842142049904,0.09692334765259743,0.10975956916809082,0.0063789778209628525,0.006378659121430985,0.062395572662353516,1.1086642908773278e-19
0.09317039510148607,0.08777050119543496,0.09995842721446811,0.09692391104737891,0.10983657836914062,0.006378659129188046,0.006378340445856168,0.0622713565826416,1.1086851613922658e-19
0.0931696353648755,0.08777037386828063,0.09995843300823908,0.09692447439763024,0.10974383354187012,0.006378340453368738,0.006378021786090926,0.061916351318359375,1.1087060287809855e-19
0.09316887563486217,0.0877702465475317,0.09995843880181193,0.09692503770335645,0.10963726043701172,0.0063780217935021696,0.006377703142312896,0.061814308166503906,1.1087268898349446e-19
0.09316811591144789,0.08777011923318767,0.0999584445951867,0.09692560096456257,0.10918164253234863,0.00637770314958983,0.0063773845139891705,0.06132030487060547,1.108747761525684e-19
0.09316735619463443,0.08776999192524804,0.09995845038836337,0.09692616418125365,0.10893487930297852,0.006377384521629989,0.006377065902363199,0.06125760078430176,1.1087686263868965e-19
0.09316659648442364,0.08776986462371231,0.09995845618134196,0.0969267273534347,0.10869359970092773,0.006377065909622156,0.006376747306013897,0.061406850814819336,1.1087894871996098e-19
0.09316583678081737,0.08776973732857997,0.09995846197412243,0.09692729048111082,0.10961794853210449,0.006376747313566219,0.006376428726184713,0.06149649620056152,1.108810349472416e-19
0.09316507708381751,0.08776961003985051,0.09995846776670482,0.09692785356428696,0.11005783081054688,0.0063764287334596445,0.006376110162165105,0.061511993408203125,1.1088312135282737e-19
0.09316431739342583,0.08776948275752344,0.0999584735590891,0.09692841660296818,0.10971713066101074,0.006376110169302294,0.006375791613422166,0.061502933502197266,1.1088520754270449e-19
0.09316355770964416,0.08776935548159823,0.0999584793512753,0.09692897959715954,0.10967755317687988,0.006375791621094873,0.006375473081554617,0.061318397521972656,1.108872937526924e-19
0.09316279803247429,0.08776922821207438,0.09995848514326341,0.09692954254686606,0.11002635955810547,0.006375473088835012,0.006375154565141372,0.06186509132385254,1.1088938017358315e-19
0.09316203836191807,0.08776910094895138,0.09995849093505342,0.09693010545209277,0.10926342010498047,0.006375154572523055,0.006374836064715339,0.06144285202026367,1.1089146588750055e-19
0.09316127869797729,0.08776897369222876,0.09995849672664534,0.09693066831284468,0.11038613319396973,0.006374836072157533,0.0063745175802765175,0.06148362159729004,1.108935519053825e-19
0.0931605190406538,0.08776884644190598,0.09995850251803916,0.09693123112912681,0.10958433151245117,0.0063745175877389145,0.006374199112180179,0.0611119270324707,1.108956376837048e-19
0.09315975938994946,0.08776871919798256,0.0999585083092349,0.09693179390094421,0.10827827453613281,0.0063741991192627235,0.006373880659360509,0.06121683120727539,1.1089772351628616e-19
0.09315899974586608,0.08776859196045797,0.09995851410023254,0.0969323566283019,0.10896420478820801,0.006373880666732218,0.006373562222350415,0.06136608123779297,1.1089980953679242e-19
0.09315824010840547,0.08776846472933172,0.0999585198910321,0.09693291931120492,0.10921621322631836,0.006373562230143648,0.006373243801682804,0.06157660484313965,1.1090189433863459e-19
0.0931574804775694,0.08776833750460332,0.09995852568163358,0.09693348194965828,0.10885119438171387,0.006373243809498785,0.00637292539718004,0.061452388763427734,1.109039805524885e-19
0.09315672085335981,0.08776821028627224,0.09995853147203697,0.09693404454366698,0.10950517654418945,0.006372925404794542,0.006372607008309217,0.061846017837524414,1.1090606560351595e-19
0.09315596123577845,0.08776808307433798,0.09995853726224228,0.09693460709323604,0.10917091369628906,0.006372607016031413,0.0063722886356032404,0.06169939041137695,1.109081510773324e-19
0.0931552016248272,0.08776795586880005,0.0999585430522495,0.09693516959837048,0.10958313941955566,0.006372288643207937,0.006371970279062111,0.061852455139160156,1.1091023572595724e-19
0.09315444202050786,0.08776782866965795,0.09995854884205863,0.09693573205907535,0.10943293571472168,0.006371970286323288,0.006371651937797651,0.061628103256225586,1.1091232139453026e-19
0.09315368242282226,0.08776770147691115,0.09995855463166968,0.09693629447535566,0.10912561416625977,0.006371651945377765,0.006371333612875674,0.06111598014831543,1.1091440664417324e-19
0.09315292283177216,0.08776757429055916,0.09995856042108264,0.09693685684721642,0.1098780632019043,0.006371333620369823,0.006371015303940908,0.06163954734802246,1.1091649160235205e-19
0.09315216324735943,0.08776744711060148,0.09995856621029753,0.09693741917466264,0.10892844200134277,0.006371015311297272,0.006370697010638082,0.06129908561706543,1.1091857636216351e-19
0.09315140366958588,0.08776731993703761,0.09995857199931432,0.09693798145769934,0.11055469512939453,0.006370697018162425,0.006370378733500104,0.06122541427612305,1.109206614307387e-19
0.09315064409845326,0.08776719276986703,0.09995857778813304,0.09693854369633152,0.11051535606384277,0.006370378740962135,0.006370060471994066,0.06141853332519531,1.1092274595916482e-19
0.0931498845339635,0.08776706560908923,0.09995858357675366,0.09693910589056423,0.10962748527526855,0.006370060479696909,0.006369742227008146,0.06136035919189453,1.10924830590402e-19
0.09314912497611838,0.08776693845470371,0.09995858936517622,0.09693966804040251,0.10957837104797363,0.006369742234365254,0.006369423997476531,0.06107950210571289,1.1092691534936562e-19
0.09314836542491976,0.08776681130670998,0.0999585951534007,0.09694023014585133,0.10909700393676758,0.006369424004965759,0.006369105783754492,0.06142711639404297,1.1092899976793288e-19
0.09314760588036952,0.08776668416510752,0.0999586009414271,0.09694079220691573,0.11050629615783691,0.006369105791499592,0.0063687875869078425,0.06118273735046387,1.1093108503301683e-19
0.09314684634246936,0.08776655702989584,0.09995860672925543,0.09694135422360074,0.10966134071350098,0.006368787593962614,0.006368469405337862,0.06052994728088379,1.1093316934401823e-19
0.0931460868112211,0.08776642990107446,0.09995861251688568,0.09694191619591132,0.10878443717956543,0.006368469412355667,0.0063681512395774575,0.06089591979980469,1.1093525320285942e-19
0.09314532728662664,0.08776630277864284,0.09995861830431785,0.0969424781238525,0.10923933982849121,0.006368151246677688,0.006367833089626629,0.06102323532104492,1.1093733758200479e-19
0.09314456776868776,0.08776617566260046,0.09995862409155193,0.09694304000742927,0.1093742847442627,0.006367833096930526,0.006367514955485376,0.06100630760192871,1.109394216662253e-19
0.09314380825740629,0.08776604855294684,0.09995862987858795,0.09694360184664667,0.10959434509277344,0.00636751496311075,0.006367196837686606,0.06107902526855469,1.1094150623556916e-19
0.09314304875278401,0.08776592144968148,0.09995863566542589,0.09694416364150972,0.10970401763916016,0.006367196845218508,0.006366878735697412,0.06097602844238281,1.1094358983760628e-19
0.09314228925482275,0.08776579435280388,0.09995864145206576,0.09694472539202346,0.10949468612670898,0.006366878743252617,0.006366560649517794,0.060923099517822266,1.109456741002651e-19
0.09314152976352436,0.08776566726231352,0.09995864723850756,0.09694528709819286,0.10977768898010254,0.006366560657212102,0.0063662425798582944,0.06119227409362793,1.1094775758967368e-19
0.09314077027889064,0.08776554017820991,0.09995865302475128,0.09694584876002293,0.11040234565734863,0.0063662425870962755,0.006365924525653099,0.060832977294921875,1.109498412843847e-19
0.09314001080092343,0.08776541310049253,0.09995865881079694,0.0969464103775187,0.10951900482177734,0.006365924532904441,0.006365606487435116,0.0609736442565918,1.1095192517875024e-19
0.09313925132962456,0.0877652860291609,0.09995866459664451,0.09694697195068512,0.11105036735534668,0.006365606494635533,0.006365288465026708,0.06066775321960449,1.1095400904705945e-19
0.09313849186499586,0.08776515896421451,0.09995867038229403,0.09694753347952718,0.11085963249206543,0.0063652884722893675,0.0063649704584278766,0.061701059341430664,1.1095609231961321e-19
0.0931377324070392,0.08776503190565287,0.09995867616774547,0.09694809496404991,0.11121368408203125,0.0063649704658647836,0.006364652467993892,0.06121015548706055,1.1095817580318727e-19
0.0931369729557564,0.08776490485347546,0.09995868195299883,0.0969486564042583,0.11020851135253906,0.006364652475361669,0.006364334493369483,0.061173200607299805,1.1096025915920681e-19
0.0931362135111493,0.08776477780768177,0.09995868773805412,0.09694921780015742,0.11057162284851074,0.00636433450077823,0.006364016534199379,0.06164908409118652,1.1096234251871894e-19
0.09313545407321971,0.08776465076827132,0.09995869352291135,0.09694977915175222,0.11129498481750488,0.006364016542115065,0.0063636985917270295,0.06107330322265625,1.1096442591684396e-19
0.09313469464196948,0.0877645237352436,0.09995869930757052,0.0969503404590477,0.1106102466583252,0.00636369859936994,0.00636338066488662,0.06173968315124512,1.1096650886899031e-19
0.0931339352174004,0.08776439670859809,0.09995870509203163,0.09695090172204889,0.11080622673034668,0.006363380672542444,0.006363062754033422,0.06180286407470703,1.1096859219049773e-19
0.09313317579951427,0.08776426968833431,0.09995871087629467,0.09695146294076075,0.10958695411682129,0.006363062761631748,0.0063627448589897995,0.06099677085876465,1.1097067507806962e-19
0.0931324163883129,0.08776414267445175,0.09995871666035964,0.09695202411518829,0.11007928848266602,0.006362744866637449,0.00636242698028866,0.06159186363220215,1.1097275815376956e-19
0.09313165698379818,0.0877640156669499,0.09995872244422656,0.09695258524533651,0.11133241653442383,0.006362426987557289,0.00636210911686419,0.061756134033203125,1.1097484094051662e-19
0.09313089758597189,0.08776388866582825,0.09995872822789541,0.09695314633121038,0.11104130744934082,0.006362109124391573,0.006361791269604566,0.06180572509765625,1.109769234949266e-19
0.09313013819483586,0.08776376167108631,0.0999587340113662,0.09695370737281492,0.11066389083862305,0.006361791277140479,0.006361473438687426,0.0612945556640625,1.1097900620771274e-19
0.09312937881039188,0.08776363468272358,0.09995873979463892,0.09695426837015517,0.13384199142456055,0.006361473445800854,0.006361155623046955,0.07273459434509277,1.109810890238068e-19
0.09312861943264189,0.08776350770073955,0.09995874557771357,0.09695482932323608,0.10952281951904297,0.006361155630373224,0.006360837823216059,0.06197953224182129,1.1098317107556531e-19
0.09312786006158767,0.08776338072513373,0.09995875136059018,0.09695539023206268,0.10879111289978027,0.0063608378308579175,0.006360520039194739,0.06164669990539551,1.1098525415481977e-19
0.09312710069723107,0.0877632537559056,0.09995875714326873,0.09695595109663993,0.10922956466674805,0.006360520047253343,0.006360202271871174,0.061432600021362305,1.1098733644456934e-19
0.09312634133957377,0.08776312679305467,0.09995876292574922,0.0969565119169728,0.10962414741516113,0.006360202279557092,0.006359884519824277,0.06214189529418945,1.1098941852637183e-19
0.0931255819886176,0.08776299983658044,0.09995876870803164,0.09695707269306628,0.10928726196289062,0.006359884527771009,0.006359566784297499,0.06220293045043945,1.1099150134025726e-19
0.09312482264436445,0.08776287288648241,0.09995877449011602,0.09695763342492539,0.11009955406188965,0.006359566791891558,0.0063592490647579325,0.062018632888793945,1.1099358316344736e-19
0.0931240633068162,0.08776274594276007,0.09995878027200233,0.09695819411255513,0.10986852645874023,0.006359249071919305,0.006358931359962128,0.06204652786254883,1.1099566480089948e-19
0.09312330397597468,0.08776261900541292,0.0999587860536906,0.09695875475596047,0.1094965934753418,0.006358931367854554,0.006358613672041713,0.06183958053588867,1.109977474328673e-19
0.09312254465184164,0.08776249207444047,0.0999587918351808,0.09695931535514639,0.1102304458618164,0.0063586136796947405,0.00635829600010851,0.06216597557067871,1.1099982925068141e-19
0.09312178533441891,0.08776236514984219,0.09995879761647296,0.0969598759101179,0.10909366607666016,0.006358296007439084,0.006357978343807247,0.06215071678161621,1.1100191093477002e-19
0.0931210260237083,0.0877622382316176,0.09995880339756705,0.09696043642087997,0.1101224422454834,0.006357978351087496,0.006357660702782653,0.0619354248046875,1.1100399294536457e-19
0.09312026671971159,0.0877621113197662,0.09995880917846309,0.09696099688743762,0.10945987701416016,0.006357660710639868,0.0063573430791663554,0.06146597862243652,1.1100607442905112e-19
0.09311950742243069,0.0877619844142875,0.09995881495916108,0.09696155730979578,0.10793900489807129,0.006357343086093561,0.006357025469938549,0.061417341232299805,1.1100815571706073e-19
0.09311874813186745,0.08776185751518098,0.09995882073966102,0.09696211768795945,0.10888862609863281,0.006357025477449949,0.006356707877053225,0.06190323829650879,1.1101023743402595e-19
0.09311798884802369,0.08776173062244615,0.09995882651996289,0.09696267802193366,0.10901761054992676,0.0063567078847078734,0.006356390300865655,0.061957359313964844,1.1101231845088768e-19
0.09311722957090116,0.0877616037360825,0.09995883230006672,0.09696323831172336,0.10891842842102051,0.006356390307863477,0.006356072739244212,0.06206941604614258,1.1101440008118538e-19
0.0931164703005017,0.08776147685608952,0.0999588380799725,0.09696379855733357,0.10964345932006836,0.006356072746920382,0.006355755194498158,0.06249833106994629,1.1101648127414007e-19
0.09311571103682716,0.08776134998246672,0.09995884385968024,0.09696435875876926,0.10895395278930664,0.00635575520187572,0.006355437665384045,0.06199836730957031,1.1101856275417029e-19
0.09311495177987933,0.0877612231152136,0.09995884963918994,0.0969649189160354,0.10943174362182617,0.0063554376727280384,0.006355120151901872,0.0623927116394043,1.1102064360611438e-19
0.09311419252966002,0.08776109625432968,0.0999588554185016,0.09696547902913695,0.10946011543273926,0.0063551201594779175,0.006354802654939817,0.062036752700805664,1.1102272472464846e-19
0.0931134332861712,0.08776096939981443,0.09995886119761518,0.09696603909807894,0.10914421081542969,0.006354802662122433,0.006354485173787339,0.06174874305725098,1.1102480624343002e-19
0.09311267404941458,0.08776084255166736,0.09995886697653072,0.0969665991228663,0.10982179641723633,0.0063544851806625405,0.0063541677080891645,0.06212282180786133,1.110268869233412e-19
0.09311191481939195,0.08776071570988794,0.09995887275524823,0.09696715910350402,0.10890793800354004,0.006354167715096157,0.006353850257845295,0.062120914459228516,1.1102896816125132e-19
0.09311115559610518,0.0877605888744757,0.09995887853376768,0.0969677190399971,0.11011362075805664,0.006353850265425483,0.006353532823943908,0.061799049377441406,1.110310487345008e-19
0.0931103963795561,0.08776046204543014,0.09995888431208909,0.09696827893235048,0.1100013256072998,0.006353532831647314,0.006353215406207369,0.06194710731506348,1.110331285910394e-19
0.09310963716974646,0.08776033522275074,0.09995889009021246,0.09696883878056917,0.10948038101196289,0.006353215413760588,0.006352898004280405,0.06188821792602539,1.1103521038331242e-19
0.09310887796667808,0.08776020840643703,0.09995889586813778,0.09696939858465808,0.11049723625183105,0.006352898011766107,0.006352580618163017,0.06196308135986328,1.110372898870075e-19
0.09310811877035285,0.08776008159648847,0.09995890164586506,0.09696995834462221,0.10912132263183594,0.006352580625661385,0.0063522632478552055,0.06220102310180664,1.1103937050431927e-19
0.09310735958077265,0.08775995479290459,0.09995890742339429,0.09697051806046655,0.10992813110351562,0.006352263255447062,0.006351945893534605,0.06207108497619629,1.1104145092053086e-19
0.09310660039793926,0.08775982799568488,0.09995891320072549,0.09697107773219608,0.10888361930847168,0.006351945901120603,0.006351628555378852,0.061200618743896484,1.110435312307969e-19
0.09310584122185456,0.08775970120482883,0.09995891897785865,0.09697163735981577,0.10782408714294434,0.006351628562682555,0.006351311232855039,0.061116933822631836,1.1104561103844017e-19
0.09310508205252031,0.08775957442033595,0.09995892475479377,0.09697219694333056,0.10730123519897461,0.006351311240131802,0.0063509939259631665,0.06081104278564453,1.1104769142777367e-19
0.09310432288993839,0.08775944764220575,0.09995893053153085,0.09697275648274543,0.10924625396728516,0.006350993933467837,0.006350676635413777,0.061463117599487305,1.1104977151442337e-19
0.0931035637341105,0.08775932087043772,0.0999589363080699,0.09697331597806538,0.10897278785705566,0.006350676642689208,0.006350359360673963,0.061548471450805664,1.1105185164107075e-19
0.09310280458503854,0.08775919410503137,0.0999589420844109,0.09697387542929536,0.10825991630554199,0.006350359367795517,0.006350042101210818,0.061420440673828125,1.1105393151457774e-19
0.0931020454427244,0.0877590673459862,0.09995894786055387,0.09697443483644039,0.10875296592712402,0.00635004210878661,0.006349724858445427,0.06155681610107422,1.1105601154610779e-19
0.0931012863071698,0.08775894059330169,0.0999589536364988,0.0969749941995054,0.10861086845397949,0.006349724865659321,0.006349407631134341,0.061614036560058594,1.110580908577968e-19
0.09310052717837657,0.08775881384697737,0.0999589594122457,0.09697555351849534,0.10892915725708008,0.006349407638414548,0.00634909041963283,0.06153678894042969,1.1106017018613807e-19
0.09309976805634647,0.0877586871070127,0.09995896518779455,0.09697611279341518,0.10830497741699219,0.006349090427051814,0.006348773223940896,0.06145429611206055,1.1106225032894596e-19
0.09309900894108143,0.08775856037340724,0.09995897096314538,0.09697667202426993,0.10925436019897461,0.006348773231571686,0.006348456044591444,0.06142735481262207,1.1106432952022525e-19
0.09309824983258323,0.08775843364616043,0.09995897673829816,0.09697723121106451,0.10902285575866699,0.006348456051970597,0.006348138880518661,0.06215476989746094,1.1106640899513345e-19
0.09309749073085362,0.0877583069252718,0.09995898251325291,0.0969777903538039,0.10933256149291992,0.006348138888249555,0.006347821733143633,0.062268972396850586,1.1106848834317935e-19
0.09309673163589442,0.08775818021074085,0.09995898828800963,0.09697834945249306,0.10844230651855469,0.00634782174040564,0.006347504601222909,0.06149554252624512,1.1107056768283445e-19
0.09309597254770755,0.08775805350256707,0.09995899406256832,0.09697890850713697,0.10892844200134277,0.006347504608440058,0.006347187484756489,0.06171274185180664,1.1107264693968732e-19
0.09309521346629478,0.08775792680074997,0.09995899983692898,0.09697946751774053,0.10966897010803223,0.006347187492352172,0.006346870384987824,0.06134629249572754,1.1107472559568772e-19
0.09309445439165795,0.08775780010528905,0.0999590056110916,0.09698002648430872,0.10915780067443848,0.006346870392139001,0.006346553300673463,0.06219816207885742,1.1107680453782575e-19
0.09309369532379898,0.08775767341618382,0.0999590113850562,0.09698058540684652,0.10924077033996582,0.006346553307800861,0.006346236231635771,0.06183362007141113,1.1107888413501996e-19
0.09309293626271958,0.08775754673343378,0.09995901715882276,0.0969811442853589,0.10846328735351562,0.006346236239337946,0.006345919179295834,0.06120920181274414,1.110809629320018e-19
0.09309217720842158,0.08775742005703842,0.0999590229323913,0.09698170311985081,0.1080465316772461,0.006345919186748783,0.006345602142587836,0.061090946197509766,1.1108304191703473e-19
0.09309141816090688,0.08775729338699724,0.0999590287057618,0.09698226191032726,0.10877394676208496,0.006345602150031843,0.00634528512186705,0.061154842376708984,1.1108512038725485e-19
0.09309065912017725,0.08775716672330974,0.09995903447893428,0.0969828206567931,0.1092538833618164,0.006345285129187361,0.006344968117133476,0.0610809326171875,1.1108719893872086e-19
0.09308990008623458,0.08775704006597543,0.09995904025190874,0.09698337935925337,0.10957002639770508,0.006344968124213887,0.0063446511276765705,0.06155800819396973,1.1108927721918965e-19
0.09308914105908069,0.0877569134149938,0.09995904602468517,0.09698393801771298,0.10866975784301758,0.006344651135111691,0.006344334154384512,0.06101226806640625,1.1109135598390129e-19
0.09308838203871726,0.08775678677036436,0.09995905179726357,0.09698449663217688,0.10890817642211914,0.006344334161879871,0.006344017197257301,0.06113767623901367,1.1109343438759572e-19
0.0930876230251462,0.08775666013208659,0.09995905756964396,0.09698505520265008,0.10874700546264648,0.006344017204516033,0.006343700256117302,0.06127452850341797,1.110955130467784e-19
0.09308686401836935,0.08775653350016001,0.09995906334182633,0.09698561372913746,0.10899043083190918,0.0063437002630203024,0.0063433833298987,0.06153678894042969,1.1109759091147203e-19
0.0930861050183885,0.08775640687458412,0.09995906911381068,0.096986172211644,0.10910391807556152,0.006343383337392981,0.006343066420200216,0.06181001663208008,1.1109966914408683e-19
0.09308534602520543,0.08775628025535843,0.099959074885597,0.09698673065017466,0.10904526710510254,0.006343066427631216,0.006342749526311309,0.061179161071777344,1.1110174750391211e-19
0.09308458703882201,0.08775615364248243,0.09995908065718528,0.0969872890447344,0.10935568809509277,0.006342749533735249,0.006342432648054341,0.06179332733154297,1.1110382536219662e-19
0.09308382805924013,0.08775602703595561,0.09995908642857557,0.09698784739532819,0.10960888862609863,0.006342432655704628,0.006342115786139857,0.06179499626159668,1.1110590299613092e-19
0.09308306908646155,0.08775590043577748,0.09995909219976783,0.09698840570196093,0.10907840728759766,0.006342115793537795,0.006341798939857313,0.06141328811645508,1.1110798127418823e-19
0.09308231012048802,0.08775577384194756,0.09995909797076208,0.09698896396463755,0.10944128036499023,0.006341798947234684,0.006341482109206709,0.06196951866149902,1.1111005895113098e-19
0.09308155116132145,0.08775564725446534,0.09995910374155831,0.09698952218336301,0.10904335975646973,0.006341482116794176,0.006341165295253859,0.061102867126464844,1.1111213642994378e-19
0.09308079220896363,0.08775552067333033,0.09995910951215652,0.09699008035814227,0.1091921329498291,0.006341165302214109,0.0063408484962224065,0.06139802932739258,1.1111421434739235e-19
0.09308003326341642,0.08775539409854201,0.0999591152825567,0.09699063848898032,0.10940837860107422,0.006340848503495371,0.006340531713533437,0.06149172782897949,1.1111629175058158e-19
0.09307927432468163,0.08775526753009988,0.09995912105275886,0.09699119657588202,0.10801315307617188,0.0063405317206371575,0.006340214946298772,0.06107330322265625,1.1111836918630235e-19
0.0930785153927611,0.08775514096800345,0.09995912682276303,0.09699175461885237,0.10867524147033691,0.006340214953638643,0.006339898195228955,0.06113100051879883,1.1112044682765714e-19
0.09307775646765667,0.08775501441225224,0.09995913259256918,0.09699231261789633,0.1096048355102539,0.006339898202498829,0.006339581459791077,0.06120443344116211,1.111225234187898e-19
0.09307699754937013,0.08775488786284574,0.09995913836217732,0.09699287057301882,0.10940670967102051,0.006339581467216752,0.006339264740340411,0.06114053726196289,1.111246009855041e-19
0.09307623863790324,0.08775476131978346,0.09995914413158745,0.09699342848422483,0.10942387580871582,0.00633926474779203,0.006338948036876957,0.06122183799743652,1.111266782344149e-19
0.09307547973325789,0.08775463478306492,0.09995914990079956,0.0969939863515193,0.10956287384033203,0.006338948044223566,0.006338631349045443,0.06091451644897461,1.111287556325525e-19
0.09307472083543596,0.08775450825268959,0.09995915566981366,0.09699454417490709,0.10962486267089844,0.006338631356510851,0.00633831467720114,0.0611567497253418,1.1113083210274004e-19
0.09307396194443919,0.08775438172865697,0.09995916143862975,0.09699510195439316,0.1098639965057373,0.006338314684652081,0.006337998021166413,0.06127142906188965,1.1113290881230154e-19
0.09307320306026946,0.0877542552109666,0.09995916720724783,0.09699565968998244,0.10927152633666992,0.006337998028647519,0.006337681380763627,0.06109118461608887,1.1113498583706555e-19
0.09307244418292861,0.08775412869961795,0.0999591729756679,0.09699621738167989,0.10977745056152344,0.0063376813884959415,0.006337364756880959,0.06161069869995117,1.1113706273910494e-19
0.09307168531241844,0.08775400219461052,0.09995917874388996,0.09699677502949045,0.10965347290039062,0.00633736476419626,0.006337048147742053,0.06118893623352051,1.1113913987086533e-19
0.09307092644874077,0.08775387569594383,0.099959184511914,0.09699733263341907,0.10997176170349121,0.006337048155749436,0.006336731556189079,0.06141805648803711,1.111412162544344e-19
0.09307016759189736,0.08775374920361735,0.09995919027974004,0.09699789019347066,0.10942435264587402,0.006336731563151496,0.006336414978669325,0.06122851371765137,1.1114329305139e-19
0.0930694087418902,0.08775362271763062,0.09995919604736807,0.09699844770965017,0.10958433151245117,0.006336414986403828,0.006336098417492053,0.061098575592041016,1.1114536919612547e-19
0.09306864989872093,0.08775349623798312,0.09995920181479809,0.09699900518196251,0.10961055755615234,0.006336098425506533,0.0063357818728349,0.0615842342376709,1.111474456813732e-19
0.09306789106239138,0.08775336976467436,0.09995920758203011,0.09699956261041263,0.10917139053344727,0.006335781880457154,0.006335465343987323,0.060953378677368164,1.1114952174814925e-19
0.0930671322329034,0.08775324329770387,0.09995921334906413,0.09700011999500552,0.11070632934570312,0.006335465351253561,0.006335148830416415,0.061766624450683594,1.11151597765474e-19
0.09306637341025877,0.08775311683707113,0.09995921911590015,0.09700067733574605,0.10938358306884766,0.006335148837896952,0.006334832333010354,0.061287641525268555,1.1115367416629366e-19
0.09306561459445928,0.08775299038277563,0.09995922488253817,0.09700123463263917,0.1080632209777832,0.006334832340386587,0.006334515851413869,0.061054229736328125,1.1115575051638355e-19
0.09306485578550681,0.08775286393481689,0.09995923064897819,0.09700179188568973,0.10912966728210449,0.006334515858721587,0.006334199385804595,0.06141209602355957,1.1115782636096899e-19
0.09306409698340326,0.08775273749319441,0.0999592364152202,0.09700234909490274,0.10956740379333496,0.006334199392899876,0.006333882935649626,0.06175541877746582,1.111599022946116e-19
0.09306333818815044,0.0877526110579077,0.09995924218126422,0.0970029062602831,0.10954403877258301,0.006333882942921731,0.006333566501481869,0.06187748908996582,1.1116197819307291e-19
0.09306257939975013,0.08775248462895625,0.09995924794711024,0.09700346338183578,0.11033844947814941,0.006333566508786897,0.0063332500834789585,0.06218910217285156,1.1116405319389806e-19
0.09306182061820416,0.08775235820633957,0.09995925371275825,0.09700402045956572,0.10954546928405762,0.0063332500904928965,0.00633293368021981,0.06172943115234375,1.1116612976128332e-19
0.09306106184351436,0.08775223179005717,0.09995925947820826,0.09700457749347781,0.11006808280944824,0.0063329336880411456,0.006332617294013687,0.06189250946044922,1.111682052004072e-19
0.09306030307568251,0.08775210538010855,0.09995926524346027,0.09700513448357695,0.10997414588928223,0.006332617301429976,0.006332300923084233,0.06176042556762695,1.111702805805003e-19
0.09305954431471045,0.08775197897649321,0.09995927100851429,0.09700569142986809,0.10980844497680664,0.006332300930658002,0.006331984567786719,0.06150531768798828,1.1117235613999934e-19
0.09305878556059996,0.08775185257921066,0.0999592767733703,0.09700624833235619,0.1099236011505127,0.0063319845757261,0.006331668229009324,0.06169247627258301,1.111744312340548e-19
0.09305802681335289,0.08775172618826041,0.09995928253802833,0.09700680519104617,0.1093747615814209,0.00633166823663113,0.006331351905863869,0.061809539794921875,1.1117650639339092e-19
0.09305726807297111,0.08775159980364196,0.09995928830248835,0.09700736200594295,0.11036992073059082,0.006331351913372547,0.00633103559852799,0.06177401542663574,1.1117858219344426e-19
0.09305650933945642,0.08775147342535479,0.09995929406675037,0.09700791877705146,0.11012458801269531,0.006331035605951007,0.006330719307179322,0.061678171157836914,1.1118065732740687e-19
0.09305575061281054,0.08775134705339842,0.0999592998308144,0.09700847550437659,0.10976529121398926,0.006330719314363967,0.006330403030929688,0.06172895431518555,1.1118273260166015e-19
0.0930549918930354,0.08775122068777234,0.09995930559468044,0.09700903218792323,0.11005282402038574,0.006330403038612415,0.006330086771733079,0.06209397315979004,1.1118480755390574e-19
0.09305423318013277,0.0877510943284761,0.09995931135834848,0.09700958882769635,0.10881519317626953,0.006330086778693756,0.0063297705269249604,0.062071800231933594,1.1118688210880427e-19
0.09305347447410453,0.08775096797550917,0.09995931712181853,0.09701014542370086,0.10941457748413086,0.006329770534610304,0.006329454298814596,0.06177377700805664,1.1118895697925662e-19
0.09305271577495247,0.08775084162887106,0.09995932288509059,0.0970107019759417,0.10921025276184082,0.006329454306358182,0.006329138086869079,0.061304569244384766,1.1119103120817223e-19
0.0930519570826785,0.08775071528856128,0.09995932864816466,0.09701125848442371,0.10821843147277832,0.006329138093936251,0.006328821889667324,0.0615689754486084,1.1119310647669427e-19
0.09305119839728433,0.08775058895457932,0.09995933441104074,0.09701181494915183,0.10897111892700195,0.006328821897346832,0.0063285057096962305,0.06176114082336426,1.1119518067552887e-19
0.09305043971877179,0.08775046262692471,0.09995934017371882,0.09701237137013097,0.10927844047546387,0.006328505716585985,0.006328189544113627,0.06186270713806152,1.1119725589985236e-19
0.0930496810471427,0.08775033630559692,0.09995934593619892,0.09701292774736607,0.1089029312133789,0.006328189551655392,0.006327873395228778,0.0616304874420166,1.1119932964520988e-19
0.09304892238239895,0.08775020999059548,0.09995935169848102,0.09701348408086206,0.10938215255737305,0.00632787340255311,0.006327557261442962,0.06201791763305664,1.1120140459968885e-19
0.09304816372454236,0.08775008368191987,0.09995935746056515,0.09701404037062386,0.10908389091491699,0.006327557269279551,0.006327241144710172,0.061997413635253906,1.1120347838782084e-19
0.0930474050735747,0.08774995737956963,0.09995936322245129,0.09701459661665637,0.10906815528869629,0.00632724115183101,0.006326925042898779,0.06200814247131348,1.1120555305801485e-19
0.09304664642949786,0.08774983108354423,0.09995936898413944,0.09701515281896451,0.10950660705566406,0.006326925050208197,0.006326608957074598,0.062088727951049805,1.1120762635742847e-19
0.09304588779231363,0.08774970479384318,0.0999593747456296,0.09701570897755318,0.1092524528503418,0.006326608964411189,0.006326292886704721,0.06214308738708496,1.1120970097729209e-19
0.09304512916202386,0.087749578510466,0.0999593805069218,0.0970162650924273,0.10965180397033691,0.006326292894438679,0.00632597683338787,0.06169009208679199,1.112117743352243e-19
0.09304437053863032,0.08774945223341218,0.099959386268016,0.09701682116359177,0.10950636863708496,0.006325976840289756,0.006325660794459509,0.06251859664916992,1.1121384879103512e-19
0.09304361192213492,0.08774932596268124,0.09995939202891221,0.0970173771910515,0.10994529724121094,0.006325660801964053,0.006325344772406538,0.062315940856933594,1.1121592256002029e-19
0.09304285331253932,0.08774919969827268,0.09995939778961045,0.09701793317481137,0.10979700088500977,0.0063253447794593505,0.006325028765097329,0.062101125717163086,1.1121799634288036e-19
0.09304209470984545,0.08774907344018601,0.0999594035501107,0.0970184891148763,0.10868453979492188,0.006325028772776592,0.006324712774308239,0.06179451942443848,1.1122007036706886e-19
0.09304133611405511,0.08774894718842073,0.09995940931041297,0.0970190450112512,0.10956144332885742,0.0063247127819132856,0.006324396799683996,0.06172657012939453,1.1122214379611925e-19
0.09304057752517013,0.08774882094297633,0.09995941507051727,0.09701960086394101,0.10997962951660156,0.006324396806869236,0.00632408083998115,0.0626072883605957,1.1122421682228215e-19
0.09303981894319234,0.08774869470385233,0.09995942083042358,0.09702015667295062,0.11005043983459473,0.006324080847645425,0.006323764896620787,0.0625460147857666,1.112262905267521e-19
0.0930390603681236,0.08774856847104823,0.09995942659013192,0.09702071243828492,0.10859990119934082,0.006323764904240029,0.00632344896907,0.061376094818115234,1.1122836357442737e-19
0.09303830179996565,0.08774844224456352,0.09995943234964227,0.09702126815994885,0.10850167274475098,0.006323448976651208,0.0063231330576840605,0.061504364013671875,1.1123043731629452e-19
0.09303754323872034,0.08774831602439771,0.09995943810895465,0.09702182383794732,0.10937261581420898,0.006323133064878155,0.006322817161397154,0.06151127815246582,1.11232510253353e-19
0.0930367846843895,0.08774818981055034,0.09995944386806906,0.09702237947228522,0.10934638977050781,0.006322817168922166,0.006322501280919823,0.0615389347076416,1.1123458334504837e-19
0.093036026136975,0.0877480636030209,0.09995944962698548,0.09702293506296747,0.10975337028503418,0.006322501288781114,0.006322185416962611,0.06177496910095215,1.1123665668223217e-19
0.0930352675964786,0.08774793740180889,0.09995945538570394,0.09702349060999896,0.10870361328125,0.006322185424452764,0.006321869568637339,0.06132006645202637,1.1123872966183436e-19
0.09303450906290214,0.08774781120691383,0.09995946114422442,0.09702404611338462,0.10888528823852539,0.006321869575937727,0.006321553736476915,0.06136465072631836,1.1124080206459434e-19
0.0930337505362474,0.08774768501833519,0.09995946690254692,0.09702460157312937,0.10928678512573242,0.00632155374323512,0.006321237919060252,0.06184577941894531,1.112428750623574e-19
0.09303299201651624,0.0877475588360725,0.09995947266067146,0.09702515698923803,0.10922574996948242,0.006321237926344937,0.006320922118341343,0.061811208724975586,1.112449476724964e-19
0.09303223350371043,0.08774743266012527,0.09995947841859802,0.09702571236171549,0.1097111701965332,0.006320922125265312,0.0063206063323661965,0.06249713897705078,1.112470200980296e-19
0.09303147499783182,0.087747306490493,0.09995948417632661,0.0970262676905667,0.10962414741516113,0.006320606339996259,0.006320290563621711,0.06161141395568848,1.1124909288145032e-19
0.09303071649888228,0.08774718032717521,0.09995948993385723,0.09702682297579658,0.1098182201385498,0.0063202905705350785,0.006319974809620987,0.06237339973449707,1.1125116538073596e-19
0.09302995800686362,0.08774705417017141,0.09995949569118988,0.09702737821741,0.10970282554626465,0.006319974816883163,0.006319659072140382,0.06217670440673828,1.112532380266674e-19
0.09302919952177763,0.08774692801948109,0.09995950144832455,0.09702793341541187,0.10931158065795898,0.006319659079038646,0.006319343349403539,0.061864376068115234,1.1125531013753123e-19
0.09302844104362613,0.08774680187510375,0.09995950720526127,0.09702848856980706,0.10977578163146973,0.0063193433570021326,0.006319027643186814,0.06245875358581543,1.112573823777838e-19
0.09302768257241092,0.08774667573703888,0.09995951296200002,0.09702904368060043,0.10935282707214355,0.006319027650771426,0.00631871195260203,0.061669349670410156,1.1125945474272684e-19
0.09302692410813386,0.08774654960528604,0.0999595187185408,0.09702959874779692,0.10977697372436523,0.006318711960346496,0.006318396278182092,0.062148094177246094,1.1126152697371322e-19
0.09302616565079673,0.08774642347984471,0.0999595244748836,0.09703015377140141,0.10953760147094727,0.00631839628572548,0.006318080619394095,0.062233924865722656,1.112635986362054e-19
0.0930254072004013,0.08774629736071439,0.09995953023102845,0.09703070875141877,0.10892367362976074,0.006318080626908836,0.006317764976415674,0.061712026596069336,1.1126567051182704e-19
0.09302464875694945,0.0877461712478946,0.09995953598697532,0.0970312636878539,0.10895347595214844,0.006317764983894545,0.006317449349069193,0.061833858489990234,1.1126774255190944e-19
0.09302389032044311,0.08774604514138486,0.09995954174272423,0.0970318185807117,0.10915398597717285,0.006317449356683481,0.006317133737532288,0.06170177459716797,1.1126981469465648e-19
0.09302313189088396,0.08774591904118463,0.09995954749827517,0.09703237342999704,0.10959482192993164,0.006317133745273504,0.006316818142515501,0.06179404258728027,1.1127188564700172e-19
0.09302237346827383,0.08774579294729343,0.09995955325362815,0.09703292823571481,0.1092536449432373,0.006316818149663041,0.006316502562953019,0.061966896057128906,1.112739579622364e-19
0.09302161505261461,0.08774566685971077,0.09995955900878317,0.0970334829978699,0.10896682739257812,0.006316502569852061,0.006316186999022477,0.06198716163635254,1.11276029428931e-19
0.09302085664390801,0.08774554077843617,0.09995956476374022,0.09703403771646722,0.10918140411376953,0.006316187005839399,0.006315871450368604,0.061490774154663086,1.112781008605633e-19
0.09302009824215592,0.08774541470346915,0.09995957051849932,0.0970345923915117,0.10917067527770996,0.006315871457626033,0.006315555917879578,0.06177926063537598,1.112801726898983e-19
0.09301933984736012,0.08774528863480921,0.09995957627306046,0.09703514702300818,0.10909795761108398,0.006315555925209812,0.006315240401377764,0.06172633171081543,1.112822437292905e-19
0.09301858145952248,0.08774516257245583,0.09995958202742364,0.09703570161096152,0.10929012298583984,0.006315240408591532,0.00631492490050789,0.06195712089538574,1.1128431440075586e-19
0.09301782307864474,0.08774503651640854,0.09995958778158885,0.09703625615537662,0.10916471481323242,0.006314924907767094,0.006314609414914685,0.06161665916442871,1.1128638598898366e-19
0.09301706470472874,0.08774491046666684,0.0999595935355561,0.09703681065625838,0.1089634895324707,0.006314609422739127,0.006314293945841598,0.06194114685058594,1.112884571187424e-19
0.0930163063377763,0.08774478442323023,0.0999595992893254,0.09703736511361166,0.10857462882995605,0.006314293953506739,0.006313978492400452,0.061539649963378906,1.1129052773836744e-19
0.09301554797778928,0.08774465838609824,0.09995960504289672,0.0970379195274414,0.10853123664855957,0.006313978500065777,0.006313663055124152,0.06147623062133789,1.112925988844087e-19
0.09301478962476964,0.08774453235527035,0.0999596107962701,0.0970384738977524,0.10885429382324219,0.006313663062416848,0.006313347632946886,0.06171989440917969,1.1129466964287814e-19
0.0930140312787191,0.0877444063307461,0.0999596165494455,0.09703902822454953,0.10955023765563965,0.00631334764056048,0.006313032226934467,0.06194567680358887,1.11296741111577e-19
0.09301327293963954,0.08774428031252496,0.09995962230242297,0.0970395825078377,0.10962462425231934,0.006313032234495872,0.006312716836553989,0.06210899353027344,1.1129881109415597e-19
0.0930125146075327,0.08774415430060648,0.09995962805520248,0.09704013674762178,0.10959839820861816,0.0063127168442229115,0.006312401462338357,0.06195425987243652,1.1130088204419804e-19
0.09301175628240034,0.08774402829499013,0.09995963380778404,0.0970406909439067,0.10914993286132812,0.00631240146973777,0.006312086103399395,0.06160712242126465,1.1130295256887176e-19
0.09301099796424445,0.08774390229567544,0.09995963956016764,0.09704124509669729,0.10948872566223145,0.00631208611104199,0.006311770760980551,0.06174516677856445,1.1130502293155606e-19
0.0930102396530667,0.08774377630266192,0.09995964531235328,0.09704179920599844,0.10921525955200195,0.006311770768132469,0.0063114554338383755,0.0617375373840332,1.1130709355234616e-19
0.09300948134886897,0.08774365031594905,0.09995965106434097,0.09704235327181503,0.1089625358581543,0.006311455441010434,0.0063111401223281405,0.061356544494628906,1.1130916379551806e-19
0.09300872305165307,0.08774352433553635,0.09995965681613071,0.09704290729415194,0.11067867279052734,0.006311140129675441,0.006310824826627481,0.061866044998168945,1.1131123404646215e-19
0.09300796476142077,0.08774339836142334,0.0999596625677225,0.0970434612730141,0.10975027084350586,0.006310824834126276,0.006310509546914034,0.06186962127685547,1.1131330433389845e-19
0.09300720647817383,0.08774327239360952,0.09995966831911635,0.09704401520840633,0.11073040962219238,0.006310509554361609,0.006310194282832526,0.06186985969543457,1.1131537449768354e-19
0.09300644820191416,0.08774314643209441,0.09995967407031224,0.09704456910033353,0.11035895347595215,0.006310194290380922,0.0063098790347382305,0.06152033805847168,1.1131744407331286e-19
0.0930056899326435,0.08774302047687751,0.09995967982131018,0.09704512294880058,0.11025214195251465,0.006309879042182689,0.006309563802275875,0.06178021430969238,1.1131951404886248e-19
0.09300493167036378,0.08774289452795833,0.09995968557211019,0.09704567675381234,0.11089682579040527,0.00630956380976849,0.006309248585623095,0.06127285957336426,1.1132158404330664e-19
0.0930041734150768,0.08774276858533638,0.09995969132271224,0.09704623051537363,0.11016845703125,0.006309248593135249,0.0063089333851351626,0.061829566955566406,1.113236536334736e-19
0.09300341516678447,0.08774264264901116,0.09995969707311633,0.09704678423348932,0.11086654663085938,0.006308933392282061,0.0063086181995686275,0.06215548515319824,1.1132572351802334e-19
0.09300265692548841,0.08774251671898219,0.09995970282332249,0.09704733790816433,0.11088943481445312,0.0063086182072102665,0.006308303030344575,0.06177949905395508,1.113277931266402e-19
0.09300189869119055,0.08774239079524895,0.09995970857333071,0.09704789153940353,0.11021161079406738,0.006308303037917698,0.006307987877107735,0.061589717864990234,1.113298630966505e-19
0.09300114046389266,0.08774226487781099,0.09995971432314098,0.0970484451272118,0.11037445068359375,0.006307987884403203,0.006307672739147563,0.0612483024597168,1.1133193233876238e-19
0.09300038224359655,0.08774213896666778,0.0999597200727533,0.09704899867159393,0.10944938659667969,0.006307672746664974,0.00630735761646406,0.061766862869262695,1.113340018072305e-19
0.09299962403030415,0.08774201306181885,0.09995972582216768,0.09704955217255486,0.11034011840820312,0.0063073576247057,0.006307042511188854,0.061678171157836914,1.1133607072251675e-19
0.09299886582401723,0.08774188716326368,0.09995973157138412,0.09705010563009946,0.11031794548034668,0.006307042518520065,0.006306727421190317,0.06142711639404297,1.113381398575874e-19
0.09299810762473755,0.0877417612710018,0.09995973732040261,0.09705065904423257,0.12356209754943848,0.006306727428109264,0.006306412346113177,0.07084059715270996,1.1134020885823834e-19
0.0929973494324671,0.08774163538503275,0.09995974306922317,0.09705121241495905,0.12024569511413574,0.00630641235347365,0.00630609728737852,0.0663290023803711,1.1134227795079568e-19
0.09299659124720762,0.08774150950535602,0.09995974881784579,0.09705176574228375,0.11000561714172363,0.006306097294611379,0.006305782244275804,0.06173849105834961,1.1134434730965816e-19
0.09299583306896089,0.08774138363197109,0.09995975456627046,0.09705231902621156,0.10936522483825684,0.006305782251522317,0.006305467216449756,0.061730146408081055,1.1134641619373985e-19
0.09299507489772875,0.0877412577648775,0.0999597603144972,0.09705287226674734,0.11018943786621094,0.0063054672242060265,0.006305152205143827,0.06161975860595703,1.1134848497364993e-19
0.0929943167335131,0.08774113190407473,0.099959766062526,0.09705342546389595,0.10899853706359863,0.006305152212659742,0.006304837209114567,0.06186628341674805,1.1135055409643197e-19
0.09299355857631565,0.08774100604956231,0.09995977181035685,0.09705397861766221,0.1105496883392334,0.006304837216885927,0.0063045222297830605,0.06141304969787598,1.1135262279715124e-19
0.09299280042613821,0.08774088020133974,0.09995977755798978,0.09705453172805102,0.10987138748168945,0.006304522236880407,0.006304207265195316,0.062132835388183594,1.113546909745429e-19
0.09299204228298262,0.08774075435940656,0.09995978330542477,0.09705508479506719,0.1108405590057373,0.006304207272644181,0.0063038923165947836,0.062497854232788086,1.113567596294497e-19
0.09299128414685076,0.08774062852376226,0.09995978905266181,0.09705563781871561,0.1101999282836914,0.006303892324176148,0.006303577384336734,0.0617213249206543,1.1135882855857634e-19
0.09299052601774435,0.08774050269440634,0.09995979479970092,0.09705619079900114,0.10967612266540527,0.0063035773914750445,0.006303262467177717,0.06192922592163086,1.11360896823858e-19
0.09298976789566521,0.08774037687133832,0.0999598005465421,0.09705674373592868,0.11041831970214844,0.006303262474540806,0.006302947566361183,0.061624765396118164,1.1136296444667947e-19
0.09298900978061517,0.08774025105455768,0.09995980629318535,0.09705729662950305,0.10987257957458496,0.0063029475733713414,0.006302632680466047,0.062402963638305664,1.1136503317487496e-19
0.0929882516725961,0.08774012524406397,0.09995981203963067,0.09705784947972913,0.11072182655334473,0.006302632687967548,0.006302317811091029,0.062445878982543945,1.1136710111001422e-19
0.09298749357160986,0.08773999943985668,0.09995981778587805,0.09705840228661174,0.1126856803894043,0.006302317818328252,0.006302002957170316,0.06334471702575684,1.113691690248995e-19
0.09298673547765823,0.08773987364193532,0.0999598235319275,0.09705895505015573,0.11333370208740234,0.006302002964451048,0.006301688119236815,0.0632789134979248,1.113712368913035e-19
0.09298597739074305,0.08773974785029941,0.09995982927777902,0.09705950777036598,0.1130681037902832,0.006301688126335681,0.006301373296402346,0.06338810920715332,1.113733053244478e-19
0.09298521931086606,0.08773962206494845,0.09995983502343261,0.09706006044724731,0.11384797096252441,0.006301373303982836,0.006301058490265632,0.0639641284942627,1.1137537301719575e-19
0.0929844612380292,0.08773949628588196,0.09995984076888827,0.09706061308080459,0.1133115291595459,0.006301058497390956,0.006300743699227951,0.06370806694030762,1.1137744052237215e-19
0.09298370317223426,0.08773937051309942,0.09995984651414601,0.09706116567104266,0.11329102516174316,0.00630074370656034,0.006300428924355117,0.06371688842773438,1.1137950891824535e-19
0.09298294511348301,0.08773924474660039,0.0999598522592058,0.09706171821796634,0.11277318000793457,0.00630042893148877,0.006300114164581316,0.06333780288696289,1.1138157616612686e-19
0.09298218706177733,0.08773911898638434,0.09995985800406766,0.09706227072158051,0.11321854591369629,0.006300114172176215,0.006299799420972363,0.06358647346496582,1.1138364354297714e-19
0.092981429017119,0.0877389932324508,0.09995986374873161,0.09706282318189,0.11309814453125,0.006299799428622173,0.006299484693172985,0.06362175941467285,1.1138571102809307e-19
0.09298067097950982,0.08773886748479928,0.09995986949319764,0.09706337559889967,0.11379170417785645,0.006299484700823872,0.006299169981538455,0.0639042854309082,1.1138777851550194e-19
0.09297991294895167,0.08773874174342929,0.09995987523746575,0.0970639279726144,0.1136784553527832,0.006299169988780447,0.006298855285358229,0.06376481056213379,1.1138984539439863e-19
0.09297915492544633,0.08773861600834033,0.09995988098153592,0.09706448030303902,0.11348414421081543,0.006298855292494155,0.006298540604632308,0.06371927261352539,1.1139191298426129e-19
0.09297839690899566,0.08773849027953193,0.09995988672540818,0.09706503259017839,0.11328601837158203,0.00629854061196187,0.006298225939538327,0.06337594985961914,1.1139398004780735e-19
0.09297763889960142,0.08773836455700358,0.0999598924690825,0.09706558483403735,0.11351370811462402,0.006298225947184197,0.006297911290964464,0.0634925365447998,1.1139604722549103e-19
0.09297688089726534,0.08773823884075481,0.09995989821255892,0.09706613703462075,0.11363840103149414,0.006297911298159558,0.006297596657489635,0.06356525421142578,1.1139811428942503e-19
0.09297612290198928,0.08773811313078511,0.09995990395583741,0.09706668919193341,0.11405515670776367,0.006297596664887252,0.0062972820401796525,0.0635824203491211,1.1140018078742703e-19
0.09297536491377514,0.08773798742709397,0.09995990969891798,0.0970672413059802,0.11401844024658203,0.006297282047366124,0.006296967438146339,0.06363868713378906,1.1140224763086454e-19
0.09297460693262474,0.08773786172968094,0.09995991544180062,0.09706779337676595,0.11356163024902344,0.006296967445595408,0.006296652852100237,0.06337213516235352,1.1140431458130093e-19
0.09297384895853984,0.08773773603854552,0.09995992118448535,0.09706834540429554,0.1133418083190918,0.006296652859575615,0.0062963382818637115,0.06335830688476562,1.1140638111798271e-19
0.09297309099152234,0.08773761035368721,0.09995992692697216,0.09706889738857374,0.11304807662963867,0.0062963382893050125,0.006296023727436761,0.06305623054504395,1.114084476564085e-19
0.09297233303157403,0.08773748467510553,0.09995993266926104,0.09706944932960543,0.11307811737060547,0.00629602373478176,0.006295709188819387,0.0633244514465332,1.114105145276033e-19
0.0929715750786967,0.08773735900280001,0.099959938411352,0.09707000122739545,0.11336779594421387,0.006295709196006031,0.006295394665478682,0.06328678131103516,1.1141258072947222e-19
0.09297081713289229,0.08773723333677012,0.09995994415324506,0.09707055308194862,0.1131129264831543,0.006295394672977786,0.006295080158302824,0.06287646293640137,1.1141464701028162e-19
0.09297005919416251,0.08773710767701541,0.09995994989494021,0.09707110489326978,0.11326909065246582,0.006295080165694552,0.006294765666225999,0.0630943775177002,1.1141671340571142e-19
0.09296930126250925,0.08773698202353539,0.09995995563643743,0.09707165666136376,0.1130685806274414,0.00629476567415886,0.006294451191202199,0.06282830238342285,1.1141877966624593e-19
0.09296854333793428,0.08773685637632955,0.09995996137773673,0.09707220838623544,0.1132206916809082,0.006294451198364786,0.006294136730744526,0.06299185752868652,1.1142084592938567e-19
0.09296778542043939,0.08773673073539741,0.09995996711883812,0.09707276006788962,0.11356019973754883,0.006294136738316424,0.0062938222868069715,0.06258845329284668,1.1142291202966068e-19
0.0929670275100264,0.08773660510073848,0.09995997285974159,0.09707331170633111,0.11338591575622559,0.006293822294008884,0.006293507858323721,0.06285786628723145,1.1142497806203355e-19
0.0929662696066971,0.08773647947235227,0.09995997860044716,0.09707386330156478,0.11330270767211914,0.006293507865442975,0.00629319344511714,0.06271505355834961,1.114270435517665e-19
0.09296551171045331,0.08773635385023829,0.09995998434095481,0.09707441485359546,0.1134037971496582,0.006293193452619672,0.00629287904789777,0.0627298355102539,1.114291093377679e-19
0.0929647538212969,0.08773622823439606,0.09995999008126455,0.09707496636242798,0.1137843132019043,0.006292879055536515,0.0062925646670208835,0.06281805038452148,1.1143117571263932e-19
0.09296399593922959,0.08773610262482508,0.09995999582137638,0.09707551782806718,0.11377334594726562,0.006292564674192291,0.006292250301065394,0.06275296211242676,1.1143324109962927e-19
0.09296323806425334,0.08773597702152487,0.09996000156129028,0.09707606925051789,0.11345243453979492,0.006292250308587337,0.006291935951452388,0.06287884712219238,1.1143530644121982e-19
0.09296248019636993,0.08773585142449496,0.09996000730100628,0.09707662062978493,0.11322665214538574,0.006291935958720758,0.00629162161711605,0.06313014030456543,1.1143737219395394e-19
0.09296172233558117,0.08773572583373482,0.09996001304052438,0.0970771719658731,0.11326122283935547,0.006291621624591203,0.006291307298766924,0.06313133239746094,1.114394374597562e-19
0.09296096448188883,0.08773560024924398,0.09996001877984458,0.09707772325878729,0.11388826370239258,0.006291307306197449,0.006290992996049738,0.06344437599182129,1.1144150312929737e-19
0.0929602066352947,0.08773547467102197,0.09996002451896686,0.09707827450853228,0.11328005790710449,0.006290993003540413,0.006290678709497399,0.06324219703674316,1.114435679345484e-19
0.09295944879580056,0.08773534909906827,0.09996003025789124,0.09707882571511296,0.11361312866210938,0.006290678716618603,0.006290364438221729,0.06332135200500488,1.1144563325661265e-19
0.0929586909634084,0.08773522353338242,0.0999600359966177,0.09707937687853416,0.11325287818908691,0.006290364445430279,0.006290050182933271,0.06325149536132812,1.1144769852711185e-19
0.09295793313812001,0.08773509797396394,0.09996004173514625,0.09707992799880064,0.11358356475830078,0.006290050189974314,0.00628973594256621,0.06352400779724121,1.1144976357017042e-19
0.09295717531993712,0.08773497242081231,0.09996004747347689,0.09708047907591726,0.11377835273742676,0.0062897359502513146,0.006289421718719268,0.06360101699829102,1.1145182785343364e-19
0.09295641750886165,0.08773484687392706,0.09996005321160964,0.09708103010988885,0.1132051944732666,0.006289421726260354,0.006289107510859537,0.06373238563537598,1.1145389350620106e-19
0.09295565970489546,0.0877347213333077,0.09996005894954449,0.0970815811007202,0.11277890205383301,0.006289107517999995,0.006288793317565933,0.0628819465637207,1.114559582671606e-19
0.09295490190804018,0.08773459579895374,0.09996006468728143,0.09708213204841615,0.11323690414428711,0.006288793325470599,0.0062884791415029895,0.0630640983581543,1.1145802291544326e-19
0.09295414411829771,0.08773447027086467,0.09996007042482045,0.09708268295298153,0.11296796798706055,0.0062884791486695416,0.006288164980183808,0.06317996978759766,1.1146008757542252e-19
0.0929533863356699,0.08773434474904006,0.09996007616216158,0.09708323381442112,0.11313509941101074,0.006288164987597742,0.006287850834496567,0.06285595893859863,1.1146215222776357e-19
0.0929526285601586,0.08773421923347936,0.09996008189930482,0.09708378463273974,0.11286520957946777,0.006287850842254796,0.006287536704974173,0.06288743019104004,1.114642166546014e-19
0.09295187079176556,0.08773409372418212,0.09996008763625014,0.0970843354079422,0.11283087730407715,0.006287536712638547,0.006287222591261354,0.06276512145996094,1.1146628103271414e-19
0.09295111303049265,0.08773396822114783,0.09996009337299756,0.09708488614003333,0.1134634017944336,0.006287222598748852,0.006286908493180476,0.06280326843261719,1.1146834575337418e-19
0.0929503552763416,0.08773384272437602,0.09996009910954709,0.097085436829018,0.1133263111114502,0.00628690850058393,0.006286594410731539,0.06274223327636719,1.1147040945273943e-19
0.09294959752931428,0.0877337172338662,0.09996010484589872,0.09708598747490106,0.11328577995300293,0.006286594418143359,0.006286280343914541,0.06276440620422363,1.1147247411211255e-19
0.09294883978941254,0.0877335917496179,0.09996011058205247,0.09708653807768723,0.11354517936706543,0.006286280351426289,0.006285966293084755,0.06270170211791992,1.1147453792622439e-19
0.09294808205663815,0.0877334662716306,0.0999601163180083,0.09708708863738134,0.1133882999420166,0.006285966300432294,0.006285652257886909,0.06272339820861816,1.1147660242317447e-19
0.09294732433099298,0.08773334079990383,0.09996012205376624,0.09708763915398823,0.11323332786560059,0.006285652265160944,0.006285338238498639,0.06280922889709473,1.1147866578703533e-19
0.09294656661247881,0.0877332153344371,0.0999601277893263,0.09708818962751271,0.11281347274780273,0.006285338245610466,0.006285024234387038,0.0625309944152832,1.114807302172347e-19
0.09294580890109741,0.08773308987522993,0.09996013352468847,0.09708874005795962,0.11317825317382812,0.006285024241781343,0.006284710246440284,0.06264138221740723,1.1148279340240364e-19
0.09294505119685056,0.08773296442228183,0.09996013925985274,0.09708929044533375,0.11323308944702148,0.006284710253672107,0.00628439627412547,0.06275248527526855,1.1148485755292457e-19
0.09294429349974025,0.08773283897559231,0.09996014499481912,0.09708984078963993,0.11257386207580566,0.006284396281280687,0.006284082317442596,0.06235384941101074,1.1148692169663838e-19
0.0929435358097682,0.08773271353516089,0.0999601507295876,0.09709039109088297,0.11204290390014648,0.006284082324607629,0.006283768376391663,0.062169790267944336,1.1148898442921488e-19
0.09294277812693622,0.08773258810098708,0.09996015646415818,0.09709094134906769,0.11244726181030273,0.006283768383653149,0.006283454451505577,0.062209129333496094,1.1149104786948944e-19
0.09294202045124612,0.0877324626730704,0.09996016219853088,0.0970914915641989,0.11262202262878418,0.006283454458414051,0.006283140541540888,0.062489986419677734,1.1149311141687481e-19
0.09294126278269987,0.08773233725141033,0.09996016793270568,0.09709204173628137,0.11276412010192871,0.006283140548891654,0.0062828266472081395,0.06238365173339844,1.1149517526451844e-19
0.0929405051212992,0.08773221183600641,0.0999601736666826,0.09709259186531996,0.11234378814697266,0.006282826655086213,0.006282512769573145,0.06222844123840332,1.1149723854826237e-19
0.0929397474670459,0.08773208642685816,0.09996017940046163,0.09709314195131945,0.11241698265075684,0.00628251277699408,0.0062821989068595485,0.06233048439025879,1.114993018645264e-19
0.09293898981994184,0.08773196102396509,0.09996018513404277,0.09709369199428468,0.11226844787597656,0.006282198914615638,0.006281885060843706,0.06236147880554199,1.1150136509282933e-19
0.09293823217998876,0.08773183562732671,0.09996019086742602,0.09709424199422045,0.1121222972869873,0.006281885067949258,0.006281571229571625,0.06233811378479004,1.1150342783813773e-19
0.09293747454718856,0.08773171023694253,0.0999601966006114,0.09709479195113155,0.11109566688537598,0.006281571236994934,0.006281257414997299,0.06224799156188965,1.1150549043629177e-19
0.09293671692154312,0.08773158485281207,0.09996020233359887,0.09709534186502276,0.11202478408813477,0.006281257421751142,0.006280943615166734,0.06240558624267578,1.1150755393377646e-19
0.09293595930305418,0.08773145947493487,0.09996020806638847,0.09709589173589893,0.11168432235717773,0.0062809436222181795,0.00628062983096811,0.06223893165588379,1.1150961570134e-19
0.09293520169172356,0.08773133410331041,0.0999602137989802,0.09709644156376485,0.11201143264770508,0.00628062983839559,0.006280316062934332,0.06226038932800293,1.1151167895817795e-19
0.09293444408755304,0.08773120873793822,0.09996021953137403,0.09709699134862534,0.11222052574157715,0.006280316070281547,0.00628000231035486,0.06208062171936035,1.1151374157128652e-19
0.09293368649054448,0.0877310833788178,0.09996022526356997,0.09709754109048521,0.11165928840637207,0.006280002317875958,0.0062796885737625985,0.06222128868103027,1.1151580436749426e-19
0.09293292890069972,0.08773095802594867,0.09996023099556804,0.09709809078934926,0.11153650283813477,0.006279688581177369,0.006279374852624642,0.061963796615600586,1.1151786659395453e-19
0.09293217131802059,0.08773083267933034,0.09996023672736822,0.09709864044522228,0.11223340034484863,0.006279374860184593,0.006279061148006804,0.06208086013793945,1.1151992904381863e-19
0.09293141374250884,0.08773070733896231,0.09996024245897052,0.097099190058109,0.11215972900390625,0.00627906115489716,0.006278747458132727,0.06175589561462402,1.1152199160656262e-19
0.09293065617416635,0.08773058200484411,0.09996024819037494,0.09709973962801428,0.11150026321411133,0.006278747465315376,0.006278433784423498,0.061620235443115234,1.115240541724728e-19
0.0929298986129949,0.08773045667697528,0.09996025392158148,0.09710028915494294,0.11184000968933105,0.006278433791437103,0.006278120125813302,0.061632633209228516,1.1152611638808566e-19
0.09292914105899626,0.0877303313553553,0.09996025965259013,0.09710083863889976,0.11149907112121582,0.006278120133262879,0.006277806483723225,0.06141161918640137,1.1152817810438026e-19
0.09292838351217228,0.08773020603998372,0.09996026538340091,0.09710138807988956,0.11159110069274902,0.006277806490791175,0.006277492856732181,0.06121349334716797,1.1153023955307982e-19
0.09292762597252478,0.08773008073086001,0.09996027111401383,0.09710193747791714,0.11136460304260254,0.006277492864021319,0.006277179245373077,0.06096029281616211,1.115323022097483e-19
0.09292686844005556,0.08772995542798372,0.09996027684442886,0.09710248683298724,0.11186861991882324,0.006277179252952514,0.00627686565017882,0.06174945831298828,1.1153436413169873e-19
0.09292611091476644,0.08772983013135434,0.09996028257464601,0.09710303614510468,0.11136507987976074,0.006276865657583218,0.006276552070438868,0.06189870834350586,1.1153642551674226e-19
0.09292535339665929,0.0877297048409714,0.09996028830466529,0.09710358541427426,0.1120598316192627,0.0062765520779143515,0.006276238507041398,0.06218433380126953,1.1153848706674973e-19
0.09292459588573587,0.0877295795568344,0.09996029403448668,0.0971041346405008,0.11109399795532227,0.006276238513942383,0.006275924958210055,0.06182551383972168,1.1154054921166805e-19
0.09292383838199798,0.08772945427894287,0.09996029976411021,0.09710468382378902,0.11071562767028809,0.006275924965669331,0.006275611425721195,0.061428070068359375,1.1154261106412715e-19
0.09292308088544744,0.08772932900729631,0.09996030549353586,0.09710523296414375,0.11037158966064453,0.0062756114330937,0.00627529790904191,0.06163835525512695,1.1154467227233824e-19
0.0929223233960861,0.08772920374189423,0.09996031122276365,0.09710578206156975,0.11016035079956055,0.006275297916212944,0.006274984407639295,0.06123924255371094,1.1154673365881026e-19
0.09292156591391577,0.08772907848273617,0.09996031695179355,0.09710633111607185,0.11019682884216309,0.006274984415029022,0.006274670922401526,0.06185126304626465,1.1154879512322208e-19
0.0929208084389383,0.08772895322982163,0.09996032268062557,0.09710688012765481,0.10960268974304199,0.006274670929539454,0.006274357452085155,0.06122469902038574,1.1155085626940709e-19
0.09292005097115541,0.08772882798315014,0.09996032840925974,0.09710742909632346,0.10986757278442383,0.006274357459744192,0.006274043998288903,0.061237335205078125,1.1155291710363427e-19
0.09291929351056906,0.08772870274272121,0.09996033413769603,0.0971079780220826,0.11073780059814453,0.006274044005641714,0.006273730559769319,0.062021493911743164,1.115549785191615e-19
0.09291853605718102,0.08772857750853434,0.09996033986593444,0.09710852690493699,0.1093897819519043,0.006273730567232182,0.006273417137414583,0.061630964279174805,1.1155703957281194e-19
0.09291777861099307,0.08772845228058906,0.09996034559397499,0.09710907574489143,0.11027145385742188,0.0062734171445132485,0.0062731037298036085,0.06213521957397461,1.1155910025627682e-19
0.092917021172007,0.08772832705888488,0.09996035132181767,0.09710962454195068,0.1100320816040039,0.006273103737485738,0.006272790338535117,0.06140708923339844,1.115611614612491e-19
0.09291626374022469,0.08772820184342131,0.09996035704946249,0.09711017329611957,0.11028409004211426,0.006272790346148898,0.006272476963076201,0.06200146675109863,1.1156322183525356e-19
0.09291550631564793,0.08772807663419789,0.09996036277690944,0.09711072200740281,0.11102986335754395,0.006272476970499537,0.006272163603604497,0.06223106384277344,1.1156528287100694e-19
0.09291474889827853,0.0877279514312141,0.09996036850415851,0.09711127067580524,0.10959243774414062,0.006272163610537871,0.0062718502588765546,0.06150698661804199,1.1156734338478355e-19
0.09291399148811834,0.0877278262344695,0.09996037423120972,0.09711181930133167,0.11039066314697266,0.006271850266264875,0.006271536930491095,0.062352657318115234,1.115694037234042e-19
0.09291323408516919,0.08772770104396357,0.09996037995806308,0.09711236788398689,0.11009621620178223,0.006271536937678014,0.00627122361755994,0.06139087677001953,1.1157146476507074e-19
0.09291247668943281,0.08772757585969583,0.09996038568471856,0.09711291642377567,0.11040353775024414,0.006271223624776865,0.006270910320260725,0.06193852424621582,1.115735245716419e-19
0.09291171930091104,0.0877274506816658,0.09996039141117617,0.09711346492070277,0.10962510108947754,0.00627091032756168,0.006270597038415815,0.06141257286071777,1.1157558498291202e-19
0.09291096191960568,0.087727325509873,0.09996039713743593,0.09711401337477299,0.10993337631225586,0.006270597046031598,0.0062702837729133876,0.061434030532836914,1.1157764535442194e-19
0.09291020454551861,0.08772720034431693,0.09996040286349783,0.09711456178599105,0.10947489738464355,0.006270283780183513,0.006269970522865265,0.061196327209472656,1.1157970597619986e-19
0.09290944717865161,0.08772707518499712,0.09996040858936187,0.0971151101543618,0.10969662666320801,0.0062699705300192764,0.006269657287560904,0.06154632568359375,1.115817659877131e-19
0.09290868981900659,0.08772695003191308,0.09996041431502804,0.09711565847989001,0.10964083671569824,0.0062696572955382585,0.0062693440696648395,0.061396121978759766,1.1158382605944259e-19
0.0929079324665853,0.08772682488506434,0.09996042004049635,0.09711620676258041,0.11008620262145996,0.006269344076737082,0.006269030866690173,0.06146740913391113,1.1158588554641049e-19
0.09290717512138959,0.0877266997444504,0.0999604257657668,0.09711675500243781,0.11017704010009766,0.006269030873615141,0.006268717678103997,0.06180429458618164,1.1158794616408832e-19
0.09290641778342125,0.0877265746100708,0.0999604314908394,0.09711730319946699,0.1097254753112793,0.0062687176861753804,0.006268404507103753,0.061542510986328125,1.1159000552895462e-19
0.09290566045268216,0.08772644948192505,0.09996043721571413,0.09711785135367272,0.11060929298400879,0.006268404514414125,0.006268091351024907,0.06261658668518066,1.1159206511891796e-19
0.09290490312917403,0.08772632436001267,0.09996044294039098,0.09711839946505979,0.10953974723815918,0.006268091358330088,0.006267778210400365,0.06145620346069336,1.1159412478823774e-19
0.09290414581289863,0.08772619924433316,0.09996044866486999,0.097118947533633,0.10996580123901367,0.006267778217923744,0.006267465085763035,0.06163525581359863,1.1159618462441305e-19
0.09290338850385792,0.08772607413488603,0.09996045438915113,0.09711949555939706,0.11009669303894043,0.006267465093194333,0.006267151976757646,0.061773061752319336,1.1159824380163725e-19
0.09290263120205366,0.08772594903167082,0.09996046011323442,0.09712004354235679,0.10986924171447754,0.006267151984140426,0.00626683888320656,0.061495065689086914,1.1160030336511897e-19
0.0929018739074877,0.08772582393468703,0.09996046583711986,0.09712059148251696,0.11036562919616699,0.006266838890762157,0.006266525805820322,0.06229352951049805,1.1160236249940156e-19
0.09290111662016179,0.08772569884393418,0.09996047156080744,0.09712113937988232,0.11029171943664551,0.006266525813056797,0.006266212744066024,0.061420440673828125,1.1160442162187472e-19
0.09290035934007779,0.08772557375941178,0.09996047728429716,0.09712168723445763,0.11081480979919434,0.006266212751023868,0.006265899697055488,0.06197071075439453,1.1160648122938448e-19
0.09289960206723746,0.08772544868111937,0.09996048300758903,0.09712223504624773,0.1096951961517334,0.006265899704665299,0.006265586666742706,0.06135725975036621,1.116085403786665e-19
0.09289884480164272,0.08772532360905644,0.09996048873068306,0.09712278281525732,0.11116290092468262,0.006265586673978524,0.006265273651706593,0.061592817306518555,1.1161059907574302e-19
0.09289808754329527,0.08772519854322251,0.09996049445357923,0.09712333054149122,0.11033892631530762,0.006265273658962582,0.006264960652124785,0.06128740310668945,1.1161265818585188e-19
0.09289733029219707,0.08772507348361712,0.09996050017627754,0.09712387822495415,0.11052393913269043,0.006264960659617296,0.006264647668530188,0.061388254165649414,1.1161471704160992e-19
0.09289657304834992,0.08772494843023977,0.09996050589877802,0.09712442586565086,0.11047005653381348,0.006264647675940139,0.006264334700389895,0.06145882606506348,1.1161677568565098e-19
0.09289581581175554,0.08772482338308998,0.09996051162108063,0.09712497346358612,0.11078858375549316,0.006264334707933059,0.006264021748059179,0.06170487403869629,1.1161883459055646e-19
0.09289505858241581,0.08772469834216727,0.0999605173431854,0.09712552101876472,0.11074042320251465,0.006264021755594594,0.006263708811538038,0.061922550201416016,1.1162089303649514e-19
0.09289430136033258,0.08772457330747116,0.09996052306509232,0.09712606853119142,0.11007905006408691,0.006263708818921613,0.006263395890471202,0.06167268753051758,1.116229514397852e-19
0.09289354414550761,0.08772444827900115,0.09996052878680138,0.09712661600087097,0.1099100112915039,0.006263395897914974,0.006263082985213941,0.0622556209564209,1.1162501013498256e-19
0.09289278693794281,0.08772432325675678,0.0999605345083126,0.09712716342780815,0.10953736305236816,0.006263082992574253,0.00626277009523335,0.06174182891845703,1.116270683090913e-19
0.09289202973763988,0.08772419824073754,0.09996054022962599,0.09712771081200777,0.11017251014709473,0.006262770102898741,0.006262457221595241,0.06201887130737305,1.1162912633733052e-19
0.0928912725446007,0.08772407323094297,0.09996054595074151,0.09712825815347449,0.10973381996154785,0.00626245722888619,0.006262144363233801,0.06168961524963379,1.1163118512707157e-19
0.09289051535882704,0.08772394822737259,0.0999605516716592,0.09712880545221311,0.10977816581726074,0.006262144370536831,0.006261831520326666,0.06162381172180176,1.116332432812364e-19
0.09288975818032079,0.08772382323002591,0.09996055739237904,0.0971293527082284,0.10996866226196289,0.006261831527850638,0.006261518693584378,0.06196141242980957,1.1163530134343002e-19
0.09288900100908368,0.08772369823890244,0.09996056311290105,0.09712989992152511,0.10889506340026855,0.006261518700826647,0.00626120588247403,0.0614013671875,1.116373594388417e-19
0.09288824384511758,0.08772357325400171,0.09996056883322521,0.09713044709210805,0.11029314994812012,0.006261205889461545,0.006260893086107444,0.061528921127319336,1.116394178273634e-19
0.09288748668842424,0.08772344827532325,0.09996057455335153,0.09713099421998196,0.11099624633789062,0.006260893093759222,0.006260580306083341,0.06244993209838867,1.1164147507094505e-19
0.09288672953900551,0.08772332330286656,0.09996058027328,0.09713154130515159,0.10939812660217285,0.006260580313714914,0.006260267541691178,0.062337398529052734,1.1164353264987617e-19
0.09288597239686326,0.08772319833663116,0.09996058599301064,0.09713208834762171,0.10913491249084473,0.006260267549329416,0.006259954792930955,0.06200885772705078,1.1164559056321895e-19
0.09288521526199933,0.08772307337661656,0.09996059171254343,0.09713263534739706,0.10971188545227051,0.006259954800601638,0.006259642060513215,0.061997175216674805,1.1164764836927042e-19
0.09288445813441552,0.08772294842282229,0.09996059743187839,0.09713318230448238,0.10937190055847168,0.006259642067529109,0.006259329343016873,0.061930179595947266,1.1164970581999118e-19
0.09288370101411357,0.08772282347524786,0.09996060315101553,0.0971337292188824,0.10945558547973633,0.0062593293501126855,0.006259016640797199,0.06188488006591797,1.1165176330066117e-19
0.09288294390109539,0.0877226985338928,0.09996060886995481,0.09713427609060192,0.10902571678161621,0.006259016648351701,0.0062587039549200085,0.06163501739501953,1.1165382083738717e-19
0.09288218679536268,0.08772257359875663,0.09996061458869626,0.09713482291964567,0.1098783016204834,0.006258703962245267,0.006258391284852394,0.06176257133483887,1.116558781296513e-19
0.0928814296969173,0.08772244866983885,0.09996062030723989,0.09713536970601842,0.1094512939453125,0.006258391291792625,0.006258078630061448,0.061943769454956055,1.116579351776605e-19
0.092880672605761,0.08772232374713897,0.09996062602558567,0.09713591644972491,0.10908198356628418,0.006258078636992646,0.006257765990724806,0.06179976463317871,1.1165999252753586e-19
0.0928799155218957,0.08772219883065653,0.09996063174373362,0.09713646315076993,0.11005115509033203,0.006257765997844859,0.006257453367197741,0.06164979934692383,1.1166204911305166e-19
0.09287915844532324,0.08772207392039105,0.09996063746168374,0.09713700980915824,0.11013054847717285,0.006257453374348198,0.006257140759302615,0.061701059341430664,1.11664106524027e-19
0.0928784013760454,0.08772194901634206,0.09996064317943601,0.09713755642489455,0.1088113784790039,0.006257140766502843,0.006256828166861794,0.061425209045410156,1.1166616378857599e-19
0.09287764431406399,0.08772182411850905,0.09996064889699045,0.09713810299798363,0.10941147804260254,0.006256828174308056,0.0062565155900529135,0.06183314323425293,1.1166822060136553e-19
0.09287688725938086,0.08772169922689156,0.09996065461434707,0.09713864952843025,0.10847210884094238,0.006256515597763357,0.006256203029764151,0.061601877212524414,1.1167027745804729e-19
0.09287613021199775,0.0877215743414891,0.09996066033150584,0.0971391960162391,0.11002945899963379,0.0062562030368655645,0.006255890484396787,0.061846256256103516,1.1167233361511192e-19
0.09287537317191656,0.08772144946230119,0.09996066604846679,0.09713974246141495,0.10991477966308594,0.006255890491614652,0.006255577954661362,0.062136173248291016,1.1167439038462505e-19
0.09287461613913908,0.08772132458932734,0.0999606717652299,0.09714028886396253,0.10940265655517578,0.006255577962011441,0.006255265440913149,0.06239175796508789,1.1167644664940893e-19
0.09287385911366715,0.08772119972256709,0.09996067748179517,0.09714083522388663,0.10957956314086914,0.006255265448053797,0.006254952942441605,0.06200671195983887,1.1167850376904664e-19
0.09287310209550258,0.08772107486201995,0.09996068319816263,0.09714138154119199,0.10960030555725098,0.006254952949741011,0.006254640459602001,0.0620572566986084,1.1168056009732955e-19
0.09287234508464715,0.08772095000768543,0.09996068891433225,0.09714192781588335,0.10949254035949707,0.0062546404670722824,0.006254327992394337,0.062088727951049805,1.1168261623680448e-19
0.09287158808110274,0.08772082515956306,0.09996069463030405,0.09714247404796544,0.1093447208404541,0.006254328000048133,0.006254015541351521,0.062042951583862305,1.116846724549473e-19
0.09287083108487107,0.08772070031765236,0.09996070034607801,0.09714302023744299,0.10891437530517578,0.006254015548666069,0.006253703105763009,0.06161236763000488,1.1168672885358746e-19
0.09287007409595399,0.08772057548195285,0.09996070606165416,0.09714356638432073,0.10866069793701172,0.006253703112925729,0.006253390685451166,0.061127662658691406,1.1168878491566747e-19
0.09286931711435337,0.08772045065246403,0.09996071177703247,0.09714411248860343,0.10943007469177246,0.006253390692825942,0.006253078281481805,0.06175422668457031,1.1169084082004336e-19
0.09286856014007087,0.08772032582918543,0.09996071749221296,0.09714465855029576,0.10851120948791504,0.006253078288366229,0.006252765892078571,0.06139707565307617,1.1169289652777643e-19
0.09286780317310837,0.08772020101211657,0.09996072320719562,0.09714520456940255,0.10980725288391113,0.006252765899546224,0.006252453518840184,0.0615231990814209,1.1169495267991575e-19
0.09286704621346782,0.08772007620125696,0.09996072892198046,0.09714575054592854,0.1097404956817627,0.0062524535263664555,0.006252141161233737,0.061347007751464844,1.1169700807120627e-19
0.09286628926115092,0.08771995139660616,0.09996073463656747,0.09714629647987845,0.10918188095092773,0.006252141168824394,0.006251828819081595,0.06153368949890137,1.1169906436048986e-19
0.09286553231615946,0.08771982659816364,0.09996074035095667,0.097146842371257,0.1090552806854248,0.006251828826920346,0.006251516493271936,0.06136298179626465,1.1170111962231076e-19
0.09286477537849534,0.08771970180592895,0.09996074606514804,0.09714738822006891,0.1085042953491211,0.006251516500652116,0.00625120418256131,0.061493873596191406,1.117031748755212e-19
0.09286401844816031,0.08771957701990159,0.09996075177914159,0.09714793402631895,0.10953402519226074,0.006251204190019273,0.006250891887660259,0.061852455139160156,1.1170523051619793e-19
0.09286326152515617,0.0877194522400811,0.09996075749293731,0.09714847979001184,0.10871195793151855,0.0062508918950206875,0.006250579608568785,0.061113834381103516,1.117072862261907e-19
0.09286250460948473,0.08771932746646698,0.09996076320653523,0.09714902551115231,0.10833978652954102,0.00625057961565693,0.006250267344753979,0.06130576133728027,1.1170934149077104e-19
0.09286174770114776,0.08771920269905875,0.09996076891993531,0.09714957118974517,0.10877799987792969,0.006250267351926171,0.006249955096038207,0.06156158447265625,1.1171139715184918e-19
0.09286099080014713,0.08771907793785595,0.09996077463313759,0.09715011682579511,0.10865521430969238,0.0062499551038294595,0.006249642864020188,0.061211347579956055,1.1171345168864444e-19
0.0928602339064848,0.08771895318285809,0.09996078034614204,0.09715066241930684,0.1084737777709961,0.006249642871362827,0.006249330647278839,0.061141252517700195,1.1171550704558858e-19
0.09285947702016255,0.0877188284340647,0.09996078605894868,0.09715120797028509,0.1088566780090332,0.006249330654526885,0.00624901844616943,0.06129145622253418,1.1171756195194418e-19
0.0928587201411821,0.08771870369147529,0.09996079177155749,0.0971517534787346,0.10936093330383301,0.006249018453321514,0.006248706260336689,0.06119036674499512,1.1171961714160566e-19
0.0928579632695453,0.08771857895508937,0.0999607974839685,0.0971522989446601,0.10928034782409668,0.006248706267746288,0.006248394090313525,0.06090855598449707,1.1172167219623832e-19
0.09285720640525402,0.08771845422490648,0.09996080319618167,0.09715284436806632,0.1102900505065918,0.006248394097799767,0.006248081936099936,0.06104469299316406,1.1172372649842774e-19
0.0928564495483101,0.08771832950092615,0.09996080890819704,0.09715338974895799,0.10973024368286133,0.006248081943481093,0.006247769797518288,0.061163902282714844,1.1172578112116685e-19
0.09285569269871531,0.08771820478314786,0.09996081462001459,0.09715393508733984,0.11092138290405273,0.0062477698047884705,0.006247457674213308,0.061261653900146484,1.1172783560605362e-19
0.09285493585647149,0.08771808007157114,0.09996082033163432,0.09715448038321663,0.11093831062316895,0.006247457681723232,0.006247145567073176,0.06100010871887207,1.1172989058179963e-19
0.0928541790215804,0.08771795536619553,0.09996082604305624,0.09715502563659303,0.10972404479980469,0.006247145574282513,0.006246833474676805,0.06051135063171387,1.1173194493663866e-19
0.09285342219404384,0.08771783066702056,0.09996083175428036,0.0971555708474738,0.11136198043823242,0.006246833482468237,0.006246521399155824,0.060389041900634766,1.1173399914801887e-19
0.09285266537386366,0.08771770597404574,0.09996083746530667,0.09715611601586366,0.11086797714233398,0.006246521406275519,0.00624620933820097,0.06122398376464844,1.1173605364072685e-19
0.09285190856104174,0.08771758128727057,0.09996084317613516,0.09715666114176734,0.11133575439453125,0.0062462093457067575,0.006245897293233327,0.0616300106048584,1.117381076097612e-19
0.09285115175557986,0.0877174566066946,0.09996084888676583,0.09715720622518959,0.1097862720489502,0.0062458973007606736,0.006245585263897624,0.060835838317871094,1.1174016219975845e-19
0.09285039495747976,0.08771733193231733,0.09996085459719871,0.09715775126613511,0.11043930053710938,0.006245585271436212,0.006245273250726768,0.06114315986633301,1.1174221661886118e-19
0.09284963816674331,0.08771720726413829,0.09996086030743379,0.09715829626460865,0.11017942428588867,0.006245273257731181,0.0062449612522996745,0.061357975006103516,1.1174427048513047e-19
0.09284888138337231,0.087717082602157,0.09996086601747105,0.09715884122061491,0.1107022762298584,0.006244961259647545,0.0062446492696821565,0.061438798904418945,1.1174632430157561e-19
0.09284812460736859,0.08771695794637299,0.0999608717273105,0.0971593861341586,0.10991573333740234,0.006244649277182542,0.00624433730305185,0.061037540435791016,1.117483778588504e-19
0.09284736783873387,0.08771683329678577,0.09996087743695214,0.09715993100524448,0.11022567749023438,0.006244337310335997,0.006244025352053484,0.06164050102233887,1.11750431809545e-19
0.09284661107747011,0.08771670865339487,0.09996088314639598,0.09716047583387721,0.11104440689086914,0.006244025359106118,0.006243713416509422,0.061614274978637695,1.117524853437968e-19
0.09284585432357903,0.08771658401619979,0.09996088885564201,0.09716102062006153,0.1103830337524414,0.0062437134234944415,0.0062434014960643935,0.06147313117980957,1.117545390862645e-19
0.0928450975770625,0.08771645938520006,0.09996089456469026,0.0971615653638022,0.11172986030578613,0.006243401503498986,0.006243089592317119,0.0614168643951416,1.1175659241706782e-19
0.09284434083792231,0.08771633476039523,0.0999609002735407,0.0971621100651039,0.11113905906677246,0.0062430895991181165,0.006242777703846514,0.06264424324035645,1.117586460561353e-19
0.09284358410616037,0.08771621014178478,0.09996090598219333,0.09716265472397134,0.11163043975830078,0.006242777710350481,0.006242465829942034,0.06254887580871582,1.1176069952729177e-19
0.09284282738177838,0.08771608552936824,0.09996091169064816,0.09716319934040925,0.11128449440002441,0.006242465837197995,0.006242153972202402,0.0623936653137207,1.117627527289409e-19
0.09284207066477815,0.08771596092314515,0.0999609173989052,0.09716374391442234,0.11112236976623535,0.00624215397965882,0.006241842130627617,0.06265139579772949,1.117648060944962e-19
0.09284131395516149,0.08771583632311503,0.09996092310696443,0.09716428844601535,0.11081337928771973,0.006241842137732161,0.00624153030397423,0.06181645393371582,1.1176685904118273e-19
0.09284055725293017,0.08771571172927738,0.09996092881482586,0.09716483293519297,0.11081576347351074,0.006241530311416681,0.006241218493130418,0.0624394416809082,1.1176891188035353e-19
0.09283980055808601,0.08771558714163175,0.0999609345224895,0.0971653773819599,0.11079287528991699,0.006241218500711503,0.006240906697563275,0.062201499938964844,1.1177096537228165e-19
0.0928390438706309,0.08771546256017763,0.09996094022995534,0.09716592178632087,0.10915207862854004,0.0062409067056175185,0.006240594918693887,0.06112217903137207,1.1177301851437366e-19
0.09283828719056662,0.08771533798491457,0.09996094593722338,0.09716646614828058,0.11016368865966797,0.006240594926130924,0.006240283155101167,0.061354637145996094,1.1177507126941647e-19
0.09283753051789502,0.08771521341584208,0.09996095164429361,0.09716701046784375,0.11084461212158203,0.006240283162252948,0.006239971406429845,0.06182694435119629,1.1177712408148881e-19
0.09283677385261785,0.08771508885295969,0.09996095735116606,0.0971675547450151,0.1117558479309082,0.0062399714139820895,0.006239659674101006,0.06154775619506836,1.1177917653243793e-19
0.09283601719473705,0.0877149642962669,0.0999609630578407,0.09716809897979935,0.11177420616149902,0.0062396596813173374,0.006239347957048835,0.06169319152832031,1.1178122950532934e-19
0.0928352605442544,0.08771483974576327,0.09996096876431755,0.09716864317220117,0.11235880851745605,0.006239347964259164,0.006239036255628605,0.06210017204284668,1.1178328167000669e-19
0.0928345039011717,0.0877147152014483,0.09996097447059661,0.09716918732222533,0.1118171215057373,0.006239036262806141,0.006238724569307408,0.06207108497619629,1.117853339753433e-19
0.09283374726549078,0.08771459066332153,0.09996098017667787,0.09716973142987653,0.11232995986938477,0.006238724576958531,0.006238412899328694,0.06267070770263672,1.1178738674519046e-19
0.09283299063721341,0.08771446613138247,0.09996098588256135,0.09717027549515941,0.11175203323364258,0.006238412906712796,0.006238101244804284,0.06206822395324707,1.1178943881606173e-19
0.0928322340163414,0.08771434160563063,0.09996099158824703,0.09717081951807871,0.11188316345214844,0.006238101252070204,0.006237789605734179,0.06264591217041016,1.1179149124028606e-19
0.09283147740287662,0.08771421708606555,0.09996099729373494,0.09717136349863915,0.11195850372314453,0.006237789613030323,0.006237477982473649,0.06255698204040527,1.1179354318935196e-19
0.09283072079682089,0.08771409257268675,0.09996100299902504,0.09717190743684542,0.1109006404876709,0.006237477989590646,0.006237166374489789,0.06180834770202637,1.1179559551330499e-19
0.092829964198176,0.08771396806549375,0.09996100870411735,0.09717245133270222,0.10967755317687988,0.006237166381751124,0.006236854782137868,0.06214714050292969,1.117976477268631e-19
0.09282920760694381,0.08771384356448605,0.09996101440901188,0.09717299518621422,0.10961747169494629,0.006236854789511624,0.006236543205417888,0.06151604652404785,1.1179969912486277e-19
0.09282845102312613,0.08771371906966322,0.09996102011370862,0.0971735389973862,0.10999870300292969,0.006236543212871709,0.00623623164468512,0.06193375587463379,1.1180175138833274e-19
0.09282769444672467,0.08771359458102473,0.09996102581820757,0.09717408276622284,0.10918831825256348,0.0062362316518291775,0.006235920099051384,0.06168651580810547,1.1180380303237643e-19
0.09282693787774132,0.08771347009857014,0.09996103152250872,0.09717462649272883,0.10991215705871582,0.006235920106383358,0.00623560856940486,0.06158018112182617,1.118058547056786e-19
0.09282618131617787,0.08771334562229895,0.09996103722661209,0.09717517017690883,0.10987329483032227,0.0062356085765334105,0.006235297055035005,0.06146526336669922,1.118079063571516e-19
0.0928254247620361,0.08771322115221068,0.09996104293051768,0.09717571381876758,0.10971879959106445,0.0062352970622795096,0.0062349855566523615,0.06172442436218262,1.1180995785083862e-19
0.09282466821531789,0.08771309668830488,0.09996104863422547,0.0971762574183098,0.10889816284179688,0.006234985563621216,0.00623467407301348,0.06156468391418457,1.1181200949208001e-19
0.09282391167602505,0.08771297223058104,0.09996105433773549,0.09717680097554017,0.10922884941101074,0.006234674080558198,0.006234362606072352,0.061537742614746094,1.1181406069218503e-19
0.09282315514415929,0.0877128477790387,0.09996106004104771,0.09717734449046339,0.1095728874206543,0.006234362613087189,0.006234051153519715,0.06199359893798828,1.1181611213660032e-19
0.09282239861972251,0.0877127233336774,0.09996106574416215,0.09717788796308414,0.10873031616210938,0.006234051161209916,0.006233739718197739,0.06145930290222168,1.1181816340641558e-19
0.09282164210271658,0.08771259889449663,0.09996107144707882,0.09717843139340712,0.10961031913757324,0.0062337397249226534,0.006233428296908983,0.062464237213134766,1.1182021476902216e-19
0.09282088559314323,0.08771247446149595,0.09996107714979768,0.09717897478143703,0.1087348461151123,0.006233428304227272,0.0062331168916074375,0.061272621154785156,1.118222654054643e-19
0.09282012909100427,0.08771235003467485,0.09996108285231876,0.09717951812717857,0.1093285083770752,0.006233116899122857,0.006232805502293104,0.06195473670959473,1.1182431678774303e-19
0.09281937259630153,0.08771222561403288,0.09996108855464209,0.09718006143063643,0.109039306640625,0.006232805509607826,0.0062324941280778035,0.061702728271484375,1.11826367639245e-19
0.09281861610903686,0.08771210119956954,0.09996109425676761,0.09718060469181534,0.10883116722106934,0.006232494135681585,0.006232182770204986,0.061383724212646484,1.1182841872662102e-19
0.092817859629212,0.08771197679128437,0.09996109995869536,0.09718114791071995,0.10943818092346191,0.006232182777341911,0.006231871427608837,0.062124013900756836,1.118304692722398e-19
0.09281710315682885,0.08771185238917686,0.09996110566042532,0.09718169108735494,0.10879874229431152,0.006231871434589999,0.006231560100111722,0.06121826171875,1.118325198440601e-19
0.09281634669188929,0.08771172799324659,0.09996111136195751,0.097182234221725,0.11005067825317383,0.006231560107424214,0.006231248788246546,0.06198453903198242,1.1183457098931578e-19
0.09281559023439499,0.08771160360349303,0.09996111706329193,0.0971827773138348,0.10890817642211914,0.006231248795844371,0.006230937492546218,0.06130170822143555,1.1183662112468408e-19
0.09281483378434784,0.08771147921991575,0.09996112276442856,0.09718332036368907,0.10951781272888184,0.006230937499849298,0.00623062621247783,0.061449289321899414,1.1183867143929095e-19
0.0928140773417496,0.08771135484251424,0.09996112846536742,0.09718386337129248,0.10880351066589355,0.006230626219436874,0.006230314947508475,0.06137800216674805,1.1184072170477297e-19
0.09281332090660203,0.08771123047128805,0.09996113416610851,0.09718440633664974,0.10956716537475586,0.00623031495460801,0.0062300036981710605,0.061569929122924805,1.1184277232145403e-19
0.0928125644789071,0.0877111061062367,0.09996113986665181,0.09718494925976554,0.10913372039794922,0.006230003705362285,0.006229692464465586,0.06126999855041504,1.1184482246242828e-19
0.0928118080586664,0.0877109817473597,0.09996114556699734,0.09718549214064456,0.1096336841583252,0.006229692471698653,0.006229381246392052,0.061697959899902344,1.1184687245787295e-19
0.09281105164588191,0.08771085739465656,0.09996115126714508,0.09718603497929147,0.10961389541625977,0.006229381253615867,0.006229070044128093,0.06205248832702637,1.1184892250574673e-19
0.09281029524055535,0.08771073304812682,0.09996115696709507,0.09718657777571095,0.10874676704406738,0.006229070051111484,0.006228758856252625,0.06116294860839844,1.1185097272256316e-19
0.09280953884268874,0.08771060870777002,0.09996116266684726,0.09718712052990768,0.1092538833618164,0.006228758864187885,0.0062284476850749115,0.06185412406921387,1.118530225840753e-19
0.09280878245228377,0.08771048437358567,0.09996116836640169,0.09718766324188632,0.10856008529663086,0.006228447692843163,0.006228136529351502,0.06091570854187012,1.1185507279572878e-19
0.09280802606934234,0.0877103600455733,0.09996117406575834,0.09718820591165159,0.10918140411376953,0.006228136537075518,0.006227825389615305,0.06174111366271973,1.118571223595815e-19
0.09280726969386618,0.08771023572373242,0.09996117976491724,0.09718874853920818,0.1087636947631836,0.006227825396883809,0.006227514264622869,0.06130862236022949,1.1185917196647125e-19
0.09280651332585707,0.08771011140806256,0.09996118546387835,0.09718929112456076,0.10882210731506348,0.006227514272269052,0.006227203155972916,0.06120610237121582,1.1186122185430745e-19
0.09280575696531687,0.08770998709856326,0.0999611911626417,0.09718983366771401,0.10862469673156738,0.006227203163229269,0.00622689206224436,0.06127595901489258,1.1186327127606312e-19
0.09280500061224739,0.08770986279523403,0.09996119686120727,0.09719037616867264,0.10924482345581055,0.0062268920697651515,0.0062265809843253805,0.06132817268371582,1.1186532076305985e-19
0.0928042442666504,0.08770973849807438,0.0999612025595751,0.09719091862744131,0.1099090576171875,0.006226580991874255,0.006226269921860705,0.06154298782348633,1.1186737066458908e-19
0.0928034879285278,0.08770961420708388,0.09996120825774514,0.09719146104402472,0.11054277420043945,0.006226269929557442,0.006225958875916149,0.0615534782409668,1.1186941957128904e-19
0.09280273159788135,0.08770948992226202,0.09996121395571742,0.09719200341842754,0.10935235023498535,0.006225958882810201,0.006225647844360083,0.061004638671875,1.1187146845833175e-19
0.0928019752747128,0.08770936564360834,0.09996121965349192,0.09719254575065446,0.10984349250793457,0.006225647851634824,0.006225336828968864,0.060889482498168945,1.1187351801890394e-19
0.092801218959024,0.08770924137112235,0.09996122535106867,0.09719308804071017,0.10956978797912598,0.006225336836030807,0.006225025828499042,0.060491323471069336,1.118755668026566e-19
0.09280046265081676,0.08770911710480359,0.09996123104844766,0.09719363028859931,0.109710693359375,0.006225025835997475,0.006224714843838797,0.06064867973327637,1.1187761574801036e-19
0.09279970635009287,0.08770899284465157,0.09996123674562887,0.09719417249432659,0.10966897010803223,0.006224714851534671,0.006224403875521034,0.060332298278808594,1.118796650342999e-19
0.0927989500568543,0.08770886859066583,0.09996124244261233,0.09719471465789667,0.110321044921875,0.006224403882638169,0.006224092921591762,0.060945987701416016,1.1188171356745409e-19
0.09279819377110275,0.08770874434284588,0.09996124813939802,0.0971952567793142,0.10958576202392578,0.006224092929310345,0.006223781984360244,0.06035566329956055,1.1188376249976118e-19
0.09279743749284003,0.08770862010119125,0.09996125383598595,0.09719579885858387,0.10992980003356934,0.006223781991548324,0.0062234710618724876,0.06083106994628906,1.1188581168028736e-19
0.092796681222068,0.08770849586570147,0.09996125953237611,0.09719634089571035,0.11173033714294434,0.006223471069352008,0.006223160155549579,0.060797691345214844,1.1188785975200383e-19
0.09279592495878851,0.08770837163637606,0.09996126522856852,0.09719688289069832,0.11160922050476074,0.006223160162720592,0.006222849264148067,0.06127190589904785,1.1188990835953778e-19
0.09279516870300328,0.08770824741321454,0.09996127092456317,0.09719742484355251,0.11103653907775879,0.0062228492716540264,0.0062225383890890384,0.06096339225769043,1.1189195663546438e-19
0.09279441245471425,0.08770812319621644,0.09996127662036006,0.0971979667542775,0.1116786003112793,0.006222538396151122,0.006222227528773772,0.061490535736083984,1.1189400505855536e-19
0.09279365621392315,0.0877079989853813,0.09996128231595919,0.09719850862287802,0.1113271713256836,0.006222227536211161,0.006221916684800988,0.06126976013183594,1.118960539071015e-19
0.09279289998063178,0.08770787478070863,0.09996128801136057,0.09719905044935871,0.11184501647949219,0.006221916691833335,0.006221605856104873,0.06177854537963867,1.1189810166059407e-19
0.09279214375484192,0.08770775058219796,0.0999612937065642,0.09719959223372425,0.11113214492797852,0.006221605863016187,0.006221295042685426,0.06161355972290039,1.1190015032134303e-19
0.09279138753655534,0.08770762638984882,0.09996129940157007,0.09720013397597928,0.1114192008972168,0.006221295049760255,0.0062209842447202846,0.06223726272583008,1.1190219793775892e-19
0.09279063132577396,0.0877075022036607,0.09996130509637818,0.09720067567612854,0.11115694046020508,0.0062209842520641505,0.006220673462742354,0.0620274543762207,1.1190424648872585e-19
0.09278987512249956,0.08770737802363318,0.09996131079098855,0.09720121733417668,0.1301894187927246,0.006220673469926009,0.006220362696218729,0.07352828979492188,1.1190629398027396e-19
0.09278911892673398,0.08770725384976574,0.09996131648540114,0.09720175895012835,0.1151118278503418,0.006220362703346459,0.0062200519446165,0.06206059455871582,1.1190834164746893e-19
0.09278836273847903,0.08770712968205793,0.099961322179616,0.09720230052398819,0.10881781578063965,0.006220051952325089,0.006219741209712026,0.06195378303527832,1.1191038953017269e-19
0.09278760655773646,0.08770700552050928,0.09996132787363309,0.09720284205576088,0.11072158813476562,0.006219741216859623,0.00621943048972895,0.062011003494262695,1.1191243759686706e-19
0.09278685038450815,0.0877068813651193,0.09996133356745243,0.09720338354545108,0.10950922966003418,0.006219430496949797,0.0062191197853778135,0.06261420249938965,1.1191448512751366e-19
0.09278609421879588,0.08770675721588753,0.09996133926107402,0.09720392499306346,0.11031365394592285,0.006219119792594388,0.00621880909612571,0.06253647804260254,1.1191653237539617e-19
0.09278533806060149,0.08770663307281348,0.09996134495449786,0.09720446639860274,0.10884809494018555,0.0062188091037946504,0.006218498423393726,0.06158256530761719,1.1191858028246701e-19
0.0927845819099268,0.0877065089358967,0.09996135064772396,0.09720500776207353,0.10893774032592773,0.00621849843054848,0.006218187765227867,0.0619354248046875,1.1192062786869586e-19
0.09278382576677369,0.08770638480513669,0.0999613563407523,0.09720554908348052,0.10923886299133301,0.006218187772855442,0.006217877123226856,0.061647653579711914,1.1192267464293919e-19
0.09278306963114384,0.087706260680533,0.0999613620335829,0.09720609036282836,0.10937976837158203,0.00621787713071306,0.006217566496857785,0.06167006492614746,1.1192472231350147e-19
0.09278231350303909,0.08770613656208513,0.09996136772621575,0.09720663160012169,0.10965943336486816,0.006217566504121809,0.006217255885765383,0.06198740005493164,1.1192676928496992e-19
0.09278155738246127,0.08770601244979265,0.09996137341865086,0.09720717279536516,0.10894346237182617,0.006217255893081028,0.006216945290127285,0.061501264572143555,1.1192881644840006e-19
0.09278080126941216,0.08770588834365506,0.0999613791108882,0.09720771394856344,0.10896182060241699,0.006216945297590557,0.006216634710476399,0.06178641319274902,1.119308630841964e-19
0.09278004516389356,0.08770576424367187,0.09996138480292781,0.0972082550597212,0.10935091972351074,0.006216634717647898,0.0062163241459245455,0.06218767166137695,1.119329103852119e-19
0.09277928906590736,0.08770564014984263,0.09996139049476968,0.0972087961288431,0.10892152786254883,0.006216324153254687,0.006216013597004633,0.061849355697631836,1.1193495746329439e-19
0.09277853297545534,0.08770551606216685,0.0999613961864138,0.09720933715593374,0.10965585708618164,0.006216013604407783,0.00621570306371666,0.06254720687866211,1.119370037968014e-19
0.09277777689253934,0.08770539198064409,0.09996140187786018,0.09720987814099784,0.10981082916259766,0.00621570307110709,0.006215392546238263,0.06199359893798828,1.1193905094658106e-19
0.09277702081716124,0.08770526790527385,0.0999614075691088,0.09721041908404,0.10958600044250488,0.006215392553351765,0.006215082044036535,0.06252145767211914,1.1194109747334822e-19
0.09277626474932275,0.08770514383605564,0.09996141326015968,0.09721095998506493,0.10950803756713867,0.006215082051141406,0.006214771557111476,0.06203818321228027,1.119431442372755e-19
0.09277550868902575,0.087705019772989,0.09996141895101282,0.09721150084407729,0.10891318321228027,0.006214771564475599,0.006214461085640721,0.06173968315124512,1.1194519049447695e-19
0.09277475263627195,0.0877048957160735,0.09996142464166821,0.09721204166108169,0.10928988456726074,0.0062144610933542056,0.006214150630334814,0.0624232292175293,1.1194723695062812e-19
0.09277399659106325,0.08770477166530861,0.09996143033212587,0.09721258243608276,0.10922455787658691,0.006214150637775081,0.0062138401906608465,0.06149697303771973,1.1194928346999323e-19
0.0927732405534015,0.08770464762069387,0.09996143602238579,0.09721312316908522,0.10944414138793945,0.006213840197736447,0.006213529766085912,0.061806678771972656,1.1195132940754008e-19
0.09277248452328841,0.08770452358222883,0.09996144171244797,0.09721366386009368,0.10881996154785156,0.006213529773239171,0.006213219357320554,0.061780452728271484,1.1195337570021466e-19
0.09277172850072588,0.08770439954991299,0.09996144740231241,0.0972142045091128,0.1078190803527832,0.006213219364282853,0.006212908963298958,0.06151771545410156,1.119554216425046e-19
0.09277097248571572,0.0877042755237459,0.09996145309197911,0.09721474511614721,0.10934829711914062,0.0062129089708660695,0.00621259858579748,0.06246018409729004,1.119574676785656e-19
0.09277021647825968,0.08770415150372708,0.09996145878144808,0.09721528568120158,0.11007976531982422,0.006212598592986658,0.006212288222862128,0.06249570846557617,1.1195951365039743e-19
0.09276946047835954,0.08770402748985605,0.09996146447071931,0.09721582620428053,0.10988092422485352,0.006212288230646265,0.006211977876979802,0.062447547912597656,1.11961559494397e-19
0.09276870448601708,0.08770390348213232,0.0999614701597928,0.09721636668538874,0.11008882522583008,0.0062119778838409506,0.00621166754530833,0.062447547912597656,1.1196360544074667e-19
0.09276794850123417,0.08770377948055545,0.09996147584866855,0.09721690712453089,0.11012125015258789,0.0062116675525733895,0.0062113572296240704,0.06217360496520996,1.1196565070537422e-19
0.09276719252401262,0.08770365548512497,0.09996148153734655,0.09721744752171158,0.1102914810180664,0.006211357236840751,0.006211046929216479,0.06216549873352051,1.119676969567556e-19
0.09276643655435428,0.0877035314958404,0.09996148722582682,0.09721798787693546,0.10986995697021484,0.00621104693664323,0.006210736644618464,0.06180620193481445,1.1196974210611252e-19
0.09276568059226094,0.08770340751270125,0.09996149291410936,0.09721852819020717,0.10994839668273926,0.006210736651979835,0.0062104263749418465,0.06168794631958008,1.1197178748604223e-19
0.09276492463773434,0.08770328353570707,0.09996149860219417,0.09721906846153135,0.11012578010559082,0.006210426382851703,0.006210116121785347,0.062170982360839844,1.1197383323740971e-19
0.09276416869077636,0.08770315956485737,0.09996150429008124,0.09721960869091262,0.1091463565826416,0.006210116129254397,0.006209805883550246,0.062005043029785156,1.119758785905978e-19
0.09276341275138897,0.08770303560015168,0.09996150997777059,0.09722014887835564,0.10994648933410645,0.006209805891188462,0.00620949566112472,0.061858177185058594,1.1197792351580375e-19
0.09276265681957391,0.08770291164158953,0.09996151566526221,0.09722068902386506,0.11055970191955566,0.006209495668653085,0.006209185454686406,0.06208920478820801,1.119799689695654e-19
0.0927619008953329,0.08770278768917045,0.09996152135255609,0.0972212291274455,0.10931730270385742,0.006209185461647464,0.006208875262636582,0.06173992156982422,1.1198201398928498e-19
0.09276114497866775,0.08770266374289398,0.09996152703965223,0.09722176918910165,0.11045956611633301,0.006208875270171589,0.0062085650871068765,0.06212949752807617,1.1198405877416027e-19
0.09276038906958034,0.08770253980275965,0.09996153272655066,0.09722230920883815,0.10917472839355469,0.0062085650942236194,0.006208254926320933,0.06214761734008789,1.119861039688455e-19
0.0927596331680725,0.08770241586876697,0.09996153841325135,0.09722284918665962,0.10991764068603516,0.0062082549338048024,0.006207944782055108,0.06200671195983887,1.1198814923791938e-19
0.09275887727414603,0.08770229194091546,0.09996154409975432,0.09722338912257072,0.10882163047790527,0.006207944788910954,0.006207634652710681,0.06115317344665527,1.1199019388625464e-19
0.09275812138780269,0.08770216801920465,0.09996154978605955,0.09722392901657603,0.10834789276123047,0.0062076346595436906,0.006207324538465286,0.06158757209777832,1.11992238329925e-19
0.0927573655090443,0.0877020441036341,0.09996155547216706,0.09722446886868023,0.10902047157287598,0.006207324545701947,0.006207014440207104,0.06157875061035156,1.1199428308930562e-19
0.0927566096378726,0.08770192019420331,0.09996156115807685,0.09722500867888795,0.10966300964355469,0.006207014447385569,0.006206704357047954,0.06187725067138672,1.1199632741769717e-19
0.09275585377428947,0.08770179629091182,0.09996156684378892,0.09722554844720382,0.109375,0.006206704364592787,0.006206394290231287,0.06168341636657715,1.1199837191894798e-19
0.09275509791829681,0.08770167239375917,0.09996157252930325,0.09722608817363251,0.10892987251281738,0.006206394297323434,0.006206084238336018,0.06137275695800781,1.1200041702484407e-19
0.09275434206989636,0.08770154850274488,0.09996157821461987,0.09722662785817864,0.10914468765258789,0.006206084245575479,0.006205774202072689,0.0617983341217041,1.1200246058215928e-19
0.09275358622908994,0.08770142461786845,0.09996158389973876,0.09722716750084687,0.10982131958007812,0.006205774209349741,0.006205464181086029,0.062322378158569336,1.1200450521337613e-19
0.09275283039587941,0.08770130073912943,0.09996158958465994,0.0972277071016418,0.10895347595214844,0.0062054641886438305,0.006205154176797123,0.06175112724304199,1.1200654963459204e-19
0.09275207457026656,0.08770117686652737,0.09996159526938338,0.09722824666056806,0.10944271087646484,0.00620515418345784,0.006204844186719072,0.06207275390625,1.1200859370944883e-19
0.09275131875225325,0.08770105300006176,0.09996160095390912,0.09722878617763028,0.10951352119445801,0.006204844193791451,0.006204534212095325,0.061820030212402344,1.120106376406024e-19
0.0927505629418412,0.08770092913973215,0.09996160663823712,0.0972293256528331,0.10918235778808594,0.006204534219643919,0.006204224253814061,0.06195807456970215,1.1201268132162553e-19
0.0927498071390323,0.08770080528553806,0.09996161232236742,0.09722986508618112,0.11012792587280273,0.00620422426101369,0.006203914310631831,0.06220436096191406,1.120147252568759e-19
0.09274905134382826,0.08770068143747903,0.09996161800629999,0.09723040447767897,0.10972476005554199,0.006203914317901061,0.006203604383259176,0.061861276626586914,1.1201676918706748e-19
0.09274829555623092,0.08770055759555456,0.09996162369003485,0.09723094382733127,0.11066937446594238,0.006203604390304488,0.006203294470452647,0.062201499938964844,1.1201881280071075e-19
0.09274753977624213,0.08770043375976423,0.09996162937357199,0.09723148313514268,0.10914492607116699,0.006203294478223327,0.006202984574343873,0.061457157135009766,1.1202085631877236e-19
0.09274678400386366,0.08770030993010755,0.09996163505691141,0.09723202240111785,0.10999822616577148,0.006202984581656691,0.00620267469297886,0.061988115310668945,1.1202290000515805e-19
0.09274602823909732,0.08770018610658405,0.0999616407400531,0.09723256162526137,0.10896706581115723,0.006202674700603536,0.006202364827778695,0.06152176856994629,1.1202494363633168e-19
0.09274527248194496,0.08770006228919323,0.09996164642299708,0.09723310080757784,0.10789251327514648,0.006202364835063041,0.006202054977677562,0.06075572967529297,1.1202698730685493e-19
0.09274451673240836,0.08769993847793466,0.09996165210574336,0.09723363994807192,0.10911822319030762,0.006202054985034732,0.006201745142853099,0.061754465103149414,1.1202903021491053e-19
0.09274376099048928,0.08769981467280784,0.09996165778829191,0.09723417904674828,0.10904121398925781,0.006201745150518943,0.006201435324548754,0.06143307685852051,1.1203107364520308e-19
0.09274300525618963,0.0876996908738123,0.09996166347064275,0.09723471810361149,0.1096501350402832,0.006201435331512434,0.006201125520277628,0.061481475830078125,1.1203311693054925e-19
0.09274224952951114,0.08769956708094756,0.09996166915279588,0.09723525711866614,0.11006641387939453,0.006201125528016897,0.006200815732704257,0.06132817268371582,1.1203516011856819e-19
0.09274149381045561,0.08769944329421318,0.0999616748347513,0.0972357960919169,0.11056208610534668,0.006200815740029069,0.006200505960229918,0.06131482124328613,1.120372030843038e-19
0.09274073809902492,0.08769931951360868,0.09996168051650901,0.09723633502336841,0.11037850379943848,0.00620050596754999,0.006200196203565156,0.06104159355163574,1.1203924610138023e-19
0.09273998239522088,0.0876991957391336,0.09996168619806901,0.09723687391302524,0.11055731773376465,0.0062001962105783705,0.006199886461821791,0.061331748962402344,1.1204128861762813e-19
0.09273922669904532,0.08769907197078747,0.0999616918794313,0.09723741276089201,0.11056208610534668,0.006199886469112563,0.006199576735710366,0.06063556671142578,1.1204333191788242e-19
0.09273847101049999,0.0876989482085698,0.09996169756059588,0.0972379515669734,0.11171102523803711,0.006199576743153132,0.006199267025586153,0.06139731407165527,1.120453739795359e-19
0.09273771532958673,0.08769882445248013,0.09996170324156274,0.09723849033127399,0.11088848114013672,0.0061992670326985275,0.006198957330383337,0.06140780448913574,1.1204741672748703e-19
0.09273695965630732,0.08769870070251798,0.0999617089223319,0.0972390290537984,0.11226963996887207,0.0061989573377494115,0.006198647651167732,0.06174635887145996,1.120494594834375e-19
0.09273620399066355,0.08769857695868288,0.09996171460290336,0.09723956773455127,0.11216020584106445,0.006198647658303212,0.006198337987051161,0.06171607971191406,1.1205150211224362e-19
0.09273544833265723,0.08769845322097437,0.09996172028327711,0.09724010637353717,0.11100125312805176,0.006198337994360306,0.00619802833856653,0.06164264678955078,1.1205354430297553e-19
0.09273469268229019,0.08769832948939198,0.09996172596345317,0.0972406449707607,0.1116940975189209,0.006198028345918472,0.006197718705536204,0.061510324478149414,1.1205558695842467e-19
0.09273393703956422,0.08769820576393524,0.0999617316434315,0.0972411835262265,0.11171102523803711,0.0061977187129783375,0.006197409088315453,0.06270575523376465,1.120576291013595e-19
0.09273318140448111,0.08769808204460365,0.09996173732321215,0.09724172203993918,0.11189913749694824,0.006197409095538428,0.006197099486193736,0.06246304512023926,1.1205967088268832e-19
0.09273242577704283,0.08769795833139679,0.09996174300279509,0.09724226051190338,0.11065340042114258,0.0061970994935986404,0.006196789899881594,0.06183052062988281,1.1206171330831915e-19
0.09273167015725112,0.08769783462431417,0.09996174868218033,0.0972427989421237,0.10951519012451172,0.0061967899071575135,0.006196480329201393,0.06160712242126465,1.1206375536435849e-19
0.09273091454510773,0.08769771092335535,0.09996175436136785,0.09724333733060478,0.11166834831237793,0.006196480336213551,0.006196170773620224,0.06202125549316406,1.1206579712675552e-19
0.09273015894061455,0.08769758722851982,0.09996176004035767,0.09724387567735121,0.11281824111938477,0.0061961707807673665,0.006195861233670996,0.06253838539123535,1.120678391904604e-19
0.09272940334377339,0.08769746353980713,0.0999617657191498,0.09724441398236758,0.11101102828979492,0.006195861240819157,0.0061955517091760726,0.061907052993774414,1.1206988089419907e-19
0.09272864775458602,0.0876973398572168,0.09996177139774423,0.09724495224565852,0.11104416847229004,0.00619555171636621,0.006195242200313089,0.06182360649108887,1.1207192307331583e-19
0.09272789217305423,0.08769721618074834,0.09996177707614096,0.09724549046722863,0.11121129989624023,0.006195242207408027,0.006194932706371503,0.06210756301879883,1.120739642968041e-19
0.09272713659917989,0.08769709251040132,0.09996178275433998,0.09724602864708255,0.11124539375305176,0.0061949327139452105,0.0061946232285947644,0.0620419979095459,1.1207600627340162e-19
0.09272638103296472,0.08769696884617526,0.0999617884323413,0.09724656678522485,0.11095762252807617,0.006194623235975596,0.0061943137660946945,0.06204700469970703,1.1207804742995673e-19
0.09272562547441054,0.08769684518806968,0.09996179411014493,0.09724710488166013,0.11077213287353516,0.006194313773498078,0.006194004319226565,0.0622713565826416,1.12080088355711e-19
0.09272486992351923,0.08769672153608411,0.09996179978775085,0.09724764293639301,0.11042046546936035,0.006194004326511916,0.006193694887635104,0.06205105781555176,1.1208213052836944e-19
0.09272411438029259,0.0876965978902181,0.09996180546515909,0.09724818094942811,0.11194586753845215,0.006193694895017641,0.006193385471675583,0.06208491325378418,1.1208417173947767e-19
0.09272335884473239,0.08769647425047114,0.09996181114236963,0.09724871892077001,0.11190533638000488,0.006193385479013089,0.006193076070992731,0.06219172477722168,1.1208621246915224e-19
0.0927226033168405,0.0876963506168428,0.09996181681938247,0.09724925685042335,0.11042594909667969,0.006193076078498963,0.006192766686297091,0.061842918395996094,1.1208825407671926e-19
0.09272184779661866,0.0876962269893326,0.09996182249619762,0.0972497947383927,0.11134815216064453,0.006192766693472025,0.006192457316345212,0.06226634979248047,1.1209029519493885e-19
0.09272109228406869,0.08769610336794006,0.09996182817281507,0.09725033258468264,0.10976719856262207,0.006192457323935183,0.006192147962558181,0.06226181983947754,1.1209233605464704e-19
0.09272033677919245,0.08769597975266473,0.09996183384923482,0.09725087038929783,0.11206960678100586,0.00619214796988471,0.006191838623870183,0.06231522560119629,1.1209437732070183e-19
0.09271958128199173,0.08769585614350613,0.09996183952545688,0.09725140815224287,0.10988688468933105,0.006191838631321103,0.0061915293009917605,0.06150650978088379,1.1209641749485028e-19
0.09271882579246837,0.08769573254046377,0.09996184520148126,0.09725194587352236,0.10987067222595215,0.0061915293082425455,0.006191219993212371,0.06212162971496582,1.1209845885521886e-19
0.09271807031062412,0.0876956089435372,0.09996185087730793,0.09725248355314092,0.10940122604370117,0.0061912200006490215,0.006190910701242558,0.06144428253173828,1.1210049949433986e-19
0.09271731483646094,0.08769548535272596,0.0999618565529369,0.09725302119110313,0.10982084274291992,0.006190910708539769,0.006190601424727049,0.061692237854003906,1.1210254003383963e-19
0.09271655936998054,0.08769536176802958,0.0999618622283682,0.09725355878741357,0.11022734642028809,0.006190601431914229,0.006190292163665845,0.06213212013244629,1.121045801886949e-19
0.0927158039111848,0.08769523818944758,0.09996186790360181,0.09725409634207689,0.10966992378234863,0.006190292170770996,0.006189982917348402,0.06199312210083008,1.1210662048373863e-19
0.09271504846007546,0.08769511461697949,0.09996187357863773,0.09725463385509761,0.11022353172302246,0.006189982925110088,0.006189673687728714,0.06209754943847656,1.121086607349395e-19
0.09271429301665436,0.08769499105062485,0.09996187925347595,0.09725517132648037,0.1102292537689209,0.006189673694929922,0.0061893644728527875,0.0623934268951416,1.121107015226595e-19
0.09271353758092328,0.0876948674903832,0.09996188492811649,0.0972557087562298,0.10996007919311523,0.006189364480229765,0.0061890552734311655,0.0622258186340332,1.1211274107036409e-19
0.09271278215288406,0.08769474393625405,0.09996189060255935,0.09725624614435045,0.11016559600830078,0.006189055281009852,0.006188746090174391,0.06274938583374023,1.1211478123774672e-19
0.09271202673253848,0.08769462038823696,0.09996189627680452,0.09725678349084696,0.10978317260742188,0.006188746097268022,0.006188436922016649,0.06182074546813965,1.121168216626427e-19
0.09271127131988834,0.08769449684633143,0.099961901950852,0.09725732079572388,0.1102287769317627,0.00618843692900319,0.006188127769313212,0.062465667724609375,1.1211886155365067e-19
0.09271051591493543,0.08769437331053702,0.09996190762470179,0.0972578580589858,0.10994577407836914,0.006188127776215304,0.006187818631708808,0.062367916107177734,1.1212090134144867e-19
0.09270976051768165,0.08769424978085325,0.09996191329835391,0.09725839528063732,0.10949516296386719,0.006187818638903495,0.006187509510269251,0.06191563606262207,1.1212294176939234e-19
0.09270900512812881,0.08769412625727964,0.09996191897180834,0.097258932460683,0.11048626899719238,0.006187509517067027,0.006187200403218185,0.0632622241973877,1.1212498134422796e-19
0.09270824974627863,0.08769400273981576,0.09996192464506508,0.09725946959912744,0.1099095344543457,0.0061872004107078275,0.0061868913125096014,0.0621190071105957,1.1212702092228294e-19
0.09270749437213296,0.0876938792284611,0.09996193031812414,0.09726000669597527,0.10997366905212402,0.006186891319821734,0.0061865822372553225,0.06232452392578125,1.121290608831015e-19
0.09270673900569368,0.08769375572321522,0.09996193599098552,0.09726054375123108,0.1096038818359375,0.006186582244408669,0.006186273177277712,0.0621030330657959,1.121310999193527e-19
0.09270598364696245,0.08769363222407765,0.0999619416636492,0.09726108076489942,0.10816574096679688,0.0061862731844684795,0.006185964132576771,0.06148529052734375,1.1213313932539118e-19
0.09270522829594122,0.08769350873104792,0.09996194733611523,0.09726161773698494,0.10974311828613281,0.006185964140000153,0.00618565510350777,0.0625603199005127,1.1213517879197774e-19
0.0927044729526317,0.08769338524412555,0.09996195300838355,0.09726215466749218,0.10959172248840332,0.006185655111002469,0.006185346090070709,0.06243157386779785,1.1213721802537485e-19
0.09270371761703569,0.08769326176331008,0.0999619586804542,0.09726269155642572,0.10978388786315918,0.006185346097475031,0.006185037092087953,0.06250357627868652,1.1213925748021615e-19
0.09270296228915503,0.08769313828860104,0.09996196435232717,0.09726322840379016,0.10973691940307617,0.006185037099417054,0.006184728109559501,0.06239151954650879,1.1214129656565709e-19
0.09270220696899148,0.08769301481999799,0.09996197002400248,0.09726376520959011,0.11023068428039551,0.006184728116827793,0.006184419142307718,0.06253290176391602,1.1214333558122767e-19
0.0927014516565469,0.08769289135750043,0.09996197569548011,0.09726430197383021,0.1099705696105957,0.006184419149706112,0.0061841101903326035,0.06224942207336426,1.1214537408969013e-19
0.09270069635182322,0.0876927679011079,0.09996198136676006,0.09726483869651502,0.1094660758972168,0.0061841101980519165,0.006183801254522336,0.061716556549072266,1.121474131957138e-19
0.0926999410548221,0.08769264445081994,0.09996198703784233,0.09726537537764905,0.10917139053344727,0.0061838012618640175,0.0061834923338111025,0.06145906448364258,1.121494519641975e-19
0.09269918576554541,0.08769252100663605,0.09996199270872694,0.09726591201723692,0.11019635200500488,0.006183492341141038,0.006183183428554173,0.06236743927001953,1.1215149094825038e-19
0.09269843048399501,0.0876923975685558,0.09996199837941386,0.09726644861528322,0.10921955108642578,0.006183183435882557,0.006182874538929184,0.061931610107421875,1.121535292414295e-19
0.09269767521017272,0.08769227413657872,0.09996200404990312,0.0972669851717925,0.11064410209655762,0.006182874546088415,0.0061825656640479565,0.06203603744506836,1.1215556804934495e-19
0.09269691994408032,0.08769215071070434,0.0999620097201947,0.09726752168676937,0.11010408401489258,0.006182565671758936,0.006182256805864483,0.06188225746154785,1.1215760674839821e-19
0.09269616468571958,0.08769202729093219,0.09996201539028861,0.09726805816021843,0.10969018936157227,0.006182256812890526,0.006181947962247136,0.062027692794799805,1.121596457146584e-19
0.09269540943509229,0.0876919038772618,0.09996202106018484,0.09726859459214421,0.11052393913269043,0.006181947969483811,0.006181639134439365,0.062119245529174805,1.121616836835872e-19
0.09269465419220024,0.08769178046969271,0.0999620267298834,0.09726913098255131,0.10947537422180176,0.006181639141537364,0.006181330321908263,0.06208348274230957,1.121637215841161e-19
0.0926938989570453,0.08769165706822446,0.0999620323993843,0.09726966733144432,0.10986089706420898,0.006181330329050748,0.006181021525186736,0.06185412406921387,1.1216575995209186e-19
0.09269314372962925,0.08769153367285656,0.09996203806868752,0.09727020363882784,0.10920453071594238,0.006181021532023117,0.006180712743031336,0.06115436553955078,1.121677984485072e-19
0.09269238850995395,0.08769141028358857,0.09996204373779306,0.09727073990470644,0.10861635208129883,0.00618071275045546,0.006180403977218418,0.06152677536010742,1.1216983614681206e-19
0.09269163329802114,0.08769128690042001,0.09996204940670095,0.09727127612908465,0.10897636413574219,0.00618040398434397,0.00618009522668217,0.061368703842163086,1.1217187459278857e-19
0.09269087809383267,0.08769116352335041,0.09996205507541116,0.09727181231196703,0.10908865928649902,0.0061800952336892,0.006179786490889683,0.06134152412414551,1.1217391232111276e-19
0.09269012289739026,0.0876910401523793,0.0999620607439237,0.0972723484533582,0.10966038703918457,0.006179786498492413,0.006179477770906772,0.06172823905944824,1.1217595033268225e-19
0.09268936770869574,0.08769091678750622,0.09996206641223859,0.09727288455326273,0.10906243324279785,0.006179477778752178,0.006179169066911072,0.06140565872192383,1.121779876031888e-19
0.09268861252775096,0.0876907934287307,0.09996207208035582,0.09727342061168517,0.10928678512573242,0.0061791690744652334,0.006178860378369677,0.06150412559509277,1.121800250858653e-19
0.09268785735455772,0.08769067007605229,0.09996207774827537,0.0972739566286301,0.1091921329498291,0.006178860385630946,0.006178551705282587,0.061321258544921875,1.121820632913207e-19
0.0926871021891178,0.0876905467294705,0.09996208341599726,0.09727449260410215,0.10939526557922363,0.006178551712249078,0.006178243046761622,0.0613253116607666,1.1218410107455702e-19
0.09268634703143301,0.08769042338898489,0.09996208908352149,0.09727502853810585,0.11002564430236816,0.006178243054321677,0.006177934404938412,0.0616304874420166,1.121861380046796e-19
0.09268559188150517,0.08769030005459498,0.09996209475084805,0.09727556443064578,0.11030197143554688,0.006177934411845094,0.006177625777326057,0.06075930595397949,1.1218817525804936e-19
0.09268483673933613,0.08769017672630029,0.09996210041797696,0.0972761002817265,0.11025094985961914,0.0061776257848194715,0.006177317166056184,0.061023712158203125,1.1219021266227606e-19
0.09268408160492779,0.08769005340410037,0.0999621060849082,0.09727663609135256,0.11065459251403809,0.006177317173243527,0.006177008570062981,0.06132197380065918,1.1219224971120413e-19
0.09268332647828192,0.08768993008799475,0.09996211175164178,0.09727717185952854,0.1105654239654541,0.0061770085771171886,0.006176699989701717,0.0607297420501709,1.1219428716818054e-19
0.0926825713594002,0.08768980677798296,0.0999621174181777,0.09727770758625902,0.1103520393371582,0.006176699996438348,0.00617639142390658,0.06127190589904785,1.1219632466271819e-19
0.09268181624828448,0.08768968347406456,0.09996212308451596,0.09727824327154855,0.11127424240112305,0.006176391431207948,0.00617608287427629,0.060945749282836914,1.1219836106977906e-19
0.09268106114493663,0.08768956017623905,0.09996212875065658,0.09727877891540171,0.11182832717895508,0.006176082881423845,0.006175774339922668,0.061530351638793945,1.1220039831363336e-19
0.0926803060493585,0.08768943688450598,0.09996213441659951,0.0972793145178231,0.11091470718383789,0.006175774347085939,0.006175465821200987,0.06112384796142578,1.1220243538058748e-19
0.09267955096155187,0.08768931359886488,0.09996214008234479,0.09727985007881726,0.10974812507629395,0.006175465828193111,0.006175157317578339,0.06094074249267578,1.1220447229325964e-19
0.0926787958815185,0.08768919031931528,0.09996214574789243,0.09728038559838877,0.11122298240661621,0.006175157324744968,0.006174848829409996,0.06169462203979492,1.1220650845422066e-19
0.09267804080926022,0.08768906704585673,0.09996215141324241,0.09728092107654217,0.11086273193359375,0.006174848836740664,0.006174540356873592,0.06186223030090332,1.1220854512565952e-19
0.09267728574477882,0.08768894377848874,0.09996215707839472,0.09728145651328203,0.11111617088317871,0.0061745403641788035,0.0061742318992585865,0.06212306022644043,1.122105815105273e-19
0.09267653068807609,0.08768882051721086,0.09996216274334938,0.0972819919086129,0.11122655868530273,0.006174231907061265,0.006173923457986064,0.06244063377380371,1.122126180783955e-19
0.0926757756391538,0.08768869726202264,0.09996216840810639,0.09728252726253939,0.11120200157165527,0.006173923465384201,0.006173615031634938,0.0626215934753418,1.122146548523303e-19
0.09267502059801384,0.0876885740129236,0.09996217407266574,0.09728306257506601,0.11134457588195801,0.006173615039148659,0.0061733066210933885,0.06254982948303223,1.1221669050638197e-19
0.09267426556465802,0.08768845076991327,0.09996217973702744,0.09728359784619739,0.11123967170715332,0.006173306628352024,0.006172998225473236,0.06270384788513184,1.1221872716110018e-19
0.09267351053908825,0.0876883275329912,0.09996218540119148,0.09728413307593806,0.11159515380859375,0.006172998232994961,0.006172689846017931,0.06255483627319336,1.1222076321323662e-19
0.09267275552130623,0.0876882043021569,0.09996219106515787,0.09728466826429254,0.11127567291259766,0.006172689853075626,0.0061723814811287525,0.06181478500366211,1.1222279908550548e-19
0.09267200051131383,0.08768808107740991,0.09996219672892662,0.09728520341126543,0.11108946800231934,0.0061723814885943275,0.006172073132404421,0.06263160705566406,1.122248356495457e-19
0.09267124550911274,0.08768795785874979,0.09996220239249771,0.09728573851686124,0.11224889755249023,0.006172073139549872,0.006171764798956758,0.06295156478881836,1.1222687141092005e-19
0.0926704905147048,0.08768783464617605,0.09996220805587117,0.09728627358108458,0.11145448684692383,0.006171764805940237,0.006171456480785764,0.06252408027648926,1.1222890688952744e-19
0.09266973552809188,0.08768771143968823,0.09996221371904697,0.09728680860393998,0.110382080078125,0.006171456487766567,0.006171148178069075,0.06245923042297363,1.1223094246691325e-19
0.09266898054927579,0.0876875882392859,0.09996221938202512,0.097287343585432,0.11150646209716797,0.006171148185026789,0.006170839890096147,0.061699867248535156,1.1223297884569822e-19
0.09266822557825831,0.08768746504496856,0.09996222504480562,0.09728787852556525,0.11121296882629395,0.006170839897721571,0.006170531618465702,0.06279301643371582,1.122350140391405e-19
0.09266747061504123,0.08768734185673575,0.09996223070738847,0.0972884134243442,0.11228489875793457,0.006170531625849317,0.006170223362111926,0.06305694580078125,1.1223705017147024e-19
0.09266671565962639,0.08768721867458702,0.09996223636977367,0.09728894828177345,0.10943913459777832,0.006170223369409287,0.006169915121034819,0.0616605281829834,1.122390850503311e-19
0.09266596071201556,0.08768709549852188,0.09996224203196122,0.09728948309785752,0.10965967178344727,0.00616991512839877,0.0061696068954120165,0.0618290901184082,1.1224112087325735e-19
0.0926652057722106,0.08768697232853988,0.09996224769395112,0.09729001787260098,0.11101794242858887,0.006169606902820935,0.006169298685421154,0.06193184852600098,1.122431557313758e-19
0.09266445084021324,0.08768684916464055,0.09996225335574338,0.0972905526060084,0.11078023910522461,0.00616929869267266,0.006168990491239867,0.06220412254333496,1.1224519121832564e-19
0.09266369591602529,0.08768672600682344,0.099962259017338,0.0972910872980843,0.11049652099609375,0.006168990497952439,0.006168682311802343,0.061766624450683594,1.1224722654017502e-19
0.0926629409996486,0.08768660285508806,0.09996226467873498,0.09729162194883328,0.11093807220458984,0.006168682318660963,0.0061683741471085796,0.06188607215881348,1.1224926147152214e-19
0.09266218609108505,0.08768647970943395,0.09996227033993431,0.09729215655825989,0.11054396629333496,0.006168374154797809,0.006168065998934935,0.061701059341430664,1.1225129667992368e-19
0.09266143119033635,0.08768635656986067,0.099962276000936,0.09729269112636861,0.11022734642028809,0.006168066006360138,0.0061677578660379595,0.062001705169677734,1.122533312731852e-19
0.09266067629740429,0.08768623343636772,0.09996228166174005,0.09729322565316403,0.11046695709228516,0.006167757873348842,0.006167449748240017,0.06221485137939453,1.1225536658089917e-19
0.09265992141229072,0.08768611030895467,0.09996228732234647,0.0972937601386507,0.11025094985961914,0.006167449755764156,0.006167141646606922,0.06274080276489258,1.122574010652985e-19
0.09265916653499744,0.08768598718762104,0.09996229298275523,0.09729429458283312,0.10985612869262695,0.0061671416536019106,0.006166833559362317,0.062172651290893555,1.122594355442683e-19
0.09265841166552623,0.08768586407236635,0.09996229864296637,0.09729482898571586,0.11098361015319824,0.006166833566864124,0.006166525487927288,0.06214404106140137,1.122614702723047e-19
0.09265765680387895,0.08768574096319016,0.09996230430297985,0.09729536334730347,0.11071467399597168,0.006166525495548996,0.006166217432657106,0.06200671195983887,1.1226350462258154e-19
0.09265690195005742,0.087685617860092,0.0999623099627957,0.09729589766760054,0.10961604118347168,0.006166217439655617,0.006165909392130686,0.06178474426269531,1.1226553943679488e-19
0.09265614710406336,0.08768549476307141,0.09996231562241392,0.09729643194661158,0.11028885841369629,0.006165909399183664,0.006165601366880935,0.06226301193237305,1.1226757391987454e-19
0.09265539226589872,0.08768537167212792,0.09996232128183449,0.09729696618434115,0.1096348762512207,0.006165601374132985,0.006165293357263124,0.062188148498535156,1.1226960798165553e-19
0.09265463743556529,0.08768524858726107,0.09996232694105743,0.0972975003807938,0.11063289642333984,0.00616529336450183,0.006164985363099618,0.06220817565917969,1.1227164261307992e-19
0.09265388261306483,0.08768512550847038,0.09996233260008273,0.09729803453597405,0.1100320816040039,0.006164985370290061,0.00616467738421278,0.06163668632507324,1.1227367663195598e-19
0.09265312779839913,0.0876850024357554,0.09996233825891042,0.09729856864988641,0.10867643356323242,0.006164677391496291,0.006164369420780247,0.06156468391418457,1.1227571062984427e-19
0.09265237299157013,0.08768487936911568,0.09996234391754046,0.09729910272253546,0.10898351669311523,0.006164369428120044,0.006164061472802018,0.061769723892211914,1.1227774449595138e-19
0.09265161819257953,0.08768475630855073,0.09996234957597287,0.09729963675392572,0.10928511619567871,0.0061640614801605695,0.0061637535406333654,0.061736345291137695,1.122797791213643e-19
0.09265086340142911,0.0876846332540601,0.09996235523420766,0.09730017074406172,0.10944056510925293,0.006163753547616712,0.006163445623030839,0.06204962730407715,1.1228181248363707e-19
0.09265010861812077,0.08768451020564334,0.0999623608922448,0.097300704692948,0.1094670295715332,0.0061634456304881175,0.006163137721415524,0.06208229064941406,1.1228384611922166e-19
0.09264935384265627,0.08768438716329997,0.09996236655008432,0.09730123860058913,0.10937952995300293,0.006163137728773915,0.006162829835609784,0.06209230422973633,1.122858798847461e-19
0.09264859907503743,0.08768426412702954,0.09996237220772619,0.09730177246698964,0.10902976989746094,0.006162829842471332,0.006162521964370171,0.06186199188232422,1.122879140779053e-19
0.09264784431526601,0.08768414109683156,0.09996237786517044,0.09730230629215407,0.10989880561828613,0.006162521971582723,0.006162214108940134,0.06218409538269043,1.1228994727093423e-19
0.09264708956334379,0.08768401807270561,0.09996238352241706,0.09730284007608696,0.10935115814208984,0.006162214116106546,0.006161906268786765,0.06195378303527832,1.1229198116885585e-19
0.09264633481927266,0.0876838950546512,0.09996238917946604,0.09730337381879285,0.11019206047058105,0.006161906276041365,0.006161598443910066,0.06171441078186035,1.1229401406493981e-19
0.09264558008305435,0.08768377204266786,0.09996239483631739,0.09730390752027625,0.10951495170593262,0.006161598451386461,0.006161290635020578,0.06237912178039551,1.122960474129608e-19
0.09264482535469064,0.08768364903675514,0.09996240049297112,0.09730444118054167,0.11058497428894043,0.006161290642140621,0.006160982841585394,0.06257295608520508,1.122980807608715e-19
0.09264407063418338,0.08768352603691258,0.09996240614942722,0.09730497479959369,0.10904836654663086,0.00616098284830344,0.006160675062893972,0.06174111366271973,1.1230011436515097e-19
0.09264331592153442,0.08768340304313971,0.0999624118056857,0.09730550837743683,0.11015915870666504,0.006160675069874885,0.0061603672993015834,0.062470436096191406,1.1230214683340727e-19
0.09264256121674555,0.08768328005543606,0.09996241746174656,0.09730604191407567,0.10963606834411621,0.006160367306855478,0.006160059551874042,0.06148266792297363,1.123041799793954e-19
0.09264180651981849,0.08768315707380117,0.09996242311760979,0.0973065754095147,0.10987687110900879,0.006160059559242426,0.006159751820078441,0.06206703186035156,1.123062130899615e-19
0.09264105183075512,0.0876830340982346,0.0999624287732754,0.09730710886375847,0.10972094535827637,0.0061597518270349195,0.0061594441028489655,0.06205344200134277,1.123082459271102e-19
0.09264029714955731,0.08768291112873586,0.09996243442874338,0.09730764227681145,0.1082460880279541,0.0061594441102329435,0.006159136401961973,0.06122779846191406,1.1231027868657721e-19
0.09263954247622684,0.08768278816530449,0.09996244008401374,0.09730817564867822,0.10868406295776367,0.006159136408833664,0.006158828715285836,0.06137967109680176,1.1231231139191327e-19
0.09263878781076552,0.08768266520794003,0.09996244573908647,0.09730870897936332,0.10976314544677734,0.0061588287228390385,0.006158521045129817,0.06179547309875488,1.1231434396088444e-19
0.09263803315317531,0.08768254225664204,0.0999624513939616,0.09730924226887129,0.10896182060241699,0.006158521052246915,0.0061582133897175595,0.06139659881591797,1.1231637730689316e-19
0.09263727850345788,0.08768241931141002,0.0999624570486391,0.09730977551720663,0.10903739929199219,0.006158213397056853,0.006157905750114878,0.06137251853942871,1.1231840906458654e-19
0.09263652386161501,0.08768229637224355,0.09996246270311898,0.09731030872437386,0.10950183868408203,0.006157905757267724,0.006157598125966501,0.06118583679199219,1.1232044140567943e-19
0.09263576922764848,0.08768217343914214,0.09996246835740125,0.09731084189037752,0.10961508750915527,0.006157598132878417,0.006157290516561886,0.06139707565307617,1.123224739334414e-19
0.09263501460156011,0.08768205051210536,0.09996247401148589,0.09731137501522215,0.1096959114074707,0.006157290523888555,0.006156982922966847,0.06113314628601074,1.1232450641098762e-19
0.09263425998335173,0.0876819275911327,0.0999624796653729,0.09731190809891228,0.11031556129455566,0.00615698293029702,0.006156675344648477,0.061096906661987305,1.1232653863292696e-19
0.09263350537302512,0.08768180467622375,0.09996248531906231,0.09731244114145243,0.10998988151550293,0.00615667535210537,0.006156367782139682,0.06103658676147461,1.1232857067602332e-19
0.0926327507705821,0.087681681767378,0.0999624909725541,0.09731297414284713,0.10985326766967773,0.006156367789310405,0.006156060234197014,0.0608973503112793,1.1233060231239354e-19
0.09263199617602448,0.08768155886459501,0.09996249662584826,0.09731350710310087,0.11105704307556152,0.006156060241913137,0.006155752702596828,0.060747385025024414,1.1233263436471303e-19
0.09263124158935411,0.08768143596787434,0.0999625022789448,0.0973140400222182,0.11175179481506348,0.006155752709910424,0.006155445186273312,0.06117963790893555,1.123346664739966e-19
0.0926304870105727,0.0876813130772155,0.09996250793184375,0.09731457290020364,0.11078953742980957,0.006155445193303081,0.006155137684693557,0.06070518493652344,1.1233669847384246e-19
0.09262973243968217,0.08768119019261802,0.09996251358454508,0.09731510573706167,0.11257076263427734,0.00615513769209044,0.006154830198745742,0.06146502494812012,1.123387302628661e-19
0.09262897787668421,0.08768106731408146,0.0999625192370488,0.09731563853279684,0.11108660697937012,0.006154830206271362,0.006154522728962775,0.061728477478027344,1.1234076181704951e-19
0.0926282233215807,0.08768094444160533,0.0999625248893549,0.09731617128741366,0.11231470108032227,0.006154522735843387,0.006154215273390662,0.06178426742553711,1.123427931769927e-19
0.09262746877437349,0.0876808215751892,0.09996253054146341,0.09731670400091665,0.11145853996276855,0.006154215280809113,0.006153907834338668,0.061104536056518555,1.1234482470575255e-19
0.09262671423506429,0.08768069871483257,0.0999625361933743,0.09731723667331031,0.11061930656433105,0.006153907841164381,0.006153600410030435,0.061734676361083984,1.1234685672053391e-19
0.09262595970365493,0.08768057586053501,0.09996254184508757,0.09731776930459916,0.11158585548400879,0.006153600416910094,0.006153293000821236,0.06158304214477539,1.1234888762177298e-19
0.09262520518014723,0.08768045301229606,0.09996254749660323,0.09731830189478775,0.11169791221618652,0.006153293008045901,0.006152985607066341,0.061780452728271484,1.1235091869641872e-19
0.09262445066454303,0.08768033017011524,0.09996255314792128,0.09731883444388058,0.11232137680053711,0.006152985614571313,0.0061526782291210225,0.06210613250732422,1.1235295018777912e-19
0.09262369615684414,0.0876802073339921,0.09996255879904173,0.09731936695188217,0.11148309707641602,0.006152678236484528,0.006152370866630008,0.06176257133483887,1.123549815742715e-19
0.09262294165705229,0.08768008450392616,0.09996256444996457,0.09731989941879707,0.11161303520202637,0.006152370873784089,0.0061520635194156625,0.0620112419128418,1.1235701258298252e-19
0.09262218716516936,0.08767996167991697,0.09996257010068979,0.09732043184462974,0.11204910278320312,0.006152063526470602,0.00615175618730035,0.06278514862060547,1.123590427859415e-19
0.09262143268119712,0.08767983886196408,0.09996257575121742,0.0973209642293847,0.11028337478637695,0.006151756194543256,0.006151448870639342,0.06182074546813965,1.1236107418027548e-19
0.09262067820513745,0.08767971605006701,0.09996258140154744,0.09732149657306646,0.11106324195861816,0.006151448878001375,0.006151141569965546,0.06273579597473145,1.1236310484330225e-19
0.0926199237369921,0.08767959324422532,0.09996258705167986,0.09732202887567956,0.11084175109863281,0.0061511415768427165,0.006150834284035511,0.0619502067565918,1.1236513572322212e-19
0.09261916927676278,0.08767947044443854,0.09996259270161467,0.09732256113722848,0.11224842071533203,0.006150834291066602,0.006150527013737417,0.06281924247741699,1.1236716652779882e-19
0.0926184148244514,0.08767934765070622,0.09996259835135189,0.09732309335771774,0.11057853698730469,0.006150527020673854,0.006150219758715991,0.061762094497680664,1.123691971355008e-19
0.09261766038005972,0.08767922486302789,0.09996260400089149,0.09732362553715188,0.11074495315551758,0.006150219765663108,0.006149912518793599,0.061869144439697266,1.1237122764036834e-19
0.09261690594358964,0.0876791020814031,0.09996260965023349,0.09732415767553537,0.11108016967773438,0.006149912526033632,0.006149605294147875,0.062407493591308594,1.1237325804640178e-19
0.09261615151504297,0.08767897930583136,0.09996261529937789,0.09732468977287277,0.11104631423950195,0.006149605301785915,0.006149298085666999,0.06273102760314941,1.1237528839465906e-19
0.09261539709442142,0.08767885653631224,0.09996262094832468,0.09732522182916853,0.11315202713012695,0.006149298092915858,0.00614899089210752,0.06228232383728027,1.1237731834050736e-19
0.09261464268172681,0.08767873377284525,0.09996262659707389,0.09732575384442717,0.11321496963500977,0.0061489908994257015,0.006148683714179981,0.061872005462646484,1.123793490536537e-19
0.09261388827696096,0.08767861101542997,0.09996263224562547,0.09732628581865324,0.11160898208618164,0.006148683721312935,0.00614837655117384,0.061913490295410156,1.123813795286884e-19
0.0926131338801257,0.0876784882640659,0.09996263789397947,0.09732681775185123,0.11210775375366211,0.006148376558577578,0.006148069403622003,0.062462806701660156,1.1238340864956543e-19
0.09261237949122278,0.0876783655187526,0.09996264354213585,0.09732734964402559,0.11199021339416504,0.006148069411219125,0.006147762272057378,0.062283992767333984,1.1238543942023279e-19
0.09261162511025406,0.0876782427794896,0.09996264919009465,0.09732788149518085,0.11165022850036621,0.00614776227923574,0.00614745515541415,0.06259918212890625,1.1238746909261974e-19
0.09261087073722132,0.08767812004627644,0.09996265483785585,0.09732841330532156,0.11123442649841309,0.006147455162628058,0.006147148054402862,0.06253981590270996,1.1238949878436168e-19
0.09261011637212635,0.08767799731911266,0.09996266048541945,0.09732894507445217,0.11169147491455078,0.006147148061393632,0.006146840968490608,0.06308436393737793,1.12391528707842e-19
0.09260936201497104,0.0876778745979978,0.09996266613278545,0.0973294768025772,0.11153960227966309,0.0061468409755323535,0.006146533897855022,0.06290364265441895,1.123935583214107e-19
0.09260860766575714,0.08767775188293142,0.09996267177995387,0.09733000848970116,0.11239910125732422,0.006146533905043811,0.006146226843029012,0.06264925003051758,1.1239558783944973e-19
0.09260785332448639,0.08767762917391303,0.09996267742692468,0.09733054013582858,0.11156272888183594,0.0061462268499271645,0.006145919802591493,0.06268072128295898,1.123976176800889e-19
0.09260709899116064,0.08767750647094219,0.0999626830736979,0.09733107174096395,0.11284780502319336,0.006145919810183097,0.0061456127784964565,0.062319278717041016,1.123996468818882e-19
0.09260634466578178,0.08767738377401843,0.09996268872027353,0.09733160330511174,0.11224865913391113,0.006145612785808729,0.006145305769678089,0.06283020973205566,1.1240167586425751e-19
0.09260559034835161,0.08767726108314129,0.09996269436665157,0.09733213482827646,0.11290717124938965,0.006145305776802992,0.006144998775958754,0.06305837631225586,1.1240370633426532e-19
0.0926048360388719,0.0876771383983103,0.09996270001283203,0.0973326663104626,0.1116647720336914,0.006144998783165459,0.006144691797516089,0.062389373779296875,1.124057347707194e-19
0.09260408173734447,0.08767701571952502,0.09996270565881489,0.09733319775167468,0.11231827735900879,0.006144691804896979,0.006144384834882999,0.06326961517333984,1.1240776360741119e-19
0.09260332744377103,0.08767689304678497,0.09996271130460015,0.09733372915191717,0.11140871047973633,0.00614438484199447,0.006144077886993671,0.062308549880981445,1.1240979261872203e-19
0.09260257315815348,0.08767677038008971,0.09996271695018782,0.0973342605111946,0.11155366897583008,0.006144077894460211,0.006143770955091554,0.06299138069152832,1.1241182190842688e-19
0.09260181888049362,0.08767664771943876,0.09996272259557791,0.09733479182951144,0.11146688461303711,0.006143770962290674,0.006143464038821378,0.06274032592773438,1.1241385103368325e-19
0.09260106461079322,0.08767652506483167,0.0999627282407704,0.09733532310687218,0.11067652702331543,0.0061434640454851395,0.006143157136762056,0.06230330467224121,1.1241587968715343e-19
0.09260031034905411,0.087676402416268,0.09996273388576532,0.09733585434328135,0.11117696762084961,0.006143157144045496,0.006142850250867582,0.0626218318939209,1.1241790860807542e-19
0.09259955609527802,0.08767627977374727,0.09996273953056264,0.0973363855387434,0.112213134765625,0.006142850257968951,0.006142543380427412,0.06292843818664551,1.1241993711488885e-19
0.09259880184946684,0.08767615713726903,0.09996274517516239,0.09733691669326285,0.11223673820495605,0.0061425433872537745,0.006142236524198097,0.06287550926208496,1.1242196597419787e-19
0.09259804761162237,0.08767603450683281,0.09996275081956454,0.0973374478068442,0.11184072494506836,0.0061422365319029285,0.006141929684844172,0.06259298324584961,1.1242399467131154e-19
0.09259729338174645,0.08767591188243817,0.0999627564637691,0.09733797887949196,0.1116948127746582,0.0061419296919111195,0.006141622860056373,0.06251859664916992,1.1242602284567898e-19
0.09259653915984081,0.08767578926408465,0.09996276210777608,0.09733850991121057,0.11131048202514648,0.006141622867280045,0.006141316051433421,0.06244039535522461,1.1242805122456918e-19
0.09259578494590734,0.08767566665177176,0.09996276775158547,0.09733904090200454,0.11119794845581055,0.006141316058007502,0.006141009257021324,0.06223654747009277,1.1243007932919148e-19
0.09259503073994779,0.08767554404549906,0.09996277339519728,0.09733957185187833,0.11108040809631348,0.006141009264093861,0.006140702478241167,0.06238818168640137,1.1243210801358947e-19
0.09259427654196399,0.08767542144526609,0.0999627790386115,0.09734010276083647,0.11099791526794434,0.006140702485539346,0.00614039571509295,0.06281590461730957,1.1243413603388737e-19
0.09259352235195778,0.08767529885107239,0.09996278468182815,0.09734063362888343,0.11088109016418457,0.006140395722341397,0.006140088967043766,0.0621647834777832,1.1243616381926603e-19
0.09259276816993087,0.0876751762629175,0.09996279032484721,0.09734116445602373,0.11157822608947754,0.006140088974500661,0.006139782234626523,0.06261730194091797,1.1243819232500912e-19
0.09259201399588513,0.08767505368080097,0.09996279596766869,0.09734169524226183,0.11129617691040039,0.006139782242014677,0.006139475518018855,0.06237626075744629,1.1244022027084726e-19
0.0925912598298224,0.08767493110472234,0.0999628016102926,0.09734222598760223,0.11151266098022461,0.006139475524882608,0.00613916881615495,0.062110185623168945,1.1244224799036553e-19
0.09259050567174441,0.08767480853468115,0.09996280725271892,0.0973427566920494,0.11201214790344238,0.0061391688231054575,0.006138862129922984,0.06300544738769531,1.1244427558063846e-19
0.09258975152165297,0.08767468597067694,0.09996281289494766,0.09734328735560784,0.1103663444519043,0.006138862136681002,0.00613855545843478,0.06224226951599121,1.1244630306130409e-19
0.09258899737954997,0.08767456341270925,0.09996281853697883,0.09734381797828205,0.11217713356018066,0.006138555465610592,0.006138248802400881,0.06311511993408203,1.1244833131908827e-19
0.09258824324543716,0.08767444086077762,0.09996282417881243,0.09734434856007651,0.11174678802490234,0.006138248809892486,0.006137942161466015,0.06291794776916504,1.1245035908052526e-19
0.09258748911931632,0.0876743183148816,0.09996282982044845,0.0973448791009957,0.11121511459350586,0.00613794216952547,0.006137635537051267,0.06255078315734863,1.1245238653379301e-19
0.09258673500118923,0.0876741957750207,0.09996283546188689,0.0973454096010441,0.1130533218383789,0.00613763554450749,0.006137328927557917,0.06332612037658691,1.1245441352945452e-19
0.09258598089105767,0.08767407324119449,0.09996284110312777,0.0973459400602262,0.11324453353881836,0.0061373289348400275,0.006137022333518871,0.06339526176452637,1.1245644091405625e-19
0.09258522678892349,0.0876739507134025,0.09996284674417107,0.09734647047854648,0.11330294609069824,0.0061370223405190875,0.006136715754578859,0.06306171417236328,1.1245846776765108e-19
0.09258447269478852,0.08767382819164429,0.09996285238501679,0.09734700085600942,0.113494873046875,0.006136715761546143,0.006136409190737879,0.06300544738769531,1.1246049497872109e-19
0.09258371860865454,0.0876737056759194,0.09996285802566494,0.09734753119261946,0.11257576942443848,0.006136409197921159,0.006136102642706476,0.06254744529724121,1.1246252261075e-19
0.09258296453052343,0.08767358316622735,0.09996286366611552,0.0973480614883811,0.11305356025695801,0.00613610264964364,0.00613579610959647,0.06270313262939453,1.124645492677818e-19
0.09258221046039697,0.0876734606625677,0.09996286930636854,0.09734859174329882,0.1124262809753418,0.006135796116711226,0.006135489592118404,0.06273698806762695,1.1246657620322313e-19
0.09258145639827693,0.08767333816494,0.09996287494642397,0.0973491219573771,0.11266541481018066,0.006135489599123442,0.006135183089739371,0.06281304359436035,1.1246860305504976e-19
0.09258070234416517,0.08767321567334377,0.09996288058628183,0.09734965213062044,0.11249232292175293,0.00613518309687981,0.006134876602637007,0.06251239776611328,1.1247063030676546e-19
0.09257994829806347,0.08767309318777855,0.09996288622594213,0.09735018226303324,0.11131119728088379,0.006134876609978643,0.006134570130988948,0.06239581108093262,1.1247265679956174e-19
0.09257919425997353,0.0876729707082439,0.09996289186540484,0.09735071235462002,0.11330080032348633,0.00613457013842178,0.006134263675150464,0.06207132339477539,1.1247468337454112e-19
0.09257844022989717,0.08767284823473936,0.09996289750467,0.09735124240538529,0.11476802825927734,0.006134263682205472,0.006133957233522835,0.06183767318725586,1.1247670948232107e-19
0.09257768620783631,0.08767272576726447,0.09996290314373757,0.0973517724153335,0.1131293773651123,0.006133957241331301,0.006133650808415325,0.06182408332824707,1.1247873670678887e-19
0.09257693219379269,0.08767260330581876,0.09996290878260758,0.09735230238446917,0.11485481262207031,0.006133650815796471,0.006133344397873941,0.061655282974243164,1.1248076308202743e-19
0.09257617818776814,0.08767248085040177,0.09996291442128002,0.09735283231279673,0.11351799964904785,0.006133344405602228,0.0061330380038526755,0.06170916557312012,1.1248278878003112e-19
0.0925754241897645,0.08767235840101308,0.0999629200597549,0.09735336220032066,0.11448335647583008,0.006133038010744364,0.006132731623864629,0.062058448791503906,1.124848154773651e-19
0.09257467019978352,0.08767223595765218,0.09996292569803222,0.09735389204704545,0.1131734848022461,0.006132731631225572,0.006132425260219065,0.061042070388793945,1.1248684168169043e-19
0.09257391621782704,0.08767211352031865,0.09996293133611198,0.09735442185297556,0.11333799362182617,0.00613242526704301,0.006132118910961992,0.06148481369018555,1.1248886803291753e-19
0.09257316224389688,0.08767199108901201,0.09996293697399417,0.09735495161811547,0.11245584487915039,0.006132118918197602,0.006131812577336859,0.06119060516357422,1.1249089357911826e-19
0.09257240827799477,0.08767186866373182,0.09996294261167879,0.09735548134246966,0.11246514320373535,0.00613181258468864,0.006131506259166031,0.061247825622558594,1.1249291997440862e-19
0.0925716543201226,0.0876717462444776,0.09996294824916585,0.09735601102604255,0.11280560493469238,0.0061315062665139265,0.006131199956804778,0.06121253967285156,1.1249494591696267e-19
0.09257090037028212,0.08767162383124892,0.09996295388645535,0.09735654066883859,0.11251330375671387,0.006131199963672692,0.006130893669364923,0.06119871139526367,1.1249697135140017e-19
0.09257014642847515,0.08767150142404531,0.09996295952354728,0.09735707027086227,0.1130976676940918,0.006130893676164894,0.006130587397379372,0.06114602088928223,1.1249899745167894e-19
0.09256939249470353,0.08767137902286631,0.09996296516044166,0.09735759983211804,0.11369919776916504,0.0061305874039890105,0.006130281139959948,0.062120676040649414,1.1250102301833418e-19
0.0925686385689689,0.08767125662771146,0.09996297079713848,0.0973581293526104,0.11247634887695312,0.00613028114714676,0.006129974898172463,0.06151413917541504,1.1250304862641624e-19
0.09256788465127314,0.0876711342385803,0.09996297643363775,0.09735865883234379,0.1129002571105957,0.0061299749056346105,0.006129668672016919,0.06229567527770996,1.1250507401067963e-19
0.09256713074161803,0.08767101185547238,0.09996298206993945,0.09735918827132267,0.11288261413574219,0.006129668679453481,0.006129362461493315,0.0617220401763916,1.1250709923164975e-19
0.09256637684000546,0.08767088947838725,0.09996298770604359,0.09735971766955152,0.11366033554077148,0.006129362468601858,0.006129056265713473,0.062375545501708984,1.1250912440268535e-19
0.09256562294643722,0.08767076710732445,0.09996299334195018,0.09736024702703484,0.11200642585754395,0.006129056273078707,0.006128750085565571,0.062101125717163086,1.1251115007404192e-19
0.0925648690609151,0.08767064474228352,0.0999629989776592,0.09736077634377709,0.11370444297790527,0.006128750092883635,0.006128443921049609,0.062189340591430664,1.1251317539111938e-19
0.09256411518344097,0.087670522383264,0.09996300461317068,0.09736130561978269,0.11304569244384766,0.00612844392801472,0.00612813777163268,0.06203651428222656,1.1251520040318177e-19
0.09256336131401664,0.08767040003026544,0.09996301024848459,0.09736183485505616,0.11284303665161133,0.006128137778471608,0.006127831636959513,0.06232762336730957,1.1251722483111747e-19
0.09256260745264383,0.08767027768328738,0.09996301588360093,0.09736236404960193,0.11357784271240234,0.006127831644254937,0.006127525518628829,0.062273263931274414,1.125192503343736e-19
0.09256185359932438,0.08767015534232936,0.09996302151851974,0.09736289320342446,0.11226320266723633,0.006127525525362514,0.0061272194152195425,0.06198835372924805,1.12521275553918e-19
0.0925610997540601,0.08767003300739094,0.09996302715324099,0.09736342231652825,0.11053609848022461,0.006127219421793905,0.006126913326198746,0.06173419952392578,1.125233004805912e-19
0.09256034591685276,0.08766991067847166,0.09996303278776468,0.0973639513889177,0.11180615425109863,0.006126913333549826,0.006126607253165162,0.06302142143249512,1.1252532496825771e-19
0.09255959208770419,0.08766978835557104,0.09996303842209082,0.09736448042059721,0.11228036880493164,0.0061266072606293315,0.00612630119523061,0.06294703483581543,1.1252734979668513e-19
0.09255883826661625,0.08766966603868866,0.0999630440562194,0.09736500941157135,0.11234760284423828,0.006126301203029751,0.006125995153816177,0.06285786628723145,1.1252937418894235e-19
0.09255808445359069,0.08766954372782403,0.09996304969015044,0.09736553836184456,0.11335611343383789,0.006125995160750261,0.006125689126612599,0.06307101249694824,1.1253139866592196e-19
0.09255733064862934,0.08766942142297669,0.09996305532388393,0.09736606727142127,0.11284375190734863,0.006125689133791098,0.006125383115218597,0.06275367736816406,1.1253342298191354e-19
0.092556576851734,0.08766929912414623,0.09996306095741986,0.09736659614030597,0.11330556869506836,0.006125383122151133,0.006125077118745992,0.06265830993652344,1.125354481945545e-19
0.09255582306290643,0.08766917683133214,0.09996306659075824,0.09736712496850308,0.11304616928100586,0.006125077125830292,0.006124771137194784,0.06245899200439453,1.1253747152308775e-19
0.0925550692821485,0.087669054544534,0.09996307222389908,0.09736765375601704,0.11253476142883301,0.0061247711448288895,0.006124465171808424,0.0623321533203125,1.125394961308632e-19
0.09255431550946196,0.08766893226375132,0.09996307785684237,0.09736818250285235,0.1129908561706543,0.00612446517914403,0.006124159221698733,0.06238818168640137,1.125415202569925e-19
0.09255356174484859,0.08766880998898366,0.09996308348958811,0.09736871120901343,0.1124122142791748,0.006124159228774644,0.006123853286332803,0.0630953311920166,1.1254354447483725e-19
0.0925528079883102,0.08766868772023058,0.09996308912213632,0.09736923987450471,0.11337065696716309,0.006123853293721339,0.006123547366954085,0.06320500373840332,1.1254556790572403e-19
0.09255205423984868,0.0876685654574916,0.09996309475448696,0.09736976849933068,0.11290669441223145,0.006123547373981979,0.006123241462496765,0.06300115585327148,1.1254759196613105e-19
0.09255130049946582,0.08766844320076629,0.09996310038664007,0.0973702970834958,0.11152839660644531,0.006123241469557102,0.006122935573316113,0.06275248527526855,1.1254961604170263e-19
0.09255054676716336,0.08766832095005418,0.09996310601859562,0.09737082562700448,0.11250114440917969,0.006122935580446645,0.0061226296995897656,0.06226086616516113,1.1255163966176455e-19
0.09254979304294311,0.08766819870535482,0.09996311165035363,0.09737135412986121,0.11194324493408203,0.006122629706648147,0.006122323841140087,0.06315159797668457,1.1255366347918865e-19
0.09254903932680693,0.08766807646666776,0.09996311728191411,0.09737188259207043,0.11284089088439941,0.006122323848161544,0.006122017997611806,0.0628209114074707,1.1255568746077338e-19
0.09254828561875661,0.08766795423399253,0.09996312291327704,0.09737241101363661,0.11060738563537598,0.00612201800498643,0.006121712169893101,0.061663150787353516,1.1255771032319555e-19
0.09254753191879386,0.08766783200732868,0.09996312854444243,0.09737293939456415,0.11078596115112305,0.006121712177121277,0.0061214063576287,0.062012672424316406,1.1255973406107792e-19
0.09254677822692059,0.08766770978667575,0.09996313417541028,0.09737346773485753,0.11199426651000977,0.006121406364564335,0.006121100560463333,0.06214642524719238,1.1256175742704552e-19
0.09254602454313851,0.08766758757203329,0.09996313980618059,0.09737399603452115,0.11176347732543945,0.006121100567315873,0.0061207947783969985,0.06236839294433594,1.1256378069990642e-19
0.09254527086744944,0.08766746536340085,0.09996314543675336,0.09737452429355951,0.1117706298828125,0.006120794785374774,0.006120489011962604,0.06244254112243652,1.1256580394882017e-19
0.09254451719985517,0.08766734316077796,0.09996315106712858,0.09737505251197703,0.11096477508544922,0.0061204890187412965,0.006120183260271972,0.06216263771057129,1.1256782766623103e-19
0.09254376354035754,0.08766722096416416,0.09996315669730627,0.0973755806897782,0.11122703552246094,0.006120183267415005,0.006119877523858008,0.062246084213256836,1.1256985031522314e-19
0.09254300988895835,0.08766709877355901,0.09996316232728641,0.09737610882696743,0.11234116554260254,0.006119877531396182,0.006119571803431256,0.06261587142944336,1.125718732283035e-19
0.09254225624565943,0.08766697658896205,0.09996316795706903,0.09737663692354917,0.11144804954528809,0.0061195718106808825,0.006119266097925902,0.0625300407409668,1.125738960936288e-19
0.0925415026104626,0.08766685441037282,0.0999631735866541,0.0973771649795279,0.1118156909942627,0.006119266105269526,0.00611896040751958,0.0628209114074707,1.1257591914224132e-19
0.09254074898336963,0.08766673223779087,0.09996317921604164,0.09737769299490802,0.11156749725341797,0.006118960415162274,0.00611865473310047,0.062119245529174805,1.1257794159236977e-19
0.0925399953643823,0.08766661007121575,0.09996318484523165,0.09737822096969398,0.11187887191772461,0.006118654740356304,0.006118349073958029,0.06241631507873535,1.1257996445442353e-19
0.09253924175350244,0.087666487910647,0.09996319047422411,0.09737874890389021,0.11134123802185059,0.006118349080852163,0.006118043430092257,0.06233334541320801,1.1258198714825475e-19
0.09253848815073182,0.08766636575608418,0.09996319610301904,0.09737927679750119,0.11157464981079102,0.006118043436648153,0.006117737800792611,0.06258678436279297,1.1258401009019703e-19
0.09253773455607234,0.08766624360752681,0.09996320173161644,0.09737980465053132,0.11119842529296875,0.006117737807744479,0.0061174321867696335,0.06296706199645996,1.125860324612453e-19
0.0925369809695257,0.08766612146497445,0.09996320736001629,0.097380332462985,0.11130309104919434,0.006117432194142127,0.006117126588556232,0.06221628189086914,1.1258805443151721e-19
0.09253622739109374,0.08766599932842663,0.09996321298821863,0.09738086023486672,0.11207270622253418,0.006117126595838567,0.006116821005264228,0.06258082389831543,1.1259007741204056e-19
0.09253547382077826,0.08766587719788291,0.09996321861622343,0.09738138796618091,0.11225080490112305,0.0061168210128331,0.0061165154379594355,0.0628361701965332,1.1259209896740984e-19
0.092534720258581,0.08766575507334284,0.0999632242440307,0.09738191565693202,0.1109929084777832,0.006116515445123209,0.0061162098855760405,0.06251740455627441,1.1259412132429198e-19
0.0925339667045039,0.08766563295480596,0.09996322987164043,0.09738244330712449,0.11056303977966309,0.00611620989270981,0.006115904348291679,0.06198287010192871,1.1259614383835813e-19
0.09253321315854877,0.08766551084227182,0.09996323549905263,0.09738297091676275,0.11012840270996094,0.00611590435559356,0.006115598826639257,0.061774253845214844,1.1259816573435595e-19
0.09253245962071735,0.08766538873573995,0.0999632411262673,0.09738349848585122,0.11126112937927246,0.006115598833770214,0.006115293319908233,0.06156468391418457,1.126001872762627e-19
0.0925317060910115,0.0876652666352099,0.09996324675328445,0.09738402601439435,0.11117124557495117,0.006115293327241807,0.00611498782916442,0.06179213523864746,1.1260220938660476e-19
0.09253095256943296,0.08766514454068124,0.09996325238010408,0.09738455350239654,0.11102175712585449,0.0061149878360061,0.006114682352809098,0.06159377098083496,1.1260423111571318e-19
0.0925301990559836,0.08766502245215348,0.09996325800672617,0.09738508094986223,0.10995650291442871,0.006114682360063785,0.006114376891730444,0.0615234375,1.1260625262479346e-19
0.09252944555066525,0.08766490036962617,0.09996326363315075,0.09738560835679587,0.11067318916320801,0.006114376899414059,0.006114071446283731,0.06158113479614258,1.1260827454725447e-19
0.0925286920534796,0.08766477829309886,0.09996326925937779,0.0973861357232019,0.11111259460449219,0.006114071454055514,0.006113766016113686,0.062050819396972656,1.126102961357356e-19
0.09252793856442841,0.08766465622257112,0.09996327488540731,0.09738666304908475,0.11023449897766113,0.006113766023987714,0.006113460601575582,0.061887502670288086,1.1261231729597033e-19
0.09252718508351349,0.08766453415804247,0.09996328051123932,0.09738719033444886,0.11043715476989746,0.006113460609209404,0.006113155202136511,0.061884403228759766,1.126143393933822e-19
0.09252643161073677,0.08766441209951248,0.0999632861368738,0.09738771757929866,0.11020994186401367,0.00611315520971864,0.006112849817974109,0.06147646903991699,1.1261636040255076e-19
0.09252567814610001,0.08766429004698069,0.09996329176231077,0.09738824478363857,0.1103661060333252,0.006112849825516631,0.006112544449088375,0.06128430366516113,1.1261838162642974e-19
0.0925249246896049,0.08766416800044663,0.09996329738755019,0.09738877194747296,0.10979890823364258,0.006112544456601601,0.0061122390954793104,0.06152462959289551,1.126204028931135e-19
0.09252417124125327,0.08766404595990984,0.09996330301259211,0.09738929907080632,0.11086773872375488,0.006112239102972747,0.006111933758035093,0.06148409843444824,1.1262242376718605e-19
0.09252341780104699,0.0876639239253699,0.09996330863743651,0.09738982615364304,0.11120343208312988,0.006111933764627606,0.006111628434268823,0.061286211013793945,1.126244450934087e-19
0.09252266436898783,0.08766380189682632,0.09996331426208337,0.09739035319598756,0.11139893531799316,0.006111628441569459,0.006111323126489765,0.06120800971984863,1.1262646575056789e-19
0.09252191094507764,0.0876636798742787,0.09996331988653273,0.09739088019784431,0.11078619956970215,0.006111323133794916,0.0061110178339873755,0.06110429763793945,1.1262848700072886e-19
0.09252115752931814,0.08766355785772655,0.09996332551078456,0.09739140715921767,0.1118922233581543,0.006111017841303882,0.006110712557294562,0.06146812438964844,1.1263050788172883e-19
0.0925204041217112,0.0876634358471694,0.09996333113483888,0.0973919340801121,0.11142373085021973,0.006110712564094183,0.00611040729534551,0.06093573570251465,1.1263252839938929e-19
0.09251965072225864,0.08766331384260682,0.09996333675869568,0.09739246096053206,0.11208271980285645,0.006110407302166662,0.0061101020484954915,0.0608062744140625,1.1263454867328864e-19
0.09251889733096229,0.08766319184403835,0.09996334238235496,0.09739298780048197,0.11261320114135742,0.006110102055520365,0.006109796816922142,0.0610194206237793,1.1263656973812197e-19
0.09251814394782398,0.08766306985146352,0.09996334800581673,0.09739351459996626,0.11292266845703125,0.006109796824153819,0.0061094916013360034,0.06151747703552246,1.1263858992542844e-19
0.09251739057284543,0.08766294786488191,0.09996335362908099,0.09739404135898934,0.11471891403198242,0.0061094916080655075,0.006109186400671263,0.06176280975341797,1.1264061081284185e-19
0.09251663720602842,0.08766282588429304,0.09996335925214772,0.0973945680775556,0.11412215232849121,0.0061091864072567205,0.0061088812147502836,0.0616152286529541,1.1264263065572786e-19
0.09251588384737483,0.08766270390969648,0.09996336487501695,0.09739509475566951,0.11227583885192871,0.006108881221726797,0.006108576044283609,0.061663150787353516,1.126446509555743e-19
0.09251513049688645,0.08766258194109175,0.09996337049768865,0.09739562139333546,0.11316299438476562,0.006108576051475146,0.006108270889271239,0.0618131160736084,1.1264667075439357e-19
0.09251437715456505,0.08766245997847842,0.09996337612016284,0.09739614799055787,0.11226725578308105,0.00610827089649978,0.006107965749535538,0.06197810173034668,1.126486913862749e-19
0.09251362382041237,0.08766233802185602,0.09996338174243953,0.09739667454734117,0.11356139183044434,0.006107965756800202,0.006107660625076505,0.06218123435974121,1.1265071187485353e-19
0.09251287049443027,0.08766221607122411,0.0999633873645187,0.09739720106368975,0.11372804641723633,0.006107660632375656,0.006107355516071777,0.06229400634765625,1.1265273159699603e-19
0.09251211717662049,0.08766209412658225,0.09996339298640035,0.09739772753960803,0.11248517036437988,0.0061073555232250085,0.006107050421988447,0.061701059341430664,1.1265475180098806e-19
0.09251136386698489,0.08766197218792997,0.09996339860808451,0.09739825397510046,0.11392426490783691,0.00610705042934858,0.006106745343892328,0.06192278861999512,1.1265677131318794e-19
0.09251061056552533,0.08766185025526681,0.09996340422957115,0.09739878037017141,0.11369156837463379,0.006106745350742479,0.0061064402801846995,0.0628972053527832,1.126587912684225e-19
0.09250985727224363,0.08766172832859233,0.09996340985086026,0.0973993067248253,0.11355018615722656,0.0061064402874090335,0.00610613523175374,0.06281161308288574,1.1266081083162554e-19
0.09250910398714147,0.08766160640790607,0.09996341547195187,0.09739983303906659,0.11229324340820312,0.006106135239347865,0.006105830199487627,0.06262993812561035,1.1266283010810306e-19
0.09250835071022073,0.08766148449320757,0.09996342109284598,0.09740035931289966,0.11293482780456543,0.006105830206555403,0.006105525181965277,0.0632638931274414,1.1266484967346709e-19
0.0925075974414831,0.0876613625844964,0.09996342671354258,0.09740088554632896,0.11213326454162598,0.0061055251890329235,0.006105220180074866,0.06208658218383789,1.126668693884641e-19
0.09250684418093053,0.0876612406817721,0.09996343233404167,0.09740141173935889,0.11300992965698242,0.00610522018677895,0.006104915192750582,0.06227397918701172,1.1266888858922183e-19
0.09250609092856475,0.0876611187850342,0.09996343795434327,0.09740193789199383,0.11289191246032715,0.00610491519979284,0.006104610220702966,0.06258535385131836,1.1267090799171182e-19
0.09250533768438758,0.08766099689428225,0.09996344357444736,0.09740246400423826,0.11401677131652832,0.006104610228075123,0.006104305264642562,0.06260061264038086,1.1267292689483836e-19
0.09250458444840085,0.0876608750095158,0.09996344919435395,0.09740299007609657,0.11261773109436035,0.006104305271623296,0.0061040003229706485,0.06261825561523438,1.126749459007032e-19
0.09250383122060636,0.08766075313073442,0.09996345481406302,0.09740351610757315,0.1130673885345459,0.006104000330438357,0.006103695396930675,0.061853885650634766,1.1267696554746567e-19
0.09250307800100592,0.08766063125793762,0.09996346043357458,0.09740404209867243,0.11320066452026367,0.006103695404517496,0.0061033904867002775,0.06287288665771484,1.1267898444682998e-19
0.09250232478960127,0.08766050939112495,0.09996346605288865,0.09740456804939876,0.11319804191589355,0.0061033904938605716,0.006103085591036006,0.06300592422485352,1.1268100279678591e-19
0.09250157158639416,0.087660387530296,0.09996347167200521,0.09740509395975655,0.11324715614318848,0.006103085598467202,0.006102780711358946,0.0626366138458252,1.126830224325695e-19
0.09250081839138645,0.08766026567545028,0.09996347729092428,0.09740561982975025,0.11204075813293457,0.006102780718335194,0.0061024758460703765,0.06280326843261719,1.1268504078491872e-19
0.09250006520457983,0.08766014382658735,0.09996348290964584,0.09740614565938421,0.11203122138977051,0.006102475853467267,0.00610217099588084,0.06213259696960449,1.1268705966386415e-19
0.09249931202597628,0.08766002198370677,0.09996348852816989,0.09740667144866284,0.1124880313873291,0.00610217100386095,0.006101866162211422,0.06290268898010254,1.1268907804493589e-19
0.09249855885557752,0.08765990014680809,0.09996349414649644,0.09740719719759057,0.1139988899230957,0.006101866169513007,0.006101561342930495,0.06339359283447266,1.1269109693343092e-19
0.09249780569338535,0.08765977831589084,0.0999634997646255,0.0974077229061718,0.11630415916442871,0.006101561350424854,0.006101256539459143,0.06399345397949219,1.126931154264789e-19
0.09249705253940158,0.08765965649095457,0.09996350538255706,0.097408248574411,0.11738824844360352,0.006101256546595599,0.006100951750553918,0.06415700912475586,1.1269513356240554e-19
0.092496299393628,0.08765953467199884,0.09996351100029112,0.0974087742023125,0.11594724655151367,0.006100951758025531,0.006100646977635904,0.06393885612487793,1.126971521293818e-19
0.09249554625606644,0.08765941285902319,0.09996351661782768,0.09740929978988072,0.11633896827697754,0.006100646984711841,0.006100342219461652,0.0639803409576416,1.126991699371162e-19
0.0924947931267187,0.08765929105202719,0.09996352223516675,0.09740982533712006,0.11614656448364258,0.006100342226654114,0.006100037476208797,0.06409788131713867,1.1270118841726187e-19
0.09249404000558656,0.08765916925101035,0.09996352785230832,0.09741035084403497,0.11578536033630371,0.006100037483852967,0.006099732749476061,0.0642080307006836,1.12703206277349e-19
0.09249328689267179,0.08765904745597224,0.0999635334692524,0.0974108763106298,0.11580753326416016,0.006099732756305185,0.00609942803695418,0.06439661979675293,1.1270522418046475e-19
0.09249253378797623,0.0876589256669124,0.09996353908599898,0.09741140173690893,0.11627030372619629,0.00609942804401312,0.006099123339708967,0.06476736068725586,1.1270724238512254e-19
0.09249178069150164,0.08765880388383039,0.09996354470254806,0.09741192712287679,0.11601972579956055,0.006099123346974957,0.0060988186577404235,0.06439065933227539,1.1270926006846416e-19
0.09249102760324993,0.08765868210672575,0.09996355031889965,0.09741245246853775,0.11684632301330566,0.006098818665189322,0.006098513991936727,0.06425595283508301,1.1271127789570468e-19
0.0924902745232228,0.08765856033559805,0.09996355593505375,0.09741297777389628,0.11631155014038086,0.006098513998655319,0.006098209340343885,0.06414628028869629,1.1271329516103896e-19
0.09248952145142204,0.0876584385704468,0.09996356155101037,0.09741350303895673,0.11583995819091797,0.00609820934737262,0.006097904704205348,0.06417012214660645,1.1271531321682412e-19
0.09248876838784957,0.08765831681127158,0.09996356716676948,0.09741402826372353,0.11605167388916016,0.006097904711339778,0.006097600083698751,0.06420493125915527,1.127173309510517e-19
0.09248801533250703,0.08765819505807193,0.0999635727823311,0.09741455344820106,0.11635589599609375,0.006097600090555998,0.006097295477580644,0.06408810615539551,1.1271934837946528e-19
0.09248726228539633,0.08765807331084739,0.09996357839769525,0.09741507859239372,0.11534643173217773,0.006097295485022616,0.006096990887627385,0.06396293640136719,1.127213661296365e-19
0.09248650924651913,0.08765795156959752,0.09996358401286189,0.09741560369630592,0.11556816101074219,0.006096990894735407,0.006096686312950794,0.06422829627990723,1.1272338309119958e-19
0.09248575621587746,0.08765782983432185,0.09996358962783104,0.09741612875994203,0.11580705642700195,0.006096686319695932,0.006096381752485058,0.06436038017272949,1.1272540034691018e-19
0.092485003193473,0.08765770810501995,0.09996359524260272,0.09741665378330638,0.11528348922729492,0.006096381759903581,0.006096077207651263,0.06423711776733398,1.12727417680765e-19
0.09248425017930759,0.08765758638169135,0.0999636008571769,0.09741717876640343,0.11542463302612305,0.0060960772153578644,0.00609577267915995,0.06418657302856445,1.1272943422430903e-19
0.09248349717338292,0.08765746466433562,0.09996360647155358,0.09741770370923754,0.11556649208068848,0.006095772686056144,0.006095468164168949,0.06400179862976074,1.1273145153534213e-19
0.09248274417570083,0.0876573429529523,0.0999636120857328,0.09741822861181308,0.11570143699645996,0.006095468172000319,0.006095163666230974,0.06387829780578613,1.1273346850002888e-19
0.09248199118626313,0.08765722124754095,0.09996361769971454,0.09741875347413448,0.11532068252563477,0.0060951636731866755,0.006094859182326218,0.06367182731628418,1.127354855753848e-19
0.09248123820507159,0.0876570995481011,0.0999636233134988,0.09741927829620611,0.1156766414642334,0.006094859189615923,0.00609455471369813,0.06365418434143066,1.1273750247307593e-19
0.09248048523212805,0.0876569778546323,0.09996362892708556,0.09741980307803241,0.1152193546295166,0.006094554721287652,0.006094250260701983,0.06382393836975098,1.1273951915703204e-19
0.09247973226743436,0.08765685616713413,0.09996363454047484,0.09742032781961778,0.11506533622741699,0.006094250268200701,0.006093945823337776,0.06386590003967285,1.127415355850737e-19
0.09247897931099228,0.08765673448560611,0.09996364015366664,0.09742085252096656,0.11620521545410156,0.0060939458303529695,0.0060936414005396955,0.06398272514343262,1.1274355216513668e-19
0.0924782263628035,0.08765661281004782,0.09996364576666097,0.09742137718208317,0.11543107032775879,0.006093641407744724,0.0060933369930182835,0.0640721321105957,1.1274556880977558e-19
0.09247747342286992,0.08765649114045877,0.09996365137945783,0.097421901802972,0.11563587188720703,0.006093337000376785,0.006093032601484083,0.06394553184509277,1.127475851529825e-19
0.09247672049119335,0.08765636947683854,0.09996365699205718,0.09742242638363742,0.11541152000427246,0.006093032608246141,0.006092728224338373,0.06401348114013672,1.127496018077321e-19
0.09247596756777557,0.08765624781918666,0.09996366260445906,0.09742295092408382,0.11529946327209473,0.0060927282313526536,0.006092423862469332,0.06401371955871582,1.1275161756050258e-19
0.09247521465261838,0.08765612616750268,0.09996366821666346,0.09742347542431556,0.11499261856079102,0.006092423869696243,0.006092119516232231,0.0640873908996582,1.1275363418997378e-19
0.09247446174572369,0.08765600452178615,0.09996367382867039,0.09742399988433706,0.1149590015411377,0.006092119523275159,0.006091815184916527,0.06426191329956055,1.1275565028416665e-19
0.09247370884709329,0.08765588288203663,0.09996367944047983,0.09742452430415263,0.11442708969116211,0.006091815192090306,0.0060915108686998565,0.06403231620788574,1.1275766627942577e-19
0.09247295595672898,0.08765576124825367,0.0999636850520918,0.09742504868376671,0.1148991584777832,0.0060915108761392155,0.006091206568115126,0.06409740447998047,1.1275968181962898e-19
0.0924722030746326,0.0876556396204368,0.09996369066350629,0.0974255730231837,0.1150047779083252,0.006091206575422489,0.006090902282451793,0.06396746635437012,1.1276169792948844e-19
0.09247145020080587,0.0876555179985856,0.0999636962747233,0.09742609732240798,0.11519050598144531,0.006090902289938401,0.006090598012420401,0.06400775909423828,1.1276371371582347e-19
0.09247069733525062,0.0876553963826996,0.09996370188574284,0.0974266215814439,0.11520910263061523,0.006090598019685448,0.006090293757488041,0.06381750106811523,1.127657294782849e-19
0.09246994447796861,0.08765527477277837,0.09996370749656491,0.0974271458002959,0.11504459381103516,0.006090293764663542,0.00608998951783235,0.06383323669433594,1.1276774559962158e-19
0.09246919162896164,0.08765515316882144,0.09996371310718952,0.09742766997896837,0.11559462547302246,0.006089989524872266,0.006089685293275693,0.06374597549438477,1.127697606937015e-19
0.09246843878823156,0.08765503157082837,0.09996371871761664,0.09742819411746562,0.11514163017272949,0.006089685300310477,0.006089381083818068,0.06362605094909668,1.1277177662685228e-19
0.09246768595578014,0.0876549099787987,0.0999637243278463,0.09742871821579205,0.11487579345703125,0.006089381090978469,0.006089076889637113,0.06382560729980469,1.1277379171203068e-19
0.09246693313160907,0.087654788392732,0.09996372993787848,0.09742924227395208,0.11462855339050293,0.006089076896874494,0.00608877271055519,0.06362366676330566,1.127758071456753e-19
0.09246618031572022,0.0876546668126278,0.09996373554771319,0.09742976629195008,0.11430549621582031,0.006088772717998046,0.006088468547460479,0.06374216079711914,1.1277782233229009e-19
0.09246542750811548,0.08765454523848568,0.09996374115735043,0.09743029026979037,0.11489319801330566,0.006088468554348053,0.0060881643989318945,0.06447672843933105,1.1277983754410792e-19
0.09246467470879662,0.08765442367030515,0.0999637467667902,0.09743081420747735,0.11497092247009277,0.006088164405923452,0.006087860265857614,0.06421208381652832,1.1278185324582787e-19
0.09246392191776533,0.08765430210808578,0.09996375237603251,0.09743133810501539,0.11545157432556152,0.0060878602727231414,0.006087556147704731,0.06496381759643555,1.1278386801672628e-19
0.09246316913502342,0.08765418055182711,0.09996375798507734,0.0974318619624089,0.11524629592895508,0.006087556154748343,0.006087252045183789,0.06456279754638672,1.1278588290921636e-19
0.09246241636057276,0.08765405900152871,0.0999637635939247,0.09743238577966226,0.11591029167175293,0.006087252051996599,0.006086947957228972,0.06486916542053223,1.127878980383355e-19
0.09246166359441516,0.08765393745719013,0.0999637692025746,0.09743290955677984,0.11560726165771484,0.0060869479644678585,0.006086643885439003,0.06462764739990234,1.1278991312911617e-19
0.09246091083655238,0.08765381591881093,0.09996377481102704,0.09743343329376597,0.13332366943359375,0.006086643892161638,0.006086339827859888,0.07792186737060547,1.1279192773459374e-19
0.09246015808698628,0.08765369438639063,0.09996378041928201,0.097433956990625,0.12018251419067383,0.006086339835077603,0.006086035786090349,0.06419706344604492,1.1279394229376052e-19
0.09245940534571866,0.0876535728599288,0.09996378602733952,0.09743448064736132,0.11374425888061523,0.006086035793213841,0.0060857317594198435,0.06381368637084961,1.1279595663465732e-19
0.09245865261275127,0.087653451339425,0.09996379163519956,0.09743500426397932,0.11367321014404297,0.0060857317665704075,0.006085427747848371,0.06383895874023438,1.1279797142689824e-19
0.09245789988808586,0.08765332982487876,0.09996379724286214,0.0974355278404834,0.11388897895812988,0.006085427755145456,0.006085123751731203,0.06392955780029297,1.1279998559307322e-19
0.09245714717172428,0.08765320831628964,0.09996380285032724,0.09743605137687786,0.11458492279052734,0.006085123758938559,0.006084819770535432,0.06408405303955078,1.1280199989830242e-19
0.09245639446366835,0.08765308681365722,0.0999638084575949,0.09743657487316712,0.11457538604736328,0.006084819777949357,0.006084515804971602,0.06377363204956055,1.1280401441926593e-19
0.09245564176391985,0.08765296531698101,0.09996381406466508,0.09743709832935558,0.11388802528381348,0.006084515812176321,0.006084211854151533,0.06390833854675293,1.1280602858651733e-19
0.09245488907248053,0.08765284382626057,0.09996381967153779,0.09743762174544757,0.1142435073852539,0.006084211861620109,0.006083907918785769,0.0640721321105957,1.1280804262428523e-19
0.09245413638935225,0.08765272234149545,0.09996382527821306,0.0974381451214475,0.1139683723449707,0.006083907926279554,0.006083603999407217,0.06363081932067871,1.1281005740278842e-19
0.09245338371453685,0.08765260086268518,0.09996383088469087,0.09743866845735968,0.11369776725769043,0.006083604006152199,0.006083300093884247,0.06328082084655762,1.1281207141055861e-19
0.09245263104803611,0.08765247938982935,0.09996383649097121,0.09743919175318849,0.11372900009155273,0.006083300101240038,0.00608299620434849,0.06302499771118164,1.1281408484833215e-19
0.09245187838985172,0.08765235792292751,0.0999638420970541,0.09743971500893829,0.11330699920654297,0.006082996211539589,0.006082692329911765,0.06285405158996582,1.1281609862451834e-19
0.09245112573998557,0.08765223646197921,0.09996384770293952,0.09744023822461344,0.1137394905090332,0.006082692337050468,0.006082388470929345,0.06267619132995605,1.1281811281586156e-19
0.09245037309843945,0.087652115006984,0.09996385330862749,0.09744076140021832,0.11326885223388672,0.006082388477772449,0.006082084626335416,0.06325578689575195,1.1282012604082275e-19
0.09244962046521525,0.08765199355794141,0.099963858914118,0.09744128453575729,0.11396050453186035,0.0060820846337065965,0.006081780797551062,0.06342744827270508,1.1282214001806293e-19
0.09244886784031463,0.08765187211485101,0.09996386451941107,0.0974418076312347,0.11420655250549316,0.00608178080485105,0.006081476983865741,0.06365728378295898,1.128241532866228e-19
0.0924481152237394,0.08765175067771233,0.09996387012450667,0.09744233068665491,0.11461758613586426,0.006081476991205105,0.006081173185634725,0.0641777515411377,1.12826166846327e-19
0.09244736261549139,0.08765162924652496,0.09996387572940482,0.09744285370202231,0.1152336597442627,0.006081173192766567,0.006080869402502742,0.06435585021972656,1.1282818027411606e-19
0.09244661001557244,0.08765150782128843,0.09996388133410551,0.09744337667734124,0.11689209938049316,0.0060808694095354195,0.006080565634292157,0.06554317474365234,1.1283019343805796e-19
0.09244585742398426,0.0876513864020023,0.09996388693860875,0.09744389961261608,0.11560630798339844,0.006080565641511573,0.006080261881713511,0.06336736679077148,1.128322072885188e-19
0.09244510484072868,0.08765126498866613,0.09996389254291453,0.09744442250785118,0.1159522533416748,0.006080261888693204,0.006079958144056263,0.06493949890136719,1.1283422038383107e-19
0.09244435226580758,0.08765114358127944,0.09996389814702286,0.0974449453630509,0.11696147918701172,0.006079958151079314,0.006079654421675684,0.06509995460510254,1.1283623349424922e-19
0.09244359969922275,0.0876510221798418,0.09996390375093374,0.09744546817821956,0.11684346199035645,0.006079654428669717,0.00607935071474941,0.06483983993530273,1.1283824618292613e-19
0.09244284714097592,0.08765090078435278,0.09996390935464718,0.09744599095336154,0.11707568168640137,0.006079350721463676,0.0060790470222116255,0.06465029716491699,1.1284025940285598e-19
0.09244209459106892,0.0876507793948119,0.09996391495816315,0.09744651368848117,0.11599230766296387,0.006079047029461754,0.006078743345661053,0.06467962265014648,1.1284227243650672e-19
0.09244134204950348,0.08765065801121874,0.09996392056148168,0.09744703638358286,0.11637449264526367,0.00607874335266157,0.006078439683854242,0.06503534317016602,1.1284428534500213e-19
0.0924405895162814,0.08765053663357283,0.09996392616460274,0.09744755903867096,0.11752867698669434,0.006078439691063637,0.006078136037501736,0.06514692306518555,1.128462973848741e-19
0.09243983699140458,0.08765041526187374,0.09996393176752637,0.0974480816537498,0.11785054206848145,0.006078136044665881,0.0060778324062482625,0.06519794464111328,1.1284831018726472e-19
0.09243908447487484,0.087650293896121,0.09996393737025254,0.09744860422882376,0.11732721328735352,0.006077832413468573,0.0060775287906267295,0.0647284984588623,1.1285032275811572e-19
0.09243833196669393,0.08765017253631419,0.09996394297278126,0.09744912676389718,0.11550021171569824,0.006077528797469546,0.0060772251890384155,0.06437206268310547,1.128523357399005e-19
0.09243757946686364,0.08765005118245285,0.09996394857511255,0.09744964925897445,0.11667156219482422,0.00607722519667144,0.006076921603792584,0.06423521041870117,1.1285434824968337e-19
0.09243682697538572,0.08764992983453654,0.09996395417724639,0.0974501717140599,0.11488151550292969,0.006076921611069499,0.0060766180336457865,0.06358122825622559,1.1285636044982206e-19
0.09243607449226202,0.08764980849256479,0.09996395977918279,0.09745069412915788,0.11421799659729004,0.006076618040663788,0.006076314478065115,0.06310153007507324,1.128583725045379e-19
0.0924353220174943,0.08764968715653718,0.09996396538092174,0.09745121650427273,0.11391329765319824,0.006076314485454403,0.00607601093864929,0.06314921379089355,1.1286038478409523e-19
0.09243456955108431,0.08764956582645324,0.09996397098246325,0.09745173883940879,0.11411046981811523,0.006076010945439848,0.006075707413266684,0.0635535717010498,1.1286239692349206e-19
0.092433817093034,0.08764944450231256,0.0999639765838073,0.09745226113457042,0.11456060409545898,0.006075707420620414,0.006075403903693655,0.06330585479736328,1.1286440872876923e-19
0.09243306464334508,0.08764932318411466,0.09996398218495392,0.09745278338976199,0.11401891708374023,0.006075403910995268,0.0060751004095749295,0.0633084774017334,1.128664206703798e-19
0.09243231220201942,0.08764920187185911,0.0999639877859031,0.0974533056049878,0.11466741561889648,0.00607510041656266,0.006074796930199966,0.06379222869873047,1.1286843299663457e-19
0.09243155976905877,0.08764908056554545,0.09996399338665483,0.09745382778025219,0.11424684524536133,0.006074796937323114,0.006074493465568764,0.06332159042358398,1.1287044443384908e-19
0.09243080734446497,0.08764895926517323,0.09996399898720913,0.09745434991555954,0.11257195472717285,0.006074493473276002,0.006074190017457681,0.062441110610961914,1.128724559176478e-19
0.09243005492823984,0.08764883797074201,0.09996400458756599,0.09745487201091418,0.11316418647766113,0.006074190024417744,0.006073886583557453,0.06254982948303223,1.1287446806697733e-19
0.09242930252038514,0.08764871668225135,0.09996401018772541,0.0974553940663205,0.11279010772705078,0.006073886590749704,0.006073583165111529,0.06328320503234863,1.1287647951316749e-19
0.09242855012090272,0.08764859539970081,0.09996401578768739,0.09745591608178285,0.11262106895446777,0.006073583172270723,0.00607327976211991,0.06302237510681152,1.1287849121769466e-19
0.09242779772979429,0.08764847412308992,0.09996402138745193,0.09745643805730557,0.11269688606262207,0.006073279768980301,0.0060729763736944165,0.06314826011657715,1.1288050243981406e-19
0.09242704534706166,0.08764835285241825,0.09996402698701903,0.09745695999289303,0.11226344108581543,0.006072976380878516,0.006072673001078499,0.06262421607971191,1.1288251384483592e-19
0.09242629297270663,0.08764823158768534,0.09996403258638871,0.09745748188854952,0.11291790008544922,0.006072673007962453,0.006072369643383979,0.0633707046508789,1.1288452477919934e-19
0.09242554060673101,0.08764811032889075,0.09996403818556095,0.09745800374427942,0.1119382381439209,0.006072369650232051,0.006072066301143764,0.06277990341186523,1.1288653640916539e-19
0.09242478824913655,0.08764798907603405,0.09996404378453576,0.097458525560087,0.11304545402526855,0.006072066307686892,0.006071762973292039,0.06399679183959961,1.1288854719362436e-19
0.09242403589992508,0.08764786782911478,0.09996404938331312,0.09745904733597664,0.11172771453857422,0.006071762980327595,0.006071459660539347,0.06279969215393066,1.1289055857237586e-19
0.09242328355909839,0.08764774658813249,0.09996405498189305,0.09745956907195268,0.11356592178344727,0.006071459668153754,0.006071156363596231,0.06348586082458496,1.1289256921010622e-19
0.09242253122665829,0.08764762535308673,0.09996406058027554,0.09746009076801945,0.11313986778259277,0.00607115637116325,0.006070853082107419,0.06314706802368164,1.1289458050213594e-19
0.09242177890260661,0.08764750412397707,0.09996406617846061,0.09746061242418133,0.11237788200378418,0.006070853089354872,0.006070549815362369,0.06305289268493652,1.1289659157291716e-19
0.09242102658694511,0.08764738290080304,0.09996407177644825,0.09746113404044264,0.11295008659362793,0.006070549822728325,0.006070246563893988,0.06355667114257812,1.1289860203647994e-19
0.0924202742796756,0.08764726168356424,0.09996407737423847,0.09746165561680772,0.11295366287231445,0.0060702465712818045,0.006069943327702276,0.06333446502685547,1.1290061291896008e-19
0.09241952198079992,0.08764714047226016,0.09996408297183126,0.09746217715328093,0.11359977722167969,0.00606994333501621,0.006069640106431962,0.06292295455932617,1.1290262337368682e-19
0.09241876969031972,0.08764701926689038,0.09996408856922662,0.09746269864986656,0.11488509178161621,0.006069640113929724,0.006069336901326494,0.06376171112060547,1.1290463396997714e-19
0.09241801740823695,0.08764689806745446,0.09996409416642454,0.09746322010656899,0.11249494552612305,0.006069336908020251,0.006069033709898974,0.06291627883911133,1.1290664445063871e-19
0.09241726513455334,0.08764677687395195,0.09996409976342505,0.09746374152339256,0.11397790908813477,0.006069033717290478,0.0060687305342810305,0.06344723701477051,1.1290865516985178e-19
0.09241651286927065,0.0876466556863824,0.09996410536022812,0.09746426290034155,0.11401486396789551,0.006068730541738267,0.006068427374295027,0.06347393989562988,1.1291066502241146e-19
0.09241576061239078,0.08764653450474537,0.09996411095683377,0.09746478423742032,0.11377644538879395,0.006068427381361764,0.0060681242292304205,0.06331729888916016,1.1291267519849653e-19
0.0924150083639154,0.08764641332904041,0.09996411655324199,0.09746530553463319,0.11384081840515137,0.0060681242361606234,0.006067821098909576,0.06325745582580566,1.1291468545025767e-19
0.0924142561238464,0.0876462921592671,0.09996412214945279,0.09746582679198448,0.11400437355041504,0.006067821106133751,0.0060675179838654,0.06328225135803223,1.1291669610149564e-19
0.09241350389218553,0.08764617099542496,0.09996412774546615,0.09746634800947859,0.11358928680419922,0.006067517991281402,0.0060672148840978934,0.06273126602172852,1.1291870556321068e-19
0.09241275166893462,0.08764604983751355,0.0999641333412821,0.0974668691871198,0.11528277397155762,0.006067214891602504,0.006066911799962327,0.0630645751953125,1.1292071540928708e-19
0.09241199945409542,0.08764592868553243,0.09996413893690062,0.09746739032491245,0.11360669136047363,0.006066911807095501,0.006066608730570522,0.0634760856628418,1.1292272521626487e-19
0.0924112472476697,0.08764580753948119,0.09996414453232172,0.09746791142286086,0.11254048347473145,0.006066608737760094,0.00606630567627775,0.0636436939239502,1.1292473506304317e-19
0.09241049504965942,0.08764568639935932,0.09996415012754539,0.09746843248096941,0.11354303359985352,0.006066305683596407,0.0060660026370840114,0.06260919570922852,1.129267448699527e-19
0.09240974286006623,0.08764556526516643,0.09996415572257164,0.09746895349924242,0.1131751537322998,0.006066002644602796,0.006065699613877484,0.06305098533630371,1.1292875443223153e-19
0.092408990678892,0.08764544413690203,0.09996416131740048,0.09746947447768418,0.11371445655822754,0.0060656996207770295,0.006065396605059448,0.06256222724914551,1.1293076394043956e-19
0.0924082385061386,0.0876453230145657,0.09996416691203189,0.097469995416299,0.11269593238830566,0.006065396612120462,0.006065093611340444,0.06324458122253418,1.1293277354689305e-19
0.0924074863418078,0.08764520189815697,0.09996417250646589,0.09747051631509124,0.1139211654663086,0.006065093618633312,0.006064790633075745,0.06324911117553711,1.1293478309679482e-19
0.09240673418590144,0.08764508078767544,0.09996417810070246,0.09747103717406522,0.1142265796661377,0.006064790640312791,0.006064487670087715,0.06295442581176758,1.1293679218303569e-19
0.09240598203842122,0.08764495968312062,0.09996418369474161,0.09747155799322525,0.1148381233215332,0.006064487677157486,0.006064184722021082,0.06267595291137695,1.129388020418668e-19
0.09240522989936895,0.08764483858449211,0.09996418928858333,0.0974720787725757,0.11481881141662598,0.006064184729168615,0.006063881789231118,0.06267619132995605,1.1294081117547852e-19
0.09240447776874638,0.08764471749178944,0.09996419488222764,0.09747259951212085,0.11484742164611816,0.006063881796344125,0.006063578871184916,0.06261324882507324,1.1294281997543354e-19
0.0924037256465553,0.08764459640501217,0.09996420047567454,0.09747312021186501,0.11473250389099121,0.0060635788786856,0.006063275969303561,0.06236147880554199,1.1294482909393176e-19
0.09240297353279744,0.08764447532415984,0.09996420606892402,0.09747364087181254,0.11599397659301758,0.006063275976188471,0.006062973081810696,0.06300497055053711,1.1294683764912617e-19
0.09240222142747469,0.08764435424923202,0.09996421166197608,0.09747416149196776,0.11539363861083984,0.006062973088854781,0.006062670209772136,0.06292581558227539,1.1294884733891569e-19
0.09240146933058885,0.08764423318022826,0.09996421725483073,0.097474682072335,0.1163022518157959,0.006062670216682695,0.006062367352122067,0.06344103813171387,1.1295085575475652e-19
0.09240071724214173,0.08764411211714812,0.09996422284748797,0.09747520261291857,0.11615777015686035,0.006062367359671903,0.006062064510459209,0.06266903877258301,1.1295286422347232e-19
0.09239996516213506,0.08764399105999114,0.0999642284399478,0.09747572311372281,0.11558747291564941,0.006062064517821895,0.006061761683540112,0.06328463554382324,1.1295487318661858e-19
0.09239921309057067,0.08764387000875691,0.0999642340322102,0.09747624357475203,0.11514687538146973,0.006061761691131633,0.0060614588726082275,0.06354713439941406,1.129568818965602e-19
0.09239846102745038,0.08764374896344496,0.0999642396242752,0.09747676399601053,0.11506056785583496,0.00606145887959924,0.006061156075887197,0.06327319145202637,1.1295889046722663e-19
0.092397708972776,0.08764362792405485,0.09996424521614278,0.09747728437750265,0.11426734924316406,0.006061156083224385,0.006060853295331015,0.06374216079711914,1.1296089863727487e-19
0.09239695692654928,0.08764350689058613,0.09996425080781295,0.09747780471923265,0.11413955688476562,0.006060853302006846,0.0060605505289856865,0.06290388107299805,1.1296290713622418e-19
0.09239620488877205,0.08764338586303835,0.0999642563992857,0.09747832502120488,0.11473822593688965,0.006060550535946057,0.006060247777917027,0.0636587142944336,1.1296491537041226e-19
0.0923954528594461,0.08764326484141108,0.09996426199056106,0.09747884528342364,0.11528635025024414,0.006060247785041773,0.006059945042125037,0.06383609771728516,1.1296692346981537e-19
0.09239470083857325,0.08764314382570386,0.09996426758163901,0.0974793655058933,0.11528229713439941,0.006059945049292666,0.006059642321964986,0.0637812614440918,1.1296893143135555e-19
0.09239394882615529,0.08764302281591625,0.09996427317251955,0.09747988568861814,0.11499524116516113,0.00605964232869718,0.006059339616548698,0.06346511840820312,1.1297093987413253e-19
0.09239319682219403,0.08764290181204783,0.09996427876320267,0.0974804058316025,0.11546635627746582,0.006059339623254675,0.0060590369255209,0.06350541114807129,1.1297294740494281e-19
0.09239244482669123,0.08764278081409814,0.09996428435368838,0.09748092593485069,0.11509180068969727,0.006059036932965749,0.0060587342503026775,0.06370186805725098,1.1297495550407918e-19
0.09239169283964864,0.08764265982206675,0.0999642899439767,0.09748144599836704,0.11485600471496582,0.006058734257829237,0.006058431590894031,0.06343698501586914,1.1297696335683303e-19
0.09239094086106812,0.08764253883595317,0.0999642955340676,0.0974819660221558,0.11395645141601562,0.0060584315978420115,0.006058128945518604,0.06291985511779785,1.1297897143898973e-19
0.09239018889095142,0.08764241785575702,0.0999643011239611,0.0974824860062213,0.11393356323242188,0.0060581289530077425,0.006057826316308024,0.06301188468933105,1.1298097878405954e-19
0.09238943692930031,0.08764229688147782,0.09996430671365719,0.09748300595056789,0.11407995223999023,0.006057826323321583,0.00605752370166357,0.06370973587036133,1.129829858007402e-19
0.09238868497611667,0.08764217591311513,0.09996431230315588,0.09748352585519986,0.11363792419433594,0.006057523708784483,0.006057221102651056,0.0634925365447998,1.1298499404940148e-19
0.09238793303140223,0.0876420549506685,0.09996431789245716,0.09748404572012154,0.11517071723937988,0.006057221109394576,0.006056918518204668,0.06316828727722168,1.1298700140101305e-19
0.09238718109515882,0.0876419339941375,0.09996432348156105,0.09748456554533722,0.11590266227722168,0.006056918525152272,0.006056615949212585,0.06292438507080078,1.1298900882583734e-19
0.09238642916738825,0.08764181304352167,0.09996432907046754,0.0974850853308512,0.11430835723876953,0.006056615956057045,0.006056313395141899,0.06252861022949219,1.1299101601422322e-19
0.09238567724809228,0.08764169209882058,0.09996433465917662,0.09748560507666781,0.1161031723022461,0.00605631340210844,0.006056010856347882,0.062464237213134766,1.1299302312028872e-19
0.09238492533727269,0.0876415711600338,0.09996434024768829,0.09748612478279131,0.11542630195617676,0.00605601086330446,0.006055708332652898,0.06346821784973145,1.129950305933899e-19
0.09238417343493134,0.08764145022716084,0.09996434583600257,0.09748664444922607,0.11653876304626465,0.0060557083396449805,0.0060554058240569475,0.0634756088256836,1.129970373507324e-19
0.09238342154107004,0.08764132930020128,0.09996435142411944,0.09748716407597639,0.11425590515136719,0.0060554058311285104,0.006055103330737666,0.06236624717712402,1.129990442920752e-19
0.09238266965569056,0.08764120837915469,0.09996435701203892,0.09748768366304661,0.11505651473999023,0.00605510333775535,0.006054800852339781,0.0628211498260498,1.1300105169429828e-19
0.09238191777879468,0.08764108746402062,0.099964362599761,0.09748820321044101,0.11461043357849121,0.006054800859524459,0.00605449838904093,0.06297421455383301,1.1300305837507824e-19
0.09238116591038416,0.08764096655479861,0.0999643681872857,0.09748872271816393,0.11515116691589355,0.006054498396434306,0.006054195941196383,0.0630342960357666,1.1300506534851067e-19
0.09238041405046078,0.08764084565148822,0.099964373774613,0.09748924218621961,0.1143345832824707,0.006054195948485546,0.006053893508095598,0.06302976608276367,1.1300707141463972e-19
0.0923796621990265,0.08764072475408902,0.09996437936174289,0.09748976161461236,0.11432933807373047,0.0060538935156770335,0.0060535910909820245,0.06335663795471191,1.1300907844920314e-19
0.09237891035608303,0.08764060386260056,0.0999643849486754,0.09749028100334647,0.11465191841125488,0.006053591098005968,0.0060532886882569414,0.06343603134155273,1.1301108479379013e-19
0.09237815852163211,0.0876404829770224,0.09996439053541051,0.09749080035242631,0.11474442481994629,0.006053288695473644,0.006052986300453256,0.06392788887023926,1.130130915870406e-19
0.09237740669567561,0.0876403620973541,0.09996439612194821,0.09749131966185616,0.11495661735534668,0.006052986308079414,0.006052683928636782,0.06325244903564453,1.1301509780089251e-19
0.09237665487821534,0.0876402412235952,0.09996440170828853,0.0974918389316403,0.1147153377532959,0.006052683935820947,0.006052381571741705,0.06379103660583496,1.1301710438373602e-19
0.09237590306925297,0.08764012035574528,0.09996440729443146,0.09749235816178302,0.11632418632507324,0.0060523815786983,0.006052079229235119,0.0642554759979248,1.1301911067974284e-19
0.09237515126879037,0.08763999949380391,0.099964412880377,0.09749287735228865,0.11406755447387695,0.006052079236713033,0.006051776903071016,0.06279826164245605,1.130211166564026e-19
0.09237439947682934,0.0876398786377706,0.09996441846612514,0.09749339650316145,0.11556720733642578,0.006051776909859661,0.006051474591117767,0.06438302993774414,1.1302312293358292e-19
0.09237364769337163,0.08763975778764495,0.09996442405167588,0.09749391561440572,0.11529231071472168,0.006051474598140832,0.006051172294618823,0.0630185604095459,1.1302512893912195e-19
0.09237289591841905,0.0876396369434265,0.09996442963702924,0.0974944346860258,0.11573195457458496,0.006051172301554074,0.006050870012863641,0.06365084648132324,1.1302713521373053e-19
0.0923721441519734,0.0876395161051148,0.09996443522218522,0.09749495371802593,0.11491847038269043,0.006050870020101668,0.006050567746385127,0.0631418228149414,1.1302914065392354e-19
0.0923713923940365,0.08763939527270942,0.0999644408071438,0.09749547271041048,0.11538195610046387,0.006050567753779537,0.006050265495183282,0.06261920928955078,1.130311464790987e-19
0.09237064064461012,0.0876392744462099,0.09996444639190499,0.0974959916631837,0.11495780944824219,0.006050265502588837,0.0060499632592581065,0.06272411346435547,1.1303315213463044e-19
0.0923698889036961,0.08763915362561582,0.09996445197646879,0.09749651057634988,0.11500787734985352,0.006049963266528188,0.006049661038787235,0.0629875659942627,1.1303515778552678e-19
0.09236913717129618,0.08763903281092673,0.0999644575608352,0.09749702944991329,0.11440706253051758,0.0060496610455958,0.006049358832171947,0.0634756088256836,1.130371634094491e-19
0.09236838544741226,0.08763891200214219,0.09996446314500423,0.09749754828387824,0.11393594741821289,0.006049358839792675,0.006049056642076778,0.06349039077758789,1.130391687201852e-19
0.09236763373204616,0.08763879119926175,0.09996446872897588,0.09749806707824904,0.11382102966308594,0.006049056649116233,0.006048754466370099,0.06366419792175293,1.13041174067178e-19
0.09236688202519959,0.08763867040228497,0.09996447431275016,0.09749858583302995,0.11329174041748047,0.00604875447356653,0.006048452305762453,0.06318521499633789,1.1304317954597094e-19
0.09236613032687441,0.08763854961121142,0.09996447989632705,0.09749910454822532,0.11424946784973145,0.006048452313143727,0.006048150160786747,0.06410694122314453,1.1304518459619438e-19
0.09236537863707237,0.08763842882604066,0.09996448547970654,0.09749962322383943,0.11359786987304688,0.00604815016784542,0.006047848030554803,0.06383872032165527,1.1304719024395422e-19
0.0923646269557953,0.08763830804677224,0.09996449106288867,0.09750014185987657,0.11503887176513672,0.00604784803767183,0.0060475459154218925,0.06379151344299316,1.1304919535651134e-19
0.09236387528304489,0.0876381872734057,0.0999644966458734,0.09750066045634105,0.11550140380859375,0.006047545922622229,0.006047243815388015,0.06370401382446289,1.1305120044876233e-19
0.09236312361882293,0.08763806650594061,0.09996450222866075,0.09750117901323714,0.1138908863067627,0.006047243822695545,0.006046941730630806,0.06358122825622559,1.130532049647071e-19
0.09236237196313131,0.08763794574437653,0.09996450781125073,0.09750169753056911,0.11536717414855957,0.00604694173789195,0.006046639661327902,0.06412005424499512,1.1305521004911536e-19
0.09236162031597181,0.08763782498871302,0.09996451339364333,0.09750221600834126,0.11385869979858398,0.0060466396682093485,0.006046337606591123,0.0637812614440918,1.1305721519884731e-19
0.09236086867734623,0.08763770423894962,0.09996451897583855,0.09750273444655788,0.11579370498657227,0.006046337613648049,0.006046035566598107,0.06363868713378906,1.130592198270158e-19
0.09236011704725634,0.08763758349508592,0.09996452455783639,0.09750325284522324,0.11562252044677734,0.006046035574207305,0.006045733542592302,0.06371903419494629,1.1306122482466978e-19
0.09235936542570396,0.08763746275712146,0.09996453013963685,0.09750377120434163,0.11478662490844727,0.006045733549884264,0.00604543153368553,0.06383776664733887,1.1306322921013125e-19
0.09235861381269084,0.08763734202505581,0.09996453572123994,0.09750428952391732,0.11473894119262695,0.006045431540679845,0.00604512953952252,0.06363511085510254,1.1306523379254045e-19
0.09235786220821886,0.0876372212988885,0.09996454130264565,0.0975048078039546,0.11522626876831055,0.006045129546594015,0.006044827559748001,0.0635061264038086,1.130672377964984e-19
0.09235711061228974,0.0876371005786191,0.09996454688385398,0.09750532604445777,0.11474847793579102,0.006044827567626126,0.006044525596848871,0.06352019309997559,1.130692420362989e-19
0.09235635902490534,0.08763697986424719,0.09996455246486494,0.09750584424543114,0.11461472511291504,0.0060445256037727916,0.006044223647805325,0.06354451179504395,1.1307124707604283e-19
0.0923556074460673,0.08763685915577231,0.09996455804567853,0.09750636240687897,0.11500263214111328,0.006044223655036138,0.0060439217143937185,0.06370210647583008,1.1307325089581344e-19
0.0923548558757776,0.08763673845319402,0.09996456362629473,0.09750688052880552,0.11473417282104492,0.006043921721413025,0.00604361979590351,0.06354117393493652,1.130752554037241e-19
0.09235410431403791,0.08763661775651187,0.09996456920671357,0.09750739861121507,0.11502552032470703,0.0060436198029040124,0.006043317892512334,0.06308555603027344,1.1307725914972229e-19
0.09235335276085,0.08763649706572543,0.09996457478693503,0.09750791665411197,0.11627697944641113,0.006043317899507653,0.006043016004042556,0.06473469734191895,1.1307926339722477e-19
0.09235260121621569,0.08763637638083427,0.09996458036695913,0.09750843465750048,0.11697196960449219,0.006043016011224949,0.006042714130494176,0.06468653678894043,1.1308126715320704e-19
0.09235184968013678,0.08763625570183795,0.09996458594678585,0.09750895262138488,0.1150367259979248,0.006042714138055068,0.0060424122729330065,0.06359219551086426,1.130832713100101e-19
0.0923510981526152,0.08763613502873602,0.09996459152641521,0.09750947054576944,0.11599874496459961,0.006042412279994599,0.006042110429582692,0.06411623954772949,1.1308527496133533e-19
0.09235034663365263,0.08763601436152803,0.09996459710584718,0.09750998843065845,0.11577057838439941,0.00604211043704542,0.006041808601864318,0.06287193298339844,1.1308727842344175e-19
0.09234959512325086,0.08763589370021355,0.09996460268508178,0.09751050627605616,0.11632752418518066,0.006041808609205221,0.006041506789422613,0.06337189674377441,1.130892822658567e-19
0.09234884362141177,0.08763577304479213,0.09996460826411901,0.09751102408196687,0.11743640899658203,0.00604150679647307,0.006041204991902305,0.06335163116455078,1.130912860855481e-19
0.09234809212813706,0.08763565239526334,0.09996461384295889,0.09751154184839482,0.11571836471557617,0.006041204998848931,0.006040903209658666,0.0631253719329834,1.1309328908833138e-19
0.09234734064342867,0.08763553175162674,0.0999646194216014,0.09751205957534431,0.1159982681274414,0.006040903216331059,0.006040601441803517,0.06296253204345703,1.1309529232236323e-19
0.09234658916728822,0.08763541111388187,0.09996462500004653,0.09751257726281963,0.11793828010559082,0.006040601448919746,0.006040299689225037,0.0635383129119873,1.1309729613164828e-19
0.09234583769971756,0.08763529048202831,0.0999646305782943,0.09751309491082508,0.11626672744750977,0.006040299696614911,0.0060399979522784975,0.06306004524230957,1.1309929892575785e-19
0.09234508624071851,0.0876351698560656,0.09996463615634471,0.09751361251936494,0.11737561225891113,0.0060399979594146945,0.006039696229898084,0.06314802169799805,1.1310130247511504e-19
0.09234433479029279,0.08763504923599331,0.09996464173419775,0.09751413008844348,0.11754155158996582,0.006039696237318789,0.0060393945231496104,0.06365776062011719,1.131033056476397e-19
0.09234358334844225,0.08763492862181099,0.09996464731185342,0.09751464761806494,0.11678791046142578,0.006039394530326364,0.006039092831144899,0.06345081329345703,1.1310530802952947e-19
0.09234283191516862,0.08763480801351821,0.09996465288931174,0.09751516510823355,0.11699843406677246,0.006039092838435998,0.006038791154594492,0.06402850151062012,1.1310731123243078e-19
0.09234208049047382,0.08763468741111453,0.0999646584665727,0.09751568255895365,0.11740279197692871,0.006038791161647611,0.006038489492787846,0.06363201141357422,1.1310931446164478e-19
0.09234132907435953,0.08763456681459952,0.09996466404363628,0.09751619997022946,0.11754751205444336,0.006038489499960457,0.006038187846613141,0.0634469985961914,1.1311131712414019e-19
0.09234057766682752,0.08763444622397273,0.0999646696205025,0.0975167173420653,0.11825180053710938,0.006038187853373318,0.006037886215004562,0.06332564353942871,1.1311331954745722e-19
0.09233982626787968,0.08763432563923372,0.09996467519717137,0.09751723467446537,0.11726665496826172,0.006037886221885236,0.006037584598139745,0.0635063648223877,1.1311532240679322e-19
0.09233907487751777,0.08763420506038205,0.09996468077364286,0.09751775196743402,0.1181342601776123,0.006037584605497501,0.006037282997084503,0.06391358375549316,1.1311732527502768e-19
0.09233832349574359,0.08763408448741729,0.099964686349917,0.09751826922097548,0.11722636222839355,0.006037283004206271,0.006036981410950659,0.06432223320007324,1.1311932777590965e-19
0.09233757212255893,0.08763396392033898,0.09996469192599376,0.09751878643509403,0.11903047561645508,0.006036981418011721,0.006036679839560577,0.0644371509552002,1.131213296994598e-19
0.09233682075796552,0.08763384335914669,0.09996469750187319,0.09751930360979388,0.1176450252532959,0.006036679846913944,0.006036378283980071,0.06413960456848145,1.1312333203308982e-19
0.09233606940196525,0.08763372280383998,0.09996470307755526,0.09751982074507934,0.11611509323120117,0.006036378290912693,0.006036076743320962,0.06356954574584961,1.1312533459123225e-19
0.09233531805455981,0.08763360225441841,0.09996470865303997,0.09752033784095472,0.1154484748840332,0.006036076750004929,0.006035775217227979,0.0633854866027832,1.1312733676148968e-19
0.09233456671575113,0.08763348171088153,0.09996471422832731,0.09752085489742422,0.11662101745605469,0.0060357752241925544,0.006035473705878758,0.06398606300354004,1.1312933936749405e-19
0.09233381538554089,0.08763336117322892,0.09996471980341731,0.09752137191449216,0.11584115028381348,0.0060354737134752125,0.0060351722103391126,0.06386590003967285,1.1313134078871415e-19
0.09233306406393095,0.08763324064146014,0.09996472537830996,0.09752188889216278,0.11638569831848145,0.00603517221785041,0.0060348707298985005,0.0644521713256836,1.1313334288078672e-19
0.0923323127509231,0.08763312011557473,0.09996473095300525,0.09752240583044032,0.11640739440917969,0.006034870737317076,0.006034569265267464,0.06438755989074707,1.1313534505990193e-19
0.09233156144651901,0.08763299959557228,0.09996473652750316,0.09752292272932905,0.11552095413208008,0.0060345692718743555,0.00603426781413674,0.06472468376159668,1.131373463742292e-19
0.0923308101507205,0.08763287908145233,0.09996474210180374,0.09752343958883325,0.11628484725952148,0.006034267821523345,0.006033966378993227,0.06343388557434082,1.1313934863134877e-19
0.09233005886352942,0.08763275857321443,0.09996474767590696,0.09752395640895715,0.11573362350463867,0.00603396638626117,0.006033664958771112,0.0642237663269043,1.1314135035364998e-19
0.09232930758494752,0.08763263807085815,0.09996475324981284,0.09752447318970506,0.1168217658996582,0.006033664966087716,0.006033363554180937,0.0642857551574707,1.1314335178937694e-19
0.09232855631497658,0.08763251757438305,0.09996475882352136,0.09752498993108116,0.11531257629394531,0.0060333635610026175,0.006033062163623981,0.06374073028564453,1.1314535348649927e-19
0.09232780505361846,0.08763239708378869,0.09996476439703253,0.09752550663308975,0.11657309532165527,0.0060330621710061195,0.006032760789054237,0.06461071968078613,1.1314735447357648e-19
0.09232705380087493,0.08763227659907462,0.09996476997034635,0.09752602329573508,0.11574745178222656,0.006032760796095356,0.00603245942940589,0.06361103057861328,1.1314935612917335e-19
0.09232630255674781,0.08763215612024042,0.09996477554346282,0.09752653991902142,0.11649560928344727,0.006032459436269375,0.006032158084856576,0.06398153305053711,1.1315135709863228e-19
0.09232555132123882,0.08763203564728564,0.09996478111638193,0.09752705650295306,0.11516880989074707,0.006032158091528635,0.0060318567552286595,0.06328749656677246,1.1315335862703017e-19
0.09232480009434972,0.08763191518020984,0.0999647866891037,0.09752757304753422,0.11525392532348633,0.0060318567618728,0.006031555440344505,0.06285405158996582,1.131553600081738e-19
0.0923240488760824,0.08763179471901257,0.09996479226162812,0.09752808955276918,0.11518478393554688,0.006031555447300484,0.006031254140559383,0.06316328048706055,1.1315736122783358e-19
0.09232329766643861,0.08763167426369342,0.0999647978339552,0.0975286060186622,0.11473393440246582,0.006031254147812882,0.006030952856050931,0.06273818016052246,1.131593620697871e-19
0.09232254646542018,0.08763155381425193,0.09996480340608495,0.09752912244521753,0.11440587043762207,0.0060309528634059405,0.006030651586819147,0.06293201446533203,1.1316136270139842e-19
0.09232179527302892,0.08763143337068767,0.09996480897801734,0.09752963883243948,0.11474609375,0.006030651594080806,0.006030350332331125,0.06286764144897461,1.1316336369702504e-19
0.09232104408926659,0.08763131293300021,0.09996481454975238,0.09753015518033226,0.11435079574584961,0.006030350339836754,0.0060300490936526785,0.06345701217651367,1.1316536463304467e-19
0.09232029291413499,0.0876311925011891,0.09996482012129008,0.09753067148890009,0.11401200294494629,0.006030049100672021,0.006029747869540358,0.06289029121398926,1.1316736524805834e-19
0.09231954174763597,0.0876310720752539,0.09996482569263045,0.09753118775814727,0.11443138122558594,0.006029747876586563,0.006029446660527071,0.06375813484191895,1.1316936590624987e-19
0.09231879058977129,0.08763095165519419,0.09996483126377347,0.097531703988078,0.11318755149841309,0.006029446667578591,0.006029145466435182,0.0629279613494873,1.1317136657933563e-19
0.09231803944054272,0.08763083124100951,0.09996483683471914,0.09753222017869659,0.11446070671081543,0.006029145473649019,0.00602884428726469,0.06333756446838379,1.1317336701185068e-19
0.09231728829995209,0.08763071083269942,0.09996484240546746,0.09753273633000725,0.11471962928771973,0.006028844294797771,0.006028543124081409,0.06334948539733887,1.131753674819641e-19
0.0923165371680012,0.0876305904302635,0.09996484797601846,0.09753325244201426,0.11325645446777344,0.006028543131020071,0.006028241975286619,0.06287884712219238,1.131773671710224e-19
0.0923157860446918,0.0876304700337013,0.09996485354637209,0.09753376851472184,0.11401700973510742,0.006028241982317499,0.006027940841590862,0.06336212158203125,1.131793675938186e-19
0.0923150349300257,0.08763034964301236,0.0999648591165284,0.09753428454813429,0.11317658424377441,0.006027940848690641,0.006027639722461231,0.06348800659179688,1.1318136784731066e-19
0.0923142838240047,0.08763022925819627,0.09996486468648738,0.09753480054225583,0.11402440071105957,0.006027639730138473,0.006027338619496447,0.06331562995910645,1.1318336764469973e-19
0.09231353272663055,0.08763010887925259,0.099964870256249,0.09753531649709071,0.1139073371887207,0.006027338626658814,0.006027037530742518,0.06347060203552246,1.131853682814265e-19
0.092312781637905,0.08762998850618087,0.0999648758258133,0.09753583241264317,0.11259579658508301,0.006027037538251589,0.0060267364576205296,0.06301569938659668,1.1318736803504213e-19
0.09231203055782986,0.08762986813898067,0.09996488139518026,0.09753634828891754,0.11319971084594727,0.0060267364649160176,0.006026435399597574,0.06299734115600586,1.1318936799843448e-19
0.09231127948640695,0.08762974777765158,0.09996488696434988,0.09753686412591801,0.11374306678771973,0.006026435406650037,0.006026134355963109,0.06273150444030762,1.131913676725001e-19
0.0923105284236381,0.08762962742219312,0.09996489253332218,0.09753737992364879,0.11411070823669434,0.0060261343634552544,0.006025833328493491,0.06279754638671875,1.1319336703738481e-19
0.09230977736952514,0.08762950707260489,0.09996489810209713,0.09753789568211414,0.11379575729370117,0.00602583333532879,0.006025532315767634,0.06262850761413574,1.1319536681238218e-19
0.09230902632406991,0.08762938672888643,0.09996490367067475,0.0975384114013183,0.11405539512634277,0.006025532322269704,0.006025231317252633,0.06276869773864746,1.1319736661706095e-19
0.09230827528727412,0.0876292663910373,0.09996490923905504,0.09753892708126552,0.11262893676757812,0.006025231324279846,0.0060249303343695715,0.06204843521118164,1.1319936623677346e-19
0.0923075242591396,0.08762914605905706,0.099964914807238,0.09753944272196002,0.11383771896362305,0.0060249303413561555,0.006024629366585543,0.06258225440979004,1.1320136542149403e-19
0.0923067732396681,0.08762902573294527,0.09996492037522363,0.09753995832340605,0.11571645736694336,0.00602462937349816,0.0060243284137229125,0.06229066848754883,1.1320336484594846e-19
0.09230602222886146,0.08762890541270152,0.09996492594301193,0.09754047388560788,0.11613798141479492,0.00602432842070646,0.006024027475959315,0.06283092498779297,1.1320536395808056e-19
0.09230527122672134,0.08762878509832535,0.0999649315106029,0.09754098940856977,0.11629557609558105,0.006024027482979646,0.00602372655329475,0.06295633316040039,1.13207363249809e-19
0.09230452023324962,0.08762866478981632,0.09996493707799653,0.09754150489229592,0.11609935760498047,0.006023726560316332,0.006023425645196312,0.0632174015045166,1.1320936284046341e-19
0.09230376924844813,0.087628544487174,0.09996494264519283,0.0975420203367906,0.1161351203918457,0.006023425652717382,0.006023124753262721,0.06348323822021484,1.1321136159555405e-19
0.09230301827231852,0.08762842419039794,0.0999649482121918,0.09754253574205805,0.11475801467895508,0.006023124760179328,0.006022823875539984,0.06293582916259766,1.13213360579288e-19
0.09230226730486267,0.08762830389948773,0.09996495377899345,0.09754305110810249,0.11555695533752441,0.006022823882703517,0.006022523013271552,0.06303262710571289,1.1321536000528974e-19
0.09230151634608237,0.08762818361444291,0.09996495934559775,0.09754356643492818,0.11592578887939453,0.006022523020289121,0.0060222221661021536,0.06399130821228027,1.1321735840904006e-19
0.09230076539597946,0.08762806333526303,0.09996496491200474,0.09754408172253934,0.11473464965820312,0.006022222172934048,0.006021921333498881,0.06383967399597168,1.132193569332133e-19
0.09230001445455573,0.08762794306194768,0.0999649704782144,0.0975445969709402,0.11669754981994629,0.006021921340639201,0.006021620516172277,0.06378030776977539,1.1322135548163764e-19
0.09229926352181293,0.08762782279449642,0.09996497604422673,0.09754511218013504,0.11696887016296387,0.006021620523403548,0.006021319714122342,0.06389951705932617,1.1322335416388718e-19
0.09229851259775282,0.08762770253290877,0.09996498161004175,0.09754562735012803,0.11601758003234863,0.006021319721224983,0.006021018927526711,0.06363034248352051,1.1322535281762906e-19
0.09229776168237724,0.08762758227718435,0.09996498717565942,0.09754614248092344,0.11764216423034668,0.006021018934102698,0.006020718154786664,0.0638265609741211,1.132273515018279e-19
0.092297010775688,0.0876274620273227,0.09996499274107978,0.09754665757252551,0.11663579940795898,0.006020718162038652,0.0060204173978561926,0.0646977424621582,1.1322934972464652e-19
0.09229625987768682,0.08762734178332339,0.09996499830630282,0.09754717262493844,0.11685729026794434,0.006020417405030102,0.00602011665620239,0.06449675559997559,1.132313478271454e-19
0.09229550898837552,0.08762722154518598,0.09996500387132852,0.09754768763816647,0.11453747749328613,0.006020116663076594,0.0060198159291147135,0.06287574768066406,1.1323334598437588e-19
0.0922947581077558,0.08762710131291004,0.09996500943615692,0.09754820261221389,0.11483073234558105,0.006019815936176681,0.006019515217658977,0.06317901611328125,1.1323534441900904e-19
0.09229400723582955,0.08762698108649512,0.099965015000788,0.09754871754708488,0.11653852462768555,0.006019515224328973,0.006019214520414096,0.0628061294555664,1.1323734241051572e-19
0.0922932563725986,0.08762686086594079,0.09996502056522175,0.09754923244278373,0.11709976196289062,0.006019214527535061,0.006018913838801154,0.06268811225891113,1.1323934042351094e-19
0.09229250551806471,0.0876267406512466,0.09996502612945819,0.09754974729931461,0.1170654296875,0.006018913845792162,0.00601861317210961,0.06324076652526855,1.1324133801183639e-19
0.0922917546722297,0.08762662044241214,0.09996503169349731,0.09755026211668179,0.11546778678894043,0.006018613179100217,0.006018312520339464,0.06277346611022949,1.1324333627250492e-19
0.09229100383509543,0.08762650023943694,0.0999650372573391,0.09755077689488947,0.11596035957336426,0.006018312527459484,0.006018011884023622,0.06293392181396484,1.1324533416641001e-19
0.09229025300666367,0.0876263800423206,0.09996504282098358,0.09755129163394191,0.11659836769104004,0.006018011890867846,0.006017711262629177,0.0630185604095459,1.1324733132007306e-19
0.0922895021869361,0.08762625985106265,0.09996504838443072,0.0975518063338433,0.11534738540649414,0.00601771126932551,0.0060174106559784946,0.06295561790466309,1.1324932909625167e-19
0.09228875137591448,0.08762613966566267,0.09996505394768056,0.09755232099459787,0.11622333526611328,0.006017410662831092,0.006017110064249209,0.06364178657531738,1.132513266450783e-19
0.09228800057360058,0.08762601948612021,0.09996505951073308,0.09755283561620985,0.11632061004638672,0.006017110071383871,0.006016809488151864,0.06343507766723633,1.1325332447939225e-19
0.09228724977999622,0.08762589931243485,0.09996506507358828,0.09755335019868347,0.1166696548461914,0.0060168094949830005,0.006016508926443009,0.0629878044128418,1.1325532157553662e-19
0.09228649899510337,0.08762577914460615,0.09996507063624618,0.09755386474202296,0.11640667915344238,0.0060165089336298395,0.0060162083800108235,0.06346726417541504,1.132573189414919e-19
0.09228574821892378,0.08762565898263366,0.09996507619870677,0.09755437924623254,0.11421585083007812,0.006016208387321895,0.006015907848855306,0.06306695938110352,1.1325931639207591e-19
0.09228499745145916,0.08762553882651697,0.09996508176097003,0.09755489371131644,0.1155548095703125,0.006015907856056782,0.006015607333154094,0.06378912925720215,1.1326131320275845e-19
0.09228424669271135,0.08762541867625563,0.099965087323036,0.09755540813727888,0.11412310600280762,0.006015607339834638,0.0060153068314861,0.06378936767578125,1.1326331107364524e-19
0.09228349594268208,0.0876252985318492,0.09996509288490464,0.09755592252412408,0.11576485633850098,0.00601530683865587,0.006015006345272411,0.0635530948638916,1.1326530726366656e-19
0.09228274520137317,0.08762517839329723,0.09996509844657597,0.09755643687185636,0.11408472061157227,0.006015006352518978,0.006014705873802484,0.06260204315185547,1.132673046444681e-19
0.09228199446878645,0.0876250582605993,0.09996510400805,0.09755695118047986,0.11348652839660645,0.006014705881425231,0.006014405418319768,0.06284666061401367,1.1326930177925067e-19
0.09228124374492366,0.08762493813375496,0.09996510956932671,0.0975574654499988,0.11420440673828125,0.00601440542537079,0.0060141049768702715,0.0630805492401123,1.1327129852074988e-19
0.09228049302978648,0.08762481801276381,0.09996511513040611,0.09755797968041742,0.11380505561828613,0.006014104984356676,0.006013804551230351,0.06283831596374512,1.1327329528418237e-19
0.09227974232337684,0.08762469789762539,0.0999651206912882,0.09755849387173994,0.11300301551818848,0.006013804558380742,0.006013504140156556,0.06286096572875977,1.132752917043966e-19
0.09227899162569644,0.08762457778833926,0.09996512625197299,0.09755900802397058,0.11335515975952148,0.006013504147444577,0.00601320374435943,0.0634007453918457,1.1327728833842264e-19
0.09227824093674715,0.087624457684905,0.09996513181246047,0.09755952213711355,0.11367225646972656,0.006013203751544393,0.006012903363306066,0.06296873092651367,1.1327928475448617e-19
0.09227749025653083,0.08762433758732216,0.09996513737275065,0.09756003621117308,0.11346745491027832,0.006012903370682149,0.006012602998239913,0.06302762031555176,1.13281281348297e-19
0.09227673958504919,0.08762421749559031,0.09996514293284352,0.09756055024615339,0.11363959312438965,0.006012603004853042,0.00601230264720698,0.0629119873046875,1.1328327813239056e-19
0.09227598892230397,0.08762409740970901,0.09996514849273909,0.09756106424205865,0.11372995376586914,0.006012302654060319,0.0060120023116283505,0.06363034248352051,1.1328527385230317e-19
0.09227523826829696,0.08762397732967785,0.09996515405243735,0.09756157819889312,0.11403250694274902,0.006012002318302261,0.006011701990793483,0.06269717216491699,1.1328726976451776e-19
0.09227448762302995,0.08762385725549635,0.0999651596119383,0.09756209211666099,0.11376333236694336,0.006011701997578115,0.006011401684702378,0.06311845779418945,1.1328926648171553e-19
0.09227373698650479,0.08762373718716408,0.09996516517124195,0.0975626059953665,0.11402320861816406,0.0060114016918874896,0.006011101394243212,0.06280064582824707,1.132912626477225e-19
0.09227298635872326,0.08762361712468063,0.09996517073034829,0.09756311983501385,0.11375141143798828,0.00601110140122827,0.006010801118350173,0.06218290328979492,1.1329325866819519e-19
0.09227223573968717,0.08762349706804555,0.09996517628925733,0.09756363363560724,0.11429309844970703,0.006010801125601336,0.006010500857556167,0.06290602684020996,1.1329525436469621e-19
0.09227148512939827,0.0876233770172584,0.09996518184796907,0.0975641473971509,0.11356043815612793,0.006010500865006339,0.006010200612571737,0.06199002265930176,1.1329725015929968e-19
0.09227073452785836,0.08762325697231875,0.09996518740648351,0.09756466111964904,0.11464452743530273,0.006010200619439091,0.006009900381265254,0.0626378059387207,1.132992461783328e-19
0.09226998393506924,0.08762313693322618,0.09996519296480065,0.09756517480310592,0.1142120361328125,0.006009900388903242,0.006009600166123619,0.06230759620666504,1.1330124195463787e-19
0.0922692333510328,0.08762301689998026,0.09996519852292049,0.0975656884475257,0.1123967170715332,0.006009600173395736,0.006009299965548109,0.061974525451660156,1.1330323743021817e-19
0.09226848277575081,0.08762289687258054,0.09996520408084304,0.09756620205291261,0.11455726623535156,0.00600929997291538,0.006008999780249269,0.06301379203796387,1.1330523292157357e-19
0.09226773220922498,0.08762277685102658,0.09996520963856828,0.09756671561927091,0.11496496200561523,0.006008999787462461,0.006008699609871826,0.06264042854309082,1.1330722852643158e-19
0.0922669816514571,0.08762265683531795,0.09996521519609622,0.09756722914660476,0.11600565910339355,0.006008699617035588,0.006008399454238145,0.06240105628967285,1.1330922391181384e-19
0.09226623110244901,0.0876225368254542,0.09996522075342687,0.09756774263491834,0.11658763885498047,0.00600839946163437,0.006008099314414039,0.0630028247833252,1.133112192211098e-19
0.09226548056220246,0.08762241682143493,0.09996522631056022,0.09756825608421589,0.11659431457519531,0.006008099321255952,0.006007799188623153,0.06329989433288574,1.1331321404371841e-19
0.09226473003071926,0.08762229682325967,0.09996523186749627,0.09756876949450162,0.11626291275024414,0.006007799195902989,0.006007499078464207,0.06279468536376953,1.1331520966534672e-19
0.09226397950800123,0.087622176830928,0.09996523742423503,0.09756928286577972,0.11573052406311035,0.006007499085573002,0.006007198983404294,0.0630807876586914,1.1331720499050744e-19
0.09226322899405014,0.08762205684443948,0.0999652429807765,0.09756979619805438,0.11559534072875977,0.0060071989902646065,0.006006898902732871,0.0625312328338623,1.1331919943252203e-19
0.09226247848886768,0.08762193686379369,0.09996524853712067,0.09757030949132978,0.11707758903503418,0.006006898909978396,0.0060065988378710244,0.06303644180297852,1.1332119436689093e-19
0.09226172799245579,0.08762181688899016,0.09996525409326755,0.0975708227456102,0.11684417724609375,0.006006598844712261,0.006006298787220032,0.06402087211608887,1.1332318941571705e-19
0.09226097750481622,0.08762169692002848,0.09996525964921713,0.09757133596089979,0.11766219139099121,0.006006298794468106,0.006005998752378616,0.06384706497192383,1.133251837534003e-19
0.09226022702595066,0.08762157695690823,0.09996526520496941,0.09757184913720274,0.11728835105895996,0.006005998759241837,0.006005698731570419,0.06349539756774902,1.1332717876086424e-19
0.09225947655586095,0.08762145699962894,0.09996527076052442,0.0975723622745233,0.11726498603820801,0.006005698739035405,0.006005398726927069,0.06375956535339355,1.1332917276722274e-19
0.09225872609454884,0.0876213370481902,0.09996527631588213,0.09757287537286567,0.11827445030212402,0.006005398733845718,0.006005098737027481,0.06301140785217285,1.1333116783162095e-19
0.0922579756420162,0.08762121710259155,0.09996528187104255,0.09757338843223409,0.11889839172363281,0.006005098743673288,0.006004798761161112,0.06461668014526367,1.1333316210726838e-19
0.09225722519826479,0.08762109716283258,0.09996528742600568,0.09757390145263271,0.11720108985900879,0.006004798768516874,0.00600449880145959,0.06456637382507324,1.1333515684351384e-19
0.09225647476329642,0.08762097722891285,0.0999652929807715,0.09757441443406578,0.11471104621887207,0.0060044988083758615,0.006004198855968923,0.06315255165100098,1.133371513186235e-19
0.09225572433711275,0.08762085730083191,0.09996529853534006,0.0975749273765375,0.11597847938537598,0.0060041988632509626,0.006003898926110196,0.06366086006164551,1.133391454046625e-19
0.09225497391971567,0.08762073737858936,0.09996530408971133,0.09757544028005202,0.11857318878173828,0.0060038989331399365,0.0060035990111728665,0.06398844718933105,1.133411395692586e-19
0.0922542235111069,0.08762061746218476,0.09996530964388531,0.09757595314461356,0.11773991584777832,0.006003599018042122,0.006003299110801663,0.06402397155761719,1.1334313383738576e-19
0.09225347311128831,0.08762049755161766,0.099965315197862,0.09757646597022634,0.11765623092651367,0.006003299117957141,0.006002999225884764,0.06348729133605957,1.1334512782489945e-19
0.09225272272026165,0.08762037764688763,0.09996532075164143,0.09757697875689453,0.1178734302520752,0.006002999232883884,0.006002699355533991,0.06411027908325195,1.1334712211861387e-19
0.09225197233802875,0.08762025774799422,0.09996532630522356,0.09757749150462229,0.11648106575012207,0.006002699362821574,0.006002399500637523,0.06402587890625,1.1334911580114946e-19
0.09225122196459143,0.08762013785493701,0.09996533185860841,0.09757800421341384,0.11722683906555176,0.006002399507769753,0.0060020996610177235,0.06363797187805176,1.133511094318884e-19
0.09225047159995135,0.0876200179677156,0.09996533741179597,0.09757851688327336,0.11683392524719238,0.00600209966772568,0.006001799835786414,0.06348538398742676,1.1335310332159583e-19
0.09224972124411042,0.08761989808632951,0.09996534296478626,0.09757902951420505,0.11727094650268555,0.006001799842693004,0.006001500025476503,0.06408119201660156,1.1335509674654643e-19
0.09224897089707035,0.08761977821077832,0.09996534851757927,0.09757954210621314,0.11689305305480957,0.006001500032668296,0.006001200230798531,0.0645759105682373,1.1335709052679276e-19
0.092248220558833,0.0876196583410616,0.09996535407017498,0.09758005465930185,0.11796998977661133,0.006001200237650725,0.00600090045050905,0.06433963775634766,1.133590841819651e-19
0.09224747022940014,0.0876195384771789,0.09996535962257343,0.09758056717347535,0.1171267032623291,0.006000900457638945,0.006000600685496238,0.06385588645935059,1.1336107755131722e-19
0.0922467199087735,0.08761941861912981,0.0999653651747746,0.09758107964873784,0.11609292030334473,0.006000600692634177,0.006000300935404823,0.06409835815429688,1.1336307107320246e-19
0.0922459695969549,0.08761929876691386,0.09996537072677848,0.09758159208509354,0.11725330352783203,0.006000300942634371,0.006000001200590077,0.06359100341796875,1.1336506479403045e-19
0.09224521929394612,0.08761917892053067,0.09996537627858508,0.09758210448254663,0.11656856536865234,0.006000001207638374,0.005999701479986186,0.06439757347106934,1.1336705760761975e-19
0.09224446899974893,0.08761905907997977,0.0999653818301944,0.09758261684110128,0.11724662780761719,0.00599970148764784,0.005999401775369506,0.06466913223266602,1.1336905028464589e-19
0.09224371871436517,0.08761893924526075,0.09996538738160646,0.09758312916076169,0.11458897590637207,0.005999401782658551,0.005999102085674224,0.06308341026306152,1.1337104311445087e-19
0.09224296843779665,0.08761881941637317,0.09996539293282124,0.09758364144153203,0.11469769477844238,0.005999102092671535,0.00599880241125561,0.06350469589233398,1.1337303669980005e-19
0.09224221817004515,0.08761869959331658,0.09996539848383873,0.09758415368341654,0.11519002914428711,0.005998802417683979,0.005998502750514945,0.06303596496582031,1.13375029455803e-19
0.09224146791111244,0.08761857977609055,0.09996540403465895,0.09758466588641933,0.11496567726135254,0.005998502757699224,0.00599820310576149,0.06313180923461914,1.1337702268335824e-19
0.09224071766100034,0.08761845996469465,0.0999654095852819,0.0975851780505446,0.11496305465698242,0.005998203112713072,0.005997903475574162,0.06318283081054688,1.1337901545600133e-19
0.09223996741971058,0.08761834015912846,0.09996541513570757,0.09758569017579657,0.11468100547790527,0.005997903482727193,0.005997603861018774,0.06297492980957031,1.1338100772416787e-19
0.09223921718724486,0.08761822035939154,0.09996542068593597,0.0975862022621794,0.1142575740814209,0.005997603867738394,0.005997304260141334,0.06228780746459961,1.1338300064945786e-19
0.0922384669636051,0.08761810056548346,0.0999654262359671,0.09758671430969734,0.11581897735595703,0.005997304267748783,0.005997004675784012,0.06331300735473633,1.1338499295146225e-19
0.0922377167487931,0.08761798077740378,0.09996543178580096,0.09758722631835454,0.11347675323486328,0.005997004682754699,0.005996705105992817,0.06295156478881836,1.1338698561692247e-19
0.09223696654281056,0.08761786099515206,0.09996543733543754,0.09758773828815516,0.11469173431396484,0.005996705112756516,0.005996405550945383,0.06408286094665527,1.1338897789687646e-19
0.09223621634565933,0.0876177412187279,0.09996544288487687,0.0975882502191034,0.11354494094848633,0.005996405557753481,0.0059961060108193465,0.06324172019958496,1.1339097027393178e-19
0.09223546615734121,0.08761762144813082,0.0999654484341189,0.09758876211120349,0.11424756050109863,0.005996106017745832,0.005995806485792343,0.06378507614135742,1.133929628238059e-19
0.09223471597785789,0.08761750168336042,0.09996545398316369,0.09758927396445954,0.11388158798217773,0.005995806492731501,0.005995506975864373,0.06346917152404785,1.1339495468018915e-19
0.09223396580721123,0.08761738192441627,0.09996545953201119,0.09758978577887578,0.11349606513977051,0.005995506982710971,0.005995207480147258,0.06287312507629395,1.1339694668319144e-19
0.09223321564540303,0.08761726217129792,0.09996546508066143,0.09759029755445642,0.11403226852416992,0.005995207487682993,0.005994908000417354,0.06361079216003418,1.1339893894210841e-19
0.09223246549243505,0.08761714242400494,0.09996547062911439,0.09759080929120557,0.11271524429321289,0.00599490800764704,0.005994608535253576,0.06325531005859375,1.1340093059411527e-19
0.09223171534830912,0.08761702268253689,0.09996547617737009,0.09759132098912743,0.11432075500488281,0.0059946085426013755,0.0059943090857217385,0.06320929527282715,1.1340292297489486e-19
0.09223096521302707,0.08761690294689334,0.09996548172542853,0.09759183264822623,0.11340713500976562,0.005994309092544838,0.005994009650756027,0.062480926513671875,1.1340491457722927e-19
0.09223021508659053,0.08761678321707386,0.0999654872732897,0.09759234426850613,0.11159300804138184,0.005994009657477421,0.005993710230356442,0.06263136863708496,1.1340690599335992e-19
0.0922294649690013,0.08761666349307802,0.0999654928209536,0.09759285584997125,0.11349177360534668,0.005993710237398743,0.005993410825233525,0.06294918060302734,1.134088981140174e-19
0.09222871486026134,0.08761654377490538,0.09996549836842024,0.0975933673926258,0.1128075122833252,0.0059934108323079814,0.0059931114357425486,0.06269192695617676,1.1341088935553822e-19
0.0922279647603723,0.08761642406255553,0.0999655039156896,0.09759387889647393,0.11281514167785645,0.0059931114422033995,0.005992812060284791,0.06303906440734863,1.1341288130489578e-19
0.09222721466933602,0.08761630435602802,0.09996550946276171,0.0975943903615199,0.11327695846557617,0.005992812067084279,0.005992512699570796,0.06338739395141602,1.1341487250867347e-19
0.09222646458715435,0.08761618465532241,0.09996551500963656,0.09759490178776782,0.11343502998352051,0.005992512706952239,0.005992213354666376,0.06300663948059082,1.1341686373453236e-19
0.09222571451382904,0.08761606496043828,0.09996552055631415,0.0975954131752219,0.11331295967102051,0.005992213361805434,0.0059919140241504465,0.06255793571472168,1.134188551694088e-19
0.09222496444936183,0.0876159452713752,0.09996552610279448,0.09759592452388631,0.11493611335754395,0.005991914031642864,0.005991614709444093,0.06278347969055176,1.1342084642208077e-19
0.09222421439375454,0.08761582558813273,0.09996553164907755,0.09759643583376523,0.11367607116699219,0.005991614716462684,0.005991315408948594,0.06264281272888184,1.134228378055409e-19
0.09222346434700895,0.08761570591071044,0.09996553719516336,0.09759694710486283,0.11630940437316895,0.005991315416266499,0.0059910161239074,0.06245565414428711,1.13424828501313e-19
0.09222271430912683,0.08761558623910791,0.09996554274105192,0.09759745833718331,0.11526870727539062,0.005991016131051259,0.005990716853432332,0.06280922889709473,1.134268197768405e-19
0.0922219642801099,0.08761546657332468,0.09996554828674321,0.09759796953073083,0.11663103103637695,0.005990716860817855,0.005990417598056297,0.0634307861328125,1.1342881041311523e-19
0.09222121425996004,0.08761534691336036,0.09996555383223725,0.09759848068550957,0.11371254920959473,0.005990417605564253,0.005990118358312202,0.06261706352233887,1.1343080118828899e-19
0.09222046424867897,0.08761522725921449,0.09996555937753403,0.09759899180152368,0.11570000648498535,0.005990118365288581,0.005989819132778962,0.06448197364807129,1.1343279203018514e-19
0.09221971424626857,0.08761510761088663,0.09996556492263353,0.09759950287877732,0.11536812782287598,0.0059898191399928545,0.005989519922700026,0.06342601776123047,1.1343478268762598e-19
0.09221896425273055,0.08761498796837636,0.09996557046753579,0.09760001391727463,0.11613845825195312,0.005989519929674305,0.005989220727542488,0.06417512893676758,1.1343677377635662e-19
0.09221821426806677,0.08761486833168323,0.09996557601224079,0.09760052491701984,0.11508464813232422,0.005989220734333467,0.005988921546951076,0.06342816352844238,1.1343876348621236e-19
0.0922174642922789,0.08761474870080684,0.09996558155674855,0.09760103587801713,0.11481642723083496,0.005988921553968629,0.005988622381991604,0.06346631050109863,1.13440754020178e-19
0.09221671432536876,0.08761462907574674,0.09996558710105904,0.09760154680027062,0.11672329902648926,0.005988622388578321,0.005988323231242987,0.06510591506958008,1.134427444830581e-19
0.09221596436733814,0.08761450945650252,0.09996559264517228,0.09760205768378451,0.11794185638427734,0.0059883232381639185,0.005988024095593403,0.06546735763549805,1.1344473453449341e-19
0.09221521441818886,0.08761438984307374,0.09996559818908826,0.09760256852856294,0.1181480884552002,0.005988024102724216,0.005987724975398123,0.06530237197875977,1.134467252226744e-19
0.09221446447792275,0.08761427023545995,0.099965603732807,0.09760307933461015,0.11902093887329102,0.005987724982257497,0.005987425869591334,0.06555438041687012,1.1344871522976092e-19
0.0922137145465416,0.08761415063366074,0.09996560927632848,0.09760359010193029,0.11783218383789062,0.005987425876764399,0.005987126779238849,0.06554460525512695,1.134507053111315e-19
0.09221296462404721,0.08761403103767566,0.09996561481965272,0.09760410083052748,0.1175384521484375,0.005987126786243117,0.005986827703452491,0.06523728370666504,1.13452695601493e-19
0.0922122147104413,0.08761391144750431,0.0999656203627797,0.09760461152040589,0.11794328689575195,0.00598682771069453,0.0059865286432980724,0.06499314308166504,1.1345468533091077e-19
0.09221146480572577,0.08761379186314625,0.09996562590570944,0.09760512217156972,0.11737394332885742,0.005986528650114916,0.005986229596999237,0.06447982788085938,1.1345667582670345e-19
0.0922107149099023,0.087613672284601,0.09996563144844192,0.09760563278402312,0.11828303337097168,0.005986229604506293,0.00598593056686525,0.06403541564941406,1.1345866545289735e-19
0.0922099650229727,0.08761355271186819,0.09996563699097714,0.09760614335777024,0.1185152530670166,0.005985930573865765,0.0059856315509421165,0.06547141075134277,1.1346065488248921e-19
0.09220921514493875,0.08761343314494735,0.09996564253331512,0.09760665389281523,0.11872220039367676,0.005985631558192988,0.005985332550650924,0.0652761459350586,1.1346264457031174e-19
0.09220846527580225,0.08761331358383806,0.09996564807545585,0.09760716438916227,0.11706900596618652,0.005985332557487162,0.00598503356439295,0.06434512138366699,1.1346463405119223e-19
0.09220771541556493,0.08761319402853991,0.09996565361739934,0.09760767484681555,0.11777186393737793,0.005985033571749604,0.00598473459358928,0.06489396095275879,1.1346662304502083e-19
0.09220696556422857,0.08761307447905245,0.09996565915914558,0.09760818526577923,0.1179664134979248,0.005984734600978502,0.0059844356382399155,0.06401228904724121,1.1346861299518328e-19
0.09220621572179497,0.08761295493537526,0.09996566470069458,0.09760869564605743,0.11655497550964355,0.005984435645171116,0.005984136697456677,0.06411433219909668,1.134706024949088e-19
0.0922054658882659,0.0876128353975079,0.09996567024204633,0.09760920598765432,0.11663436889648438,0.005984136704328356,0.005983837771772471,0.06430387496948242,1.1347259145367753e-19
0.09220471606364322,0.08761271586544994,0.09996567578320084,0.0976097162905741,0.11506032943725586,0.005983837778448458,0.0059835388606543916,0.06363558769226074,1.1347458077926135e-19
0.0922039662479287,0.08761259633920095,0.0999656813241581,0.09761022655482086,0.1154015064239502,0.005983538867532088,0.0059832399644577094,0.06366896629333496,1.1347656990006576e-19
0.09220321644112406,0.0876124768187605,0.09996568686491812,0.09761073678039882,0.11685824394226074,0.00598323997157811,0.0059829410833600605,0.06405353546142578,1.1347855873505967e-19
0.09220246664323116,0.08761235730412817,0.0999656924054809,0.09761124696731206,0.11672163009643555,0.005982941090586715,0.005982642217716716,0.06406617164611816,1.134805478832801e-19
0.09220171685425173,0.08761223779530351,0.09996569794584642,0.09761175711556479,0.11684703826904297,0.0059826422245538614,0.005982343366461862,0.06353163719177246,1.1348253676847234e-19
0.0922009670741876,0.0876121182922861,0.09996570348601472,0.09761226722516114,0.11639523506164551,0.005982343373481844,0.005982044530128405,0.06416630744934082,1.1348452579728423e-19
0.09220021730304048,0.08761199879507552,0.09996570902598577,0.09761277729610529,0.11580634117126465,0.005982044537369182,0.0059817457090716175,0.06418871879577637,1.1348651418569232e-19
0.09219946754081221,0.08761187930367131,0.09996571456575959,0.0976132873284014,0.1150522232055664,0.005981745716215204,0.005981446903113863,0.06365633010864258,1.1348850324926736e-19
0.09219871778750453,0.08761175981807308,0.09996572010533618,0.09761379732205361,0.1157217025756836,0.005981446910019377,0.005981148112077506,0.06336236000061035,1.1349049105765813e-19
0.09219796804311937,0.08761164033828035,0.09996572564471552,0.09761430727706609,0.11608719825744629,0.005981148118778388,0.005980849335962546,0.06406402587890625,1.1349248012557598e-19
0.09219721830765851,0.08761152086429273,0.09996573118389762,0.09761481719344298,0.11506390571594238,0.005980849342494363,0.005980550573880805,0.06415128707885742,1.1349446905164665e-19
0.09219646858112372,0.08761140139610979,0.09996573672288249,0.09761532707118847,0.11597299575805664,0.005980550581166712,0.005980251827963912,0.06394648551940918,1.1349645697625362e-19
0.09219571886351678,0.08761128193373108,0.09996574226167013,0.0976158369103067,0.1156919002532959,0.005980251834793209,0.005979953096613144,0.06366801261901855,1.134984451087967e-19
0.09219496915483942,0.08761116247715618,0.09996574780026052,0.0976163467108018,0.1140890121459961,0.0059799531033725055,0.005979654379828503,0.06341218948364258,1.1350043333693416e-19
0.09219421945509335,0.08761104302638467,0.09996575333865368,0.09761685647267794,0.11518311500549316,0.005979654386906589,0.005979355678142895,0.0632331371307373,1.1350242144910836e-19
0.09219346976428042,0.0876109235814161,0.09996575887684961,0.09761736619593929,0.11493730545043945,0.005979355685394309,0.00597905699155632,0.06450104713439941,1.1350440953367664e-19
0.09219272008240247,0.08761080414225003,0.09996576441484831,0.09761787588059001,0.11520648002624512,0.00597905699883326,0.005978758320246413,0.0644838809967041,1.1350639755002703e-19
0.0921919704094613,0.08761068470888607,0.09996576995264977,0.09761838552663415,0.11321902275085449,0.005978758327222618,0.005978459663680269,0.062273502349853516,1.1350838551507444e-19
0.09219122074545863,0.08761056528132376,0.099965775490254,0.09761889513407587,0.11329770088195801,0.0059784596705619855,0.005978161021502615,0.06280684471130371,1.1351037336353102e-19
0.0921904710903963,0.08761044585956268,0.09996578102766099,0.09761940470291935,0.11380314826965332,0.005978161028851687,0.005977862394779265,0.062494754791259766,1.1351236090939883e-19
0.09218972144427595,0.08761032644360241,0.09996578656487076,0.09761991423316875,0.1136786937713623,0.0059778624020896155,0.005977563782977313,0.0627129077911377,1.135143491877564e-19
0.09218897180709938,0.0876102070334425,0.0999657921018833,0.09762042372482821,0.11338353157043457,0.005977563790276965,0.005977265186274394,0.06308341026306152,1.1351633653760652e-19
0.09218822217886843,0.08761008762908253,0.09996579763869862,0.09762093317790187,0.11329078674316406,0.005977265193410355,0.005976966604848144,0.06217026710510254,1.1351832436464617e-19
0.09218747255958498,0.08760996823052206,0.0999658031753167,0.09762144259239389,0.11413955688476562,0.005976966611489032,0.005976668037277477,0.0622861385345459,1.1352031138253988e-19
0.09218672294925077,0.08760984883776067,0.09996580871173755,0.0976219519683084,0.11397528648376465,0.005976668044514276,0.005976369485161115,0.06241464614868164,1.135222988752919e-19
0.09218597334786749,0.08760972945079792,0.09996581424796117,0.09762246130564954,0.11322927474975586,0.005976369492485327,0.005976070948321421,0.06191706657409668,1.135242865256397e-19
0.09218522375543699,0.08760961006963341,0.09996581978398757,0.09762297060442143,0.11435079574584961,0.005976070955399699,0.005975772425692583,0.062163591384887695,1.135262735721843e-19
0.09218447417196107,0.0876094906942667,0.09996582531981675,0.09762347986462827,0.11639833450317383,0.005975772433258082,0.005975473919050955,0.062355995178222656,1.1352826089428607e-19
0.09218372459744152,0.08760937132469734,0.0999658308554487,0.09762398908627415,0.11379885673522949,0.005975473926057618,0.0059751754267978185,0.06166648864746094,1.135302478329702e-19
0.09218297503188014,0.08760925196092492,0.09996583639088344,0.09762449826936323,0.11337733268737793,0.005975175433799974,0.005974876949466079,0.061756134033203125,1.13532234980505e-19
0.09218222547527873,0.08760913260294903,0.09996584192612094,0.09762500741389968,0.11271452903747559,0.005974876956484005,0.0059745784868781016,0.06128644943237305,1.1353422180865114e-19
0.09218147592763905,0.0876090132507692,0.09996584746116122,0.09762551651988763,0.11312103271484375,0.005974578494109307,0.005974280039033886,0.061949968338012695,1.1353620857316467e-19
0.09218072638896292,0.08760889390438502,0.09996585299600427,0.0976260255873312,0.1135716438293457,0.005974280046674212,0.005973981606466339,0.061357736587524414,1.135381955372848e-19
0.09217997685925207,0.08760877456379607,0.09996585853065011,0.09762653461623454,0.11381006240844727,0.005973981614178914,0.0059736831897083675,0.06182384490966797,1.1354018250153896e-19
0.09217922733850831,0.0876086552290019,0.09996586406509872,0.09762704360660177,0.11404180526733398,0.005973683196619929,0.005973384786983615,0.06208348274230957,1.1354216933704865e-19
0.09217847782673338,0.08760853590000207,0.09996586959935011,0.09762755255843707,0.11457085609436035,0.005973384793998874,0.005973086399180261,0.06187248229980469,1.1354415576067231e-19
0.09217772832392908,0.08760841657679617,0.09996587513340428,0.09762806147174456,0.11466526985168457,0.005973086406313757,0.0059727880262983035,0.062256813049316406,1.135461425240464e-19
0.09217697883009725,0.0876082972593838,0.09996588066726124,0.0976285703465284,0.11708211898803711,0.005972788033565433,0.0059724896685153794,0.06193423271179199,1.1354812855438777e-19
0.09217622934523967,0.08760817794776447,0.09996588620092098,0.0976290791827927,0.11646866798400879,0.005972489675752837,0.005972191325653853,0.06167936325073242,1.1355011452720516e-19
0.092175479869358,0.0876080586419378,0.0999658917343835,0.09762958798054162,0.11726069450378418,0.005972191332874482,0.005971892998246631,0.06230473518371582,1.1355210135874936e-19
0.09217473040245407,0.08760793934190333,0.0999658972676488,0.09763009673977929,0.11553049087524414,0.0059718930049276284,0.005971594685405535,0.062169551849365234,1.1355408716825552e-19
0.09217398094452975,0.08760782004766066,0.09996590280071689,0.0976306054605098,0.11651444435119629,0.005971594691914516,0.005971296386952929,0.06258821487426758,1.1355607355259322e-19
0.09217323149558679,0.08760770075920933,0.09996590833358776,0.09763111414273727,0.11651992797851562,0.005971296393833208,0.005970998103954628,0.06287217140197754,1.1355805952808908e-19
0.09217248205562692,0.08760758147654893,0.09996591386626141,0.09763162278646585,0.11520242691040039,0.005970998110683163,0.0059706998357000884,0.06232118606567383,1.1356004565362696e-19
0.092171732624652,0.08760746219967905,0.09996591939873783,0.09763213139169973,0.11602520942687988,0.0059706998424649575,0.0059704015823669465,0.0630502700805664,1.1356203122873703e-19
0.09217098320266383,0.08760734292859923,0.09996592493101705,0.097632639958443,0.11692190170288086,0.0059704015891752765,0.005970103343599931,0.06295323371887207,1.1356401736717987e-19
0.09217023378966419,0.08760722366330906,0.09996593046309905,0.09763314848669981,0.11728382110595703,0.005970103350815295,0.005969805120464855,0.0632171630859375,1.135660031876073e-19
0.09216948438565489,0.08760710440380812,0.09996593599498384,0.09763365697647428,0.11627030372619629,0.005969805127384266,0.00596950691171827,0.06322932243347168,1.13567988769749e-19
0.09216873499063764,0.08760698515009595,0.09996594152667142,0.0976341654277705,0.11619448661804199,0.005969506918881815,0.005969208718603625,0.0630178451538086,1.1356997452869008e-19
0.09216798560461414,0.08760686590217213,0.09996594705816178,0.09763467384059267,0.11595726013183594,0.005969208725305059,0.005968910539522199,0.06342291831970215,1.1357195994410993e-19
0.09216723622758627,0.08760674666003625,0.09996595258945494,0.0976351822149449,0.1149287223815918,0.005968910546655081,0.005968612375539806,0.0631110668182373,1.135739455486334e-19
0.09216648685955588,0.08760662742368788,0.09996595812055088,0.0976356905508313,0.11685395240783691,0.00596861238293146,0.005968314226834082,0.06303858757019043,1.135759310740455e-19
0.09216573750052456,0.08760650819312658,0.09996596365144962,0.09763619884825599,0.11580443382263184,0.005968314234132017,0.005968016093049755,0.06267499923706055,1.1357791646047954e-19
0.09216498815049429,0.08760638896835193,0.09996596918215114,0.09763670710722311,0.1139676570892334,0.005968016100255368,0.005967717974542097,0.062459468841552734,1.1357990174525025e-19
0.09216423880946674,0.0876062697493635,0.09996597471265546,0.09763721532773678,0.11563611030578613,0.00596771798130177,0.00596741987042293,0.06281924247741699,1.135818865511386e-19
0.0921634894774437,0.08760615053616087,0.09996598024296256,0.09763772350980116,0.11490559577941895,0.005967419877271145,0.005967121781580431,0.06307458877563477,1.1358387153386388e-19
0.09216274015442702,0.0876060313287436,0.09996598577307246,0.09763823165342034,0.11546921730041504,0.0059671217881617005,0.005966823706948787,0.06301426887512207,1.1358585643116219e-19
0.09216199084041846,0.08760591212711126,0.09996599130298515,0.09763873975859846,0.11530184745788574,0.005966823713973764,0.005966525647238541,0.06285691261291504,1.1358784166500657e-19
0.09216124153541994,0.08760579293126343,0.09996599683270065,0.09763924782533961,0.11500358581542969,0.005966525654706935,0.005966227603160235,0.0629110336303711,1.1358982678846143e-19
0.09216049223943307,0.0876056737411997,0.09996600236221893,0.09763975585364794,0.11466002464294434,0.00596622761035905,0.005965929574358597,0.06280899047851562,1.1359181135309455e-19
0.09215974295245961,0.08760555455691962,0.09996600789154002,0.09764026384352756,0.11592340469360352,0.005965929580928676,0.005965631559057272,0.06314635276794434,1.1359379629661284e-19
0.09215899367450132,0.08760543537842277,0.0999660134206639,0.0976407717949826,0.11432552337646484,0.005965631566418163,0.005965333559565522,0.0627894401550293,1.135957809878779e-19
0.09215824440555997,0.08760531620570872,0.09996601894959058,0.0976412797080172,0.11628079414367676,0.005965333566824366,0.005965035575172806,0.06270194053649902,1.1359776550841128e-19
0.09215749514563738,0.08760519703877703,0.09996602447832005,0.09764178758263548,0.11623668670654297,0.005965035582146842,0.00596473760516858,0.06396842002868652,1.1359975003559582e-19
0.09215674589473541,0.08760507787762731,0.09996603000685232,0.09764229541884151,0.11739516258239746,0.005964737612386227,0.005964439650796294,0.06389164924621582,1.1360173413921202e-19
0.09215599665285583,0.08760495872225908,0.09996603553518739,0.09764280321663944,0.11635327339172363,0.005964439657538735,0.005964141710634863,0.0632631778717041,1.1360371893095025e-19
0.0921552474200004,0.08760483957267196,0.09996604106332525,0.09764331097603342,0.1141805648803711,0.005964141717606009,0.0059638437857501,0.06272077560424805,1.1360570304074028e-19
0.09215449819617098,0.08760472042886548,0.09996604659126591,0.09764381869702754,0.11500954627990723,0.005963843792585907,0.005963545875253828,0.06369614601135254,1.1360768746375276e-19
0.0921537489813693,0.08760460129083925,0.09996605211900939,0.09764432637962597,0.11437368392944336,0.005963545882479732,0.005963247980034225,0.06376051902770996,1.136096711510303e-19
0.09215299977559714,0.08760448215859282,0.09996605764655564,0.09764483402383282,0.11573576927185059,0.005963247987285325,0.00596295009973602,0.06372761726379395,1.1361165569486187e-19
0.0921522505788562,0.08760436303212575,0.0999660631739047,0.09764534162965217,0.11462903022766113,0.0059629501070020356,0.0059626522348921185,0.06275224685668945,1.136136394699375e-19
0.09215150139114839,0.08760424391143763,0.09996606870105658,0.09764584919708813,0.11251020431518555,0.00596265224162867,0.005962354384436708,0.06277132034301758,1.1361562338997808e-19
0.09215075221247541,0.08760412479652804,0.09996607422801125,0.09764635672614483,0.11426234245300293,0.005962354391164561,0.005962056548725059,0.0632326602935791,1.136176070359868e-19
0.09215000304283907,0.08760400568739657,0.09996607975476872,0.09764686421682638,0.11335039138793945,0.005962056555609665,0.005961758727934807,0.06364107131958008,1.1361959081543299e-19
0.0921492538822412,0.08760388658404276,0.099966085281329,0.09764737166913688,0.11341285705566406,0.005961758734963784,0.005961460922065953,0.06360888481140137,1.1362157458275454e-19
0.09214850473068355,0.08760376748646621,0.09996609080769209,0.09764787908308045,0.11425471305847168,0.005961460929224964,0.005961163131473768,0.06348657608032227,1.1362355802086973e-19
0.09214775558816794,0.08760364839466647,0.09996609633385797,0.09764838645866124,0.11357688903808594,0.00596116313839336,0.005960865355092437,0.06316375732421875,1.1362554195881558e-19
0.09214700645469615,0.08760352930864314,0.09996610185982667,0.09764889379588329,0.11402034759521484,0.005960865362468592,0.005960567594698318,0.0631403923034668,1.1362752524722776e-19
0.0921462573302699,0.08760341022839577,0.09996610738559816,0.09764940109475077,0.11447501182556152,0.005960567601448523,0.005960269848337418,0.06314611434936523,1.1362950873399358e-19
0.092145508214891,0.08760329115392394,0.09996611291117247,0.0976499083552678,0.11401724815368652,0.005960269855332519,0.00595997211672028,0.06286764144897461,1.1363149190293038e-19
0.09214475910856126,0.08760317208522723,0.09996611843654958,0.09765041557743846,0.11522626876831055,0.005959972124122108,0.0059596744005574465,0.06256437301635742,1.136334750639087e-19
0.0921440100112825,0.08760305302230523,0.0999661239617295,0.09765092276126687,0.11426162719726562,0.005959674407813192,0.00595937669931601,0.06322360038757324,1.1363545845971578e-19
0.0921432609230565,0.08760293396515748,0.09996612948671225,0.09765142990675714,0.1152951717376709,0.005959376706406677,0.005959079013173607,0.06342673301696777,1.1363744123735003e-19
0.09214251184388494,0.08760281491378355,0.09996613501149781,0.09765193701391338,0.11317801475524902,0.005959079019900826,0.00595878134159733,0.06294512748718262,1.136394241917184e-19
0.09214176277376959,0.08760269586818305,0.09996614053608618,0.09765244408273971,0.11333560943603516,0.005958781348294879,0.0059584836844095435,0.0631554126739502,1.1364140730050193e-19
0.09214101371271222,0.08760257682835554,0.09996614606047735,0.0976529511132402,0.11387848854064941,0.0059584836915907964,0.005958186043031333,0.06198883056640625,1.1364339017446812e-19
0.0921402646607147,0.08760245779430058,0.09996615158467134,0.09765345810541902,0.11337494850158691,0.0059581860497854655,0.005957888416219248,0.061945199966430664,1.1364537290559186e-19
0.09213951561777874,0.08760233876601775,0.09996615710866814,0.09765396505928027,0.11494302749633789,0.005957888422877805,0.005957590803262747,0.06260895729064941,1.1364735585203356e-19
0.09213876658390607,0.08760221974350663,0.09996616263246776,0.09765447197482807,0.11181759834289551,0.0059575908108694875,0.005957293206826364,0.06157398223876953,1.1364933824396062e-19
0.09213801755909863,0.08760210072676677,0.09996616815607019,0.09765497885206652,0.1124873161315918,0.005957293213756973,0.005956995624778472,0.06169915199279785,1.1365132073890884e-19
0.09213726854335816,0.08760198171579779,0.09996617367947544,0.09765548569099967,0.1142570972442627,0.005956995631540268,0.005956698057651977,0.06171083450317383,1.136533036277292e-19
0.09213651953668636,0.08760186271059923,0.09996617920268351,0.09765599249163165,0.11465311050415039,0.0059566980642191915,0.005956400504736337,0.061498403549194336,1.13655286055565e-19
0.09213577053908502,0.08760174371117069,0.09996618472569438,0.09765649925396655,0.1148061752319336,0.005956400511793455,0.00595610296691973,0.06183147430419922,1.1365726802651175e-19
0.09213502155055601,0.0876016247175117,0.09996619024850807,0.0976570059780085,0.11276912689208984,0.005956102974262597,0.005955805444379791,0.061200618743896484,1.1365925022003196e-19
0.09213427257110107,0.08760150572962187,0.09996619577112459,0.0976575126637616,0.11270308494567871,0.00595580545162419,0.005955507936228344,0.061502933502197266,1.1366123261493254e-19
0.09213352360072197,0.08760138674750076,0.09996620129354392,0.09765801931122997,0.11467337608337402,0.00595550794388018,0.0059552104435312,0.06193208694458008,1.1366321454289838e-19
0.09213277463942048,0.08760126777114795,0.09996620681576607,0.09765852592041765,0.11409926414489746,0.005955210451026771,0.005954912965577819,0.06174206733703613,1.1366519678794022e-19
0.09213202568719846,0.08760114880056301,0.09996621233779104,0.09765903249132883,0.11457324028015137,0.005954912973065555,0.005954615503078742,0.06228303909301758,1.1366717878986733e-19
0.09213127674405762,0.08760102983574551,0.09996621785961884,0.09765953902396757,0.11401915550231934,0.005954615509991801,0.005954318054968155,0.06160593032836914,1.136691609516656e-19
0.09213052780999974,0.08760091087669503,0.09996622338124946,0.09766004551833796,0.11466598510742188,0.0059543180618083676,0.00595402062160133,0.062062740325927734,1.1367114272100899e-19
0.0921297788850267,0.08760079192341114,0.09996622890268289,0.09766055197444405,0.1139981746673584,0.005954020628513974,0.005953723202622996,0.06215167045593262,1.13673124395647e-19
0.09212902996914027,0.08760067297589341,0.09996623442391914,0.09766105839228999,0.11367011070251465,0.005953723210109121,0.005953425799631873,0.062216758728027344,1.136751065073242e-19
0.09212828106234218,0.08760055403414145,0.09996623994495821,0.09766156477187984,0.11417174339294434,0.0059534258065904126,0.005953128411206876,0.06245923042297363,1.1367708771468448e-19
0.09212753216463415,0.0876004350981548,0.0999662454658001,0.09766207111321772,0.1143944263458252,0.005953128417957715,0.005952831037348005,0.06170368194580078,1.136790688743772e-19
0.09212678327601806,0.08760031616793305,0.09996625098644484,0.09766257741630772,0.11496186256408691,0.0059528310442106885,0.005952533678232896,0.06264925003051758,1.13681050722259e-19
0.09212603439649572,0.08760019724347577,0.09996625650689239,0.09766308368115395,0.11437082290649414,0.005952533685350201,0.005952236333861549,0.062499046325683594,1.136830319492247e-19
0.09212528552606891,0.08760007832478252,0.09996626202714277,0.09766358990776047,0.11272740364074707,0.005952236341373592,0.0059519390054774135,0.06182217597961426,1.136850132668436e-19
0.09212453666473942,0.08759995941185289,0.09996626754719598,0.09766409609613144,0.11355161666870117,0.00595193901227932,0.005951641690948861,0.06232047080993652,1.1368699453246223e-19
0.09212378781250893,0.08759984050468646,0.09996627306705201,0.09766460224627095,0.11470150947570801,0.005951641698068708,0.005951344391341706,0.06256389617919922,1.1368897609811895e-19
0.09212303896937918,0.08759972160328278,0.09996627858671088,0.09766510835818305,0.11501836776733398,0.0059513443987406775,0.005951047107544127,0.06272292137145996,1.1369095687056385e-19
0.09212229013535209,0.08759960270764144,0.09996628410617257,0.0976656144318719,0.11520934104919434,0.005951047114293099,0.005950749837602132,0.06209158897399902,1.1369293767182824e-19
0.09212154131042942,0.08759948381776202,0.09996628962543709,0.09766612046734152,0.11617350578308105,0.005950749844726001,0.005950452582759169,0.06278300285339355,1.136949188324758e-19
0.09212079249461283,0.08759936493364408,0.09996629514450445,0.09766662646459603,0.11612915992736816,0.005950452590038237,0.005950155343370511,0.06313896179199219,1.1369689972349398e-19
0.09212004368790415,0.08759924605528721,0.09996630066337463,0.09766713242363953,0.11588478088378906,0.0059501553502300355,0.005949858118015072,0.06226992607116699,1.1369888049755086e-19
0.09211929489030518,0.087599127182691,0.09996630618204765,0.09766763834447605,0.11524724960327148,0.0059498581253003245,0.005949560907936302,0.06221508979797363,1.1370086082827764e-19
0.09211854610181774,0.087599008315855,0.0999663117005235,0.09766814422710972,0.11589622497558594,0.005949560915249073,0.0059492637133118365,0.06316423416137695,1.1370284188325528e-19
0.0921177973224435,0.08759888945477878,0.0999663172188022,0.09766865007154465,0.11516737937927246,0.005949263720073456,0.005948966533075861,0.06287264823913574,1.137048226980662e-19
0.09211704855218433,0.08759877059946194,0.09996632273688372,0.09766915587778494,0.11684250831604004,0.005948966539773767,0.005948669366873105,0.0627279281616211,1.1370680340399905e-19
0.09211629979104206,0.08759865174990404,0.09996632825476807,0.09766966164583463,0.11742615699768066,0.0059486693743506765,0.005948372216835196,0.06331682205200195,1.1370878353654672e-19
0.09211555103901836,0.08759853290610466,0.09996633377245526,0.09767016737569781,0.11640596389770508,0.005948372223800643,0.0059480750811857774,0.06319499015808105,1.1371076378202117e-19
0.09211480229611509,0.08759841406806337,0.09996633928994528,0.09767067306737857,0.11643671989440918,0.005948075088124588,0.005947777960102485,0.06253957748413086,1.1371274433188902e-19
0.09211405356233401,0.08759829523577976,0.09996634480723814,0.09767117872088102,0.11603736877441406,0.005947777967322531,0.005947480854295861,0.06351327896118164,1.1371472449261251e-19
0.09211330483767698,0.08759817640925341,0.09996635032433383,0.09767168433620921,0.11647939682006836,0.005947480861393013,0.005947183763232999,0.06362557411193848,1.1371670464477621e-19
0.09211255612214579,0.08759805758848387,0.09996635584123235,0.0976721899133672,0.11649227142333984,0.005947183770335576,0.005946886687269171,0.06288743019104004,1.1371868456910483e-19
0.09211180741574215,0.08759793877347073,0.09996636135793371,0.09767269545235914,0.11374211311340332,0.005946886694148172,0.005946589625693832,0.0628509521484375,1.1372066431424832e-19
0.09211105871846782,0.08759781996421358,0.09996636687443791,0.0976732009531891,0.11276936531066895,0.0059465896328310805,0.005946292579039891,0.06214022636413574,1.137226444750247e-19
0.09211031003032463,0.08759770116071196,0.09996637239074495,0.09767370641586114,0.11302924156188965,0.005946292586383906,0.005945995547307348,0.06186699867248535,1.1372462424208805e-19
0.09210956135131428,0.08759758236296546,0.09996637790685482,0.09767421184037936,0.11453557014465332,0.005945995554805203,0.00594569853138438,0.06320691108703613,1.1372660400977234e-19
0.09210881268143858,0.08759746357097367,0.09996638342276755,0.09767471722674784,0.11573457717895508,0.0059456985380921526,0.005945401528961725,0.06347870826721191,1.1372858368816707e-19
0.09210806402069932,0.08759734478473616,0.09996638893848311,0.09767522257497067,0.11514997482299805,0.005945401536247464,0.0059451045419933735,0.06293416023254395,1.1373056328062192e-19
0.09210731536909829,0.08759722600425249,0.09996639445400152,0.09767572788505192,0.11438322067260742,0.005945104549269943,0.005944807570301691,0.06310057640075684,1.137325427962559e-19
0.09210656672663728,0.08759710722952227,0.09996639996932276,0.09767623315699571,0.11488795280456543,0.005944807577156257,0.005944510612998499,0.06360054016113281,1.137345224034547e-19
0.092105818093318,0.08759698846054505,0.09996640548444684,0.09767673839080605,0.11412358283996582,0.005944510619908318,0.005944213670439069,0.06390690803527832,1.137365013299112e-19
0.09210506946914226,0.0875968696973204,0.09996641099937376,0.09767724358648708,0.11463689804077148,0.005944213677525081,0.0059439167433339435,0.06332921981811523,1.1373848071604964e-19
0.09210432085411184,0.08759675093984791,0.09996641651410353,0.09767774874404288,0.11477279663085938,0.005943916750004341,0.005943619830262037,0.06465029716491699,1.1374046018102553e-19
0.09210357224822854,0.08759663218812716,0.09996642202863615,0.09767825386347752,0.11428546905517578,0.005943619837346476,0.005943322932466799,0.06432151794433594,1.1374243899354248e-19
0.09210282365149416,0.08759651344215771,0.09996642754297161,0.0976787589447951,0.11333394050598145,0.005943322939551023,0.005943026049592959,0.06370949745178223,1.1374441894831802e-19
0.09210207506391042,0.08759639470193915,0.09996643305710991,0.09767926398799967,0.11371803283691406,0.005943026056616561,0.005942729181818152,0.06386947631835938,1.1374639715269142e-19
0.09210132648547914,0.08759627596747106,0.09996643857105106,0.09767976899309533,0.1136775016784668,0.005942729188541981,0.005942432328076563,0.06266331672668457,1.1374837607685955e-19
0.092100577916202,0.087596157238753,0.09996644408479506,0.0976802739600861,0.11403584480285645,0.0059424323353276624,0.005942135489966915,0.06454133987426758,1.137503554393938e-19
0.09209982935608098,0.08759603851578454,0.0999664495983419,0.09768077888897608,0.1147453784942627,0.005942135496972434,0.005941838666601029,0.06449365615844727,1.1375233424548503e-19
0.09209908080511772,0.08759591979856528,0.0999664551116916,0.09768128377976933,0.11179542541503906,0.0059418386734751685,0.005941541857445998,0.0627293586730957,1.1375431275110174e-19
0.09209833226331404,0.08759580108709478,0.09996646062484414,0.0976817886324699,0.11193156242370605,0.005941541864835923,0.0059412450644558135,0.06332659721374512,1.137562911037099e-19
0.09209758373067178,0.08759568238137262,0.09996646613779953,0.0976822934470819,0.11305904388427734,0.005941245071051135,0.005940948285143577,0.0632028579711914,1.137582699916672e-19
0.09209683520719268,0.0875955636813984,0.09996647165055778,0.09768279822360938,0.11297464370727539,0.005940948292123495,0.005940651521640916,0.06304311752319336,1.137602486020028e-19
0.09209608669287855,0.08759544498717169,0.09996647716311886,0.09768330296205643,0.11348366737365723,0.005940651528051174,0.00594035477110566,0.06362438201904297,1.1376222683073624e-19
0.09209533818773111,0.08759532629869204,0.09996648267548282,0.09768380766242714,0.1127767562866211,0.005940354778834602,0.0059400580374457945,0.0632333755493164,1.1376420522469555e-19
0.09209458969175219,0.08759520761595907,0.09996648818764961,0.09768431232472558,0.11315536499023438,0.0059400580444704965,0.005939761317819148,0.0634307861328125,1.13766183415103e-19
0.09209384120494349,0.08759508893897232,0.09996649369961925,0.09768481694895578,0.11318445205688477,0.0059397613249585505,0.005939464612936263,0.06340169906616211,1.1376816167601812e-19
0.0920930927273068,0.08759497026773139,0.09996649921139177,0.09768532153512186,0.11310315132141113,0.005939464620300324,0.005939167923152411,0.06356048583984375,1.1377013989253407e-19
0.0920923442588439,0.08759485160223583,0.09996650472296711,0.09768582608322786,0.11422443389892578,0.005939167930493792,0.0059388712488228634,0.06422305107116699,1.1377211770394478e-19
0.09209159579955657,0.08759473294248525,0.09996651023434533,0.09768633059327782,0.1135406494140625,0.005938871255537077,0.005938574588348899,0.06298208236694336,1.137740959063235e-19
0.09209084734944664,0.0875946142884792,0.09996651574552641,0.09768683506527587,0.11428618431091309,0.0059385745954305446,0.0059382779429739685,0.06423425674438477,1.1377607366085614e-19
0.09209009890851588,0.08759449564021726,0.09996652125651034,0.09768733949922605,0.11465954780578613,0.005938277950173717,0.005937981312875706,0.06448817253112793,1.1377805159280193e-19
0.09208935047676615,0.08759437699769902,0.09996652676729713,0.09768784389513242,0.11318731307983398,0.005937981319764572,0.00593768469734357,0.06347417831420898,1.1378002930555416e-19
0.09208860205419923,0.08759425836092405,0.09996653227788677,0.09768834825299906,0.1142122745513916,0.00593768470420298,0.0059373880963775605,0.06445074081420898,1.1378200667744222e-19
0.0920878536408168,0.08759413972989194,0.09996653778827927,0.09768885257283001,0.11400842666625977,0.005937388103489243,0.005937091510865855,0.06325745582580566,1.1378398507240438e-19
0.09208710523662066,0.08759402110460225,0.09996654329847464,0.09768935685462934,0.11452364921569824,0.00593709151762092,0.005936794939387369,0.06417226791381836,1.1378596217074522e-19
0.09208635684161261,0.08759390248505457,0.09996654880847286,0.09768986109840114,0.1147162914276123,0.005936794946599287,0.0059364983835408225,0.06451272964477539,1.1378793949015852e-19
0.09208560845579446,0.08759378387124847,0.09996655431827395,0.09769036530414948,0.11289811134338379,0.005936498390421218,0.005936201842260402,0.06300067901611328,1.137899165891941e-19
0.09208486007916794,0.08759366526318353,0.09996655982787789,0.09769086947187841,0.11231231689453125,0.005936201849087367,0.005935905315190837,0.06312155723571777,1.1379189376917436e-19
0.09208411171173482,0.08759354666085933,0.0999665653372847,0.09769137360159197,0.11435484886169434,0.00593590532259739,0.0059356088039308474,0.06348180770874023,1.1379387175561561e-19
0.09208336335349682,0.08759342806427545,0.09996657084649437,0.09769187769329422,0.11407995223999023,0.005935608810949381,0.005935312306704077,0.06323528289794922,1.1379584862932176e-19
0.09208261500445575,0.08759330947343145,0.0999665763555069,0.09769238174698928,0.1134488582611084,0.005935312314144351,0.005935015824753975,0.06328320503234863,1.137978256155509e-19
0.09208186666461333,0.08759319088832693,0.0999665818643223,0.09769288576268119,0.1137542724609375,0.005935015832179882,0.005934719358435814,0.0631716251373291,1.1379980282356792e-19
0.09208111833397141,0.08759307230896146,0.09996658737294055,0.09769338974037395,0.11378931999206543,0.005934719365053833,0.005934422905440329,0.06291985511779785,1.1380177980456805e-19
0.09208037001253173,0.08759295373533463,0.09996659288136167,0.09769389368007168,0.1143026351928711,0.0059344229127695535,0.005934126468432055,0.06351470947265625,1.1380375682027464e-19
0.09207962170029611,0.08759283516744598,0.09996659838958566,0.09769439758177846,0.1138463020324707,0.005934126475323193,0.005933830045812272,0.06327247619628906,1.1380573290093642e-19
0.09207887339726636,0.08759271660529512,0.0999666038976125,0.0976949014454983,0.11337423324584961,0.005933830052714689,0.005933533638291522,0.0641028881072998,1.138077097742442e-19
0.09207812510344422,0.08759259804888161,0.0999666094054422,0.09769540527123527,0.11345148086547852,0.005933533644942668,0.0059332372448039905,0.0629112720489502,1.13809686928124e-19
0.09207737681883149,0.08759247949820505,0.09996661491307479,0.0976959090589934,0.11381292343139648,0.005933237252008485,0.005932940867126035,0.0632772445678711,1.1381166322293513e-19
0.09207662854342989,0.087592360953265,0.09996662042051024,0.09769641280877678,0.1127321720123291,0.005932940873908548,0.0059326445038365705,0.06278204917907715,1.1381363956548063e-19
0.09207588027724121,0.08759224241406105,0.09996662592774858,0.09769691652058946,0.11216139793395996,0.0059326445106442,0.0059323481552908675,0.062195777893066406,1.1381561645789232e-19
0.09207513202026725,0.08759212388059276,0.09996663143478977,0.0976974201944355,0.11296367645263672,0.005932348162214418,0.0059320518218441975,0.06327056884765625,1.138175927238814e-19
0.09207438377250975,0.08759200535285971,0.09996663694163385,0.09769792383031892,0.11237978935241699,0.005932051828617677,0.005931755502786018,0.06246018409729004,1.1381956843373301e-19
0.09207363553397067,0.0875918868308615,0.0999666424482808,0.09769842742824382,0.11314082145690918,0.005931755509853983,0.005931459199004507,0.06316113471984863,1.138215448046409e-19
0.09207288730465164,0.08759176831459768,0.0999666479547306,0.09769893098821426,0.1119997501373291,0.005931459205922565,0.005931162909789123,0.06244468688964844,1.1382352086117673e-19
0.0920721390845545,0.08759164980406785,0.0999666534609833,0.09769943451023433,0.11147570610046387,0.005931162916823035,0.0059308666353175,0.06214594841003418,1.1382549678086077e-19
0.09207139087368099,0.08759153129927158,0.09996665896703885,0.09769993799430798,0.1118016242980957,0.005930866642554639,0.005930570376122546,0.061919450759887695,1.138274731481338e-19
0.09207064267203298,0.08759141280020845,0.09996666447289729,0.09770044144043934,0.11361861228942871,0.005930570383115249,0.005930274131316082,0.06240439414978027,1.1382944895103285e-19
0.09206989447961213,0.08759129430687804,0.09996666997855859,0.09770094484863244,0.11376237869262695,0.0059302741385051155,0.005929977901608652,0.062304019927978516,1.1383142491202868e-19
0.09206914629642027,0.08759117581927993,0.09996667548402279,0.09770144821889139,0.11443567276000977,0.005929977908723587,0.005929681686289712,0.06259417533874512,1.1383340086590514e-19
0.09206839812245918,0.0875910573374137,0.09996668098928985,0.09770195155122018,0.13504600524902344,0.005929681693771268,0.005929385486602712,0.07505655288696289,1.1383537707169332e-19
0.09206764995773062,0.08759093886127892,0.09996668649435977,0.09770245484562284,0.11833786964416504,0.005929385493643912,0.005929089301481838,0.06316113471984863,1.1383735201142132e-19
0.09206690180223637,0.08759082039087517,0.09996669199923258,0.09770295810210346,0.11252832412719727,0.005929089308342906,0.005928793131104726,0.06271100044250488,1.138393272359295e-19
0.09206615365597817,0.08759070192620204,0.09996669750390827,0.09770346132066603,0.11232590675354004,0.0059287931378667535,0.00592849697529374,0.06244707107543945,1.138413033075839e-19
0.09206540551895785,0.08759058346725912,0.09996670300838684,0.09770396450131465,0.1138308048248291,0.005928496982215494,0.00592820083404888,0.0633544921875,1.1384327798681088e-19
0.09206465739117714,0.08759046501404597,0.09996670851266828,0.09770446764405336,0.11278176307678223,0.005928200841388963,0.005927904708080689,0.06285500526428223,1.138452537030189e-19
0.09206390927263783,0.08759034656656217,0.09996671401675261,0.09770497074888618,0.11391448974609375,0.005927904715386125,0.0059276085975668025,0.06265783309936523,1.1384722872227695e-19
0.09206316116334164,0.08759022812480731,0.09996671952063982,0.09770547381581716,0.11402320861816406,0.005927608604203851,0.005927312500730864,0.06319546699523926,1.1384920422094692e-19
0.09206241306329047,0.08759010968878096,0.09996672502432992,0.09770597684485036,0.11293244361877441,0.005927312507843477,0.0059270164191715935,0.06239509582519531,1.1385117901622122e-19
0.09206166497248597,0.0875899912584827,0.09996673052782289,0.09770647983598978,0.11416316032409668,0.005927016426304212,0.005926720352356085,0.06317424774169922,1.1385315432928836e-19
0.09206091689092995,0.08758987283391212,0.09996673603111873,0.09770698278923952,0.11317992210388184,0.00592672035958599,0.005926424300994881,0.06318926811218262,1.1385512974843141e-19
0.09206016881862418,0.08758975441506878,0.09996674153421747,0.09770748570460364,0.11471700668334961,0.0059264243076849734,0.005926128264022168,0.06312704086303711,1.1385710362686464e-19
0.09205942075557043,0.08758963600195227,0.09996674703711908,0.09770798858208612,0.11399984359741211,0.00592612827060319,0.005925832241260309,0.0624241828918457,1.1385907918441094e-19
0.09205867270177055,0.08758951759456217,0.09996675253982358,0.09770849142169104,0.11164236068725586,0.005925832248340571,0.0059255362343080265,0.06250953674316406,1.138610532737888e-19
0.09205792465722629,0.08758939919289806,0.09996675804233096,0.09770899422342239,0.11253809928894043,0.005925536240893626,0.005925240241211327,0.0629584789276123,1.1386302858105335e-19
0.09205717662193945,0.0875892807969595,0.09996676354464124,0.09770949698728428,0.11297154426574707,0.0059252402482644,0.005924944263391296,0.06365704536437988,1.1386500323593223e-19
0.09205642859591176,0.0875891624067461,0.09996676904675439,0.09770999971328076,0.11370348930358887,0.005924944270451704,0.005924648300315027,0.06364154815673828,1.1386697707545722e-19
0.09205568057914507,0.08758904402225742,0.09996677454867042,0.09771050240141584,0.11417698860168457,0.005924648307453889,0.005924352352160156,0.06418323516845703,1.1386895152226533e-19
0.09205493257164118,0.08758892564349303,0.09996678005038934,0.09771100505169353,0.11380624771118164,0.005924352359269456,0.005924056418571411,0.06379866600036621,1.138709256974064e-19
0.09205418457340182,0.08758880727045254,0.09996678555191114,0.0977115076641179,0.11415863037109375,0.005924056425899077,0.005923760500259334,0.06402397155761719,1.1387290022881281e-19
0.09205343658442884,0.08758868890313551,0.09996679105323585,0.09771201023869304,0.11390256881713867,0.005923760507340553,0.005923464596335748,0.06321883201599121,1.1387487469301333e-19
0.09205268860472399,0.08758857054154151,0.09996679655436344,0.09771251277542296,0.11334037780761719,0.005923464603595263,0.005923168707333559,0.06311321258544922,1.1387684839369134e-19
0.09205194063428904,0.08758845218567014,0.09996680205529393,0.09771301527431171,0.11426281929016113,0.00592316871466045,0.005922872833430404,0.06357574462890625,1.138788227920992e-19
0.09205119267312573,0.08758833383552098,0.0999668075560273,0.09771351773536328,0.11334800720214844,0.005922872840536622,0.005922576974448646,0.06352019309997559,1.1388079611669444e-19
0.09205044472123584,0.0875882154910936,0.09996681305656356,0.09771402015858174,0.11437344551086426,0.005922576981221354,0.0059222811295001065,0.06287932395935059,1.1388277040834605e-19
0.09204969677862121,0.08758809715238756,0.09996681855690272,0.09771452254397112,0.11494588851928711,0.005922281136716077,0.005921985300005872,0.06360840797424316,1.1388474445615924e-19
0.0920489488452835,0.08758797881940247,0.09996682405704475,0.09771502489153547,0.11281418800354004,0.005921985307019181,0.0059216894850777635,0.06273269653320312,1.1388671781473636e-19
0.09204820092122454,0.08758786049213792,0.09996682955698968,0.09771552720127881,0.11467146873474121,0.005921689492129359,0.005921393685248688,0.06354594230651855,1.1388869213507605e-19
0.09204745300644601,0.08758774217059345,0.09996683505673751,0.0977160294732052,0.11303472518920898,0.005921393692045472,0.0059210978996304675,0.06326580047607422,1.1389066551579106e-19
0.09204670510094978,0.08758762385476868,0.09996684055628823,0.09771653170731864,0.11399674415588379,0.0059210979067685675,0.005920802128933644,0.0627753734588623,1.138926386623721e-19
0.09204595720473764,0.08758750554466316,0.09996684605564185,0.09771703390362317,0.11457204818725586,0.005920802136298469,0.005920506373691126,0.06330537796020508,1.1389461221508204e-19
0.09204520931781142,0.08758738724027647,0.09996685155479837,0.09771753606212281,0.11394977569580078,0.005920506380631391,0.005920210632837097,0.06391668319702148,1.1389658567755434e-19
0.09204446144017284,0.0875872689416082,0.09996685705375778,0.09771803818282163,0.11329197883605957,0.005920210639768033,0.005919914906549195,0.06339550018310547,1.1389855936098693e-19
0.09204371357182374,0.08758715064865796,0.09996686255252009,0.0977185402657236,0.1123497486114502,0.005919914913708293,0.005919619195537962,0.06261849403381348,1.1390053244124367e-19
0.09204296571276586,0.0875870323614253,0.09996686805108529,0.09771904231083281,0.11292147636413574,0.005919619202450012,0.005919323498915219,0.06268668174743652,1.139025057793898e-19
0.09204221786300092,0.0875869140799098,0.09996687354945338,0.09771954431815327,0.11371827125549316,0.0059193235059932375,0.005919027817036238,0.06294655799865723,1.139044786789631e-19
0.0920414700225307,0.08758679580411105,0.09996687904762437,0.09772004628768903,0.11403489112854004,0.0059190278243392005,0.005918732150611561,0.06299972534179688,1.1390645190301038e-19
0.09204072219135698,0.08758667753402861,0.09996688454559827,0.09772054821944406,0.11285972595214844,0.005918732157483417,0.005918436498575375,0.06338906288146973,1.139084243947035e-19
0.09203997436948148,0.08758655926966208,0.09996689004337506,0.09772105011342243,0.11305928230285645,0.005918436505426836,0.005918140861460586,0.06307458877563477,1.1391039760069017e-19
0.09203922655690601,0.08758644101101104,0.09996689554095474,0.09772155196962812,0.11331295967102051,0.005918140868168043,0.005917845239089559,0.06306791305541992,1.1391237024241306e-19
0.09203847875363234,0.08758632275807507,0.09996690103833734,0.09772205378806521,0.11300539970397949,0.005917845245707304,0.005917549631284658,0.06237673759460449,1.139143427132148e-19
0.09203773095966229,0.08758620451085375,0.09996690653552284,0.09772255556873773,0.11352992057800293,0.005917549638044257,0.005917254038401154,0.06294941902160645,1.1391631543724352e-19
0.09203698317499771,0.08758608626934668,0.09996691203251123,0.09772305731164964,0.11315155029296875,0.005917254045178105,0.005916958460261412,0.0626378059387207,1.1391828788494673e-19
0.0920362353996403,0.08758596803355341,0.09996691752930253,0.09772355901680502,0.11259841918945312,0.0059169584671074985,0.005916662896865432,0.06204032897949219,1.1392026042033004e-19
0.09203548763359184,0.08758584980347353,0.09996692302589673,0.0977240606842079,0.11267590522766113,0.005916662903832322,0.00591636734839085,0.06303024291992188,1.1392223297798623e-19
0.09203473987685411,0.08758573157910664,0.09996692852229384,0.09772456231386231,0.11333298683166504,0.005916367355350469,0.0059160718148376645,0.0630340576171875,1.139242057350295e-19
0.09203399212942892,0.0875856133604523,0.09996693401849385,0.09772506390577224,0.11358428001403809,0.005916071821662882,0.0059157762958506055,0.06255674362182617,1.1392617751981728e-19
0.09203324439131803,0.08758549514751009,0.09996693951449677,0.09772556545994171,0.11364364624023438,0.005915776302767198,0.005915480791607308,0.0628957748413086,1.1392814978372936e-19
0.09203249666252312,0.0875853769402796,0.0999669450103026,0.0977260669763748,0.11355161666870117,0.005915480798663276,0.005915185302285408,0.06251120567321777,1.1393012207083083e-19
0.09203174894304604,0.0875852587387604,0.09996695050591134,0.09772656845507548,0.11381006240844727,0.005915185309351703,0.005914889827884906,0.06256651878356934,1.139320939667133e-19
0.0920310012328885,0.08758514054295208,0.09996695600132298,0.09772706989604778,0.1130075454711914,0.0059148898348304465,0.005914594367695258,0.0620417594909668,1.1393406614571112e-19
0.09203025353205244,0.0875850223528542,0.09996696149653753,0.09772757129929577,0.11428403854370117,0.005914594375099168,0.005914298922959915,0.06232476234436035,1.1393603796294453e-19
0.09202950584053947,0.08758490416846638,0.099966966991555,0.0977280726648234,0.1139826774597168,0.005914298930156997,0.005914003492968334,0.06273746490478516,1.139380103779255e-19
0.09202875815835138,0.08758478598978818,0.09996697248637537,0.09772857399263474,0.11311006546020508,0.005914003500000606,0.00591370807789815,0.06262683868408203,1.1393998140549103e-19
0.09202801048549003,0.08758466781681917,0.09996697798099864,0.0977290752827338,0.11451125144958496,0.005913708084633166,0.005913412677749363,0.06243133544921875,1.1394195363414157e-19
0.0920272628219572,0.08758454964955895,0.09996698347542483,0.09772957653512455,0.11547112464904785,0.005913412684051251,0.005913117291633796,0.06257104873657227,1.1394392441511234e-19
0.09202651516775463,0.08758443148800708,0.09996698896965393,0.09773007774981107,0.11373090744018555,0.005913117298256551,0.005912821920439626,0.06241965293884277,1.1394589652576663e-19
0.09202576752288417,0.08758431333216317,0.09996699446368594,0.09773057892679735,0.11478567123413086,0.005912821927247028,0.005912526564344489,0.06197309494018555,1.1394786793245632e-19
0.0920250198873476,0.0875841951820268,0.09996699995752087,0.09773108006608738,0.11461544036865234,0.005912526571021809,0.005912231222815478,0.0632474422454834,1.1394983892950124e-19
0.09202427226114668,0.08758407703759752,0.0999670054511587,0.09773158116768518,0.11486172676086426,0.0059122312295802415,0.0059119358953196866,0.0627434253692627,1.1395181034680855e-19
0.09202352464428315,0.08758395889887494,0.09996701094459945,0.09773208223159481,0.11552190780639648,0.005911935902923295,0.005911640583988742,0.06266903877258301,1.139537817668924e-19
0.09202277703675876,0.08758384076585862,0.09996701643784313,0.09773258325782021,0.1152491569519043,0.005911640591047772,0.005911345287223924,0.062465667724609375,1.1395575277298544e-19
0.09202202943857524,0.08758372263854818,0.09996702193088972,0.09773308424636544,0.11527037620544434,0.005911345293953595,0.005911050004492324,0.06315898895263672,1.1395772435144188e-19
0.09202128184973439,0.08758360451694318,0.09996702742373922,0.09773358519723453,0.11414813995361328,0.00591105001164077,0.005910754737037394,0.06302881240844727,1.139596954428214e-19
0.09202053427023803,0.08758348640104319,0.09996703291639164,0.09773408611043144,0.11609864234924316,0.005910754744107547,0.005910459484326225,0.06325507164001465,1.1396166620175264e-19
0.09201978670008797,0.08758336829084781,0.09996703840884698,0.09773458698596019,0.11606216430664062,0.005910459491353508,0.005910164246358818,0.0631563663482666,1.1396363692639354e-19
0.09201903913928593,0.08758325018635663,0.09996704390110524,0.09773508782382481,0.11533308029174805,0.005910164253377219,0.005909869023312808,0.06322312355041504,1.1396560801064057e-19
0.09201829158783364,0.08758313208756921,0.0999670493931664,0.09773558862402934,0.11538171768188477,0.005909869030178966,0.00590957381501056,0.0633089542388916,1.1396757848270732e-19
0.0920175440457329,0.08758301399448513,0.0999670548850305,0.09773608938657778,0.11536860466003418,0.005909573821756969,0.005909278621274439,0.06390571594238281,1.1396954921178556e-19
0.09201679651298543,0.087582895907104,0.09996706037669752,0.09773659011147416,0.11620831489562988,0.005909278628112186,0.005908983442104443,0.06389331817626953,1.1397152024913223e-19
0.09201604898959306,0.08758277782542538,0.09996706586816745,0.09773709079872249,0.11605453491210938,0.005908983449243243,0.005908688278388752,0.06288671493530273,1.1397349042817068e-19
0.0920153014755575,0.08758265974944884,0.0999670713594403,0.09773759144832676,0.11455368995666504,0.005908688285148672,0.00590839312870628,0.06294059753417969,1.1397546040098756e-19
0.09201455397088061,0.08758254167917398,0.09996707685051608,0.09773809206029097,0.11414122581481934,0.005908393135829074,0.005908097994478112,0.06335067749023438,1.1397743123589337e-19
0.09201380647556409,0.08758242361460039,0.09996708234139479,0.09773859263461915,0.11356329917907715,0.005908098001282323,0.0059078028748160705,0.06306338310241699,1.13979401544148e-19
0.09201305898960985,0.08758230555572763,0.0999670878320764,0.09773909317131528,0.11508560180664062,0.005907802881508423,0.005907507769542519,0.06323122978210449,1.1398137162960606e-19
0.09201231151301963,0.08758218750255531,0.09996709332256096,0.09773959367038339,0.11533594131469727,0.005907507776505634,0.005907212679368001,0.06325435638427734,1.1398334182079744e-19
0.09201156404579516,0.087582069455083,0.09996709881284843,0.09774009413182749,0.11460638046264648,0.005907212686274155,0.005906917603226702,0.06313657760620117,1.1398531160003723e-19
0.09201081658793821,0.08758195141331027,0.09996710430293884,0.09774059455565161,0.11446094512939453,0.00590691761081405,0.005906622543072615,0.06351995468139648,1.1398728180523614e-19
0.0920100691394506,0.08758183337723671,0.09996710979283217,0.0977410949418597,0.11421680450439453,0.005906622550123756,0.0059063274969517465,0.06335616111755371,1.1398925171572257e-19
0.09200932170033405,0.0875817153468619,0.09996711528252844,0.09774159529045577,0.11469078063964844,0.005906327504201594,0.005906032466107547,0.06316161155700684,1.1399122162897398e-19
0.09200857427059042,0.08758159732218543,0.09996712077202763,0.09774209560144385,0.11709833145141602,0.0059060324730477835,0.005905737449118931,0.0650179386138916,1.1399319131379117e-19
0.09200782685022144,0.08758147930320687,0.09996712626132975,0.09774259587482796,0.11852812767028809,0.005905737456663681,0.005905442448117526,0.06527471542358398,1.1399516099911072e-19
0.09200707943922895,0.08758136128992582,0.0999671317504348,0.09774309611061208,0.11764264106750488,0.005905442455043748,0.00590514746114934,0.06517529487609863,1.1399713047898935e-19
0.09200633203761456,0.08758124328234186,0.09996713723934278,0.09774359630880021,0.11797070503234863,0.0059051474681899845,0.0059048524889249165,0.06513714790344238,1.1399910018265321e-19
0.09200558464538013,0.08758112528045459,0.09996714272805368,0.09774409646939637,0.11803984642028809,0.005904852496102021,0.005904557532687704,0.06502723693847656,1.140010696849802e-19
0.09200483726252742,0.08758100728426355,0.09996714821656753,0.09774459659240461,0.11762070655822754,0.005904557538776597,0.005904262589240261,0.06489014625549316,1.1400303894886407e-19
0.09200408988905824,0.08758088929376835,0.0999671537048843,0.09774509667782885,0.11822056770324707,0.005904262596217218,0.00590396766178003,0.06487607955932617,1.1400500798763586e-19
0.0920033425249743,0.08758077130896857,0.099967159193004,0.0977455967256731,0.1177370548248291,0.00590396766841997,0.0059036727487082885,0.06499338150024414,1.1400697772626402e-19
0.09200259517027735,0.08758065332986381,0.09996716468092665,0.09774609673594138,0.1171579360961914,0.005903672755384878,0.005903377850025038,0.06448793411254883,1.1400894687247148e-19
0.09200184782496919,0.08758053535645363,0.09996717016865221,0.0977465967086377,0.11712312698364258,0.005903377857111848,0.00590308296644082,0.06471133232116699,1.1401091595899517e-19
0.09200110048905169,0.08758041738873762,0.09996717565618073,0.09774709664376606,0.11677432060241699,0.005903082973599479,0.005902788097778,0.06443166732788086,1.1401288456587332e-19
0.09200035316252661,0.08758029942671536,0.09996718114351216,0.09774759654133044,0.11701154708862305,0.005902788104847276,0.005902493244391849,0.06433939933776855,1.1401485385346899e-19
0.09199960584539568,0.08758018147038645,0.09996718663064655,0.09774809640133486,0.11755084991455078,0.005902493250852877,0.005902198404683645,0.06444501876831055,1.1401682251925597e-19
0.09199885853766067,0.08758006351975044,0.09996719211758387,0.09774859622378329,0.11693000793457031,0.0059021984116176,0.005901903580429746,0.06379413604736328,1.1401879141529173e-19
0.0919981112393234,0.08757994557480693,0.09996719760432413,0.09774909600867972,0.1173403263092041,0.0059019035871396485,0.0059016087709196086,0.06403017044067383,1.14020759835754e-19
0.0919973639503856,0.08757982763555552,0.09996720309086732,0.09774959575602812,0.11764240264892578,0.005901608777418948,0.00590131397544269,0.06406116485595703,1.1402272913664745e-19
0.09199661667084916,0.08757970970199577,0.09996720857721346,0.09775009546583252,0.1174004077911377,0.005901313982454852,0.005901019195952983,0.06401920318603516,1.1402469764466916e-19
0.0919958694007158,0.08757959177412727,0.09996721406336252,0.09775059513809688,0.11759614944458008,0.005901019202245448,0.005900724429963589,0.06429028511047363,1.1402666621973793e-19
0.09199512213998727,0.0875794738519496,0.09996721954931453,0.0977510947728252,0.11795639991760254,0.0059007244367927794,0.005900429679250863,0.06409716606140137,1.1402863391781385e-19
0.09199437488866534,0.08757935593546236,0.09996722503506948,0.09775159437002148,0.11804699897766113,0.005900429686093423,0.005900134943281898,0.0643918514251709,1.1403060316198249e-19
0.09199362764675173,0.08757923802466512,0.09996723052062738,0.09775209392968973,0.11758065223693848,0.005900134950146998,0.00589984022187906,0.06397199630737305,1.140325711973099e-19
0.09199288041424823,0.08757912011955747,0.09996723600598821,0.09775259345183392,0.1179952621459961,0.005899840228954063,0.0058995455153976195,0.06456828117370605,1.1403453904871459e-19
0.0919921331911567,0.08757900222013898,0.09996724149115199,0.09775309293645809,0.11737871170043945,0.005899545522512886,0.005899250823837576,0.06435728073120117,1.140365077110512e-19
0.09199138597747876,0.08757888432640924,0.09996724697611871,0.09775359238356619,0.11782073974609375,0.00589925083082306,0.0058989561471989305,0.06451964378356934,1.1403847565483638e-19
0.0919906387732162,0.08757876643836784,0.09996725246088838,0.09775409179316223,0.1185460090637207,0.00589895615388311,0.005898661484771139,0.06427288055419922,1.1404044331368091e-19
0.0919898915783709,0.08757864855601435,0.09996725794546098,0.09775459116525018,0.11864924430847168,0.005898661491693389,0.005898366836909474,0.06409168243408203,1.1404241167004436e-19
0.09198914439294452,0.08757853067934837,0.09996726342983654,0.09775509049983404,0.11883950233459473,0.005898366844253118,0.005898072204502114,0.06412529945373535,1.1404437970119597e-19
0.09198839721693888,0.08757841280836948,0.09996726891401504,0.0977555897969178,0.11906576156616211,0.005898072211561247,0.0058977775866608795,0.06429672241210938,1.1404634734904854e-19
0.09198765005035574,0.08757829494307726,0.09996727439799649,0.09775608905650543,0.11919212341308594,0.005897777593616003,0.005897482983385771,0.06456470489501953,1.1404831538884372e-19
0.09198690289319686,0.0875781770834713,0.09996727988178088,0.09775658827860095,0.12224674224853516,0.005897482990418294,0.005897188394499153,0.06508159637451172,1.1405028260455996e-19
0.09198615574546401,0.0875780592295512,0.09996728536536822,0.09775708746320831,0.12234258651733398,0.005897188401966869,0.005896893820889204,0.06537222862243652,1.140522501711577e-19
0.09198540860715897,0.08757794138131653,0.09996729084875851,0.0977575866103315,0.12163639068603516,0.005896893828259794,0.005896599262911195,0.06527161598205566,1.140542176872376e-19
0.09198466147828357,0.08757782353876686,0.09996729633195174,0.09775808571997453,0.12264752388000488,0.0058965992692949784,0.005896304718433498,0.06537055969238281,1.1405618492422686e-19
0.0919839143588396,0.08757770570190179,0.09996730181494792,0.09775858479214136,0.12189459800720215,0.005896304725074481,0.005896010189054834,0.06545329093933105,1.1405815209329176e-19
0.09198316724882877,0.08757758787072092,0.09996730729774705,0.09775908382683599,0.12103629112243652,0.005896010195597812,0.005895715674064661,0.06537866592407227,1.1406011983207045e-19
0.09198242014825282,0.08757747004522382,0.09996731278034914,0.0977595828240624,0.12175798416137695,0.0058957156808643165,0.005895421173995885,0.0658571720123291,1.1406208672730162e-19
0.0919816730571136,0.08757735222541006,0.09996731826275417,0.09776008178382459,0.12154960632324219,0.0058954211808711745,0.005895126688670871,0.06576132774353027,1.1406405376821836e-19
0.09198092597541294,0.08757723441127925,0.09996732374496216,0.0977605807061265,0.12153792381286621,0.00589512669561938,0.0058948322180896184,0.06586503982543945,1.140660208406461e-19
0.09198017890315244,0.08757711660283096,0.0999673292269731,0.09776107959097219,0.12122750282287598,0.005894832225107795,0.0058945377624297635,0.06586647033691406,1.1406798788168282e-19
0.09197943184033393,0.08757699880006478,0.09996733470878699,0.0977615784383656,0.12101888656616211,0.0058945377693344425,0.0058942433208031275,0.06603336334228516,1.140699550945387e-19
0.09197868478695931,0.08757688100298029,0.09996734019040385,0.09776207724831067,0.11941909790039062,0.005894243328300861,0.0058939488949860674,0.06573772430419922,1.1407192186368884e-19
0.09197793774303022,0.08757676321157709,0.09996734567182365,0.09776257602081141,0.11910367012023926,0.005893948902004543,0.005893654483379862,0.06554007530212402,1.1407388827534734e-19
0.09197719070854841,0.08757664542585473,0.09996735115304642,0.09776307475587177,0.11916661262512207,0.005893654490445582,0.00589336008687269,0.06542515754699707,1.1407585506983208e-19
0.09197644368351567,0.08757652764581283,0.09996735663407214,0.09776357345349582,0.11927914619445801,0.005893360093622741,0.005893065704576372,0.06548428535461426,1.140778218877619e-19
0.09197569666793379,0.08757640987145096,0.0999673621149008,0.09776407211368741,0.11872458457946777,0.0058930657115357265,0.005892771337201452,0.06537914276123047,1.14079787849814e-19
0.09197494966180457,0.08757629210276871,0.09996736759553244,0.09776457073645062,0.11873745918273926,0.00589277134418318,0.005892476984392658,0.0652778148651123,1.1408175448145675e-19
0.09197420266512984,0.08757617433976565,0.09996737307596704,0.09776506932178941,0.11841511726379395,0.005892476991564918,0.0058921826466828975,0.06516146659851074,1.1408372144483406e-19
0.09197345567791135,0.08757605658244139,0.09996737855620458,0.09776556786970773,0.11859679222106934,0.0058921826536812195,0.005891888323539263,0.06553220748901367,1.1408568758586204e-19
0.09197270870015077,0.08757593883079548,0.09996738403624508,0.09776606638020957,0.1190793514251709,0.005891888330528719,0.005891594015494661,0.06532430648803711,1.1408765350761199e-19
0.09197196173184997,0.08757582108482753,0.09996738951608855,0.09776656485329893,0.11909055709838867,0.005891594022107273,0.005891299721128007,0.06544804573059082,1.1408961970961565e-19
0.09197121477301069,0.08757570334453711,0.09996739499573497,0.0977670632889798,0.11865711212158203,0.005891299728418262,0.005891005442393293,0.06515264511108398,1.140915855527426e-19
0.09197046782363469,0.08757558560992383,0.09996740047518436,0.09776756168725609,0.11873769760131836,0.005891005449459463,0.005890711178579977,0.06495809555053711,1.1409355199510568e-19
0.09196972088372378,0.08757546788098723,0.0999674059544367,0.09776806004813184,0.11849164962768555,0.0058907111852299025,0.005890416928444608,0.06522655487060547,1.1409551795812345e-19
0.09196897395327971,0.08757535015772694,0.09996741143349201,0.097768558371611,0.11922073364257812,0.005890416935731198,0.005890122694296451,0.0652167797088623,1.1409748371988533e-19
0.09196822703230427,0.08757523244014254,0.0999674169123503,0.09776905665769754,0.11902737617492676,0.005890122700958467,0.0058898284740038775,0.06514382362365723,1.1409944954596948e-19
0.09196748012079914,0.08757511472823358,0.09996742239101153,0.09776955490639543,0.1189584732055664,0.005889828480913778,0.005889534268632701,0.06503963470458984,1.1410141563352596e-19
0.09196673321876614,0.08757499702199968,0.09996742786947573,0.0977700531177086,0.11870765686035156,0.005889534275596001,0.005889240078182922,0.06471729278564453,1.1410338094322608e-19
0.09196598632620702,0.08757487932144042,0.09996743334774288,0.09777055129164104,0.11871528625488281,0.00588924008500409,0.005888945902476905,0.06496310234069824,1.1410534657861817e-19
0.09196523944312358,0.08757476162655539,0.09996743882581302,0.09777104942819674,0.1184840202331543,0.005888945909136638,0.0058886517406264716,0.06461381912231445,1.1410731186108343e-19
0.09196449256951758,0.08757464393734415,0.09996744430368612,0.09777154752737965,0.11839056015014648,0.005888651747995299,0.005888357594585614,0.06461405754089355,1.1410927708925998e-19
0.09196374570539079,0.08757452625380631,0.09996744978136218,0.09777204558919378,0.11791086196899414,0.005888357601577176,0.005888063462577975,0.06450557708740234,1.1411124253233282e-19
0.09196299885074502,0.08757440857594147,0.09996745525884121,0.09777254361364306,0.11768150329589844,0.0058880634698823394,0.005887769346202276,0.06441760063171387,1.1411320825705108e-19
0.09196225200558207,0.08757429090374919,0.09996746073612321,0.09777304160073144,0.1174919605255127,0.005887769352909264,0.005887475243859797,0.06437540054321289,1.1411517286390999e-19
0.09196150516990372,0.08757417323722906,0.09996746621320819,0.09777353955046295,0.1175537109375,0.00588747525065762,0.00588718115661635,0.0641484260559082,1.1411713823938842e-19
0.09196075834371167,0.08757405557638068,0.09996747169009614,0.09777403746284151,0.11789345741271973,0.005887181163127628,0.005886887083228487,0.06392168998718262,1.1411910348079653e-19
0.09196001152700767,0.08757393792120362,0.09996747716678704,0.09777453533787109,0.1183319091796875,0.00588688709031764,0.005886593025117293,0.06406903266906738,1.1412106809945397e-19
0.09195926471979356,0.08757382027169747,0.09996748264328092,0.09777503317555565,0.11856889724731445,0.005886593032227188,0.0058862989821051315,0.06426453590393066,1.1412303315068888e-19
0.09195851792207109,0.08757370262786181,0.09996748811957777,0.09777553097589921,0.11903119087219238,0.005886298988854521,0.005886004953303825,0.06397604942321777,1.1412499802035792e-19
0.09195777113384203,0.08757358498969624,0.0999674935956776,0.09777602873890573,0.11947035789489746,0.005886004960199928,0.005885710939423916,0.06406998634338379,1.1412696236513342e-19
0.09195702435510811,0.08757346735720033,0.09996749907158038,0.09777652646457914,0.11916708946228027,0.005885710946262318,0.005885416939754862,0.06420326232910156,1.1412892753894582e-19
0.09195627758587116,0.08757334973037369,0.09996750454728616,0.09777702415292346,0.11909222602844238,0.005885416947041948,0.005885122955540112,0.0642862319946289,1.1413089176080734e-19
0.09195553082613289,0.08757323210921589,0.09996751002279491,0.09777752180394263,0.11932206153869629,0.005885122962536093,0.005884828985891488,0.06432437896728516,1.1413285651632247e-19
0.09195478407589514,0.08757311449372651,0.09996751549810665,0.09777801941764061,0.11853718757629395,0.00588482899274496,0.005884535030631355,0.06374549865722656,1.141348214192582e-19
0.09195403733515965,0.08757299688390516,0.09996752097322135,0.09777851699402137,0.11903238296508789,0.005884535037667902,0.005884241089937348,0.06438398361206055,1.1413678529195804e-19
0.09195329060392819,0.0875728792797514,0.09996752644813904,0.09777901453308888,0.11882233619689941,0.005884241097305511,0.005883947164697645,0.06447362899780273,1.1413874985505527e-19
0.09195254388220252,0.08757276168126482,0.0999675319228597,0.0977795120348471,0.11857414245605469,0.005883947171654305,0.005883653253668797,0.0643453598022461,1.1414071404786317e-19
0.09195179716998443,0.08757264408844502,0.09996753739738334,0.09778000949929992,0.11903619766235352,0.00588365326071556,0.005883359357383711,0.06410360336303711,1.1414267796587721e-19
0.09195105046727571,0.08757252650129158,0.09996754287170996,0.09778050692645136,0.11909794807434082,0.005883359364488939,0.005883065475842386,0.0639200210571289,1.1414464224436162e-19
0.09195030377407808,0.08757240891980408,0.09996754834583955,0.09778100431630538,0.11781692504882812,0.00588306548297266,0.005882771608689552,0.06360888481140137,1.141466062718522e-19
0.09194955709039329,0.08757229134398213,0.09996755381977213,0.09778150166886591,0.1175694465637207,0.005882771616166352,0.005882477757168658,0.06387138366699219,1.1414857038354575e-19
0.09194881041622315,0.0875721737738253,0.09996755929350767,0.09778199898413689,0.11813879013061523,0.005882477764067819,0.005882183919858619,0.06393575668334961,1.1415053400355813e-19
0.0919480637515694,0.08757205620933317,0.09996756476704621,0.09778249626212232,0.1185770034790039,0.00588218392667739,0.005881890097114706,0.0639350414276123,1.141524979337224e-19
0.09194731709643382,0.08757193865050533,0.09996757024038773,0.09778299350282608,0.1186830997467041,0.0058818901039943755,0.005881596289469826,0.0636284351348877,1.1415446154832665e-19
0.09194657045081824,0.08757182109734139,0.09996757571353222,0.09778349070625221,0.11879467964172363,0.005881596296018017,0.005881302495680529,0.06377935409545898,1.1415642510141503e-19
0.09194582381472435,0.08757170354984091,0.09996758118647969,0.09778398787240462,0.11881875991821289,0.005881302502749262,0.005881008716457359,0.06391644477844238,1.1415838901969914e-19
0.09194507718815403,0.08757158600800348,0.09996758665923015,0.09778448500128724,0.11900687217712402,0.005881008724187716,0.0058807149533990355,0.0638880729675293,1.1416035236060142e-19
0.09194433057110904,0.08757146847182867,0.0999675921317836,0.09778498209290404,0.11892914772033691,0.005880714960328511,0.00588042120401866,0.06397533416748047,1.1416231603335096e-19
0.09194358396359115,0.0875713509413161,0.09996759760414005,0.097785479147259,0.11778807640075684,0.005880421211173406,0.005880127469559682,0.06336188316345215,1.1416427902172144e-19
0.09194283736560208,0.08757123341646535,0.09996760307629948,0.09778597616435607,0.1174628734588623,0.005880127476721225,0.005879833750022101,0.06348204612731934,1.1416624245709715e-19
0.09194209077714355,0.08757111589727598,0.0999676085482619,0.09778647314419917,0.11592626571655273,0.005879833756971258,0.005879540044873011,0.06400918960571289,1.1416820569410362e-19
0.0919413441982174,0.0875709983837476,0.0999676140200273,0.0977869700867923,0.11790728569030762,0.00587954005192314,0.005879246354467682,0.06389427185058594,1.141701686437734e-19
0.09194059762882541,0.08757088087587979,0.09996761949159567,0.09778746699213942,0.11853456497192383,0.005879246361575674,0.005878952679339022,0.06427526473999023,1.14172131800135e-19
0.09193985106896939,0.08757076337367216,0.09996762496296706,0.09778796386024442,0.11754965782165527,0.005878952685926548,0.005878659018065946,0.06421732902526855,1.14174094918919e-19
0.09193910451865106,0.08757064587712428,0.09996763043414142,0.09778846069111127,0.11632943153381348,0.005878659024978078,0.005878365372069538,0.06324625015258789,1.1417605776405547e-19
0.09193835797787213,0.08757052838623575,0.09996763590511877,0.09778895748474395,0.11445426940917969,0.0058783653787281035,0.00587807174010635,0.0626683235168457,1.1417802066205046e-19
0.09193761144663436,0.08757041090100615,0.09996764137589911,0.09778945424114642,0.11414194107055664,0.00587807174717596,0.00587777812341983,0.06252264976501465,1.1417998325183048e-19
0.0919368649249395,0.08757029342143506,0.09996764684648245,0.09778995096032264,0.11308097839355469,0.005877778130321521,0.005877484521121801,0.06289482116699219,1.1418194563768586e-19
0.09193611841278941,0.08757017594752207,0.09996765231686877,0.09779044764227651,0.11253571510314941,0.0058774845281641,0.00587719093410044,0.06275820732116699,1.1418390864072126e-19
0.09193537191018587,0.08757005847926679,0.0999676577870581,0.097790944287012,0.11229324340820312,0.005877190940700834,0.005876897360757027,0.06246781349182129,1.1418587116302408e-19
0.09193462541713061,0.08756994101666876,0.09996766325705042,0.09779144089453302,0.11261534690856934,0.005876897367933783,0.00587660380322319,0.0627603530883789,1.1418783369808848e-19
0.09193387893362545,0.0875698235597276,0.09996766872684573,0.09779193746484359,0.11362171173095703,0.005876603809859471,0.0058763102597225725,0.06304740905761719,1.141897966634144e-19
0.09193313245967205,0.08756970610844289,0.09996767419644403,0.09779243399794757,0.11307644844055176,0.005876310266479552,0.005876016730432809,0.0631723403930664,1.141917583350421e-19
0.09193238599527227,0.08756958866281422,0.09996767966584534,0.09779293049384896,0.11352372169494629,0.005876016737793615,0.005875723216242079,0.0623164176940918,1.141937205445393e-19
0.09193163954042781,0.08756947122284117,0.09996768513504964,0.09779342695255169,0.11347246170043945,0.005875723223800286,0.005875429717505654,0.06344437599182129,1.1419568340993084e-19
0.09193089309514045,0.08756935378852333,0.09996769060405693,0.09779392337405968,0.11421346664428711,0.005875429724496397,0.005875136232624811,0.0635831356048584,1.1419764502052096e-19
0.09193014665941199,0.08756923635986029,0.09996769607286721,0.09779441975837688,0.11242079734802246,0.005875136239883283,0.005874842763198274,0.062464237213134766,1.141996071067661e-19
0.09192940023324428,0.08756911893685165,0.09996770154148049,0.09779491610550727,0.11238336563110352,0.005874842769959795,0.0058745493074496835,0.06283307075500488,1.1420156910871771e-19
0.091928653816639,0.08756900151949701,0.09996770700989677,0.09779541241545478,0.11276650428771973,0.0058745493147255995,0.005874255866977762,0.06236767768859863,1.1420353122305978e-19
0.091927907409598,0.08756888410779592,0.09996771247811605,0.09779590868822334,0.11238574981689453,0.005874255874179961,0.005873962441249603,0.06300210952758789,1.1420549274177702e-19
0.09192716101212305,0.08756876670174799,0.09996771794613832,0.09779640492381694,0.11333179473876953,0.005873962448321759,0.005873669030620476,0.06327652931213379,1.1420745433939903e-19
0.09192641462421582,0.08756864930135279,0.0999677234139636,0.09779690112223949,0.11158323287963867,0.005873669037149593,0.005873375633846933,0.0622711181640625,1.1420941611473643e-19
0.09192566824587814,0.08756853190660993,0.09996772888159187,0.0977973972834949,0.11173844337463379,0.005873375640664382,0.0058730822521724235,0.06205105781555176,1.1421137774264795e-19
0.09192492187711175,0.08756841451751901,0.09996773434902315,0.09779789340758717,0.11141228675842285,0.005873082258863139,0.005872788884531133,0.06196022033691406,1.142133390327663e-19
0.0919241755179184,0.08756829713407958,0.09996773981625742,0.0977983894945202,0.11231565475463867,0.005872788891747789,0.005872495531988875,0.06208515167236328,1.1421530046398656e-19
0.09192342916829985,0.08756817975629125,0.0999677452832947,0.09779888554429791,0.11231064796447754,0.005872495539316192,0.005872202194012743,0.062154531478881836,1.1421726185160383e-19
0.09192268282825779,0.08756806238415359,0.09996775075013499,0.09779938155692426,0.11239910125732422,0.005872202201568979,0.005871908871490916,0.06212759017944336,1.142192236528672e-19
0.09192193649779412,0.08756794501766622,0.09996775621677828,0.09779987753240317,0.11268806457519531,0.00587190887850307,0.0058716155633575795,0.0621798038482666,1.1422118490633502e-19
0.09192119017691053,0.0875678276568287,0.09996776168322458,0.0978003734707386,0.11287617683410645,0.005871615570117695,0.005871322269079826,0.06187248229980469,1.1422314555879644e-19
0.09192044386560881,0.08756771030164064,0.09996776714947388,0.09780086937193448,0.11364412307739258,0.005871322276413901,0.005871028990789284,0.06217813491821289,1.142251064878663e-19
0.09191969756389078,0.0875675929521016,0.09996777261552618,0.09780136523599475,0.11283016204833984,0.005871028997389408,0.00587073572617669,0.06265068054199219,1.1422706804970818e-19
0.09191895127175811,0.08756747560821122,0.0999677780813815,0.09780186106292336,0.11383986473083496,0.005870735733045028,0.005870442476663129,0.06241488456726074,1.1422902878646064e-19
0.09191820498921273,0.08756735826996906,0.09996778354703983,0.09780235685272423,0.1144876480102539,0.005870442483378863,0.0058701492415380585,0.06275033950805664,1.1423099018061977e-19
0.09191745871625634,0.08756724093737468,0.09996778901250117,0.09780285260540128,0.1125333309173584,0.00587014924839196,0.00586985602115675,0.062197208404541016,1.1423295054112903e-19
0.09191671245289071,0.0875671236104277,0.0999677944777655,0.09780334832095844,0.1133580207824707,0.005869856028082208,0.005869562815341567,0.06234335899353027,1.1423491083656515e-19
0.0919159661991176,0.08756700628912771,0.09996779994283285,0.09780384399939968,0.11272740364074707,0.005869562822449525,0.005869269624803053,0.0627291202545166,1.1423687201304472e-19
0.09191521995493876,0.0875668889734743,0.09996780540770321,0.09780433964072892,0.11368966102600098,0.005869269631492506,0.005868976448297758,0.06255221366882324,1.1423883225558837e-19
0.09191447372035598,0.08756677166346703,0.09996781087237658,0.09780483524495007,0.11356568336486816,0.0058689764552097845,0.0058686832867138605,0.06258010864257812,1.1424079308783263e-19
0.09191372749537105,0.08756665435910553,0.09996781633685296,0.09780533081206708,0.11251068115234375,0.005868683293601901,0.005868390139340818,0.06275272369384766,1.142427531704693e-19
0.0919129812799858,0.08756653706038936,0.09996782180113237,0.09780582634208386,0.11287784576416016,0.005868390146668532,0.005868097007066808,0.06284832954406738,1.1424471352885158e-19
0.09191223507420196,0.08756641976731812,0.09996782726521476,0.09780632183500437,0.11338376998901367,0.005868097014406915,0.005867803890247103,0.06314396858215332,1.1424667376554647e-19
0.09191148887802117,0.0875663024798914,0.09996783272910018,0.09780681729083254,0.11306619644165039,0.005867803896816209,0.005867510786750074,0.06260848045349121,1.1424863402610888e-19
0.09191074269144522,0.0875661851981088,0.09996783819278861,0.09780731270957227,0.11300826072692871,0.005867510793898466,0.00586721769870735,0.06267857551574707,1.1425059416517827e-19
0.0919099965144759,0.08756606792196989,0.09996784365628006,0.09780780809122752,0.11310815811157227,0.005867217705651536,0.005866924624697845,0.06208992004394531,1.1425255451007556e-19
0.09190925034711497,0.08756595065147425,0.09996784911957453,0.0978083034358022,0.1130530834197998,0.0058669246320747865,0.005866631565965008,0.06177639961242676,1.1425451391529886e-19
0.09190850418936422,0.08756583338662151,0.099967854582672,0.09780879874330023,0.11356115341186523,0.005866631573166405,0.005866338522153569,0.062126874923706055,1.1425647417232986e-19
0.09190775804122543,0.08756571612741122,0.0999678600455725,0.09780929401372551,0.1127009391784668,0.005866338528925599,0.005866045492197713,0.06180763244628906,1.1425843436109245e-19
0.09190701190270036,0.08756559887384299,0.09996786550827601,0.09780978924708202,0.1150200366973877,0.005866045499352774,0.005865752477518527,0.06170845031738281,1.1426039324823175e-19
0.09190626577379084,0.08756548162591642,0.09996787097078254,0.09781028444337364,0.11499905586242676,0.005865752484447072,0.005865459476872559,0.062102556228637695,1.1426235357136833e-19
0.09190551965449854,0.08756536438363106,0.09996787643309209,0.09781077960260431,0.11354708671569824,0.005865459484208177,0.005865166491680895,0.06170511245727539,1.1426431332122484e-19
0.09190477354482524,0.08756524714698655,0.09996788189520465,0.09781127472477795,0.11453652381896973,0.0058651664986332985,0.005864873521055358,0.062352895736694336,1.1426627216867415e-19
0.0919040274447726,0.08756512991598243,0.09996788735712024,0.0978117698098985,0.11359572410583496,0.00586487352772397,0.00586458056446304,0.06264638900756836,1.1426823187278913e-19
0.09190328135434252,0.08756501269061834,0.09996789281883885,0.09781226485796987,0.11466193199157715,0.005864580571478939,0.005864287622969755,0.06231355667114258,1.1427019146227832e-19
0.09190253527353676,0.08756489547089383,0.09996789828036047,0.097812759868996,0.11546015739440918,0.0058642876298963835,0.005863994696042596,0.06316590309143066,1.1427215090017265e-19
0.09190178920235713,0.0875647782568085,0.09996790374168511,0.09781325484298081,0.11422872543334961,0.005863994702978182,0.005863701783503927,0.06328034400939941,1.1427411022793666e-19
0.09190104314080538,0.08756466104836194,0.09996790920281277,0.09781374977992822,0.1141355037689209,0.005863701790721441,0.005863408885531385,0.0633387565612793,1.1427606952506932e-19
0.09190029708888321,0.08756454384555375,0.09996791466374345,0.09781424467984214,0.11471843719482422,0.005863408893126617,0.0058631160031907825,0.06379485130310059,1.142780285527752e-19
0.0918995510465924,0.0875644266483835,0.09996792012447717,0.09781473954272649,0.1141812801361084,0.00586311601019167,0.005862823135061035,0.06353902816772461,1.1427998728272674e-19
0.09189880501393478,0.08756430945685079,0.0999679255850139,0.09781523436858518,0.11385774612426758,0.005862823141914842,0.005862530281319778,0.0634911060333252,1.1428194592938526e-19
0.09189805899091207,0.08756419227095522,0.09996793104535366,0.09781572915742212,0.11258769035339355,0.005862530288297419,0.005862237442499918,0.06231999397277832,1.1428390544431494e-19
0.09189731297752599,0.08756407509069637,0.09996793650549646,0.09781622390924123,0.11230063438415527,0.005862237449337987,0.005861944618068549,0.06242656707763672,1.1428586435101382e-19
0.09189656697377836,0.08756395791607384,0.09996794196544227,0.09781671862404642,0.11263108253479004,0.0058619446250355225,0.005861651808203305,0.06299138069152832,1.142878229717936e-19
0.09189582097967103,0.08756384074708722,0.0999679474251911,0.09781721330184161,0.1118166446685791,0.005861651815390571,0.005861359013437095,0.06260371208190918,1.1428978121613964e-19
0.09189507499520574,0.08756372358373607,0.09996795288474297,0.09781770794263071,0.11306929588317871,0.005861359020401135,0.0058610662330593755,0.06260275840759277,1.1429174034965782e-19
0.09189432902038429,0.08756360642602001,0.09996795834409786,0.09781820254641768,0.11321115493774414,0.005861066240067047,0.0058607734679583245,0.06241607666015625,1.1429369842202964e-19
0.09189358305520841,0.08756348927393863,0.09996796380325577,0.0978186971132064,0.11237359046936035,0.0058607734743869,0.005860480716535221,0.06249237060546875,1.1429565665664746e-19
0.09189283709967988,0.0875633721274915,0.09996796926221674,0.09781919164300082,0.11228036880493164,0.005860480723360383,0.0058601879805664225,0.06281423568725586,1.1429761545355565e-19
0.09189209115380043,0.08756325498667825,0.09996797472098073,0.09781968613580488,0.11155247688293457,0.005860187986986017,0.005859895258630843,0.06242060661315918,1.142995735069578e-19
0.09189134521757171,0.08756313785149843,0.09996798017954776,0.09782018059162248,0.11276364326477051,0.0058598952652647645,0.005859602551261389,0.06230306625366211,1.1430153200264316e-19
0.09189059929099566,0.08756302072195163,0.09996798563791782,0.09782067501045749,0.11345696449279785,0.005859602558195292,0.005859309858813333,0.06267285346984863,1.1430348967191187e-19
0.09188985337407395,0.08756290359803746,0.09996799109609092,0.09782116939231388,0.11176657676696777,0.0058593098657771445,0.005859017181109039,0.06281661987304688,1.1430544753436932e-19
0.0918891074668083,0.08756278647975552,0.09996799655406703,0.09782166373719553,0.11134958267211914,0.0058590171880075455,0.00585872451797087,0.06201601028442383,1.143074063648406e-19
0.09188836156920058,0.08756266936710537,0.09996800201184618,0.09782215804510641,0.11141514778137207,0.0058587245248878095,0.005858431869398828,0.0620121955871582,1.1430936392859735e-19
0.09188761568125246,0.08756255226008662,0.09996800746942835,0.09782265231605042,0.11225390434265137,0.005858431876418155,0.0058581392355705475,0.06217241287231445,1.1431132121906658e-19
0.0918868698029658,0.08756243515869887,0.09996801292681358,0.09782314655003142,0.11208128929138184,0.0058581392425949,0.0058578466168413,0.062139034271240234,1.143132801198258e-19
0.09188612393434231,0.08756231806294168,0.09996801838400184,0.09782364074705337,0.1126413345336914,0.005857846623417551,0.0058575540117900005,0.062291860580444336,1.1431523762850532e-19
0.09188537807538381,0.08756220097281467,0.09996802384099313,0.09782413490712016,0.11168074607849121,0.005857554018888192,0.005857261421837734,0.06216573715209961,1.143171950056048e-19
0.09188463222609201,0.08756208388831742,0.09996802929778745,0.09782462903023569,0.1116032600402832,0.005857261429003975,0.0058569688464515934,0.06271624565124512,1.1431915270301873e-19
0.09188388638646873,0.08756196680944953,0.09996803475438482,0.09782512311640386,0.11186003684997559,0.005856968853765199,0.005856676286342122,0.06213092803955078,1.1432110988771807e-19
0.09188314055651572,0.08756184973621059,0.09996804021078522,0.09782561716562856,0.11238765716552734,0.0058566762931701035,0.0058563837406211405,0.06248140335083008,1.1432306740825577e-19
0.09188239473623473,0.08756173266860018,0.09996804566698866,0.09782611117791372,0.1118478775024414,0.005856383747218579,0.005856091208933378,0.0625920295715332,1.1432502456569485e-19
0.09188164892562757,0.0875616156066179,0.09996805112299514,0.09782660515326325,0.11137676239013672,0.005856091215909358,0.005855798692344649,0.06180763244628906,1.1432698214271793e-19
0.09188090312469603,0.08756149855026335,0.09996805657880467,0.09782709909168102,0.11210465431213379,0.0058557986992429124,0.005855506190499682,0.06275367736816406,1.1432893910881053e-19
0.09188015733344174,0.08756138149953613,0.09996806203441723,0.09782759299317095,0.11225271224975586,0.005855506197216874,0.005855213702687934,0.061888694763183594,1.143308963743595e-19
0.09187941155186663,0.08756126445443578,0.09996806748983285,0.09782808685773699,0.1123056411743164,0.0058552137098325605,0.005854921229619947,0.06260108947753906,1.1433285339453547e-19
0.09187866577997242,0.08756114741496192,0.0999680729450515,0.09782858068538303,0.11156272888183594,0.0058549212370885735,0.005854628771828629,0.062165021896362305,1.1433481023727343e-19
0.09187792001776078,0.08756103038111415,0.09996807840007321,0.09782907447611294,0.11231613159179688,0.005854628778982462,0.005854336328958709,0.062252044677734375,1.1433676765362756e-19
0.09187717426523354,0.08756091335289205,0.09996808385489796,0.09782956822993065,0.11182475090026855,0.005854336335513448,0.005854043900122008,0.062207698822021484,1.1433872414701606e-19
0.09187642852239242,0.08756079633029522,0.09996808930952575,0.09783006194684006,0.11206936836242676,0.005854043906682515,0.00585375148514089,0.06265711784362793,1.1434068093019364e-19
0.09187568278923929,0.08756067931332323,0.09996809476395659,0.09783055562684506,0.11147761344909668,0.005853751492488992,0.005853459085791712,0.062168121337890625,1.1434263726097727e-19
0.0918749370657759,0.08756056230197572,0.09996810021819048,0.09783104926994955,0.11185503005981445,0.005853459092931413,0.005853166700831025,0.062264442443847656,1.1434459394121859e-19
0.09187419135200396,0.08756044529625225,0.09996810567222743,0.09783154287615746,0.11203122138977051,0.005853166708008369,0.005852874330969371,0.06306219100952148,1.1434655042940077e-19
0.0918734456479253,0.08756032829615239,0.09996811112606742,0.09783203644547268,0.11195778846740723,0.005852874337720795,0.005852581975140936,0.0628812313079834,1.1434850722804816e-19
0.09187269995354158,0.08756021130167577,0.09996811657971046,0.09783252997789912,0.1128072738647461,0.0058525819820662945,0.0058522896340562625,0.06372714042663574,1.143504636319412e-19
0.0918719542688546,0.08756009431282195,0.09996812203315654,0.09783302347344064,0.1128702163696289,0.005852289641045431,0.0058519973078929866,0.06285715103149414,1.143524198794018e-19
0.09187120859386617,0.08755997732959055,0.09996812748640567,0.09783351693210114,0.11278820037841797,0.005851997314656507,0.005851704995940565,0.06356430053710938,1.1435437586299289e-19
0.09187046292857802,0.08755986035198113,0.09996813293945785,0.09783401035388457,0.1141211986541748,0.005851705002899473,0.00585141269855427,0.06407046318054199,1.1435633184280588e-19
0.0918697172729919,0.0875597433799933,0.09996813839231308,0.09783450373879482,0.11249566078186035,0.0058514127057739335,0.005851120416444644,0.06305551528930664,1.1435828796589675e-19
0.09186897162710954,0.08755962641362663,0.09996814384497135,0.09783499708683578,0.11331367492675781,0.005851120423277806,0.005850828148190601,0.06341218948364258,1.1436024398082578e-19
0.09186822599093271,0.08755950945288075,0.09996814929743268,0.09783549039801133,0.11319136619567871,0.005850828155411692,0.005850535895035591,0.06294655799865723,1.143622000999197e-19
0.09186748036446322,0.08755939249775525,0.09996815474969707,0.09783598367232532,0.11310863494873047,0.005850535902174483,0.005850243656801979,0.06381583213806152,1.1436415632883581e-19
0.09186673474770288,0.08755927554824972,0.09996816020176451,0.09783647690978173,0.11380481719970703,0.005850243663564446,0.00584995143242395,0.06383085250854492,1.1436611183820792e-19
0.0918659891406534,0.08755915860436374,0.099968165653635,0.09783697011038439,0.1122291088104248,0.00584995143958227,0.005849659223500225,0.06290316581726074,1.143680676553137e-19
0.09186524354331661,0.08755904166609689,0.09996817110530855,0.09783746327413721,0.11247873306274414,0.005849659230226399,0.005849367028787356,0.06316876411437988,1.1437002308584703e-19
0.09186449795569424,0.08755892473344878,0.09996817655678515,0.0978379564010441,0.1125802993774414,0.0058493670354952025,0.005849074848462976,0.06286978721618652,1.1437197860948525e-19
0.091863752377788,0.08755880780641902,0.0999681820080648,0.09783844949110895,0.11308860778808594,0.005849074855390311,0.0058487826823494515,0.06285905838012695,1.1437393452149829e-19
0.09186300680959963,0.08755869088500717,0.09996818745914751,0.09783894254433569,0.11252355575561523,0.0058487826899110106,0.005848490531512596,0.06258440017700195,1.1437588985237716e-19
0.0918622612511309,0.08755857396921285,0.09996819291003327,0.09783943556072819,0.11287164688110352,0.00584849053905419,0.005848198395774773,0.06256914138793945,1.1437784511598096e-19
0.09186151570238356,0.08755845705903563,0.0999681983607221,0.0978399285402903,0.11374044418334961,0.005848198402820374,0.005847906274247805,0.06272411346435547,1.1437980022258762e-19
0.09186077016335938,0.08755834015447511,0.09996820381121398,0.09784042148302596,0.11319494247436523,0.005847906281208212,0.005847614167642234,0.062417030334472656,1.1438175556733766e-19
0.0918600246340602,0.08755822325553088,0.09996820926150891,0.09784091438893902,0.11493372917175293,0.005847614174216572,0.005847322074892247,0.06240224838256836,1.143837109855388e-19
0.09185927911448778,0.08755810636220254,0.09996821471160693,0.09784140725803336,0.11461043357849121,0.005847322081846528,0.005847029997241293,0.06374979019165039,1.143856658207731e-19
0.09185853360464388,0.08755798947448969,0.09996822016150798,0.09784190009031292,0.11565756797790527,0.005847030004096246,0.005846737934156465,0.06388521194458008,1.1438762058730928e-19
0.09185778810453023,0.08755787259239191,0.0999682256112121,0.0978423928857816,0.11519742012023926,0.005846737940964995,0.005846445885993035,0.06348490715026855,1.1438957597400673e-19
0.09185704261414857,0.08755775571590879,0.09996823106071928,0.09784288564444324,0.11379671096801758,0.005846445892451401,0.005846153851685187,0.0631723403930664,1.1439153030302218e-19
0.09185629713350074,0.08755763884503992,0.09996823651002953,0.09784337836630173,0.11478924751281738,0.0058461538585560776,0.005845861832654009,0.06273341178894043,1.1439348524388055e-19
0.0918555516625884,0.0875575219797849,0.09996824195914285,0.09784387105136096,0.11437749862670898,0.005845861839277319,0.005845569827478414,0.06412887573242188,1.143954400327344e-19
0.09185480620141336,0.08755740512014333,0.09996824740805922,0.09784436369962479,0.11653757095336914,0.005845569834615005,0.005845277838112395,0.06435632705688477,1.1439739443638454e-19
0.09185406074997746,0.08755728826611478,0.09996825285677867,0.09784485631109718,0.11535763740539551,0.005845277844567389,0.005844985862246688,0.06379842758178711,1.143993491547716e-19
0.09185331530828239,0.08755717141769884,0.09996825830530118,0.09784534888578202,0.11414980888366699,0.005844985869136108,0.005844693901657649,0.06363677978515625,1.144013041977342e-19
0.09185256987632995,0.08755705457489511,0.09996826375362675,0.09784584142368308,0.1149904727935791,0.005844693908317731,0.005844401954924194,0.06384730339050293,1.144032582029135e-19
0.091851824454122,0.0875569377377032,0.09996826920175537,0.09784633392480431,0.1153879165649414,0.005844401962113569,0.005844110023467408,0.06404900550842285,1.1440521230041937e-19
0.09185107904166012,0.0875568209061227,0.09996827464968708,0.09784682638914963,0.115386962890625,0.0058441100305225875,0.005843818106043841,0.0639040470123291,1.1440716705119853e-19
0.09185033363894625,0.08755670408015319,0.09996828009742185,0.09784731881672287,0.11523151397705078,0.005843818113543948,0.005843526204074578,0.06357049942016602,1.1440912077405713e-19
0.09184958824598202,0.08755658725979429,0.09996828554495968,0.0978478112075279,0.11517834663391113,0.005843526211175647,0.005843234315960899,0.06351017951965332,1.144110750207447e-19
0.09184884286276927,0.08755647044504558,0.09996829099230059,0.09784830356156865,0.11482000350952148,0.0058432343234186045,0.005842942443301524,0.06286120414733887,1.1441302906899398e-19
0.09184809748930971,0.08755635363590664,0.09996829643944458,0.09784879587884897,0.1159205436706543,0.005842942450269722,0.0058426505846753685,0.06295204162597656,1.1441498321029487e-19
0.09184735212560512,0.08755623683237708,0.09996830188639162,0.09784928815937276,0.1147470474243164,0.005842650591730953,0.005842358741148246,0.06358456611633301,1.1441693712886322e-19
0.09184660677165725,0.08755612003445647,0.09996830733314174,0.0978497804031439,0.1156766414642334,0.00584235874779889,0.005842066911654342,0.06317424774169922,1.144188907393271e-19
0.09184586142746795,0.08755600324214441,0.09996831277969494,0.09785027261016631,0.11587810516357422,0.00584206691847349,0.005841775097259472,0.06304788589477539,1.1442084438239354e-19
0.09184511609303893,0.0875558864554405,0.0999683182260512,0.09785076478044384,0.11380505561828613,0.00584177510375528,0.00584148329689782,0.06286001205444336,1.144227982907602e-19
0.09184437076837193,0.08755576967434435,0.09996832367221054,0.09785125691398035,0.11600089073181152,0.0058414833036429204,0.005841191511812838,0.06272363662719727,1.1442475134578902e-19
0.09184362545346866,0.08755565289885554,0.09996832911817294,0.09785174901077973,0.11548447608947754,0.005841191518134703,0.005840899740405803,0.06360244750976562,1.1442670547085895e-19
0.09184288014833092,0.08755553612897368,0.09996833456393842,0.09785224107084584,0.11661100387573242,0.005840899747231566,0.005840607984275437,0.06345391273498535,1.1442865849905228e-19
0.09184213485296054,0.08755541936469834,0.09996834000950697,0.09785273309418258,0.11645698547363281,0.005840607990932744,0.0058403162421782895,0.06267404556274414,1.1443061226300832e-19
0.0918413895673592,0.08755530260602913,0.0999683454548786,0.09785322508079385,0.11504817008972168,0.00584031624923724,0.0058400245151801755,0.06276345252990723,1.1443256523869608e-19
0.09184064429152873,0.08755518585296564,0.0999683509000533,0.09785371703068352,0.1159055233001709,0.005840024522145247,0.005839732802748188,0.06307172775268555,1.1443451888684946e-19
0.09183989902547099,0.08755506910550745,0.09996835634503107,0.0978542089438555,0.11677098274230957,0.005839732809654339,0.0058394411050599615,0.06349325180053711,1.1443647167747573e-19
0.09183915376918757,0.08755495236365415,0.09996836178981192,0.09785470082031363,0.11623835563659668,0.005839441111763151,0.005839149421404954,0.06323957443237305,1.1443842456890013e-19
0.09183840852268035,0.08755483562740535,0.09996836723439585,0.09785519266006179,0.11664295196533203,0.0058391494284736395,0.005838857753026616,0.06375789642333984,1.1444037828866956e-19
0.09183766328595103,0.08755471889676066,0.09996837267878286,0.0978556844631038,0.11612772941589355,0.005838857759782387,0.005838566099214404,0.06357479095458984,1.144423308286785e-19
0.09183691805900132,0.08755460217171965,0.09996837812297296,0.09785617622944356,0.11566710472106934,0.0058385661056896045,0.005838274459080139,0.06340503692626953,1.1444428375943724e-19
0.09183617284183303,0.08755448545228191,0.09996838356696613,0.09785666795908496,0.11606001853942871,0.005838274466195685,0.005837982834577815,0.06370902061462402,1.1444623664766857e-19
0.09183542763444796,0.08755436873844705,0.09996838901076238,0.09785715965203189,0.11520552635192871,0.005837982841298157,0.00583769122410871,0.06421303749084473,1.1444818893581062e-19
0.09183468243684775,0.08755425203021466,0.09996839445436172,0.0978576513082882,0.11661529541015625,0.005837691230997575,0.0058373996282057306,0.06415700912475586,1.1445014207278252e-19
0.09183393724903419,0.08755413532758434,0.09996839989776414,0.09785814292785777,0.11686110496520996,0.005837399635292959,0.005837108047224149,0.06409144401550293,1.1445209480088768e-19
0.09183319207100901,0.08755401863055566,0.09996840534096964,0.09785863451074449,0.11485838890075684,0.0058371080541829,0.005836816480808693,0.06351923942565918,1.144540469383268e-19
0.09183244690277402,0.08755390193912824,0.09996841078397822,0.09785912605695221,0.11646604537963867,0.005836816487667562,0.005836524928781728,0.06365680694580078,1.1445599958001224e-19
0.09183170174433103,0.08755378525330167,0.09996841622678988,0.0978596175664848,0.11556172370910645,0.005836524935745304,0.005836233391143253,0.06394171714782715,1.1445795187211106e-19
0.09183095659568186,0.08755366857307552,0.09996842166940463,0.09786010903934617,0.11717844009399414,0.005836233398415782,0.0058359418689590825,0.0642545223236084,1.1445990408644398e-19
0.09183021145682822,0.0875535518984494,0.09996842711182247,0.09786060047554017,0.11570525169372559,0.005835941875676799,0.00583565036045286,0.0635535717010498,1.1446185634784352e-19
0.09182946632777185,0.08755343522942292,0.09996843255404339,0.09786109187507065,0.11475443840026855,0.0058356503675303815,0.0058353588674009416,0.0634150505065918,1.1446380883057806e-19
0.09182872120851458,0.08755331856599569,0.0999684379960674,0.09786158323794146,0.11541318893432617,0.005835358873973705,0.005835067388382242,0.06385326385498047,1.1446576065315376e-19
0.09182797609905813,0.08755320190816725,0.09996844343789449,0.0978620745641565,0.11554431915283203,0.005835067395007385,0.005834775923396762,0.06403303146362305,1.1446771249772809e-19
0.09182723099940437,0.08755308525593722,0.09996844887952466,0.0978625658537196,0.1148233413696289,0.005834775930631174,0.005834484473510315,0.06395888328552246,1.144696643642107e-19
0.09182648590955503,0.0875529686093052,0.09996845432095793,0.09786305710663462,0.1150057315826416,0.00583448448084291,0.005834193039078173,0.06402158737182617,1.1447161627758433e-19
0.0918257408295118,0.08755285196827078,0.09996845976219428,0.09786354832290547,0.11482739448547363,0.0058341930456420835,0.0058339016185016135,0.06373190879821777,1.144735677819061e-19
0.0918249957592764,0.08755273533283356,0.09996846520323373,0.097864039502536,0.11395931243896484,0.00583390162502774,0.005833610212135909,0.06307315826416016,1.144755197703089e-19
0.09182425069885068,0.08755261870299313,0.09996847064407627,0.09786453064553005,0.11529707908630371,0.005833610218999811,0.005833318820691602,0.06345653533935547,1.144774713358927e-19
0.09182350564823631,0.0875525020787491,0.0999684760847219,0.09786502175189149,0.11488819122314453,0.005833318827558199,0.005833027443635785,0.06374549865722656,1.1447942284971053e-19
0.09182276060743508,0.08755238546010102,0.09996848152517063,0.0978655128216242,0.11570930480957031,0.0058330274507009065,0.005832736081679002,0.0630805492401123,1.1448137451916175e-19
0.09182201557644873,0.08755226884704854,0.09996848696542246,0.09786600385473204,0.11621975898742676,0.005832736088427775,0.005832444733577802,0.06336331367492676,1.1448332587160611e-19
0.0918212705552791,0.08755215223959123,0.09996849240547737,0.09786649485121887,0.11437797546386719,0.005832444740737878,0.005832153400930906,0.06286835670471191,1.1448527697155104e-19
0.09182052554392788,0.08755203563772869,0.09996849784533537,0.09786698581108853,0.11536359786987305,0.005832153407629655,0.00583186208231723,0.06310558319091797,1.1448722834391547e-19
0.0918197805423969,0.08755191904146052,0.09996850328499647,0.09786747673434495,0.11428546905517578,0.005831862089103814,0.005831570778447315,0.0630347728729248,1.1448917991892335e-19
0.09181903555068785,0.0875518024507863,0.09996850872446066,0.09786796762099195,0.11526870727539062,0.005831570785158214,0.005831279488610619,0.06296443939208984,1.1449113069641286e-19
0.09181829056880259,0.08755168586570564,0.09996851416372794,0.09786845847103336,0.11535120010375977,0.0058312794957942156,0.005830988214050592,0.06286764144897461,1.1449308189433567e-19
0.09181754559674281,0.08755156928621811,0.09996851960279833,0.09786894928447307,0.11402463912963867,0.005830988221009001,0.005830696953879055,0.06302833557128906,1.1449503265060233e-19
0.09181680063451017,0.08755145271232333,0.09996852504167182,0.09786944006131496,0.11441397666931152,0.005830696960803258,0.005830405708096009,0.06294584274291992,1.1449698384648286e-19
0.09181605568210646,0.08755133614402087,0.09996853048034841,0.09786993080156288,0.11393904685974121,0.005830405715175154,0.0058301144772343605,0.062485456466674805,1.144989340606096e-19
0.09181531073953351,0.08755121958131036,0.0999685359188281,0.0978704215052207,0.11469602584838867,0.005830114484123645,0.005829823260938838,0.062354326248168945,1.1450088452024959e-19
0.09181456580679315,0.08755110302419136,0.09996854135711088,0.09787091217229227,0.11544156074523926,0.00582982326764874,0.00582953205885417,0.06241631507873535,1.1450283635631e-19
0.09181382088388704,0.0875509864726635,0.09996854679519676,0.09787140280278141,0.11579179763793945,0.005829532065749947,0.005829240871513264,0.06208443641662598,1.1450478616548905e-19
0.09181307597081696,0.08755086992672635,0.09996855223308576,0.09787189339669199,0.11375045776367188,0.005829240878426924,0.005828949698738484,0.061805009841918945,1.1450673703650704e-19
0.09181233106758474,0.08755075338637952,0.09996855767077786,0.09787238395402792,0.11371827125549316,0.00582894970567826,0.00582865854052983,0.062082529067993164,1.145086873506377e-19
0.0918115861741921,0.0875506368516226,0.09996856310827305,0.09787287447479297,0.11567068099975586,0.00582865854750423,0.005828367397242573,0.06225466728210449,1.1451063791705133e-19
0.09181084129064083,0.08755052032245521,0.09996856854557135,0.09787336495899102,0.11579632759094238,0.005828367403902062,0.005828076268166171,0.06216263771057129,1.1451258829377028e-19
0.09181009641693268,0.08755040379887691,0.09996857398267274,0.09787385540662592,0.11565780639648438,0.005828076274872788,0.005827785153833531,0.062090396881103516,1.1451453798835592e-19
0.09180935155306934,0.0875502872808873,0.09996857941957725,0.09787434581770155,0.11484694480895996,0.005827785160414543,0.00582749405353411,0.06171298027038574,1.1451648835097863e-19
0.09180860669905261,0.087550170768486,0.09996858485628488,0.09787483619222175,0.11480188369750977,0.005827494060527405,0.005827202968511358,0.06197953224182129,1.1451843852066891e-19
0.09180786185488417,0.08755005426167257,0.0999685902927956,0.09787532653019035,0.11568975448608398,0.005827202975209874,0.005826911897521825,0.06264448165893555,1.1452038871591129e-19
0.09180711702056589,0.08754993776044664,0.09996859572910943,0.0978758168316112,0.11418795585632324,0.005826911904463606,0.005826620841276053,0.061989545822143555,1.1452233892138954e-19
0.09180637219609948,0.0875498212648078,0.09996860116522636,0.09787630709648815,0.11594367027282715,0.005826620848284819,0.005826329799241137,0.06312966346740723,1.1452428866414438e-19
0.09180562738148676,0.08754970477475564,0.09996860660114641,0.09787679732482507,0.1158754825592041,0.005826329806674565,0.0058260387726605245,0.06239914894104004,1.145262387787816e-19
0.09180488257672935,0.08754958829028975,0.09996861203686956,0.09787728751662583,0.11668801307678223,0.005826038779630614,0.005825747759580224,0.06306600570678711,1.1452818813880497e-19
0.09180413778182907,0.08754947181140975,0.09996861747239583,0.09787777767189426,0.11619305610656738,0.005825747767154037,0.005825456762664771,0.06272125244140625,1.1453013797260602e-19
0.09180339299678768,0.08754935533811521,0.09996862290772521,0.09787826779063422,0.11657238006591797,0.005825456769242319,0.005825165779427266,0.0626673698425293,1.1453208705905196e-19
0.091802648221607,0.08754923887040574,0.09996862834285769,0.09787875787284951,0.11669135093688965,0.005825165785894422,0.005824874810400615,0.0631568431854248,1.1453403696091945e-19
0.09180190345628886,0.08754912240828093,0.09996863377779329,0.09787924791854404,0.11712646484375,0.005824874817111681,0.0058245838561177266,0.06260418891906738,1.1453598648318828e-19
0.09180115870083498,0.08754900595174038,0.09996863921253199,0.09787973792772164,0.11616969108581543,0.0058245838628926475,0.005824292916933871,0.06309652328491211,1.1453793570525727e-19
0.0918004139552471,0.08754888950078368,0.0999686446470738,0.09788022790038614,0.11294388771057129,0.005824292923235575,0.005824001991427963,0.06225872039794922,1.1453988469391471e-19
0.09179966921952695,0.08754877305541044,0.09996865008141874,0.0978807178365414,0.11257410049438477,0.0058240019981411545,0.0058237110806658166,0.06216120719909668,1.1454183427776786e-19
0.09179892449367626,0.08754865661562024,0.09996865551556679,0.09788120773619124,0.11415815353393555,0.005823711087608285,0.005823420184647432,0.0637199878692627,1.1454378306304563e-19
0.0917981797776968,0.08754854018141268,0.09996866094951795,0.09788169759933955,0.11471056938171387,0.00582342019163621,0.005823129303195174,0.06363892555236816,1.1454573240377008e-19
0.09179743507159034,0.08754842375278739,0.09996866638327223,0.09788218742599018,0.11503720283508301,0.0058231293102234865,0.005822838436309041,0.06382226943969727,1.145476810690939e-19
0.09179669037535851,0.08754830732974392,0.09996867181682964,0.09788267721614692,0.11473989486694336,0.005822838443370187,0.005822547583989035,0.06347823143005371,1.145496307446008e-19
0.0917959456890032,0.08754819091228189,0.09996867725019015,0.09788316696981365,0.11444473266601562,0.0058225475910748175,0.005822256746235155,0.06315135955810547,1.1455157889098659e-19
0.09179520101252618,0.08754807450040089,0.09996868268335378,0.09788365668699416,0.11387276649475098,0.005822256753337943,0.005821965923402672,0.06291699409484863,1.1455352789781533e-19
0.09179445634592923,0.08754795809410051,0.09996868811632052,0.09788414636769234,0.11400032043457031,0.005821965930156556,0.005821675114425773,0.06207919120788574,1.1455547678896433e-19
0.09179371168921402,0.08754784169338037,0.0999686935490904,0.09788463601191201,0.11369848251342773,0.005821675121531617,0.005821384320370271,0.06196761131286621,1.1455742514199455e-19
0.09179296704238239,0.08754772529824004,0.09996869898166338,0.09788512561965702,0.11446356773376465,0.005821384327463031,0.005821093541058531,0.06303644180297852,1.1455937390259686e-19
0.09179222240543607,0.08754760890867913,0.09996870441403949,0.09788561519093122,0.1139829158782959,0.005821093547949011,0.00582080277578001,0.06267476081848145,1.1456132214228855e-19
0.09179147777837682,0.08754749252469723,0.09996870984621872,0.09788610472573842,0.11484503746032715,0.005820802782988638,0.005820512025778157,0.06249499320983887,1.1456327084501334e-19
0.0917907331612065,0.08754737614629395,0.09996871527820107,0.09788659422408243,0.11475515365600586,0.005820512032582344,0.005820221289631888,0.06248116493225098,1.1456521899634104e-19
0.09178998855392687,0.08754725977346886,0.09996872070998655,0.09788708368596714,0.11335968971252441,0.005820221296728198,0.005819930568229381,0.06232309341430664,1.1456716713313218e-19
0.09178924395653955,0.08754714340622159,0.09996872614157515,0.09788757311139641,0.11398005485534668,0.005819930575426054,0.005819639861570636,0.06259465217590332,1.145691153819113e-19
0.09178849936904637,0.08754702704455172,0.09996873157296686,0.09788806250037405,0.11419939994812012,0.005819639868673553,0.005819349169833288,0.06328105926513672,1.1457106393885167e-19
0.09178775479144907,0.08754691068845885,0.0999687370041617,0.09788855185290389,0.11403036117553711,0.005819349176471594,0.0058190584917738875,0.06297993659973145,1.1457301174482064e-19
0.09178701022374941,0.08754679433794256,0.09996874243515966,0.0978890411689898,0.1129612922668457,0.005819058498819833,0.005818767828458249,0.06245589256286621,1.1457495922759043e-19
0.09178626566594916,0.08754667799300248,0.09996874786596073,0.09788953044863558,0.11154007911682129,0.005818767835717919,0.0058184771807745506,0.06250786781311035,1.1457690745953828e-19
0.09178552111805004,0.08754656165363818,0.09996875329656493,0.09789001969184503,0.11381793022155762,0.005818477187162926,0.0058181865464135285,0.06369853019714355,1.1457885544919376e-19
0.09178477658005389,0.08754644531984929,0.09996875872697226,0.09789050889862205,0.11330032348632812,0.005818186553155959,0.005817895926796268,0.06342291831970215,1.145808031467516e-19
0.09178403205196246,0.08754632899163538,0.09996876415718271,0.09789099806897043,0.11244773864746094,0.005817895933694932,0.005817605321745134,0.06303572654724121,1.1458275083942747e-19
0.09178328753377744,0.08754621266899605,0.0999687695871963,0.09789148720289406,0.11477398872375488,0.005817605328780106,0.005817314731615397,0.06312298774719238,1.145846982233938e-19
0.09178254302550064,0.08754609635193092,0.09996877501701301,0.09789197630039673,0.11472964286804199,0.005817314738410075,0.005817024155341244,0.06345486640930176,1.1458664549081272e-19
0.09178179852713388,0.08754598004043956,0.09996878044663286,0.09789246536148226,0.11466598510742188,0.005817024162585752,0.005816733594166124,0.06313610076904297,1.1458859299523603e-19
0.09178105403867888,0.08754586373452158,0.09996878587605583,0.09789295438615447,0.11410284042358398,0.005816733601305429,0.005816443047557129,0.06306886672973633,1.1459054122661462e-19
0.09178030956013734,0.08754574743417659,0.09996879130528193,0.09789344337441722,0.11172819137573242,0.005816443054567689,0.005816152515336626,0.062163352966308594,1.145924881633388e-19
0.09177956509151107,0.08754563113940417,0.09996879673431115,0.09789393232627433,0.11191296577453613,0.005816152522371494,0.0058158619978598836,0.0627133846282959,1.1459443539446112e-19
0.09177882063280186,0.08754551485020391,0.09996880216314352,0.0978944212417296,0.11201906204223633,0.005815862004716435,0.005815571494949268,0.06236863136291504,1.1459638264618612e-19
0.0917780761840114,0.08754539856657542,0.09996880759177902,0.09789491012078688,0.1129446029663086,0.005815571501602406,0.005815281006249506,0.06250858306884766,1.1459832962909993e-19
0.09177733174514148,0.08754528228851831,0.09996881302021765,0.09789539896345,0.11411118507385254,0.005815281013028074,0.0058149905319382356,0.06281089782714844,1.1460027655515372e-19
0.09177658731619394,0.08754516601603216,0.09996881844845941,0.09789588776972281,0.11308836936950684,0.005814990538994429,0.005814700072725998,0.06235814094543457,1.1460222379310442e-19
0.0917758428971704,0.08754504974911657,0.09996882387650431,0.09789637653960913,0.11394619941711426,0.00581470007949898,0.005814409627546979,0.06325507164001465,1.1460417040610152e-19
0.09177509848807269,0.08754493348777115,0.09996882930435236,0.09789686527311275,0.11254215240478516,0.005814409634541341,0.005814119197111722,0.06252026557922363,1.1460611732757063e-19
0.0917743540889025,0.08754481723199548,0.09996883473200352,0.09789735397023755,0.11336731910705566,0.005814119204121522,0.005813828781064956,0.062049150466918945,1.146080639979037e-19
0.09177360969966154,0.08754470098178917,0.09996884015945783,0.09789784263098732,0.11149311065673828,0.005813828788237729,0.0058135383801172225,0.061604976654052734,1.1461001060168085e-19
0.09177286532035163,0.0875445847371518,0.09996884558671526,0.09789833125536594,0.11012077331542969,0.005813538386889536,0.0058132479935579795,0.0616610050201416,1.14611957302835e-19
0.09177212095097453,0.087544468498083,0.09996885101377584,0.09789881984337724,0.11133050918579102,0.005813248000075881,0.00581295762085432,0.06241917610168457,1.1461390424172497e-19
0.09177137659153203,0.08754435226458236,0.09996885644063956,0.09789930839502499,0.11178779602050781,0.005812957627797775,0.005812667263072058,0.062319278717041016,1.1461585056559076e-19
0.09177063224202593,0.08754423603664946,0.09996886186730641,0.09789979691031303,0.1120142936706543,0.005812667270052473,0.005812376920033557,0.06206464767456055,1.146177960998413e-19
0.09176988790245791,0.0875441198142839,0.09996886729377642,0.09790028538924518,0.1120748519897461,0.0058123769268391585,0.005812086591561183,0.06190371513366699,1.146197428650705e-19
0.09176914357282982,0.08754400359748528,0.09996887272004956,0.09790077383182527,0.11263799667358398,0.005812086598158525,0.005811796277299663,0.06192922592163086,1.1462168918890414e-19
0.09176839925314337,0.0875438873862532,0.09996887814612584,0.09790126223805717,0.11313223838806152,0.005811796284008796,0.00581150597760427,0.06209897994995117,1.146236350193825e-19
0.09176765494340024,0.08754377118058726,0.09996888357200527,0.09790175060794465,0.11266422271728516,0.005811505984389959,0.005811215692297367,0.061487436294555664,1.1462558146750056e-19
0.09176691064360229,0.08754365498048707,0.09996888899768784,0.09790223894149154,0.11347436904907227,0.005811215699301623,0.005810925422089497,0.06143999099731445,1.1462752706390445e-19
0.0917661663537513,0.08754353878595221,0.09996889442317355,0.09790272723870168,0.11371088027954102,0.005810925428741643,0.005810635166270117,0.06197357177734375,1.1462947298739886e-19
0.09176542207384891,0.08754342259698229,0.0999688998484624,0.09790321549957885,0.1137382984161377,0.0058106351727099685,0.005810344924128685,0.062088966369628906,1.146314190745671e-19
0.09176467780389697,0.08754330641357692,0.09996890527355438,0.0979037037241269,0.11543750762939453,0.0058103449312070145,0.005810054697441558,0.061820030212402344,1.1463336507084073e-19
0.09176393354389718,0.0875431902357357,0.09996891069844953,0.09790419191234961,0.11556148529052734,0.005810054704230591,0.0058097644847876495,0.06222105026245117,1.1463531013255013e-19
0.09176318929385131,0.08754307406345821,0.0999689161231478,0.09790468006425085,0.11370372772216797,0.0058097644917806356,0.005809474287055139,0.06185293197631836,1.1463725663522202e-19
0.09176244505376117,0.08754295789674406,0.09996892154764923,0.09790516817983444,0.11443424224853516,0.005809474293856398,0.005809184103533482,0.06261992454528809,1.1463920135974726e-19
0.09176170082362851,0.08754284173559285,0.09996892697195381,0.09790565625910419,0.11432790756225586,0.00580918411045791,0.005808893935110859,0.06267929077148438,1.146411478790126e-19
0.09176095660345504,0.08754272558000416,0.09996893239606153,0.09790614430206396,0.1153254508972168,0.005808893941582311,0.005808603780366184,0.06225705146789551,1.1464309236165407e-19
0.09176021239324253,0.08754260942997762,0.0999689378199724,0.09790663230871754,0.11327910423278809,0.0058086037872306625,0.005808313640720542,0.06216073036193848,1.1464503790189735e-19
0.0917594681929927,0.08754249328551279,0.09996894324368642,0.09790712027906874,0.11226224899291992,0.005808313647400539,0.005808023515285754,0.06218099594116211,1.1464698348303933e-19
0.09175872400270739,0.08754237714660928,0.09996894866720359,0.09790760821312137,0.11359071731567383,0.005808023522093524,0.00580773340370655,0.06346988677978516,1.1464892875687677e-19
0.0917579798223883,0.0875422610132667,0.09996895409052389,0.09790809611087921,0.11507916450500488,0.005807733411307961,0.005807443307936921,0.06364083290100098,1.146508737676153e-19
0.0917572356520372,0.08754214488548466,0.09996895951364736,0.09790858397234609,0.11550045013427734,0.005807443315042338,0.0058071532265557835,0.06400108337402344,1.146528191524868e-19
0.09175649149165588,0.08754202876326274,0.09996896493657398,0.09790907179752584,0.11486625671386719,0.005807153233296609,0.005806863159030229,0.06378579139709473,1.1465476365939687e-19
0.09175574734124606,0.08754191264660056,0.09996897035930373,0.09790955958642228,0.11516833305358887,0.005806863166069481,0.005806573106426072,0.06357526779174805,1.146567085110902e-19
0.09175500320080951,0.0875417965354977,0.09996897578183664,0.09791004733903921,0.11486482620239258,0.005806573113360071,0.005806283068210405,0.06376290321350098,1.1465865375031204e-19
0.09175425907034797,0.08754168042995378,0.0999689812041727,0.09791053505538051,0.11411905288696289,0.005806283075167768,0.005805993044560864,0.06306004524230957,1.146605981437024e-19
0.09175351494986313,0.08754156432996837,0.09996898662631191,0.09791102273544992,0.11481571197509766,0.005805993051492849,0.005805703035655085,0.06292462348937988,1.1466254296727952e-19
0.09175277083935678,0.0875414482355411,0.0999689920482543,0.09791151037925129,0.11504578590393066,0.005805703042333461,0.00580541304060489,0.06340742111206055,1.14664487601814e-19
0.09175202673883076,0.08754133214667152,0.09996899746999982,0.09791199798678839,0.11398720741271973,0.005805413047690038,0.005805123060831363,0.06331062316894531,1.1466643210097435e-19
0.0917512826482868,0.08754121606335928,0.09996900289154852,0.09791248555806505,0.11602640151977539,0.005805123067559418,0.005804833095268691,0.0630180835723877,1.146683767924469e-19
0.09175053856772668,0.08754109998560396,0.09996900831290036,0.09791297309308504,0.1160440444946289,0.005804833101942884,0.005804543144272145,0.06326913833618164,1.1467032109313558e-19
0.0917497944971521,0.08754098391340515,0.09996901373405535,0.09791346059185224,0.11350679397583008,0.00580454315084035,0.00580425320766409,0.06272554397583008,1.1467226502496527e-19
0.09174905043656484,0.08754086784676243,0.09996901915501351,0.09791394805437045,0.11440515518188477,0.0058042532142504565,0.005803963285266889,0.06270956993103027,1.1467420934389706e-19
0.09174830638596668,0.08754075178567546,0.09996902457577482,0.09791443548064345,0.11385107040405273,0.005803963292171522,0.00580367337761345,0.06300926208496094,1.1467615399581347e-19
0.09174756234535938,0.0875406357301438,0.09996902999633929,0.09791492287067508,0.11461400985717773,0.005803673384605079,0.0058033834852366795,0.06261706352233887,1.146780981883894e-19
0.0917468183147447,0.08754051968016706,0.09996903541670693,0.0979154102244691,0.11385917663574219,0.005803383491546385,0.00580309360600495,0.06221365928649902,1.1468004151242357e-19
0.09174607429412428,0.08754040363574482,0.09996904083687772,0.09791589754202934,0.1116790771484375,0.005803093612999864,0.005802803742227525,0.062088966369628906,1.146819859219548e-19
0.09174533028349996,0.08754028759687671,0.09996904625685167,0.09791638482335957,0.11274313926696777,0.005802803748960567,0.005802513892305683,0.06270337104797363,1.1468393000445878e-19
0.09174458628287344,0.08754017156356232,0.0999690516766288,0.09791687206846363,0.11197018623352051,0.005802513899429933,0.005802224057482874,0.06252908706665039,1.1468587324529545e-19
0.09174384229224652,0.08754005553580124,0.09996905709620908,0.09791735927734532,0.11240530014038086,0.0058022240644061505,0.005801934237403827,0.06296944618225098,1.1468781747373308e-19
0.09174309831162099,0.0875399395135931,0.09996906251559254,0.09791784645000845,0.11263513565063477,0.0058019342438884736,0.005801644431002728,0.06282734870910645,1.1468976066809533e-19
0.09174235434099855,0.08753982349693747,0.09996906793477915,0.09791833358645685,0.11223554611206055,0.005801644437877575,0.005801354639345391,0.06280803680419922,1.1469170436341558e-19
0.09174161038038099,0.08753970748583395,0.09996907335376894,0.09791882068669429,0.11207127571105957,0.0058013546463714415,0.005801064862431815,0.06260395050048828,1.1469364800155819e-19
0.09174086642977007,0.08753959148028216,0.09996907877256188,0.09791930775072459,0.11354279518127441,0.005801064869369884,0.00580077509990673,0.06322026252746582,1.1469559141870936e-19
0.09174012248916752,0.0875394754802817,0.09996908419115799,0.09791979477855153,0.11234617233276367,0.00580077510687223,0.005800485351947771,0.06270384788513184,1.146975345758512e-19
0.09173937855857511,0.08753935948583215,0.09996908960955728,0.09792028177017893,0.11308073997497559,0.005800485358877757,0.005800195618199666,0.06256365776062012,1.1469947813099772e-19
0.09173863463799459,0.08753924349693311,0.09996909502775973,0.09792076872561059,0.11261820793151855,0.005800195625385434,0.005799905899550595,0.0634152889251709,1.147014216372689e-19
0.09173789072742773,0.0875391275135842,0.09996910044576536,0.0979212556448503,0.11328577995300293,0.005799905906395142,0.005799616195112378,0.06307864189147949,1.1470336502744398e-19
0.09173714682687632,0.08753901153578501,0.09996910586357416,0.0979217425279019,0.11263346672058105,0.005799616201905173,0.005799326505062652,0.06257343292236328,1.1470530774995493e-19
0.09173640293634207,0.08753889556353515,0.09996911128118613,0.09792222937476915,0.1117093563079834,0.005799326511913759,0.005799036829401416,0.06272435188293457,1.1470725064396959e-19
0.09173565905582669,0.08753877959683422,0.09996911669860127,0.09792271618545585,0.1125936508178711,0.00579903683642287,0.005798747168483942,0.06204056739807129,1.1470919361311592e-19
0.09173491518533203,0.08753866363568182,0.09996912211581958,0.09792320295996582,0.11325502395629883,0.0057987471754307966,0.00579845752231023,0.06333017349243164,1.1471113654158313e-19
0.09173417132485971,0.08753854768007756,0.09996912753284107,0.09792368969830284,0.11294102668762207,0.005798457528935104,0.005798167890880279,0.06274819374084473,1.1471307940220136e-19
0.0917334274744116,0.08753843173002102,0.09996913294966571,0.09792417640047071,0.11173582077026367,0.005798167896936384,0.005797878272417734,0.06185483932495117,1.1471502184810725e-19
0.09173268363398941,0.08753831578551179,0.09996913836629354,0.09792466306647325,0.11066508293151855,0.0057978782794353674,0.0057975886699423995,0.06210780143737793,1.147169643463188e-19
0.09173193980359497,0.08753819984654948,0.09996914378272453,0.09792514969631425,0.11115169525146484,0.005797588676429186,0.005797299081145013,0.06213498115539551,1.1471890726425783e-19
0.09173119598322989,0.08753808391313371,0.09996914919895872,0.09792563628999748,0.1110987663269043,0.005797299087919174,0.005797009506913753,0.062236785888671875,1.1472084980330236e-19
0.09173045217289595,0.08753796798526407,0.09996915461499607,0.09792612284752676,0.11110067367553711,0.005797009513902662,0.00579671994760389,0.062339067459106445,1.1472279202228538e-19
0.09172970837259495,0.08753785206294017,0.0999691600308366,0.09792660936890585,0.11123037338256836,0.005796719954379179,0.005796430402504882,0.06202888488769531,1.1472473485195165e-19
0.09172896458232865,0.08753773614616159,0.09996916544648031,0.09792709585413857,0.11088085174560547,0.00579643040934967,0.0057961408721496355,0.062052249908447266,1.147266770605332e-19
0.09172822080209879,0.08753762023492793,0.09996917086192718,0.09792758230322873,0.11044478416442871,0.005796140878811418,0.005795851356360515,0.06204032897949219,1.1472861905798318e-19
0.09172747703190719,0.0875375043292388,0.09996917627717723,0.0979280687161801,0.1110544204711914,0.005795851362764305,0.0057955618542493426,0.06202244758605957,1.147305609004675e-19
0.09172673327175558,0.08753738842909382,0.09996918169223047,0.09792855509299644,0.11060571670532227,0.0057955618612087175,0.005795272367414839,0.06219053268432617,1.1473250384372445e-19
0.09172598952164555,0.08753727253449256,0.09996918710708688,0.09792904143368157,0.11193132400512695,0.005795272374142538,0.005794982894435918,0.0621800422668457,1.1473444570592057e-19
0.09172524578157895,0.08753715664543463,0.09996919252174646,0.09792952773823932,0.11138916015625,0.005794982901566056,0.005794693436378395,0.06259560585021973,1.1473638714323011e-19
0.09172450205155752,0.08753704076191964,0.09996919793620924,0.09793001400667342,0.11201763153076172,0.005794693443477218,0.005794403993419905,0.06257247924804688,1.1473832936534886e-19
0.09172375833158308,0.08753692488394718,0.0999692033504752,0.09793050023898771,0.11151957511901855,0.0057944039998748835,0.0057941145639617275,0.06221413612365723,1.1474027098830382e-19
0.09172301462165745,0.08753680901151686,0.09996920876454433,0.09793098643518597,0.11067366600036621,0.00579411457076006,0.005793825149424947,0.06210947036743164,1.147422128854909e-19
0.09172227092178226,0.08753669314462828,0.09996921417841666,0.09793147259527198,0.11128592491149902,0.005793825156130981,0.00579353574874375,0.0617523193359375,1.1474415386977197e-19
0.09172152723195928,0.08753657728328104,0.09996921959209215,0.09793195871924952,0.1111147403717041,0.0057935357559890455,0.005793246363161586,0.06227707862854004,1.1474609565759094e-19
0.09172078355219035,0.08753646142747473,0.09996922500557083,0.09793244480712238,0.11214351654052734,0.005793246370332033,0.005792956992323184,0.062293052673339844,1.147480374740863e-19
0.0917200398824772,0.08753634557720898,0.0999692304188527,0.09793293085889435,0.11172986030578613,0.005792956999157954,0.005792667635518001,0.061415910720825195,1.147499783896348e-19
0.09171929622282167,0.08753622973248339,0.09996923583193774,0.0979334168745692,0.11040663719177246,0.005792667642467069,0.005792378293278944,0.061602115631103516,1.1475192015855026e-19
0.09171855257322538,0.08753611389329755,0.09996924124482598,0.09793390285415078,0.11128926277160645,0.005792378300258969,0.005792088965606013,0.06166195869445801,1.147538612772095e-19
0.09171780893369011,0.08753599805965104,0.0999692466575174,0.09793438879764287,0.11131620407104492,0.005792088972532952,0.005791799652143936,0.06183123588562012,1.1475580302275976e-19
0.09171706530421767,0.08753588223154347,0.09996925207001202,0.09793487470504919,0.11140823364257812,0.005791799659288628,0.0057915103536032575,0.061994075775146484,1.1475774363285326e-19
0.09171632168480975,0.08753576640897448,0.09996925748230982,0.09793536057637359,0.11192822456359863,0.005791510360524218,0.005791221069273433,0.06245541572570801,1.1475968495670948e-19
0.09171557807546814,0.08753565059194364,0.09996926289441081,0.0979358464116198,0.11129355430603027,0.005791221076240065,0.005790931800042642,0.06248331069946289,1.1476162607526355e-19
0.09171483447619463,0.08753553478045055,0.09996926830631499,0.09793633221079165,0.11128497123718262,0.005790931806433317,0.005790642544489799,0.06232118606567383,1.147635672710353e-19
0.09171409088699087,0.08753541897449482,0.09996927371802235,0.0979368179738929,0.11213016510009766,0.005790642551105019,0.005790353303325446,0.06251382827758789,1.1476550745244013e-19
0.09171334730785864,0.08753530317407607,0.09996927912953289,0.09793730370092735,0.1117250919342041,0.0057903533102555025,0.005790064076727219,0.06201362609863281,1.147674478657422e-19
0.09171260373879968,0.08753518737919386,0.09996928454084662,0.09793778939189872,0.11319184303283691,0.005790064083882602,0.005789774865760933,0.061969757080078125,1.1476938876330187e-19
0.09171186017981584,0.08753507158984782,0.09996928995196355,0.09793827504681084,0.11227178573608398,0.005789774871984253,0.005789485667939687,0.06276941299438477,1.1477132942081874e-19
0.09171111663090886,0.08753495580603755,0.09996929536288367,0.09793876066566748,0.11311554908752441,0.0057894856745624714,0.005789196484329295,0.06222724914550781,1.1477327001909178e-19
0.0917103730920804,0.08753484002776267,0.09996930077360698,0.09793924624847246,0.1126410961151123,0.005789196491615919,0.0057889073161732085,0.06175374984741211,1.1477521054765327e-19
0.09170962956333217,0.08753472425502276,0.0999693061841335,0.09793973179522951,0.11179733276367188,0.005788907323142758,0.005788618162227976,0.06184053421020508,1.147771505626893e-19
0.09170888604466602,0.08753460848781743,0.0999693115944632,0.09794021730594242,0.11328911781311035,0.005788618169142255,0.00578832902284887,0.061521053314208984,1.1477909123190287e-19
0.09170814253608364,0.08753449272614625,0.0999693170045961,0.09794070278061494,0.11338162422180176,0.005788329029613368,0.005788039897502983,0.06265711784362793,1.147810315975346e-19
0.09170739903758685,0.08753437697000885,0.09996932241453219,0.09794118821925085,0.11420464515686035,0.005788039904556391,0.005787750787078494,0.06241917610168457,1.1478297120947243e-19
0.09170665554917738,0.08753426121940484,0.09996932782427148,0.097941673621854,0.11366581916809082,0.00578775079397061,0.005787461691042495,0.06179165840148926,1.1478491190212214e-19
0.091705912070857,0.08753414547433382,0.09996933323381398,0.09794215898842815,0.11288309097290039,0.0057874616978549195,0.005787172609394986,0.06224250793457031,1.1478685173997915e-19
0.0917051686026274,0.08753402973479538,0.09996933864315966,0.09794264431897703,0.11356401443481445,0.005787172616208306,0.005786883542313603,0.06223011016845703,1.1478879169097159e-19
0.0917044251444904,0.08753391400078912,0.09996934405230853,0.0979431296135045,0.11408424377441406,0.00578688354903067,0.005786594488910168,0.06226682662963867,1.1479073168974307e-19
0.0917036816964477,0.08753379827231467,0.09996934946126061,0.09794361487201426,0.11420512199401855,0.005786594496322681,0.005786305451316309,0.06308150291442871,1.1479267140516257e-19
0.09170293825850105,0.0875336825493716,0.09996935487001589,0.09794410009451014,0.113494873046875,0.005786305458080561,0.005786016427400398,0.06292057037353516,1.1479461144015336e-19
0.09170219483065234,0.08753356683195954,0.09996936027857437,0.09794458528099587,0.11418366432189941,0.005786016434304872,0.005785727418050612,0.06330394744873047,1.1479655070588132e-19
0.09170145141290317,0.08753345112007806,0.09996936568693605,0.09794507043147524,0.1142575740814209,0.00578572742499496,0.005785438423266953,0.0635232925415039,1.1479849006865657e-19
0.0917007080052554,0.08753333541372678,0.09996937109510094,0.097945555545952,0.11556601524353027,0.005785438430149389,0.005785149442871784,0.06420707702636719,1.1480042980888133e-19
0.09169996460771077,0.0875332197129053,0.09996937650306902,0.09794604062442996,0.11530494689941406,0.005785149449768808,0.005784860477398013,0.06437969207763672,1.1480236957234332e-19
0.09169922122027092,0.08753310401761323,0.09996938191084029,0.09794652566691289,0.11562943458557129,0.005784860483851747,0.005784571525424553,0.06356477737426758,1.1480430865059483e-19
0.09169847784293778,0.08753298832785018,0.09996938731841477,0.09794701067340456,0.11550498008728027,0.005784571532398293,0.005784282588905398,0.0648036003112793,1.1480624805974178e-19
0.09169773447571299,0.08753287264361574,0.09996939272579246,0.09794749564390871,0.11564278602600098,0.005784282595405569,0.005783993666064191,0.06495022773742676,1.1480818732248668e-19
0.09169699111859826,0.08753275696490952,0.09996939813297334,0.09794798057842916,0.11362576484680176,0.005783993672875603,0.0057837047579667455,0.06360602378845215,1.1481012692910299e-19
0.0916962477715954,0.08753264129173112,0.09996940353995744,0.09794846547696964,0.11535024642944336,0.005783704764806329,0.005783415864435426,0.0648348331451416,1.1481206591734738e-19
0.0916955044347062,0.08753252562408013,0.09996940894674475,0.09794895033953396,0.11437153816223145,0.005783415871197991,0.005783126985114961,0.06343746185302734,1.1481400429407474e-19
0.09169476110793233,0.08753240996195619,0.09996941435333526,0.09794943516612588,0.11434793472290039,0.005783126992048559,0.005782838120360623,0.06397247314453125,1.1481594332793316e-19
0.09169401779127553,0.08753229430535886,0.09996941975972898,0.09794991995674916,0.1146399974822998,0.0057828381273576385,0.0057825492699947745,0.06406831741333008,1.1481788268751483e-19
0.09169327448473762,0.08753217865428775,0.09996942516592591,0.0979504047114076,0.11255073547363281,0.005782549277124513,0.005782260433839781,0.06257009506225586,1.1481982127781003e-19
0.09169253118832034,0.08753206300874249,0.09996943057192605,0.09795088943010495,0.11277008056640625,0.0057822604413504146,0.005781971612606185,0.06255602836608887,1.1482175997459673e-19
0.09169178790202542,0.08753194736872265,0.0999694359777294,0.09795137411284496,0.11517333984375,0.0057819716200313166,0.0057816828061163505,0.06301426887512207,1.1482369854807045e-19
0.09169104462585469,0.08753183173422788,0.09996944138333597,0.09795185875963139,0.11485671997070312,0.005781682813168118,0.005781394014192642,0.06288933753967285,1.1482563745824398e-19
0.09169030135980988,0.08753171610525774,0.09996944678874574,0.09795234337046803,0.11459565162658691,0.005781394020758731,0.005781105236479789,0.0629422664642334,1.1482757573848372e-19
0.09168955810389272,0.08753160048181186,0.09996945219395872,0.09795282794535866,0.1136317253112793,0.005781105242801494,0.005780816472622519,0.06275606155395508,1.1482951418529962e-19
0.09168881485810493,0.08753148486388983,0.09996945759897491,0.09795331248430703,0.11404228210449219,0.005780816479298331,0.005780527723153739,0.06289958953857422,1.148314528603554e-19
0.09168807162244824,0.08753136925149126,0.09996946300379432,0.09795379698731686,0.11414551734924316,0.005780527730250601,0.005780238988961628,0.0632314682006836,1.1483339122076977e-19
0.09168732839692456,0.08753125364461574,0.09996946840841694,0.097954281454392,0.11331844329833984,0.005780238995653793,0.005779950268802736,0.06282734870910645,1.148353289295565e-19
0.09168658518153551,0.08753113804326289,0.09996947381284278,0.09795476588553616,0.11362719535827637,0.005779950275508241,0.00577966156320997,0.06377387046813965,1.1483726699728497e-19
0.0916858419762829,0.08753102244743231,0.09996947921707185,0.0979552502807531,0.11284732818603516,0.0057796615698118715,0.005779372871650423,0.06253528594970703,1.1483920512851305e-19
0.09168509878116837,0.0875309068571236,0.09996948462110412,0.09795573464004659,0.11386942863464355,0.005779372878567254,0.005779084194301731,0.06348180770874023,1.1484114341500915e-19
0.0916843555961937,0.08753079127233636,0.09996949002493961,0.0979562189634204,0.11232900619506836,0.005779084201772787,0.005778795532407344,0.06294107437133789,1.1484308155866572e-19
0.09168361242136071,0.08753067569307021,0.09996949542857832,0.0979567032508783,0.11236882209777832,0.005778795539426967,0.0057785068849014465,0.06253385543823242,1.1484501909249236e-19
0.09168286925667112,0.08753056011932475,0.09996950083202023,0.09795718750242405,0.11276650428771973,0.005778506891527358,0.005778218250895861,0.06328964233398438,1.1484695672369736e-19
0.09168212610212662,0.08753044455109957,0.09996950623526538,0.09795767171806138,0.11160731315612793,0.005778218258074718,0.005777929632699852,0.0621945858001709,1.1484889470916238e-19
0.09168138295772899,0.08753032898839429,0.09996951163831375,0.09795815589779407,0.11245584487915039,0.005777929639067456,0.005777641027826519,0.06296968460083008,1.1485083203886587e-19
0.09168063982347996,0.08753021343120851,0.09996951704116532,0.09795864004162586,0.11180257797241211,0.005777641034505998,0.005777352437519312,0.06255698204040527,1.1485276961181896e-19
0.0916798966993813,0.08753009787954183,0.09996952244382011,0.09795912414956054,0.11072373390197754,0.005777352444389289,0.005777063861955867,0.06210160255432129,1.1485470692377965e-19
0.0916791535854348,0.08752998233339385,0.09996952784627813,0.09795960822160187,0.1114814281463623,0.005777063868717908,0.005776775300070369,0.06292009353637695,1.148566444084564e-19
0.09167841048164219,0.08752986679276417,0.09996953324853938,0.09796009225775358,0.11178827285766602,0.005776775307490496,0.005776486754172083,0.06279993057250977,1.148585816516519e-19
0.09167766738800523,0.0875297512576524,0.09996953865060386,0.09796057625801945,0.12738037109375,0.005776486760703912,0.005776198222129381,0.07306051254272461,1.1486051922756422e-19
0.09167692430452566,0.08752963572805814,0.09996954405247155,0.09796106022240321,0.12143945693969727,0.005776198228358778,0.005775909703409354,0.06654691696166992,1.1486245603833607e-19
0.0916761812312052,0.087529520203981,0.09996954945414246,0.09796154415090862,0.11200165748596191,0.0057759097104561185,0.0057756212001436324,0.062410593032836914,1.1486439322579714e-19
0.09167543816804567,0.0875294046854206,0.09996955485561661,0.09796202804353943,0.11145186424255371,0.005775621206993495,0.005775332711266401,0.06194424629211426,1.148663305474205e-19
0.09167469511504871,0.08752928917237651,0.09996956025689398,0.0979625119002994,0.11174416542053223,0.005775332717970142,0.00577504423677766,0.061945199966430664,1.1486826775910328e-19
0.0916739520722161,0.08752917366484836,0.09996956565797457,0.09796299572119234,0.11246776580810547,0.005775044243385674,0.005774755775966867,0.0618901252746582,1.148702041167976e-19
0.09167320903954973,0.08752905816283575,0.0999695710588584,0.09796347950622195,0.11295604705810547,0.005774755783241158,0.005774467330610378,0.06241011619567871,1.1487214126376161e-19
0.09167246601705126,0.08752894266633829,0.09996957645954545,0.09796396325539197,0.1123812198638916,0.005774467337533736,0.005774178899464744,0.0622248649597168,1.148740786569142e-19
0.09167172300472247,0.08752882717535558,0.09996958186003572,0.09796444696870618,0.11414313316345215,0.005774178906262058,0.005773890481997057,0.06201362609863281,1.148760149726455e-19
0.09167098000256511,0.08752871168988721,0.09996958726032923,0.09796493064616833,0.11389851570129395,0.0057738904894280695,0.005773602080161311,0.062064170837402344,1.1487795173965337e-19
0.09167023701058095,0.0875285962099328,0.09996959266042596,0.09796541428778219,0.1129751205444336,0.005773602087029016,0.0057733136923587836,0.06222414970397949,1.148798882545104e-19
0.09166949402877175,0.08752848073549195,0.09996959806032593,0.09796589789355144,0.11348581314086914,0.005773313699064495,0.005773025318767111,0.06286191940307617,1.1488182437154735e-19
0.09166875105713927,0.08752836526656427,0.09996960346002913,0.09796638146347984,0.11282229423522949,0.005773025325533121,0.005772736960096836,0.06297087669372559,1.14883760998089e-19
0.09166800809568522,0.08752824980314935,0.09996960885953556,0.09796686499757118,0.1139836311340332,0.005772736966433566,0.005772448614926873,0.06251931190490723,1.1488569705901886e-19
0.09166726514441131,0.08752813434524682,0.09996961425884522,0.09796734849582923,0.11287283897399902,0.005772448621768033,0.0057721602850335785,0.06200408935546875,1.1488763365359833e-19
0.09166652220331932,0.08752801889285627,0.0999696196579581,0.09796783195825773,0.11115336418151855,0.005772160291533849,0.005771871968818232,0.06225705146789551,1.148895694995252e-19
0.09166577927241105,0.08752790344597729,0.09996962505687422,0.0979683153848604,0.11265778541564941,0.005771871975731611,0.005771583667879554,0.06278419494628906,1.1489150574784208e-19
0.09166503635168814,0.0875277880046095,0.09996963045559357,0.097968798775641,0.1116631031036377,0.005771583674358921,0.005771295380974095,0.062433481216430664,1.1489344190435535e-19
0.0916642934411524,0.0875276725687525,0.09996963585411615,0.0979692821306033,0.11224651336669922,0.005771295387414747,0.005771007108279491,0.06279420852661133,1.1489537783769942e-19
0.09166355054080555,0.08752755713840592,0.09996964125244198,0.09796976544975101,0.1126255989074707,0.005771007114900642,0.005770718850151013,0.06320428848266602,1.1489731367781974e-19
0.09166280765064938,0.08752744171356934,0.09996964665057104,0.09797024873308788,0.11203455924987793,0.005770718856813975,0.0057704306064110256,0.0630185604095459,1.1489924931642753e-19
0.09166206477068566,0.08752732629424237,0.09996965204850333,0.09797073198061768,0.11254143714904785,0.005770430613155907,0.005770142377237164,0.0633077621459961,1.149011854683574e-19
0.09166132190091608,0.08752721088042462,0.09996965744623887,0.09797121519234413,0.11266565322875977,0.0057701423839241145,0.005769854162629429,0.06270837783813477,1.1490312067656085e-19
0.09166057904134244,0.08752709547211568,0.09996966284377763,0.09797169836827099,0.11238884925842285,0.005769854169118544,0.005769565962054912,0.062479496002197266,1.1490505641416535e-19
0.09165983619196644,0.08752698006931518,0.09996966824111965,0.09797218150840202,0.11365413665771484,0.005769565968737775,0.0057692777756912506,0.0630793571472168,1.1490699239205834e-19
0.09165909335278986,0.0875268646720227,0.0999696736382649,0.09797266461274091,0.11246967315673828,0.005769277782782126,0.005768989604426622,0.06299591064453125,1.149089277108064e-19
0.09165835052381444,0.08752674928023786,0.0999696790352134,0.09797314768129142,0.11432838439941406,0.005768989611250173,0.005768701447550484,0.062494516372680664,1.1491086286342266e-19
0.09165760770504187,0.08752663389396026,0.09996968443196512,0.09797363071405732,0.11394095420837402,0.00576870145414052,0.005768413304529929,0.06279134750366211,1.1491279783028713e-19
0.09165686489647398,0.0875265185131895,0.09996968982852009,0.09797411371104232,0.11327457427978516,0.00576841331145343,0.005768125176608407,0.06245613098144531,1.1491473330610644e-19
0.09165612209811254,0.0875264031379252,0.09996969522487831,0.09797459667225018,0.11414074897766113,0.005768125183187573,0.005767837062187198,0.0628199577331543,1.1491666842243174e-19
0.0916553793099593,0.08752628776816695,0.09996970062103977,0.09797507959768463,0.11299014091491699,0.005767837069343228,0.005767548962865021,0.06305170059204102,1.149186039491732e-19
0.09165463653201597,0.08752617240391437,0.09996970601700447,0.09797556248734941,0.11461305618286133,0.005767548969919277,0.005767260878286606,0.06287121772766113,1.1492053885323773e-19
0.09165389376428426,0.08752605704516705,0.09996971141277242,0.09797604534124826,0.11390519142150879,0.005767260884913315,0.005766972807386139,0.062304019927978516,1.1492247363426443e-19
0.09165315100676591,0.08752594169192461,0.0999697168083436,0.09797652815938493,0.11235785484313965,0.005766972814327673,0.005766684751584705,0.06250905990600586,1.1492440886196618e-19
0.09165240825946272,0.08752582634418667,0.09996972220371804,0.09797701094176314,0.11234688758850098,0.005766684758158892,0.005766396709994126,0.0625605583190918,1.1492634323247504e-19
0.09165166552237644,0.0875257110019528,0.09996972759889572,0.09797749368838665,0.11256885528564453,0.005766396716406943,0.005766108682792037,0.06273698806762695,1.1492827829799614e-19
0.09165092279550886,0.08752559566522264,0.09996973299387665,0.0979779763992592,0.11268091201782227,0.005766108689071419,0.005765820669267896,0.06288695335388184,1.1493021268709445e-19
0.09165018007886173,0.08752548033399578,0.09996973838866083,0.0979784590743845,0.11301541328430176,0.005765820676153393,0.005765532670842788,0.06299304962158203,1.1493214741977318e-19
0.09164943737243678,0.08752536500827182,0.09996974378324826,0.09797894171376631,0.11242532730102539,0.0057655326776500475,0.005765244686983806,0.0629575252532959,1.14934081802826e-19
0.09164869467623574,0.08752524968805038,0.09996974917763893,0.09797942431740837,0.11270904541015625,0.005765244693559948,0.005764956716980407,0.06310009956359863,1.1493601614322e-19
0.09164795199026038,0.08752513437333106,0.09996975457183285,0.09797990688531441,0.11389493942260742,0.00576495672388378,0.005764668761365499,0.0630338191986084,1.1493795048653921e-19
0.09164720931451252,0.08752501906411347,0.09996975996583003,0.09798038941748817,0.11213850975036621,0.005764668768621804,0.005764380820849624,0.06268143653869629,1.1493988471732055e-19
0.0916464666489938,0.08752490376039722,0.09996976535963047,0.09798087191393338,0.11338663101196289,0.005764380827771264,0.005764092894722239,0.06265783309936523,1.149418190048112e-19
0.09164572399370591,0.0875247884621819,0.09996977075323414,0.09798135437465381,0.1129150390625,0.005764092901331438,0.005763804982450438,0.06358098983764648,1.1494375353707204e-19
0.09164498134865073,0.08752467316946712,0.09996977614664108,0.09798183679965317,0.11359953880310059,0.005763804989302314,0.005763517084922398,0.06327438354492188,1.1494568713889668e-19
0.09164423871382997,0.0875245578822525,0.09996978153985128,0.09798231918893519,0.11276936531066895,0.005763517091683786,0.005763229201782849,0.06281423568725586,1.1494762165549274e-19
0.09164349608924527,0.08752444260053763,0.09996978693286472,0.09798280154250358,0.11222124099731445,0.005763229208474513,0.00576294133303179,0.06298065185546875,1.1494955533891761e-19
0.0916427534748985,0.08752432732432211,0.09996979232568141,0.0979832838603621,0.11266565322875977,0.005762941339674684,0.0057626534788468575,0.062323808670043945,1.1495148908660952e-19
0.0916420108707913,0.08752421205360555,0.09996979771830136,0.0979837661425145,0.11220049858093262,0.005762653485281629,0.005762365638517508,0.06328392028808594,1.1495342348635601e-19
0.09164126827692555,0.08752409678838759,0.09996980311072456,0.09798424838896445,0.11248445510864258,0.005762365645295695,0.005762077813109556,0.06293201446533203,1.1495535667274466e-19
0.0916405256933029,0.08752398152866778,0.09996980850295104,0.0979847305997157,0.11196470260620117,0.0057620778197170815,0.005761790001557188,0.06211447715759277,1.1495729006138237e-19
0.09163978311992518,0.08752386627444576,0.09996981389498076,0.09798521277477201,0.11087894439697266,0.005761790008544096,0.005761502204748581,0.06255245208740234,1.149592238446767e-19
0.09163904055679407,0.08752375102572113,0.09996981928681374,0.09798569491413711,0.11117005348205566,0.005761502211777326,0.005761214422683736,0.06251859664916992,1.149611575093601e-19
0.09163829800391139,0.08752363578249352,0.09996982467844999,0.0979861770178147,0.11132168769836426,0.005761214429413365,0.00576092665465211,0.06247830390930176,1.1496309085108654e-19
0.09163755546127884,0.08752352054476249,0.09996983006988948,0.09798665908580854,0.11109662055969238,0.00576092666145314,0.00576063890118661,0.06249809265136719,1.1496502444845018e-19
0.09163681292889822,0.08752340531252768,0.09996983546113224,0.09798714111812233,0.11156654357910156,0.005760638907894704,0.0057603511621096,0.062436819076538086,1.1496695704469292e-19
0.0916360704067712,0.0875232900857887,0.09996984085217825,0.09798762311475978,0.1113126277923584,0.005760351168739536,0.005760063437421081,0.06233692169189453,1.1496889069164872e-19
0.09163532789489955,0.08752317486454515,0.09996984624302752,0.09798810507572463,0.11083221435546875,0.005760063443985278,0.005759775726765781,0.06245565414428711,1.14970824236543e-19
0.09163458539328495,0.08752305964879664,0.09996985163368005,0.09798858700102059,0.11127114295959473,0.0057597757336322825,0.005759488030854243,0.06274747848510742,1.1497275681920436e-19
0.09163384290192919,0.08752294443854278,0.09996985702413586,0.09798906889065137,0.11067700386047363,0.00575948803767879,0.005759200349508831,0.06260418891906738,1.1497469020692354e-19
0.09163310042083413,0.08752282923378316,0.09996986241439493,0.09798955074462072,0.11286115646362305,0.005759200356124357,0.005758912681486095,0.062365055084228516,1.1497662240488255e-19
0.0916323579500015,0.0875227140345174,0.09996986780445725,0.09799003256293236,0.11232137680053711,0.005758912688969729,0.005758625029805842,0.06328606605529785,1.1497855558540188e-19
0.091631615489433,0.0875225988407451,0.09996987319432285,0.09799051434559002,0.11279630661010742,0.005758625036211018,0.005758337391092994,0.06298494338989258,1.1498048808056342e-19
0.0916308730391304,0.0875224836524659,0.09996987858399171,0.0979909960925974,0.11266374588012695,0.0057583373978496374,0.005758049767123907,0.06279754638671875,1.1498242135260576e-19
0.09163013059909539,0.08752236846967935,0.09996988397346385,0.09799147780395827,0.11145591735839844,0.005758049773884715,0.005757762157720947,0.06261682510375977,1.1498435396463342e-19
0.09162938816932972,0.08752225329238508,0.09996988936273925,0.09799195947967636,0.11262083053588867,0.00575776216431469,0.00575747456217357,0.062285661697387695,1.149862863305764e-19
0.0916286457498352,0.08752213812058271,0.09996989475181792,0.09799244111975536,0.112060546875,0.0057574745691401025,0.005757186981369955,0.06289815902709961,1.149882187567584e-19
0.09162790334061342,0.08752202295427183,0.09996990014069985,0.09799292272419902,0.1124880313873291,0.005757186988360882,0.005756899415132466,0.06272339820861816,1.1499015145474967e-19
0.09162716094166633,0.08752190779345205,0.09996990552938506,0.09799340429301102,0.11128687858581543,0.0057568994219742925,0.005756611863105832,0.0617067813873291,1.1499208383357305e-19
0.09162641855299557,0.08752179263812297,0.09996991091787354,0.0979938858261951,0.11173057556152344,0.005756611869979995,0.005756324325645323,0.062376976013183594,1.1499401612935805e-19
0.09162567617460288,0.08752167748828422,0.09996991630616528,0.09799436732375501,0.11173582077026367,0.005756324332376869,0.005756036802750941,0.06206917762756348,1.1499594839691442e-19
0.09162493380649007,0.08752156234393539,0.0999699216942603,0.09799484878569442,0.11174345016479492,0.005756036809164212,0.005755749293712142,0.06183004379272461,1.1499787985149798e-19
0.09162419144865891,0.08752144720507608,0.0999699270821586,0.09799533021201703,0.11190390586853027,0.005755749300342345,0.005755461799772377,0.061865806579589844,1.14999812412982e-19
0.09162344910111116,0.08752133207170593,0.09996993246986016,0.09799581160272665,0.11164116859436035,0.005755461805909808,0.005755174318800016,0.06211042404174805,1.1500174442626837e-19
0.09162270676384845,0.08752121694382453,0.099969937857365,0.09799629295782698,0.11245012283325195,0.005755174325868348,0.00575488685328196,0.06231951713562012,1.1500367628969067e-19
0.09162196443687265,0.0875211018214315,0.0999699432446731,0.09799677427732177,0.11212325096130371,0.005754886860214788,0.005754599402152394,0.06224346160888672,1.1500560803658678e-19
0.09162122212018542,0.08752098670452645,0.09996994863178449,0.0979972555612147,0.1144721508026123,0.005754599408948764,0.005754311964878411,0.0624387264251709,1.1500753997906042e-19
0.09162047981378857,0.08752087159310896,0.09996995401869915,0.09799773680950949,0.11371612548828125,0.005754311972070944,0.005754024542703462,0.06267404556274414,1.1500947180194536e-19
0.09161973751768379,0.08752075648717866,0.09996995940541709,0.09799821802220982,0.11548781394958496,0.005754024549578508,0.005753737135094639,0.06249713897705078,1.1501140292715227e-19
0.09161899523187284,0.08752064138673515,0.0999699647919383,0.09799869919931939,0.11520528793334961,0.0057537371414694135,0.005753449740808492,0.06343913078308105,1.150133344775599e-19
0.09161825295635745,0.08752052629177805,0.09996997017826278,0.09799918034084193,0.11583781242370605,0.005753449747746359,0.0057531623617990135,0.06323719024658203,1.1501526626883665e-19
0.09161751069113938,0.08752041120230694,0.09996997556439055,0.0979996614467812,0.11546874046325684,0.005753162368407511,0.005752874996467483,0.0626678466796875,1.1501719764518174e-19
0.09161676843622032,0.08752029611832145,0.0999699809503216,0.09800014251714087,0.11554884910583496,0.0057528750034532535,0.005752587645524443,0.0632314682006836,1.1501912900444375e-19
0.09161602619160214,0.08752018103982118,0.09996998633605593,0.09800062355192464,0.11680340766906738,0.005752587652882163,0.005752300310213343,0.06263518333435059,1.150210601075729e-19
0.0916152839572866,0.08752006596680574,0.09996999172159353,0.09800110455113621,0.11623907089233398,0.005752300316691793,0.005752012988224919,0.0636758804321289,1.1502299116914607e-19
0.09161454173327536,0.08751995089927474,0.09996999710693441,0.09800158551477936,0.11728715896606445,0.005752012994881482,0.0057517256804473504,0.06373858451843262,1.150249221628527e-19
0.09161379951957016,0.08751983583722779,0.09997000249207856,0.09800206644285779,0.11462140083312988,0.005751725687452195,0.005751438387413543,0.062486886978149414,1.1502685358368275e-19
0.09161305731617275,0.08751972078066451,0.09997000787702601,0.09800254733537522,0.11528301239013672,0.005751438394403146,0.005751151109123498,0.06298160552978516,1.150287843631483e-19
0.09161231512308492,0.08751960572958449,0.09997001326177672,0.09800302819233533,0.11642241477966309,0.005751151115731636,0.005750863844689036,0.06264996528625488,1.150307152880074e-19
0.0916115729403083,0.08751949068398733,0.09997001864633072,0.09800350901374182,0.1170496940612793,0.00575086385143829,0.0057505765948207,0.06287741661071777,1.150326461047954e-19
0.0916108307678446,0.08751937564387266,0.099970024030688,0.09800398979959841,0.1170353889465332,0.00575057660152273,0.005750289358985583,0.06310439109802246,1.1503457687896953e-19
0.09161008860569572,0.08751926060924009,0.09997002941484857,0.09800447054990886,0.11601114273071289,0.005750289365984534,0.005750002137894228,0.0629420280456543,1.150365077879598e-19
0.09160934645386329,0.08751914558008922,0.09997003479881243,0.09800495126467684,0.11589765548706055,0.005750002144822673,0.0057497149310137274,0.06349682807922363,1.1503843797283913e-19
0.09160860431234903,0.08751903055641964,0.09997004018257957,0.09800543194390607,0.11569762229919434,0.005749714938036086,0.005749427738876989,0.06392741203308105,1.150403681899611e-19
0.09160786218115484,0.08751891553823098,0.09997004556615001,0.09800591258760023,0.11491680145263672,0.005749427745623697,0.005749140560951105,0.06327199935913086,1.150422986496783e-19
0.09160712006028235,0.08751880052552283,0.09997005094952371,0.09800639319576304,0.11605572700500488,0.0057491405675854455,0.005748853396880804,0.06451177597045898,1.1504422938888314e-19
0.0916063779497334,0.08751868551829481,0.09997005633270072,0.09800687376839824,0.11561894416809082,0.00574885340392097,0.005748566247554265,0.06322526931762695,1.1504615987587013e-19
0.09160563584950975,0.08751857051654653,0.099970061715681,0.09800735430550948,0.11597561836242676,0.005748566254628922,0.005748279112971488,0.06364154815673828,1.1504809010215862e-19
0.09160489375961313,0.08751845552027762,0.09997006709846457,0.09800783480710049,0.11579585075378418,0.005748279119708804,0.00574799199242193,0.0633087158203125,1.1505002017625842e-19
0.09160415168004536,0.08751834052948766,0.09997007248105143,0.09800831527317493,0.11527562141418457,0.005747991999158993,0.005747704886083227,0.0629267692565918,1.150519500609804e-19
0.09160340961080814,0.08751822554417626,0.09997007786344159,0.09800879570373652,0.11646413803100586,0.005747704892980064,0.005747417794133014,0.06400108337402344,1.150538803638886e-19
0.0916026675519031,0.08751811056434305,0.09997008324563503,0.098009276098789,0.11629748344421387,0.0057474178011709945,0.005747130716748927,0.06306028366088867,1.1505581028580718e-19
0.09160192550333202,0.08751799558998762,0.09997008862763178,0.09800975645833601,0.11684560775756836,0.005747130723730367,0.005746843653753331,0.0637354850769043,1.1505774027395978e-19
0.09160118346509659,0.08751788062110956,0.09997009400943181,0.0980102367823813,0.11558246612548828,0.005746843660657448,0.005746556604790953,0.06316924095153809,1.1505966953708351e-19
0.09160044143719863,0.08751776565770851,0.09997009939103514,0.09801071707092857,0.1139380931854248,0.005746556611951882,0.005746269570217066,0.062652587890625,1.1506159955671628e-19
0.09159969941963987,0.08751765069978407,0.09997010477244177,0.09801119732398149,0.11478209495544434,0.005746269577614619,0.005745982551452755,0.06355977058410645,1.1506352921011428e-19
0.09159895741242213,0.08751753574733584,0.09997011015365169,0.09801167754154375,0.11552286148071289,0.005745982557640489,0.005745695545122942,0.063812255859375,1.150654591869586e-19
0.09159821541554714,0.08751742080036344,0.09997011553466491,0.0980121577236191,0.11515140533447266,0.005745695552032926,0.005745408553892162,0.06349563598632812,1.1506738841463772e-19
0.09159747342901653,0.08751730585886648,0.09997012091548142,0.09801263787021124,0.11413717269897461,0.0057454085607901275,0.005745121577227508,0.06291675567626953,1.1506931751432634e-19
0.091596731452832,0.08751719092284456,0.09997012629610123,0.09801311798132387,0.11484026908874512,0.0057451215839107025,0.005744834614240801,0.06305336952209473,1.1507124730437528e-19
0.09159598948699534,0.08751707599229729,0.09997013167652435,0.09801359805696067,0.1150205135345459,0.005744834621396329,0.005744547666353128,0.06289792060852051,1.150731766538028e-19
0.09159524753150834,0.08751696106722429,0.09997013705675077,0.09801407809712533,0.11530375480651855,0.005744547673243233,0.005744260732321038,0.06319761276245117,1.150751062638316e-19
0.09159450558637276,0.08751684614762516,0.09997014243678047,0.09801455810182157,0.1145162582397461,0.005744260739451349,0.005743973813743253,0.0629270076751709,1.1507703479760216e-19
0.09159376365159039,0.0875167312334995,0.09997014781661348,0.09801503807105305,0.1154947280883789,0.0057439738200199255,0.005743686908665779,0.06363534927368164,1.150789642234719e-19
0.09159302172716294,0.08751661632484692,0.09997015319624979,0.09801551800482351,0.11449146270751953,0.00574368691494796,0.005743400017799161,0.06291794776916504,1.1508089287632855e-19
0.09159227981309216,0.08751650142166705,0.09997015857568939,0.09801599790313664,0.11572813987731934,0.005743400024235401,0.005743113141321032,0.06364893913269043,1.150828220846625e-19
0.09159153790937972,0.08751638652395949,0.0999701639549323,0.09801647776599616,0.11439156532287598,0.005743113147882168,0.005742826279053759,0.0624544620513916,1.1508475086349885e-19
0.09159079601602747,0.08751627163172387,0.09997016933397851,0.09801695759340576,0.11508417129516602,0.005742826285886949,0.005742539431530247,0.06253337860107422,1.1508667946546376e-19
0.09159005413303709,0.08751615674495979,0.09997017471282803,0.09801743738536908,0.11481952667236328,0.005742539438248952,0.0057422525978623185,0.0629432201385498,1.1508860825800711e-19
0.09158931226041034,0.08751604186366684,0.09997018009148086,0.09801791714188987,0.11222147941589355,0.005742252604967538,0.005741965779115787,0.06207466125488281,1.1509053723118806e-19
0.09158857039814898,0.08751592698784465,0.099970185469937,0.09801839686297178,0.11426496505737305,0.00574196578604286,0.005741678974402475,0.061864376068115234,1.1509246545812178e-19
0.09158782854625479,0.08751581211749283,0.09997019084819643,0.09801887654861852,0.11388611793518066,0.005741678981473656,0.0057413921842552895,0.061990976333618164,1.15094394045838e-19
0.09158708670472938,0.08751569725261099,0.09997019622625916,0.09801935619883377,0.11085009574890137,0.005741392191258435,0.005741105408851865,0.061224937438964844,1.1509632336694012e-19
0.09158634487357452,0.08751558239319873,0.0999702016041252,0.09801983581362125,0.11324882507324219,0.005741105415395527,0.0057408186467711175,0.062077999114990234,1.1509825100576935e-19
0.09158560305279205,0.08751546753925567,0.09997020698179455,0.09802031539298467,0.11268091201782227,0.005740818653887192,0.005740531900144674,0.06198692321777344,1.1510017947658488e-19
0.09158486124238388,0.0875153526907814,0.09997021235926722,0.09802079493692768,0.11306428909301758,0.005740531906730355,0.0057402451666632714,0.06223702430725098,1.151021074150135e-19
0.0915841194423515,0.08751523784777554,0.09997021773654317,0.09802127444545401,0.11319732666015625,0.00574024517392608,0.0057399584484585375,0.06217622756958008,1.1510403585881208e-19
0.09158337765269661,0.08751512301023771,0.09997022311362246,0.09802175391856734,0.1138463020324707,0.005739958455472843,0.005739671743931751,0.062192440032958984,1.1510596357792774e-19
0.0915826358734211,0.08751500817816753,0.09997022849050505,0.09802223335627128,0.11444687843322754,0.005739671751370392,0.005739385054681634,0.06263136863708496,1.1510789192611637e-19
0.09158189410452665,0.08751489335156458,0.09997023386719094,0.09802271275856958,0.11468076705932617,0.005739385061616519,0.005739098378754193,0.06248736381530762,1.151098197127955e-19
0.09158115234601506,0.08751477853042847,0.09997023924368013,0.09802319212546595,0.11429548263549805,0.005739098386212241,0.00573881171810342,0.06186079978942871,1.1511174769078105e-19
0.09158041059788802,0.08751466371475881,0.09997024461997266,0.09802367145696407,0.11550664901733398,0.005738811725154501,0.0057385250718411385,0.062473297119140625,1.1511367533764744e-19
0.09157966886014725,0.08751454890455525,0.09997024999606847,0.0980241507530676,0.11512351036071777,0.005738525078443527,0.005738238439256804,0.06312012672424316,1.1511560324108488e-19
0.09157892713279453,0.08751443409981738,0.09997025537196762,0.09802463001378026,0.11616158485412598,0.005738238446079712,0.005737951821416232,0.06293153762817383,1.1511753105138578e-19
0.09157818541583161,0.0875143193005448,0.09997026074767007,0.09802510923910572,0.11698675155639648,0.005737951828060579,0.005737665217431243,0.06329488754272461,1.1511945789486812e-19
0.0915774437092602,0.08751420450673714,0.09997026612317583,0.09802558842904767,0.11433076858520508,0.005737665224387442,0.0057373786280123795,0.06314969062805176,1.151213859043586e-19
0.09157670201308207,0.08751408971839399,0.09997027149848492,0.0980260675836098,0.11572027206420898,0.005737378635059251,0.005737092053337278,0.06291055679321289,1.1512331324307216e-19
0.09157596032729888,0.08751397493551497,0.09997027687359732,0.09802654670279581,0.1153404712677002,0.005737092060073658,0.005736805492340125,0.06421780586242676,1.1512524050798447e-19
0.0915752186519124,0.08751386015809968,0.09997028224851302,0.09802702578660938,0.11666321754455566,0.005736805499431533,0.005736518946264368,0.06410098075866699,1.1512716734848814e-19
0.09157447698692453,0.08751374538614776,0.09997028762323205,0.0980275048350542,0.11465740203857422,0.005736518953130524,0.005736232414754738,0.06251740455627441,1.1512909506172668e-19
0.09157373533233688,0.08751363061965879,0.0999702929977544,0.09802798384813392,0.11388540267944336,0.00573623242117083,0.005735945896923056,0.06348299980163574,1.151310222464316e-19
0.09157299368815121,0.08751351585863239,0.09997029837208005,0.09802846282585227,0.1149604320526123,0.005735945903552155,0.0057356593936574995,0.06308317184448242,1.1513294946112437e-19
0.09157225205436921,0.08751340110306816,0.09997030374620904,0.09802894176821289,0.11463522911071777,0.005735659400273774,0.005735372904958069,0.06295347213745117,1.1513487648414313e-19
0.09157151043099278,0.08751328635296572,0.09997030912014135,0.09802942067521948,0.11395668983459473,0.005735372911334246,0.005735086429936587,0.06318235397338867,1.1513680310179316e-19
0.09157076881802355,0.08751317160832468,0.09997031449387696,0.0980298995468757,0.11403751373291016,0.005735086436734624,0.00573479996948123,0.06318163871765137,1.1513872970423853e-19
0.09157002721546323,0.08751305686914466,0.09997031986741589,0.09803037838318523,0.11563634872436523,0.005734799976472856,0.005734513523414364,0.06345987319946289,1.1514065702930062e-19
0.09156928562331357,0.08751294213542525,0.09997032524075816,0.09803085718415179,0.11555075645446777,0.005734513530548805,0.005734227092268895,0.06382441520690918,1.1514258357292224e-19
0.09156854404157641,0.08751282740716608,0.09997033061390374,0.09803133594977903,0.11575889587402344,0.005734227098960081,0.005733940675156646,0.06401848793029785,1.1514450972613263e-19
0.09156780247025346,0.08751271268436675,0.09997033598685265,0.09803181468007066,0.11599564552307129,0.005733940681706333,0.005733654272077615,0.06437969207763672,1.1514643659260432e-19
0.09156706090934645,0.08751259796702687,0.09997034135960489,0.09803229337503032,0.11708545684814453,0.005733654278787823,0.005733367882854168,0.06335926055908203,1.1514836297504248e-19
0.09156631935885716,0.08751248325514607,0.09997034673216046,0.09803277203466167,0.11662006378173828,0.005733367890204934,0.005733081509085025,0.06409692764282227,1.1515028958999744e-19
0.0915655778187873,0.08751236854872395,0.09997035210451934,0.09803325065896838,0.1177520751953125,0.005733081515955095,0.005732795149526737,0.06449723243713379,1.1515221547383328e-19
0.09156483628913864,0.08751225384776011,0.09997035747668155,0.09803372924795418,0.11543107032775879,0.005732795156038021,0.005732508803468761,0.06325554847717285,1.151541420508928e-19
0.09156409476991288,0.08751213915225417,0.09997036284864709,0.09803420780162272,0.11713266372680664,0.005732508810452348,0.005732222472687454,0.06491255760192871,1.1515606886485738e-19
0.09156335326111179,0.08751202446220574,0.09997036822041595,0.09803468631997768,0.1155707836151123,0.005732222479198599,0.005731936155584094,0.06322526931762695,1.1515799411614289e-19
0.09156261176273707,0.08751190977761443,0.09997037359198814,0.09803516480302274,0.11579394340515137,0.005731936162275155,0.005731649853579768,0.06383514404296875,1.1515992018238524e-19
0.0915618702747904,0.08751179509847984,0.09997037896336367,0.09803564325076156,0.11567115783691406,0.005731649859680851,0.005731363564898118,0.06389832496643066,1.1516184699603514e-19
0.09156112879727364,0.0875116804248016,0.09997038433454251,0.09803612166319782,0.11373353004455566,0.005731363571417057,0.005731077290960229,0.06293702125549316,1.151637723803459e-19
0.09156038733018845,0.08751156575657934,0.09997038970552469,0.09803660004033524,0.11341190338134766,0.005731077297480704,0.005730791031410831,0.06277012825012207,1.151656981080737e-19
0.0915596458735366,0.08751145109381264,0.09997039507631018,0.09803707838217743,0.11457991600036621,0.005730791037872114,0.005730504785539381,0.06307840347290039,1.1516762476257553e-19
0.0915589044273198,0.08751133643650111,0.09997040044689902,0.09803755668872809,0.11328315734863281,0.005730504792591884,0.005730218554944599,0.06300091743469238,1.151695497212201e-19
0.09155816299153995,0.08751122178464436,0.09997040581729118,0.09803803495999087,0.11424136161804199,0.0057302185616372485,0.005729932338560673,0.06321310997009277,1.15171475638607e-19
0.09155742156619867,0.08751110713824203,0.09997041118748669,0.09803851319596948,0.11377167701721191,0.005729932345007801,0.005729646135677058,0.06265830993652344,1.1517340061776772e-19
0.09155668015129782,0.08751099249729373,0.09997041655748552,0.0980389913966676,0.11423492431640625,0.005729646142704241,0.0057293599477148405,0.06288480758666992,1.1517532628729443e-19
0.09155593874683907,0.08751087786179905,0.0999704219272877,0.09803946956208884,0.11478424072265625,0.005729359954725483,0.0057290737741411135,0.06320977210998535,1.1517725164902417e-19
0.09155519735282408,0.08751076323175762,0.09997042729689319,0.09803994769223692,0.11313939094543457,0.005729073781069126,0.00572878761566642,0.06254339218139648,1.1517917711931704e-19
0.09155445596925463,0.08751064860716903,0.09997043266630201,0.09804042578711546,0.11376357078552246,0.005728787621735032,0.005728501470159131,0.06357860565185547,1.1518110213585923e-19
0.09155371459613239,0.08751053398803292,0.09997043803551418,0.09804090384672814,0.1144106388092041,0.005728501476723629,0.005728215339217968,0.06247591972351074,1.151830275730749e-19
0.09155297323345919,0.08751041937434888,0.09997044340452968,0.09804138187107866,0.11530756950378418,0.005728215346032505,0.005727929222310024,0.0631566047668457,1.1518495289183633e-19
0.09155223188123683,0.08751030476611653,0.09997044877334853,0.0980418598601707,0.11375880241394043,0.005727929229663962,0.005727643120678749,0.06251645088195801,1.151868778208363e-19
0.09155149053946694,0.08751019016333547,0.09997045414197071,0.09804233781400787,0.1138608455657959,0.005727643127615157,0.005727357032903058,0.0622560977935791,1.1518880282385945e-19
0.09155074920815132,0.0875100755660053,0.09997045951039624,0.09804281573259387,0.11257576942443848,0.005727357039885481,0.005727070959871128,0.06292152404785156,1.1519072766420074e-19
0.09155000788729176,0.08750996097412568,0.0999704648786251,0.09804329361593239,0.11188316345214844,0.00572707096647315,0.005726784900161874,0.062085628509521484,1.1519265220676346e-19
0.09154926657688986,0.08750984638769618,0.0999704702466573,0.09804377146402711,0.11252236366271973,0.005726784907379826,0.005726498856084561,0.0625295639038086,1.1519457695328526e-19
0.09154852527694743,0.08750973180671644,0.09997047561449285,0.09804424927688164,0.11212563514709473,0.005726498862602029,0.005726212825329924,0.06245279312133789,1.1519650193104097e-19
0.09154778398746613,0.08750961723118605,0.09997048098213172,0.09804472705449964,0.11234450340270996,0.005726212832141512,0.005725926809141413,0.062307119369506836,1.151984260429624e-19
0.09154704270844777,0.08750950266110465,0.09997048634957396,0.0980452047968848,0.11224579811096191,0.005725926815996467,0.005725640807519028,0.06185197830200195,1.1520035087056723e-19
0.09154630143989408,0.08750938809647182,0.09997049171681954,0.09804568250404083,0.11288928985595703,0.005725640814165558,0.005725354819929862,0.06238222122192383,1.1520227552227916e-19
0.09154556018180685,0.0875092735372872,0.09997049708386846,0.09804616017597133,0.1120915412902832,0.005725354826648694,0.005725068846906822,0.06235051155090332,1.1520419986423386e-19
0.09154481893418781,0.08750915898355038,0.09997050245072073,0.09804663781268,0.11205840110778809,0.0057250688534451494,0.005724782888094637,0.06237530708312988,1.1520612417676112e-19
0.09154407769703868,0.08750904443526099,0.09997050781737633,0.09804711541417048,0.11179804801940918,0.005724782894553889,0.0057244969431380355,0.06267595291137695,1.152080486085961e-19
0.0915433364703612,0.08750892989241862,0.09997051318383529,0.09804759298044646,0.11225128173828125,0.0057244969499755625,0.005724211013102831,0.0620274543762207,1.152099725872056e-19
0.0915425952541571,0.0875088153550229,0.09997051855009759,0.09804807051151163,0.11274147033691406,0.005724211019708385,0.005723925096745575,0.06218600273132324,1.152118968238762e-19
0.09154185404842807,0.08750870082307345,0.09997052391616325,0.0980485480073696,0.11311197280883789,0.005723925103752466,0.005723639194599173,0.06233644485473633,1.1521382025395722e-19
0.09154111285317595,0.08750858629656985,0.09997052928203225,0.09804902546802406,0.11266064643859863,0.005723639202107238,0.005723353308084711,0.06233954429626465,1.152157446199405e-19
0.09154037166840248,0.08750847177551174,0.0999705346477046,0.09804950289347866,0.11208915710449219,0.005723353314769998,0.005723067434892926,0.062064409255981445,1.1521766829549502e-19
0.09153963049410932,0.08750835725989872,0.09997054001318029,0.09804998028373704,0.11255693435668945,0.005723067441740732,0.005722781576444902,0.06233477592468262,1.1521959228026919e-19
0.09153888933029822,0.08750824274973042,0.09997054537845933,0.09805045763880287,0.11283349990844727,0.0057227815830190746,0.005722495731674826,0.0628213882446289,1.1522151597173411e-19
0.0915381481769709,0.08750812824500644,0.09997055074354173,0.09805093495867974,0.11210060119628906,0.005722495738604321,0.005722209901648512,0.06193375587463379,1.1522343966481417e-19
0.09153740703412916,0.08750801374572639,0.09997055610842748,0.09805141224337133,0.11417603492736816,0.005722209908495723,0.005721924085833052,0.0624237060546875,1.1522536354500254e-19
0.09153666590177478,0.0875078992518899,0.09997056147311657,0.09805188949288131,0.11337924003601074,0.005721924092693246,0.0057216382842284474,0.062128305435180664,1.1522728699687605e-19
0.09153592477990945,0.08750778476349656,0.09997056683760902,0.09805236670721335,0.1138448715209961,0.005721638291195168,0.005721352497189969,0.06261944770812988,1.1522921012380276e-19
0.09153518366853487,0.08750767028054601,0.09997057220190482,0.0980528438863711,0.11321163177490234,0.00572135250400137,0.005721066724007073,0.06223154067993164,1.1523113370493378e-19
0.09153444256765288,0.08750755580303785,0.09997057756600397,0.09805332103035821,0.11365389823913574,0.005721066731110947,0.005720780965390304,0.06253671646118164,1.1523305705541984e-19
0.09153370147726526,0.08750744133097167,0.09997058292990647,0.09805379813917837,0.11383795738220215,0.00572078097252306,0.005720495221517297,0.06267285346984863,1.1523497981056908e-19
0.09153296039737364,0.0875073268643471,0.09997058829361234,0.0980542752128352,0.11347174644470215,0.005720495228237326,0.005720209491855144,0.0631871223449707,1.152369034373035e-19
0.09153221932797977,0.08750721240316377,0.09997059365712156,0.09805475225133238,0.11404037475585938,0.005720209498251002,0.00571992377622621,0.06372690200805664,1.152388264968313e-19
0.09153147826908536,0.08750709794742126,0.09997059902043413,0.09805522925467357,0.11368036270141602,0.005719923782565511,0.005719638074808131,0.06262922286987305,1.1524074967264946e-19
0.09153073722069222,0.08750698349711922,0.09997060438355007,0.09805570622286242,0.11471867561340332,0.005719638081180346,0.005719352387245635,0.06363058090209961,1.1524267223204908e-19
0.091529996182802,0.08750686905225724,0.09997060974646936,0.09805618315590256,0.1133279800415039,0.005719352394094208,0.005719066714426901,0.0630640983581543,1.152445955617528e-19
0.09152925515541656,0.08750675461283494,0.09997061510919202,0.09805666005379766,0.1135249137878418,0.005719066721306302,0.005718781055996658,0.06279158592224121,1.1524651794239792e-19
0.09152851413853758,0.08750664017885193,0.09997062047171802,0.0980571369165514,0.11330723762512207,0.005718781062816614,0.005718495412487812,0.06374144554138184,1.15248440875324e-19
0.09152777313216681,0.08750652575030783,0.09997062583404741,0.09805761374416738,0.11343502998352051,0.005718495418622732,0.005718209781768735,0.06296372413635254,1.1525036350411654e-19
0.09152703213630592,0.08750641132720226,0.09997063119618015,0.0980580905366493,0.11335325241088867,0.0057182097887263075,0.005717924166326327,0.0626375675201416,1.1525228594804775e-19
0.09152629115095673,0.08750629690953483,0.09997063655811625,0.09805856729400078,0.11429524421691895,0.005717924173124616,0.005717638564739502,0.06360125541687012,1.152542084893227e-19
0.09152555017612092,0.08750618249730516,0.09997064191985572,0.09805904401622548,0.11262798309326172,0.005717638571818303,0.005717352977896439,0.06281828880310059,1.1525613120149985e-19
0.0915248092118002,0.08750606809051284,0.09997064728139855,0.09805952070332707,0.11337709426879883,0.005717352984805542,0.005717067405441867,0.06385040283203125,1.1525805300836748e-19
0.09152406825799633,0.08750595368915749,0.09997065264274474,0.09805999735530918,0.11323261260986328,0.0057170674120860295,0.005716781847020513,0.06289839744567871,1.1525997586966784e-19
0.09152332731471112,0.08750583929323874,0.0999706580038943,0.09806047397217545,0.11287713050842285,0.005716781853659011,0.005716496302454743,0.06320500373840332,1.1526189846360338e-19
0.09152258638194634,0.08750572490275618,0.09997066336484722,0.09806095055392952,0.11347603797912598,0.00571649630952552,0.005716210772988006,0.06381797790527344,1.1526382046187265e-19
0.0915218454597036,0.08750561051770944,0.0999706687256035,0.09806142710057508,0.11239004135131836,0.005716210779681381,0.005715925257021581,0.06294918060302734,1.1526574249871719e-19
0.09152110454798469,0.08750549613809815,0.09997067408616316,0.09806190361211575,0.11320877075195312,0.005715925264129362,0.005715639755621282,0.0637061595916748,1.1526766389971932e-19
0.09152036364679135,0.08750538176392189,0.09997067944652618,0.0980623800885552,0.11267900466918945,0.00571563976286699,0.0057153542687871095,0.06253266334533691,1.152695861407969e-19
0.09151962275612532,0.0875052673951803,0.09997068480669258,0.09806285652989702,0.11295199394226074,0.005715354275894191,0.005715068796519063,0.06343722343444824,1.1527150820403157e-19
0.09151888187598833,0.08750515303187299,0.09997069016666234,0.09806333293614493,0.11341142654418945,0.0057150688032075745,0.005714783337573692,0.06380176544189453,1.1527342971147227e-19
0.09151814100638209,0.08750503867399957,0.09997069552643548,0.0980638093073025,0.11294007301330566,0.005714783344809861,0.005714497893727355,0.06308245658874512,1.1527535166152913e-19
0.09151740014730839,0.08750492432155965,0.09997070088601198,0.09806428564337344,0.11224031448364258,0.0057144979006982415,0.005714212464091872,0.06270670890808105,1.1527727349472264e-19
0.09151665929876901,0.08750480997455283,0.09997070624539185,0.09806476194436135,0.11269092559814453,0.00571421247087298,0.0057139270486672444,0.06267261505126953,1.1527919502211253e-19
0.09151591846076564,0.08750469563297875,0.0999707116045751,0.0980652382102699,0.11264920234680176,0.005713927055333696,0.005713641646920564,0.0635068416595459,1.1528111625517572e-19
0.09151517763329996,0.08750458129683701,0.09997071696356172,0.09806571444110274,0.1137230396270752,0.005713641654079427,0.0057133562606281885,0.06357955932617188,1.1528303752742395e-19
0.09151443681637383,0.08750446696612722,0.0999707223223517,0.09806619063686349,0.11295032501220703,0.005713356267107062,0.005713070887480853,0.06293749809265137,1.1528495918077724e-19
0.0915136960099889,0.08750435264084902,0.09997072768094506,0.0980666667975558,0.11206579208374023,0.005713070894419208,0.005712785528899644,0.06280970573425293,1.1528688042372818e-19
0.0915129552141468,0.08750423832100199,0.09997073303934179,0.09806714292318329,0.11254215240478516,0.005712785536013894,0.005712500185062197,0.06285238265991211,1.1528880140553613e-19
0.09151221442884952,0.08750412400658576,0.09997073839754189,0.09806761901374962,0.11206245422363281,0.0057125001918906,0.0057122148554356045,0.06348752975463867,1.15290723314689e-19
0.09151147365409867,0.08750400969759994,0.09997074375554536,0.09806809506925838,0.11221528053283691,0.005712214862048006,0.005711929539842231,0.0628654956817627,1.152926438099502e-19
0.091510732889896,0.08750389539404416,0.09997074911335221,0.09806857108971326,0.11496400833129883,0.005711929546485773,0.0057116442382820765,0.06474637985229492,1.152945645068554e-19
0.09150999213624325,0.08750378109591801,0.09997075447096246,0.09806904707511785,0.11574387550354004,0.005711644245202825,0.005711358951288048,0.06440138816833496,1.1529648574820592e-19
0.09150925139314205,0.08750366680322115,0.09997075982837607,0.09806952302547584,0.11581540107727051,0.005711358958199133,0.00571107367868251,0.0643916130065918,1.152984066500062e-19
0.09150851066059425,0.08750355251595317,0.09997076518559304,0.09806999894079083,0.11555695533752441,0.005711073685473574,0.005710788420465462,0.06437158584594727,1.153003271529827e-19
0.09150776993860157,0.08750343823411368,0.09997077054261341,0.0980704748210665,0.11588811874389648,0.005710788427024436,0.005710503175748727,0.06444501876831055,1.1530224811215184e-19
0.09150702922716572,0.08750332395770229,0.09997077589943716,0.09807095066630646,0.11591076850891113,0.005710503182854104,0.00571021794630866,0.06432414054870605,1.1530416852858397e-19
0.09150628852628839,0.0875032096867186,0.09997078125606429,0.09807142647651436,0.11581087112426758,0.005710217952958464,0.005709932730901812,0.06423091888427734,1.1530608925188992e-19
0.09150554783597141,0.08750309542116225,0.0999707866124948,0.09807190225169381,0.11597967147827148,0.005709932737338445,0.005709647529350548,0.06434893608093262,1.153080102068789e-19
0.0915048071562165,0.08750298116103283,0.0999707919687287,0.09807237799184843,0.11655688285827637,0.0057096475359930034,0.005709362342010138,0.06439709663391113,1.153099303597005e-19
0.09150406648702546,0.08750286690632997,0.09997079732476598,0.0980728536969819,0.11572456359863281,0.005709362348922816,0.005709077169591126,0.06417393684387207,1.1531185080960967e-19
0.09150332582840001,0.08750275265705329,0.09997080268060664,0.09807332936709783,0.11681842803955078,0.005709077176124454,0.00570879201049479,0.06446290016174316,1.1531377063574754e-19
0.09150258518034192,0.0875026384132024,0.09997080803625068,0.09807380500219982,0.11637711524963379,0.005708792017600281,0.005708506866497487,0.06420159339904785,1.1531569154688174e-19
0.09150184454285284,0.0875025241747769,0.09997081339169811,0.09807428060229156,0.11713457107543945,0.005708506873347422,0.005708221736711039,0.06459331512451172,1.1531761164548148e-19
0.09150110391593458,0.08750240994177642,0.09997081874694892,0.09807475616737667,0.1160283088684082,0.005708221743364916,0.005707936621135445,0.06445693969726562,1.153195314679216e-19
0.09150036329958885,0.0875022957142006,0.09997082410200311,0.09807523169745878,0.11632633209228516,0.005707936627651991,0.0057076515192378,0.06440424919128418,1.1532145167770633e-19
0.09149962269381735,0.08750218149204901,0.0999708294568607,0.09807570719254152,0.11635351181030273,0.005707651526209071,0.005707366432083916,0.06428861618041992,1.15323371626949e-19
0.09149888209862182,0.08750206727532128,0.09997083481152166,0.0980761826526285,0.11691546440124512,0.005707366439035325,0.005707081359496158,0.0644826889038086,1.1532529149100896e-19
0.09149814151400402,0.08750195306401705,0.09997084016598602,0.09807665807772341,0.11648821830749512,0.005707081366129352,0.005706796300763983,0.06447196006774902,1.1532721148165364e-19
0.09149740093996561,0.08750183885813591,0.09997084552025377,0.09807713346782984,0.11746072769165039,0.005706796307491153,0.005706511256597935,0.0643916130065918,1.1532913060534853e-19
0.09149666037650844,0.08750172465767748,0.09997085087432492,0.09807760882295143,0.11742162704467773,0.005706511263118004,0.005706226225576927,0.06430697441101074,1.1533105024165055e-19
0.09149591982363418,0.08750161046264139,0.09997085622819944,0.09807808414309178,0.11876869201660156,0.005706226233013874,0.005705941210543131,0.06494641304016113,1.153329694974974e-19
0.09149517928134458,0.08750149627302724,0.09997086158187736,0.0980785594282546,0.1174781322479248,0.005705941217173992,0.005705656208654375,0.06478476524353027,1.1533488937835463e-19
0.09149443874964139,0.08750138208883465,0.09997086693535866,0.09807903467844345,0.11790204048156738,0.005705656215599349,0.005705371221864652,0.0650789737701416,1.1533680939027965e-19
0.09149369822852638,0.08750126791006324,0.09997087228864335,0.09807950989366197,0.1175377368927002,0.005705371228287846,0.005705086248930513,0.06520295143127441,1.1533872805261627e-19
0.09149295771800132,0.0875011537367126,0.09997087764173143,0.09807998507391377,0.11743760108947754,0.005705086255238786,0.005704801289851957,0.06514835357666016,1.1534064758185401e-19
0.09149221721806794,0.08750103956878238,0.09997088299462291,0.09808046021920251,0.11803269386291504,0.0057048012964532316,0.005704516345694799,0.06532955169677734,1.153425667179721e-19
0.09149147672872797,0.08750092540627219,0.09997088834731778,0.09808093532953183,0.11789989471435547,0.0057045163519286145,0.005704231415393224,0.06527924537658691,1.1534448570855284e-19
0.09149073624998313,0.08750081124918162,0.09997089369981606,0.09808141040490535,0.11758732795715332,0.005704231421665363,0.005703946499124868,0.06511044502258301,1.1534640509532945e-19
0.09148999578183513,0.08750069709751032,0.09997089905211773,0.09808188544532671,0.11776566505432129,0.005703946505662718,0.0057036615970673665,0.06562423706054688,1.1534832359654604e-19
0.09148925532428581,0.08750058295125789,0.09997090440422278,0.09808236045079947,0.11769676208496094,0.005703661603920997,0.005703376709575991,0.06528878211975098,1.1535024286022886e-19
0.09148851487733682,0.08750046881042395,0.09997090975613124,0.0980828354213273,0.11735725402832031,0.005703376716437113,0.0057030918364731065,0.06563544273376465,1.153521617068815e-19
0.09148777444098993,0.08750035467500811,0.09997091510784309,0.09808331035691384,0.11744809150695801,0.005703091843211327,0.005702806977225805,0.06555747985839844,1.1535408032396423e-19
0.09148703401524683,0.08750024054500999,0.09997092045935833,0.09808378525756266,0.11789631843566895,0.005702806984243672,0.005702522133077537,0.06564497947692871,1.1535599857234965e-19
0.09148629360010921,0.0875001264204292,0.09997092581067699,0.09808426012327738,0.11717534065246582,0.005702522139531625,0.005702237302251945,0.06535673141479492,1.1535791759678844e-19
0.09148555319557874,0.08750001230126538,0.09997093116179903,0.09808473495406167,0.11756563186645508,0.005702237309076305,0.005701952486170114,0.06569623947143555,1.153598363219835e-19
0.0914848128016573,0.0874998981875181,0.09997093651272448,0.0980852097499191,0.11748218536376953,0.005701952492875205,0.005701667684121503,0.06591558456420898,1.153617547033138e-19
0.09148407241834657,0.08749978407918702,0.09997094186345333,0.09808568451085335,0.11726903915405273,0.005701667690929974,0.0057013828962837465,0.0655679702758789,1.1536367335549492e-19
0.09148333204564817,0.08749966997627172,0.09997094721398558,0.09808615923686799,0.11762166023254395,0.0057013829032396025,0.00570109812283448,0.065521240234375,1.153655916855092e-19
0.09148259168356386,0.08749955587877183,0.09997095256432123,0.09808663392796663,0.11796808242797852,0.0057010981298016745,0.00570081336395134,0.06569886207580566,1.1536751000758132e-19
0.09148185133209547,0.08749944178668696,0.0999709579144603,0.0980871085841529,0.1181023120880127,0.005700813370615146,0.005700528619101419,0.06548523902893066,1.153694280503408e-19
0.09148111099124466,0.08749932770001675,0.09997096326440276,0.09808758320543041,0.1176755428314209,0.005700528625680569,0.00570024388775181,0.06553936004638672,1.1537134585835772e-19
0.09148037066101329,0.08749921361876081,0.09997096861414863,0.0980880577918028,0.1178431510925293,0.005700243894998391,0.005699959171501234,0.0653829574584961,1.1537326437511324e-19
0.09147963034140312,0.08749909954291875,0.0999709739636979,0.0980885323432737,0.11824536323547363,0.005699959178566041,0.005699674469639149,0.06571507453918457,1.1537518208863433e-19
0.09147889003241581,0.08749898547249019,0.09997097931305059,0.09808900685984671,0.11762070655822754,0.005699674476382586,0.005699389781810282,0.06573700904846191,1.1537710014677196e-19
0.09147814973405315,0.08749887140747473,0.09997098466220668,0.09808948134152547,0.11758542060852051,0.00569938978844757,0.005699105108369906,0.06573343276977539,1.1537901774604118e-19
0.09147740944631681,0.08749875734787199,0.09997099001116617,0.09808995578831353,0.11774373054504395,0.0056991051147609936,0.005698820448607478,0.06560444831848145,1.1538093545917145e-19
0.09147666916920849,0.08749864329368158,0.09997099535992908,0.09809043020021459,0.1176607608795166,0.005698820455321814,0.005698535803055904,0.06561779975891113,1.153828536766606e-19
0.09147592890273001,0.08749852924490314,0.09997100070849539,0.09809090457723221,0.1179037094116211,0.0056985358101303485,0.0056982511720704565,0.06577849388122559,1.1538477085568393e-19
0.09147518864688309,0.08749841520153628,0.09997100605686511,0.09809137891937002,0.11799192428588867,0.005698251179184559,0.005697966555828771,0.06581282615661621,1.1538668842524759e-19
0.09147444840166934,0.08749830116358062,0.09997101140503825,0.09809185322663165,0.11783623695373535,0.005697966562483288,0.005697681952909761,0.06561136245727539,1.1538860633761143e-19
0.09147370816709055,0.08749818713103577,0.09997101675301479,0.09809232749902073,0.11768984794616699,0.005697681960028218,0.005697397364734513,0.06536436080932617,1.1539052348843908e-19
0.09147296794314852,0.08749807310390134,0.09997102210079474,0.09809280173654085,0.1175084114074707,0.005697397371816336,0.00569711279077012,0.06536269187927246,1.1539244075408016e-19
0.09147222772984491,0.08749795908217695,0.0999710274483781,0.0980932759391956,0.11718225479125977,0.005697112797848202,0.005696828231016582,0.06541681289672852,1.1539435785979902e-19
0.09147148752718152,0.0874978450658622,0.09997103279576487,0.0980937501069886,0.1172950267791748,0.005696828238122488,0.00569654368582917,0.06503176689147949,1.1539627476290256e-19
0.09147074733516007,0.08749773105495674,0.09997103814295506,0.0980942242399235,0.11719155311584473,0.005696543692638043,0.005696259154852612,0.06511402130126953,1.1539819196051487e-19
0.09147000715378223,0.08749761704946019,0.09997104348994867,0.09809469833800388,0.11639404296875,0.005696259161392571,0.0056959746379092735,0.06465792655944824,1.1540010986223093e-19
0.09146926698304972,0.08749750304937215,0.0999710488367457,0.09809517240123336,0.11681270599365234,0.005695974644387949,0.005695690134999154,0.06485843658447266,1.1540202609492384e-19
0.09146852682296432,0.08749738905469223,0.09997105418334613,0.09809564642961556,0.11645078659057617,0.005695690141623214,0.0056954056461222535,0.0644230842590332,1.154039434262589e-19
0.09146778667352777,0.08749727506542006,0.09997105952974998,0.09809612042315409,0.11614418029785156,0.00569540565309897,0.005695121171989115,0.06432628631591797,1.1540585976373633e-19
0.0914670465347419,0.08749716108155524,0.09997106487595725,0.09809659438185252,0.11642265319824219,0.0056951211788124866,0.005694836712066831,0.0640878677368164,1.154077767060528e-19
0.09146630640660838,0.0874970471030974,0.09997107022196794,0.0980970683057145,0.1161508560180664,0.005694836718763037,0.0056945522658224945,0.06406235694885254,1.1540969364916914e-19
0.09146556628912896,0.08749693313004617,0.09997107556778204,0.09809754219474362,0.1160733699798584,0.005694552272949949,0.00569426783432192,0.06372261047363281,1.1541161014616647e-19
0.09146482618230535,0.08749681916240115,0.09997108091339955,0.09809801604894347,0.11693382263183594,0.005694267841373829,0.0056939834173874715,0.06375288963317871,1.1541352628058981e-19
0.09146408608613933,0.08749670520016195,0.09997108625882048,0.09809848986831765,0.11634635925292969,0.005693983424032582,0.005693699014486242,0.06347060203552246,1.1541544289329552e-19
0.0914633460006326,0.08749659124332819,0.09997109160404483,0.0980989636528698,0.11670708656311035,0.005693699020924848,0.005693414625618232,0.06400609016418457,1.1541735943161859e-19
0.09146260592578682,0.08749647729189951,0.09997109694907261,0.0980994374026035,0.11687302589416504,0.005693414632051263,0.00569313025078344,0.06370353698730469,1.154192760333534e-19
0.09146186586160371,0.0874963633458755,0.09997110229390381,0.09809991111752235,0.11719536781311035,0.005693130257410473,0.005692845890337139,0.06421470642089844,1.1542119232930587e-19
0.09146112580808499,0.08749624940525579,0.09997110763853843,0.09810038479762995,0.11729073524475098,0.005692845897002684,0.005692561544101693,0.06408023834228516,1.1542310762979986e-19
0.09146038576523242,0.08749613547003998,0.09997111298297648,0.09810085844292991,0.11745262145996094,0.0056925615508269375,0.005692277212432373,0.06426215171813965,1.154250241294553e-19
0.09145964573304773,0.08749602154022774,0.09997111832721794,0.0981013320534259,0.11720919609069824,0.005692277218882075,0.005691992894973907,0.06412744522094727,1.1542694052787238e-19
0.09145890571153269,0.08749590761581866,0.09997112367126283,0.09810180562912148,0.11641621589660645,0.005691992901166744,0.0056917085911933896,0.06392645835876465,1.1542885641717723e-19
0.09145816570068901,0.08749579369681235,0.09997112901511114,0.09810227917002026,0.11758565902709961,0.00569170859768061,0.005691424301801362,0.0636591911315918,1.1543077214529871e-19
0.09145742570051846,0.08749567978320844,0.09997113435876288,0.0981027526761259,0.1181950569152832,0.005691424308424358,0.005691140026797825,0.06391263008117676,1.1543268843894656e-19
0.09145668571102278,0.08749556587500652,0.09997113970221806,0.09810322614744194,0.11879348754882812,0.0056911400333964695,0.005690855766005143,0.06416177749633789,1.1543460424164747e-19
0.0914559457322037,0.08749545197220623,0.09997114504547666,0.09810369958397197,0.1181638240814209,0.005690855772595652,0.005690571519423315,0.06403827667236328,1.1543651983184117e-19
0.09145520576406302,0.0874953380748072,0.09997115038853868,0.09810417298571965,0.11832404136657715,0.005690571526021827,0.005690287287229978,0.06409883499145508,1.154384349805654e-19
0.09145446580660249,0.087495224182809,0.09997115573140414,0.09810464635268853,0.11835002899169922,0.005690287293673283,0.005690003068892224,0.06432580947875977,1.1544035111450213e-19
0.09145372585982375,0.08749511029621128,0.09997116107407303,0.09810511968488227,0.11815118789672852,0.005690003075551351,0.0056897188645876895,0.0641639232635498,1.1544226577834526e-19
0.09145298592372858,0.08749499641501367,0.09997116641654535,0.09810559298230444,0.11810088157653809,0.005689718871654953,0.005689434675204552,0.06459426879882812,1.1544418142846042e-19
0.09145224599831872,0.08749488253921578,0.0999711717588211,0.0981060662449586,0.11772751808166504,0.005689434681980331,0.0056891504994993625,0.06423735618591309,1.1544609669829357e-19
0.09145150608359577,0.08749476866881724,0.09997117710090028,0.09810653947284842,0.11754012107849121,0.005689150506530195,0.005688866338360299,0.06410527229309082,1.154480118928602e-19
0.09145076617956151,0.08749465480381764,0.0999711824427829,0.09810701266597743,0.11807966232299805,0.005688866345301387,0.00568858219143209,0.0642080307006836,1.1544992734078236e-19
0.09145002628621766,0.0874945409442166,0.09997118778446895,0.09810748582434926,0.11710333824157715,0.005688582198295238,0.005688298058714736,0.06407427787780762,1.1545184199806672e-19
0.09144928640356606,0.08749442709001376,0.09997119312595842,0.09810795894796753,0.11584210395812988,0.0056882980655097335,0.005688013940030601,0.06351470947265625,1.1545375742549253e-19
0.0914485465316083,0.08749431324120871,0.09997119846725135,0.09810843203683581,0.11664867401123047,0.005688013946944125,0.005687729835912592,0.06477165222167969,1.1545567223732167e-19
0.09144780667034622,0.08749419939780109,0.09997120380834769,0.09810890509095771,0.11619257926940918,0.005687729842598656,0.005687445746005437,0.06435847282409668,1.1545758697758347e-19
0.0914470668197815,0.08749408555979052,0.09997120914924748,0.09810937811033682,0.11563587188720703,0.00568744575247135,0.005687161669776231,0.06470131874084473,1.1545950191164314e-19
0.09144632697991588,0.0874939717271766,0.09997121448995071,0.09810985109497668,0.11616683006286621,0.005687161676563169,0.005686877608290786,0.06424283981323242,1.1546141734828197e-19
0.09144558715075114,0.08749385789995898,0.09997121983045737,0.0981103240448809,0.11566591262817383,0.005686877614871357,0.00568659356083856,0.06411218643188477,1.1546333177248504e-19
0.09144484733228896,0.08749374407813723,0.09997122517076747,0.09811079696005312,0.11432743072509766,0.005686593567396186,0.005686309527597189,0.06326985359191895,1.1546524613855001e-19
0.09144410752453118,0.087493630261711,0.09997123051088101,0.09811126984049691,0.1145620346069336,0.005686309534136996,0.005686025508211401,0.06373167037963867,1.1546716076209475e-19
0.09144336772747946,0.0874935164506799,0.099971235850798,0.09811174268621584,0.1144876480102539,0.005686025515094044,0.005685741503569375,0.0635077953338623,1.1546907535413135e-19
0.09144262794113552,0.08749340264504357,0.09997124119051841,0.09811221549721347,0.11388325691223145,0.005685741510264612,0.005685457512960568,0.0628049373626709,1.1547098926136506e-19
0.09144188816550117,0.08749328884480159,0.09997124653004227,0.09811268827349341,0.11447930335998535,0.0056854575196499625,0.0056851735365626155,0.0634148120880127,1.1547290365178332e-19
0.09144114840057811,0.08749317504995362,0.09997125186936957,0.09811316101505928,0.11369705200195312,0.0056851735432481496,0.005684889574197882,0.06297659873962402,1.1547481824089715e-19
0.09144040864636806,0.08749306126049924,0.09997125720850032,0.09811363372191464,0.11359763145446777,0.005684889581059026,0.005684605626399275,0.06284236907958984,1.154767319472872e-19
0.09143966890287264,0.08749294747643811,0.0999712625474345,0.09811410639406314,0.11344504356384277,0.005684605633081562,0.005684321692456251,0.0628364086151123,1.1547864678482612e-19
0.09143892917009372,0.08749283369776982,0.09997126788617214,0.09811457903150833,0.1134648323059082,0.005684321699315431,0.005684037772724082,0.06342077255249023,1.154805603558769e-19
0.09143818944803304,0.087492719924494,0.0999712732247132,0.0981150516342538,0.11309528350830078,0.0056840377797598525,0.005683753867735675,0.06292581558227539,1.1548247428794725e-19
0.09143744973669227,0.08749260615661027,0.09997127856305772,0.09811552420230316,0.11394953727722168,0.005683753874413147,0.005683469976780486,0.0630800724029541,1.1548438840089045e-19
0.09143671003607312,0.08749249239411823,0.09997128390120569,0.09811599673565999,0.11381363868713379,0.005683469983275199,0.005683186099680881,0.06273770332336426,1.1548630211728e-19
0.09143597034617738,0.08749237863701753,0.09997128923915709,0.09811646923432789,0.11318278312683105,0.005683186106346051,0.005682902236792131,0.06235194206237793,1.154882157670382e-19
0.09143523066700679,0.08749226488530779,0.09997129457691195,0.09811694169831044,0.11325407028198242,0.005682902243624658,0.005682618388469507,0.06317567825317383,1.1549012940763186e-19
0.09143449099856303,0.08749215113898859,0.09997129991447026,0.0981174141276112,0.11270809173583984,0.005682618395108615,0.005682334554002466,0.06260251998901367,1.1549204324770712e-19
0.09143375134084791,0.08749203739805957,0.09997130525183202,0.0981178865222338,0.11399722099304199,0.005682334560798553,0.005682050734456823,0.06272196769714355,1.1549395668486192e-19
0.09143301169386311,0.08749192366252034,0.09997131058899723,0.09811835888218183,0.11475515365600586,0.0056820507406923305,0.005681766928233856,0.06285810470581055,1.1549586984043004e-19
0.09143227205761029,0.08749180993237055,0.09997131592596588,0.09811883120745885,0.1135396957397461,0.00568176693479241,0.005681483136577015,0.06283307075500488,1.1549778361740074e-19
0.09143153243209115,0.08749169620760977,0.09997132126273799,0.09811930349806847,0.11326408386230469,0.005681483143096293,0.005681199359131028,0.06236982345581055,1.1549969641087157e-19
0.09143079281730751,0.08749158248823767,0.09997132659931354,0.09811977575401426,0.11359262466430664,0.005681199365602595,0.005680915595718261,0.06187319755554199,1.1550160995381676e-19
0.09143005321326106,0.08749146877425383,0.09997133193569255,0.09812024797529978,0.11402177810668945,0.005680915602311686,0.005680631846338713,0.06240367889404297,1.155035228432681e-19
0.09142931361995357,0.08749135506565789,0.099971337271875,0.0981207201619286,0.11364984512329102,0.00568063185322344,0.005680348111170019,0.062453269958496094,1.1550543595073621e-19
0.09142857403738677,0.08749124136244947,0.0999713426078609,0.09812119231390434,0.11351609230041504,0.0056803481183368655,0.005680064391100359,0.062093257904052734,1.1550734942225897e-19
0.09142783446556241,0.08749112766462819,0.09997134794365027,0.09812166443123059,0.11404895782470703,0.005680064397649123,0.005679780684531011,0.062277793884277344,1.1550926192768485e-19
0.09142709490448214,0.08749101397219367,0.09997135327924309,0.09812213651391088,0.11389803886413574,0.005679780691162621,0.0056794969918172455,0.06267333030700684,1.1551117539194435e-19
0.09142635535414771,0.08749090028514551,0.09997135861463935,0.09812260856194883,0.11344361305236816,0.005679496998875019,0.005679213313847242,0.06262516975402832,1.1551308795462835e-19
0.09142561581456093,0.08749078660348336,0.09997136394983908,0.09812308057534802,0.1147925853729248,0.00567921332078555,0.005678929650265729,0.06250262260437012,1.155150004296474e-19
0.09142487628572345,0.08749067292720682,0.09997136928484227,0.09812355255411201,0.11470556259155273,0.005678929656893138,0.005678646001072707,0.06284189224243164,1.1551691337308157e-19
0.09142413676763704,0.08749055925631552,0.0999713746196489,0.09812402449824438,0.11333870887756348,0.005678646007195698,0.005678362365024725,0.06212282180786133,1.1551882610107061e-19
0.0914233972603034,0.08749044559080907,0.099971379954259,0.09812449640774874,0.11423182487487793,0.005678362371695611,0.0056780787433652335,0.06301450729370117,1.155207384118528e-19
0.0914226577637242,0.08749033193068709,0.09997138528867257,0.09812496828262868,0.1135101318359375,0.005678078750391149,0.0056777951366271395,0.06253480911254883,1.1552265107657863e-19
0.09142191827790128,0.08749021827594919,0.09997139062288958,0.09812544012288774,0.11528277397155762,0.005677795143281283,0.005677511543566993,0.06258440017700195,1.1552456331606414e-19
0.09142117880283629,0.08749010462659501,0.09997139595691006,0.0981259119285295,0.11608338356018066,0.0056775115503655575,0.005677227964540066,0.06322622299194336,1.1552647555126154e-19
0.09142043933853101,0.08748999098262417,0.099971401290734,0.09812638369955753,0.11463642120361328,0.00567722797164336,0.005676944400789807,0.06326937675476074,1.1552838788815007e-19
0.09141969988498709,0.08748987734403627,0.09997140662436138,0.09812685543597542,0.11479973793029785,0.00567694440711216,0.005676660849651682,0.06305503845214844,1.1553029993565286e-19
0.09141896044220633,0.08748976371083095,0.09997141195779224,0.09812732713778674,0.11537480354309082,0.00567666085677378,0.005676377314145498,0.06356334686279297,1.1553221210413956e-19
0.09141822101019052,0.08748965008300781,0.09997141729102657,0.09812779880499509,0.11581563949584961,0.005676377320624629,0.005676093792139625,0.06348276138305664,1.1553412413304726e-19
0.09141748158894138,0.0874895364605665,0.09997142262406436,0.09812827043760404,0.11583209037780762,0.005676093798667128,0.005675810283456428,0.06379127502441406,1.155360362968648e-19
0.09141674217846053,0.08748942284350661,0.09997142795690561,0.09812874203561715,0.11479687690734863,0.005675810290900261,0.005675526790582808,0.06281018257141113,1.1553794779889449e-19
0.09141600277874974,0.08748930923182778,0.09997143328955033,0.09812921359903799,0.11535072326660156,0.005675526797321884,0.005675243311387135,0.06287193298339844,1.1553985948782555e-19
0.09141526338981072,0.08748919562552963,0.0999714386219985,0.0981296851278702,0.1154789924621582,0.005675243317931325,0.005674959846224681,0.06336522102355957,1.1554177167388287e-19
0.09141452401164529,0.08748908202461178,0.09997144395425016,0.09813015662211731,0.11444473266601562,0.005674959852728187,0.005674676394562539,0.0635519027709961,1.1554368302563014e-19
0.09141378464425509,0.08748896842907383,0.09997144928630528,0.09813062808178288,0.11590838432312012,0.0056746764017121575,0.005674392958532337,0.06309843063354492,1.1554559487192063e-19
0.09141304528764187,0.08748885483891543,0.09997145461816387,0.09813109950687048,0.11646556854248047,0.0056743929648820565,0.00567410953546954,0.06348729133605957,1.1554750600292582e-19
0.09141230594180755,0.08748874125413617,0.09997145994982592,0.09813157089738371,0.11475777626037598,0.005674109542236963,0.005673826126617598,0.06365561485290527,1.1554941807484505e-19
0.09141156660675377,0.0874886276747357,0.09997146528129144,0.09813204225332608,0.11492013931274414,0.005673826133777828,0.005673542732509418,0.06352472305297852,1.155513289968384e-19
0.09141082728248222,0.08748851410071361,0.09997147061256043,0.09813251357470121,0.11405205726623535,0.005673542739502264,0.005673259352612092,0.06394767761230469,1.1555324022821334e-19
0.09141008796899461,0.08748840053206954,0.09997147594363288,0.09813298486151269,0.11572480201721191,0.005673259359409108,0.00567297598657035,0.0640113353729248,1.1555515165143908e-19
0.09140934866629272,0.08748828696880309,0.09997148127450882,0.09813345611376408,0.11573481559753418,0.005672975993498112,0.005672692634917098,0.06402182579040527,1.1555706247166688e-19
0.09140860937437822,0.08748817341091392,0.09997148660518823,0.09813392733145895,0.11410903930664062,0.005672692641769192,0.005672409297474701,0.06373810768127441,1.1555897417119429e-19
0.09140787009325291,0.08748805985840163,0.0999714919356711,0.0981343985146009,0.11426877975463867,0.005672409304220945,0.005672125973887887,0.0638573169708252,1.1556088518830617e-19
0.09140713082291847,0.08748794631126584,0.09997149726595746,0.09813486966319343,0.11482548713684082,0.005672125980854063,0.005671842665044835,0.06410503387451172,1.1556279582766184e-19
0.09140639156337657,0.08748783276950618,0.09997150259604727,0.09813534077724013,0.11410927772521973,0.005671842671667066,0.005671559370235002,0.06366991996765137,1.155647067859224e-19
0.09140565231462897,0.08748771923312225,0.09997150792594058,0.09813581185674457,0.11422944068908691,0.005671559376656941,0.005671276089103117,0.0639638900756836,1.155666175933336e-19
0.0914049130766774,0.08748760570211367,0.09997151325563734,0.09813628290171028,0.11313724517822266,0.005671276095827352,0.005670992822537357,0.06282424926757812,1.1556852849373183e-19
0.09140417384952366,0.08748749217648008,0.09997151858513759,0.09813675391214087,0.1123197078704834,0.0056709928291749315,0.005670709570004817,0.062058448791503906,1.155704388349769e-19
0.09140343463316941,0.0874873786562211,0.09997152391444131,0.0981372248880399,0.1144256591796875,0.005670709576699276,0.005670426330972589,0.06276798248291016,1.155723495012826e-19
0.0914026954276164,0.08748726514133634,0.0999715292435485,0.09813769582941093,0.11266303062438965,0.005670426338401342,0.005670143107217029,0.062479496002197266,1.1557425955584668e-19
0.09140195623286637,0.08748715163182542,0.09997153457245918,0.09813816673625748,0.1140279769897461,0.005670143114277775,0.00566985989784996,0.06239819526672363,1.155761706753245e-19
0.09140121704892092,0.08748703812768797,0.09997153990117333,0.09813863760858317,0.11464095115661621,0.00566985990432673,0.005669576701627932,0.06244182586669922,1.1557808084030033e-19
0.09140047787578184,0.08748692462892362,0.09997154522969097,0.09813910844639158,0.11266684532165527,0.0056695767085516505,0.005669293520504937,0.062241554260253906,1.1557999135829682e-19
0.09139973871345093,0.08748681113553194,0.09997155055801209,0.09813957924968626,0.11313319206237793,0.005669293526948074,0.005669010352882253,0.06235957145690918,1.1558190123554355e-19
0.09139899956192989,0.08748669764751262,0.09997155588613668,0.09814005001847077,0.11265254020690918,0.005669010359517983,0.005668727200003332,0.06294655799865723,1.1558381132256568e-19
0.0913982604212204,0.08748658416486524,0.09997156121406475,0.09814052075274865,0.11363005638122559,0.005668727206258989,0.005668444060091815,0.062337636947631836,1.1558572134676543e-19
0.09139752129132418,0.08748647068758943,0.0999715665417963,0.09814099145252347,0.11426806449890137,0.005668444067172801,0.005668160935634603,0.06249356269836426,1.1558763134961777e-19
0.09139678217224298,0.0874863572156848,0.09997157186933134,0.09814146211779883,0.11203384399414062,0.005668160942253898,0.0056678778248553385,0.06223249435424805,1.1558954112094746e-19
0.09139604306397854,0.08748624374915101,0.09997157719666985,0.09814193274857827,0.11227917671203613,0.005667877831506995,0.005667594728286929,0.062027692794799805,1.1559145159919654e-19
0.09139530396653264,0.08748613028798766,0.09997158252381186,0.09814240334486535,0.1130070686340332,0.00566759473492869,0.005667311646284645,0.06221127510070801,1.155933609323203e-19
0.09139456487990696,0.08748601683219435,0.09997158785075734,0.09814287390666361,0.11306452751159668,0.0056673116525182065,0.005667028577427402,0.06232643127441406,1.1559527084149393e-19
0.09139382580410325,0.08748590338177073,0.09997159317750631,0.0981433444339766,0.11345267295837402,0.00566702858427632,0.005666745523313921,0.06253862380981445,1.1559718049158688e-19
0.09139308673912327,0.08748578993671642,0.09997159850405878,0.09814381492680786,0.11309266090393066,0.005666745530201882,0.0056664624832336585,0.06199836730957031,1.1559909041085472e-19
0.09139234768496868,0.08748567649703103,0.09997160383041472,0.098144285385161,0.11345028877258301,0.005666462490293218,0.005666179458074794,0.062308549880981445,1.1560099981005215e-19
0.09139160864164128,0.08748556306271417,0.09997160915657415,0.09814475580903954,0.11315608024597168,0.005666179464549863,0.0056658964460609695,0.062213897705078125,1.1560290926612446e-19
0.09139086960914271,0.08748544963376548,0.09997161448253707,0.09814522619844708,0.1131289005279541,0.005665896452971236,0.0056656134491461785,0.06221270561218262,1.156048183364436e-19
0.09139013058747476,0.08748533621018457,0.09997161980830348,0.09814569655338712,0.11381983757019043,0.00566561345555584,0.005665330465731699,0.062140464782714844,1.1560672773042635e-19
0.09138939157663921,0.08748522279197109,0.09997162513387338,0.09814616687386327,0.11441898345947266,0.005665330472303715,0.005665047496172804,0.062218427658081055,1.156086365349284e-19
0.09138865257663767,0.08748510937912464,0.09997163045924677,0.09814663715987909,0.11341166496276855,0.00566504750321482,0.005664764541535305,0.06221795082092285,1.156105459923214e-19
0.09138791358747203,0.08748499597164487,0.09997163578442365,0.09814710741143813,0.11391496658325195,0.005664764548287741,0.0056644816007533905,0.06256103515625,1.1561245552853823e-19
0.0913871746091438,0.08748488256953137,0.09997164110940403,0.09814757762854394,0.11246156692504883,0.005664481607521755,0.00566419867418233,0.06173992156982422,1.1561436418810198e-19
0.09138643564165481,0.08748476917278378,0.0999716464341879,0.09814804781120003,0.11472964286804199,0.005664198680916216,0.005663915762177396,0.06185197830200195,1.1561627283982144e-19
0.0913856966850068,0.0874846557814017,0.09997165175877527,0.09814851795940996,0.11545920372009277,0.005663915768468629,0.005663632863139867,0.062478065490722656,1.1561818241889646e-19
0.0913849577392015,0.08748454239538475,0.09997165708316613,0.09814898807317732,0.11441826820373535,0.005663632870182054,0.005663349979556642,0.06259894371032715,1.1562009091895027e-19
0.0913842188042406,0.08748442901473256,0.09997166240736048,0.09814945815250566,0.11478519439697266,0.005663349986052704,0.005663067109651365,0.06271767616271973,1.156219996525519e-19
0.09138347988012584,0.08748431563944475,0.09997166773135834,0.09814992819739851,0.11474204063415527,0.005663067116080641,0.005662784253956943,0.06279706954956055,1.1562390826961056e-19
0.09138274096685894,0.08748420226952097,0.0999716730551597,0.09815039820785942,0.11437845230102539,0.005662784260265342,0.0056625014117628325,0.0626671314239502,1.1562581694538812e-19
0.09138200206444166,0.08748408890496082,0.09997167837876454,0.09815086818389196,0.11475539207458496,0.005662501418607577,0.005662218584134848,0.0630636215209961,1.1562772526550004e-19
0.09138126317287572,0.08748397554576391,0.09997168370217288,0.09815133812549967,0.1148519515991211,0.005662218591105244,0.005661935771428261,0.06240248680114746,1.1562963397513797e-19
0.0913805242921627,0.08748386219192987,0.09997168902538471,0.09815180803268615,0.11456704139709473,0.005661935777757229,0.005661652972399622,0.062294721603393555,1.1563154207644057e-19
0.09137978542230446,0.08748374884345832,0.09997169434840004,0.09815227790545493,0.11491608619689941,0.005661652978561853,0.005661370186516024,0.06318020820617676,1.1563345054761306e-19
0.09137904656330276,0.08748363550034888,0.09997169967121888,0.09815274774380954,0.1141960620880127,0.005661370193522222,0.005661087416264365,0.06286907196044922,1.15635358848645e-19
0.09137830771515931,0.08748352216260118,0.09997170499384123,0.09815321754775354,0.11545562744140625,0.005661087422633755,0.005660804659513019,0.06251931190490723,1.1563726676892633e-19
0.0913775688778758,0.08748340883021484,0.09997171031626706,0.09815368731729045,0.1158590316772461,0.005660804665896491,0.005660521917150163,0.06322360038757324,1.1563917508125442e-19
0.09137683005145407,0.08748329550318948,0.0999717156384964,0.09815415705242386,0.11427760124206543,0.005660521923310719,0.005660239188465255,0.06287312507629395,1.1564108296326257e-19
0.09137609123589577,0.08748318218152473,0.09997172096052925,0.09815462675315732,0.11554765701293945,0.005660239194876392,0.0056599564743464725,0.06357431411743164,1.1564299155978363e-19
0.09137535243120264,0.08748306886522023,0.09997172628236561,0.09815509641949434,0.11366462707519531,0.00565995648059111,0.005659673773728002,0.06355118751525879,1.156448986174826e-19
0.09137461363737631,0.08748295555427557,0.09997173160400548,0.09815556605143852,0.11531329154968262,0.005659673780455613,0.005659391087675658,0.06296944618225098,1.1564680669643102e-19
0.09137387485441856,0.08748284224869038,0.09997173692544883,0.09815603564899338,0.11604523658752441,0.005659391094468799,0.005659108415656533,0.06380558013916016,1.1564871431689225e-19
0.09137313608233111,0.08748272894846429,0.0999717422466957,0.09815650521216245,0.11474490165710449,0.0056591084226302445,0.005658825758203534,0.06401801109313965,1.1565062186420775e-19
0.09137239732111567,0.08748261565359691,0.09997174756774607,0.09815697474094931,0.11474347114562988,0.0056588257649385475,0.005658543114250847,0.06389570236206055,1.156525297348795e-19
0.09137165857077399,0.08748250236408789,0.09997175288859995,0.09815744423535748,0.11475992202758789,0.005658543121393099,0.005658260485219557,0.06401300430297852,1.1565443720562976e-19
0.09137091983130773,0.08748238907993683,0.09997175820925734,0.0981579136953905,0.11461520195007324,0.005658260491993084,0.005657977869866215,0.06417083740234375,1.1565634462856285e-19
0.09137018110271863,0.08748227580114336,0.09997176352971823,0.0981583831210519,0.11435365676879883,0.005657977876738161,0.005657695268901364,0.06409335136413574,1.1565825162308652e-19
0.09136944238500841,0.08748216252770712,0.09997176884998264,0.09815885251234521,0.11361241340637207,0.005657695275626961,0.00565741268161446,0.06312394142150879,1.156601591719259e-19
0.09136870367817888,0.0874820492596277,0.09997177417005056,0.09815932186927401,0.11316919326782227,0.005657412688659486,0.005657130109248953,0.06265711784362793,1.1566206646079164e-19
0.0913679649822317,0.08748193599690476,0.09997177948992197,0.09815979119184184,0.11426091194152832,0.005657130115832964,0.005656847550561395,0.06346249580383301,1.1566397357239353e-19
0.0913672262971688,0.08748182273953792,0.09997178480959691,0.09816026048005223,0.1125187873840332,0.00565684755714867,0.005656565005907055,0.06319451332092285,1.1566588088509686e-19
0.09136648762299165,0.08748170948752677,0.09997179012907535,0.09816072973390876,0.11354279518127441,0.005656565012605963,0.00565628247546357,0.0630955696105957,1.1566778787107867e-19
0.0913657489597021,0.08748159624087096,0.09997179544835731,0.09816119895341492,0.11347746849060059,0.005656282482204398,0.00565599995923094,0.06329560279846191,1.1566969445894996e-19
0.09136501030730176,0.0874814829995701,0.09997180076744278,0.09816166813857431,0.1129312515258789,0.005655999965942636,0.005655717456853893,0.0625457763671875,1.1567160141733816e-19
0.0913642716657924,0.0874813697636238,0.09997180608633176,0.09816213728939045,0.11359620094299316,0.0056557174638203105,0.005655434969220607,0.06354355812072754,1.1567350816925652e-19
0.09136353303517578,0.08748125653303171,0.09997181140502424,0.09816260640586687,0.11307930946350098,0.005655434975835668,0.005655152495087634,0.06260251998901367,1.1567541507695097e-19
0.09136279441545359,0.08748114330779344,0.09997181672352025,0.09816307548800707,0.11391949653625488,0.005655152501989405,0.005654870035698423,0.06337308883666992,1.1567732161173889e-19
0.09136205580662758,0.08748103008790861,0.09997182204181977,0.09816354453581463,0.11283683776855469,0.005654870042279415,0.005654587589987159,0.06239771842956543,1.1567922837818418e-19
0.09136131720869947,0.08748091687337685,0.09997182735992281,0.09816401354929306,0.11345052719116211,0.005654587596705682,0.005654305158309114,0.06254363059997559,1.1568113476218816e-19
0.09136057862167087,0.08748080366419776,0.09997183267782937,0.09816448252844592,0.11288571357727051,0.0056543051652675445,0.005654022741374831,0.06208992004394531,1.156830411052849e-19
0.09135984004554358,0.087480690460371,0.09997183799553945,0.09816495147327675,0.11279296875,0.005654022747964793,0.005653740338118496,0.061659812927246094,1.1568494764968786e-19
0.09135910148031942,0.08748057726189619,0.09997184331305305,0.09816542038378907,0.11196708679199219,0.005653740344796541,0.005653457948717744,0.0615239143371582,1.1568685391748577e-19
0.091358362926,0.08748046406877293,0.09997184863037015,0.09816588925998644,0.11272072792053223,0.005653457955762412,0.005653175573883118,0.061591148376464844,1.1568876059019521e-19
0.09135762438258715,0.08748035088100085,0.09997185394749078,0.09816635810187238,0.1127786636352539,0.005653175580861321,0.005652893213259347,0.06184840202331543,1.156906657460597e-19
0.09135688585008248,0.0874802376985796,0.09997185926441493,0.09816682690945043,0.1114656925201416,0.00565289322009084,0.005652610866491159,0.06134653091430664,1.1569257195787835e-19
0.09135614732848779,0.08748012452150879,0.09997186458114261,0.09816729568272409,0.11241555213928223,0.005652610873453013,0.005652328533933826,0.06220674514770508,1.1569447836469463e-19
0.09135540881780485,0.08748001134978803,0.09997186989767382,0.09816776442169692,0.11238765716552734,0.005652328540945421,0.00565204621629789,0.06154346466064453,1.1569638404031126e-19
0.09135467031803536,0.08747989818341693,0.09997187521400852,0.09816823312637239,0.11278200149536133,0.0056520462225662935,0.005651763911629359,0.062165260314941406,1.1569828996905195e-19
0.09135393182918093,0.08747978502239516,0.09997188053014676,0.09816870179675408,0.11221766471862793,0.005651763918316365,0.005651481621882226,0.06195950508117676,1.1570019591804895e-19
0.09135319335124342,0.0874796718667223,0.09997188584608852,0.09816917043284552,0.1120145320892334,0.005651481628194227,0.005651199345990676,0.06156492233276367,1.1570210165750228e-19
0.09135245488422451,0.087479558716398,0.0999718911618338,0.09816963903465029,0.11229610443115234,0.005651199352199459,0.005650917083599438,0.06227827072143555,1.1570400769425302e-19
0.09135171642812585,0.08747944557142186,0.09997189647738261,0.09817010760217185,0.11176204681396484,0.005650917090333454,0.005650634835596691,0.06131434440612793,1.1570591279128766e-19
0.0913509779829492,0.08747933243179351,0.09997190179273495,0.09817057613541376,0.11293339729309082,0.005650634842594751,0.005650352602160069,0.06202983856201172,1.157078180699134e-19
0.09135023954869624,0.0874792192975126,0.0999719071078908,0.09817104463437958,0.11244344711303711,0.005650352608980334,0.005650070382934302,0.06197047233581543,1.1570972343281472e-19
0.09134950112536877,0.08747910616857874,0.09997191242285021,0.0981715130990728,0.11278510093688965,0.005650070389491114,0.005649788177208848,0.06194901466369629,1.1571162940101192e-19
0.09134876271296853,0.08747899304499154,0.09997191773761314,0.09817198152949695,0.1124575138092041,0.005649788184126441,0.005649505986049519,0.06157565116882324,1.1571353399170746e-19
0.09134802431149723,0.08747887992675066,0.0999719230521796,0.09817244992565557,0.11286187171936035,0.005649505992885564,0.005649223808923409,0.06170797348022461,1.157154394821749e-19
0.09134728592095656,0.08747876681385569,0.09997192836654957,0.09817291828755219,0.1121530532836914,0.005649223815767817,0.00564894164618579,0.06144857406616211,1.1571734472917492e-19
0.0913465475413484,0.08747865370630625,0.09997193368072309,0.09817338661519033,0.11216425895690918,0.005648941652771415,0.005648659497126118,0.06141090393066406,1.1571924980211354e-19
0.09134580917267435,0.08747854060410198,0.09997193899470014,0.09817385490857354,0.1128082275390625,0.005648659503896733,0.0056483773622773015,0.06192350387573242,1.1572115478867113e-19
0.09134507081493623,0.08747842750724252,0.09997194430848072,0.09817432316770532,0.11225557327270508,0.005648377369143043,0.005648095241816975,0.06189584732055664,1.1572305994989503e-19
0.09134433246813567,0.08747831441572748,0.09997194962206483,0.09817479139258918,0.11287212371826172,0.005648095248508582,0.0056478131353898675,0.06221151351928711,1.1572496487054804e-19
0.09134359413227437,0.08747820132955648,0.09997195493545247,0.09817525958322869,0.11368083953857422,0.005647813141993361,0.0056475310433512504,0.061743974685668945,1.1572686959723328e-19
0.09134285580735413,0.08747808824872916,0.09997196024864365,0.09817572773962734,0.1131889820098877,0.005647531049595661,0.005647248964812945,0.062227487564086914,1.1572877400069126e-19
0.09134211749337665,0.08747797517324513,0.09997196556163836,0.09817619586178868,0.11384463310241699,0.005647248971316385,0.005646966900307859,0.062459707260131836,1.157306790334035e-19
0.09134137919034363,0.08747786210310401,0.09997197087443661,0.09817666394971622,0.1121971607208252,0.005646966907155596,0.005646684850368899,0.06172966957092285,1.1573258332143384e-19
0.09134064089825673,0.08747774903830545,0.09997197618703839,0.09817713200341346,0.11457180976867676,0.005646684857110239,0.005646402813930251,0.06302452087402344,1.1573448795992018e-19
0.09133990261711776,0.08747763597884904,0.09997198149944371,0.09817760002288395,0.11318492889404297,0.005646402821181948,0.0056461207925906365,0.06176018714904785,1.1573639233185223e-19
0.09133916434692844,0.08747752292473444,0.09997198681165256,0.09817806800813124,0.11380386352539062,0.00564612079936792,0.005645838785284241,0.06281423568725586,1.15738296927675e-19
0.09133842608769045,0.08747740987596127,0.09997199212366496,0.09817853595915886,0.1132047176361084,0.005645838791667788,0.005645556791478157,0.062493324279785156,1.157402008634926e-19
0.09133768783940562,0.08747729683252914,0.09997199743548091,0.0981790038759703,0.11245059967041016,0.005645556798080927,0.005645274811882928,0.06194758415222168,1.1574210519377866e-19
0.09133694960207561,0.08747718379443767,0.09997200274710039,0.09817947175856909,0.11253023147583008,0.005645274818607862,0.005644992846498553,0.06202411651611328,1.1574400939353994e-19
0.09133621137570222,0.0874770707616865,0.09997200805852341,0.09817993960695877,0.11277937889099121,0.005644992853246316,0.005644710895147398,0.06224489212036133,1.1574591303983243e-19
0.09133547316028715,0.08747695773427522,0.09997201336974997,0.09818040742114283,0.11235404014587402,0.005644710901996855,0.005644428958007097,0.06219649314880371,1.157478175121159e-19
0.09133473495583211,0.08747684471220349,0.09997201868078007,0.09818087520112481,0.11234927177429199,0.005644428964858133,0.005644147035077651,0.06234622001647949,1.1574972148619083e-19
0.09133399676233876,0.08747673169547092,0.09997202399161371,0.09818134294690821,0.11239004135131836,0.005644147041828442,0.005643865125648517,0.06241464614868164,1.1575162480889702e-19
0.09133325857980884,0.08747661868407713,0.09997202930225091,0.0981818106584966,0.11394643783569336,0.005643865132910805,0.0056435832313184164,0.06281113624572754,1.1575352855240443e-19
0.09133252040824405,0.08747650567802177,0.09997203461269163,0.09818227833589348,0.11287140846252441,0.005643583238100325,0.005643301351376806,0.06300759315490723,1.1575543296249543e-19
0.0913317822476461,0.08747639267730445,0.0999720399229359,0.0981827459791023,0.11363530158996582,0.005643301357395716,0.005643019484047329,0.06232571601867676,1.157573364498991e-19
0.09133104409801666,0.0874762796819248,0.09997204523298373,0.09818321358812662,0.11313700675964355,0.005643019490800288,0.005642737631994521,0.06336498260498047,1.157592401793217e-19
0.09133030595935754,0.08747616669188243,0.09997205054283508,0.09818368116296997,0.11426258087158203,0.005642737638310321,0.005642455793086754,0.06383872032165527,1.157611436813393e-19
0.09132956783167041,0.08747605370717698,0.09997205585248999,0.09818414870363587,0.11255097389221191,0.005642455799926861,0.005642173968922748,0.0628042221069336,1.1576304694509008e-19
0.09132882971495701,0.08747594072780807,0.09997206116194844,0.09818461621012785,0.11249804496765137,0.005642173975648467,0.005641892158791961,0.06345248222351074,1.1576494996370296e-19
0.09132809160921908,0.08747582775377533,0.09997206647121044,0.09818508368244937,0.11326932907104492,0.0056418921654743616,0.005641610362872029,0.06235074996948242,1.157668536323929e-19
0.09132735351445831,0.08747571478507837,0.09997207178027599,0.09818555112060395,0.11336970329284668,0.005641610369404596,0.005641328580807681,0.0635378360748291,1.157687569100125e-19
0.09132661543067648,0.08747560182171683,0.09997207708914509,0.09818601852459509,0.11350870132446289,0.005641328587437111,0.005641046812776551,0.06336188316345215,1.1577066005079021e-19
0.09132587735787528,0.08747548886369033,0.09997208239781774,0.09818648589442634,0.11146402359008789,0.005641046819572498,0.005640765059133912,0.06223487854003906,1.1577256331627356e-19
0.09132513929605654,0.0874753759109985,0.09997208770629394,0.09818695323010121,0.11189603805541992,0.005640765065809446,0.005640483319524492,0.06250905990600586,1.1577446600767048e-19
0.0913244012452218,0.08747526296364098,0.0999720930145737,0.09818742053162323,0.112152099609375,0.005640483326147507,0.0056402015941259265,0.06299519538879395,1.1577636951837264e-19
0.09132366320537284,0.08747515002161738,0.099972098322657,0.09818788779899586,0.11273527145385742,0.005640201600584641,0.005639919882405309,0.06348729133605957,1.1577827171019816e-19
0.09132292517651143,0.0874750370849273,0.09997210363054385,0.09818835503222263,0.11315298080444336,0.005639919889120899,0.005639638184895546,0.06357145309448242,1.157801746673798e-19
0.0913221871586393,0.08747492415357042,0.09997210893823426,0.09818882223130707,0.11288642883300781,0.005639638191756525,0.005639356501596637,0.06312179565429688,1.1578207694998834e-19
0.09132144915175806,0.08747481122754631,0.09997211424572822,0.09818928939625267,0.11205649375915527,0.005639356508490445,0.0056390748326862195,0.06261944770812988,1.1578398018049595e-19
0.09132071115586954,0.08747469830685464,0.09997211955302573,0.09818975652706297,0.11139345169067383,0.005639074839320955,0.0056387931778090206,0.06241202354431152,1.1578588276284147e-19
0.0913199731709755,0.08747458539149502,0.0999721248601268,0.09819022362374148,0.11290454864501953,0.0056387931842476965,0.005638511537142676,0.06362605094909668,1.157877850659337e-19
0.09131923519707767,0.08747447248146709,0.09997213016703144,0.09819069068629169,0.1132817268371582,0.005638511543270892,0.005638229909621373,0.0633692741394043,1.157896880164906e-19
0.09131849723417765,0.08747435957677045,0.09997213547373962,0.09819115771471712,0.11348080635070801,0.005638229916389704,0.005637948296666195,0.06354951858520508,1.1579158977292145e-19
0.09131775928227728,0.08747424667740475,0.09997214078025136,0.0981916247090213,0.11264610290527344,0.005637948303603618,0.005637666698277144,0.06276249885559082,1.1579349225056935e-19
0.09131702134137831,0.08747413378336959,0.09997214608656667,0.0981920916692077,0.11364006996154785,0.005637666704910204,0.005637385114098947,0.06350159645080566,1.157953944085854e-19
0.0913162834114824,0.08747402089466462,0.09997215139268553,0.09819255859527985,0.11318373680114746,0.005637385120308815,0.0056371035428881555,0.06310081481933594,1.157972970595634e-19
0.09131554549259123,0.08747390801128944,0.09997215669860796,0.09819302548724126,0.1126091480255127,0.005637103549800786,0.00563682198624349,0.06295108795166016,1.1579919897812438e-19
0.09131480758470656,0.0874737951332437,0.09997216200433395,0.09819349234509543,0.11266422271728516,0.0056368219933857246,0.005636540444342586,0.06280112266540527,1.1580110043869423e-19
0.09131406968783005,0.08747368226052701,0.09997216730986351,0.09819395916884587,0.1131892204284668,0.005636540451061526,0.005636258915941994,0.06365799903869629,1.158030025013114e-19
0.09131333180196345,0.08747356939313901,0.09997217261519663,0.09819442595849606,0.11231136322021484,0.00563625892282756,0.0056359774019298925,0.06281924247741699,1.1580490467079638e-19
0.09131259392710843,0.08747345653107931,0.0999721779203333,0.09819489271404953,0.11346650123596191,0.005635977408682714,0.005635695902128646,0.06317687034606934,1.1580680645949817e-19
0.0913118560632668,0.08747334367434756,0.09997218322527356,0.09819535943550979,0.11284136772155762,0.005635695908625947,0.005635414415827711,0.06286144256591797,1.1580870846704968e-19
0.09131111821044031,0.08747323082294337,0.09997218853001735,0.09819582612288032,0.1123051643371582,0.005635414422657321,0.005635132943915266,0.06267786026000977,1.1581060917846505e-19
0.09131038036863057,0.08747311797686635,0.09997219383456472,0.09819629277616464,0.11260747909545898,0.005635132950777373,0.005634851486213677,0.0632624626159668,1.158125111373938e-19
0.09130964253783933,0.08747300513611617,0.09997219913891565,0.09819675939536626,0.11205458641052246,0.0056348514929847725,0.00563457004236767,0.06319642066955566,1.1581441276743364e-19
0.09130890471806831,0.08747289230069243,0.09997220444307016,0.09819722598048869,0.11261987686157227,0.005634570049277122,0.005634288613265426,0.06286263465881348,1.1581631488211753e-19
0.0913081669093193,0.08747277947059476,0.09997220974702824,0.09819769253153542,0.11270475387573242,0.005634288619653999,0.005634007197130586,0.06302022933959961,1.1581821572752085e-19
0.09130742911159391,0.08747266664582277,0.09997221505078988,0.09819815904850995,0.11098098754882812,0.00563400720411651,0.005633725796450051,0.06272363662719727,1.158201167456407e-19
0.09130669132489391,0.08747255382637611,0.09997222035435509,0.09819862553141581,0.11260390281677246,0.005633725802661075,0.005633444409269828,0.06421756744384766,1.1582201817458649e-19
0.09130595354922094,0.0874724410122544,0.09997222565772386,0.09819909198025646,0.11281991004943848,0.005633444415289108,0.005633163035234645,0.06412339210510254,1.1582391967789396e-19
0.09130521578457679,0.08747232820345728,0.0999722309608962,0.0981995583950354,0.11328434944152832,0.005633163042001269,0.005632881676298496,0.0641932487487793,1.158258206660794e-19
0.09130447803096313,0.08747221539998436,0.09997223626387212,0.09820002477575612,0.11398124694824219,0.005632881682794445,0.005632600331040294,0.06433582305908203,1.158277216684472e-19
0.09130374028838176,0.08747210260183526,0.0999722415666516,0.09820049112242213,0.11386775970458984,0.005632600337668024,0.005632318999815311,0.0643758773803711,1.1582962253813592e-19
0.09130300255683436,0.08747198980900962,0.09997224686923467,0.09820095743503694,0.11399483680725098,0.00563231900662292,0.005632037683511726,0.06436514854431152,1.1583152339493216e-19
0.0913022648363226,0.08747187702150706,0.0999722521716213,0.09820142371360402,0.11351895332336426,0.005632037689655686,0.005631756380353181,0.0637669563293457,1.1583342406723767e-19
0.09130152712684823,0.08747176423932722,0.09997225747381151,0.09820188995812688,0.11306619644165039,0.005631756386768017,0.005631475091405491,0.06323647499084473,1.1583532435104846e-19
0.091300789428413,0.08747165146246971,0.09997226277580529,0.09820235616860906,0.11431217193603516,0.005631475097959195,0.005631193816668656,0.06390738487243652,1.1583722521742127e-19
0.09130005174101857,0.08747153869093416,0.09997226807760265,0.09820282234505404,0.1131143569946289,0.005631193823227781,0.00563091255596504,0.06389832496643066,1.1583912596070365e-19
0.0912993140646667,0.08747142592472021,0.09997227337920359,0.09820328848746528,0.11468172073364258,0.005630912562573541,0.005630631309117007,0.06329178810119629,1.158410265853489e-19
0.09129857639935915,0.08747131316382747,0.0999722786806081,0.0982037545958463,0.11421418190002441,0.005630631315994712,0.005630350077012736,0.06363439559936523,1.1584292719367652e-19
0.09129783874509766,0.08747120040825558,0.09997228398181619,0.09820422067020057,0.11330056190490723,0.005630350083491887,0.005630068858586412,0.06306982040405273,1.158448272087809e-19
0.09129710110188391,0.08747108765800415,0.09997228928282786,0.09820468671053162,0.11353611946105957,0.005630068865063637,0.0056297876543709435,0.0632486343383789,1.158467275795199e-19
0.09129636346971966,0.08747097491307285,0.09997229458364311,0.09820515271684294,0.1132354736328125,0.00562978766070904,0.005629506464188694,0.06368684768676758,1.1584862773254462e-19
0.0912956258486066,0.08747086217346126,0.09997229988426193,0.09820561868913803,0.11336398124694824,0.00562950647042696,0.00562922528732912,0.06291604042053223,1.1585052809897254e-19
0.09129488823854652,0.08747074943916902,0.09997230518468433,0.09820608462742036,0.11312747001647949,0.005629225294219157,0.005628944125746216,0.06219816207885742,1.1585242829201137e-19
0.09129415063954108,0.08747063671019575,0.09997231048491033,0.09820655053169348,0.1115119457244873,0.005628944132081097,0.005628662977308352,0.06232595443725586,1.1585432808955925e-19
0.0912934130515919,0.08747052398654111,0.0999723157849399,0.09820701640196083,0.11222362518310547,0.005628662984015851,0.005628381843258978,0.06258893013000488,1.1585622828395943e-19
0.09129267547470082,0.08747041126820469,0.09997232108477305,0.0982074822382259,0.1121513843536377,0.005628381850021401,0.005628100723420459,0.06258130073547363,1.1585812808610595e-19
0.09129193790886952,0.08747029855518615,0.0999723263844098,0.09820794804049218,0.11231184005737305,0.005628100730096952,0.005627819617792795,0.06266498565673828,1.1586002757492896e-19
0.09129120035409974,0.08747018584748509,0.09997233168385013,0.09820841380876318,0.11234831809997559,0.005627819624240451,0.005627538525487807,0.06218075752258301,1.1586192745222592e-19
0.0912904628103932,0.08747007314510115,0.09997233698309403,0.09820887954304242,0.1123342514038086,0.005627538532453607,0.005627257447748946,0.06240367889404297,1.1586382694563475e-19
0.09128972527775156,0.08746996044803396,0.09997234228214152,0.09820934524333333,0.11266684532165527,0.00562725745473371,0.005626976383865667,0.06270623207092285,1.1586572682582254e-19
0.09128898775617658,0.08746984775628314,0.0999723475809926,0.0982098109096395,0.11288738250732422,0.005626976391081389,0.0056266953341932435,0.062358856201171875,1.1586762595213646e-19
0.09128825024566993,0.08746973506984831,0.09997235287964727,0.09821027654196436,0.11264586448669434,0.005626695341495549,0.005626414299086946,0.06228494644165039,1.1586952564884856e-19
0.09128751274623334,0.08746962238872913,0.09997235817810553,0.09821074214031138,0.13742733001708984,0.005626414305974477,0.005626133277658596,0.07390975952148438,1.1587142492395275e-19
0.09128677525786862,0.08746950971292518,0.09997236347636738,0.09821120770468404,0.11257290840148926,0.005626133284517787,0.005625852270441101,0.06337642669677734,1.158733245747805e-19
0.09128603778057738,0.08746939704243611,0.09997236877443283,0.09821167323508585,0.11268496513366699,0.005625852277125542,0.005625571277079189,0.06358003616333008,1.1587522341897364e-19
0.0912853003143613,0.08746928437726156,0.09997237407230185,0.0982121387315203,0.11188459396362305,0.005625571283796266,0.005625290298105767,0.06274628639221191,1.158771228929384e-19
0.09128456285922217,0.08746917171740116,0.09997237936997447,0.09821260419399083,0.11278963088989258,0.0056252903045292835,0.005625009332632658,0.0635993480682373,1.158790216989758e-19
0.09128382541516168,0.08746905906285453,0.09997238466745068,0.09821306962250098,0.11344575881958008,0.005625009339324946,0.005624728381370403,0.0626821517944336,1.158809207405227e-19
0.09128308798218158,0.0874689464136213,0.09997238996473047,0.09821353501705421,0.11260056495666504,0.005624728388182183,0.005624447444496639,0.06278228759765625,1.158828201383235e-19
0.09128235056028361,0.08746883376970109,0.09997239526181387,0.09821400037765401,0.11344647407531738,0.005624447451099253,0.0056241665214784575,0.06317687034606934,1.1588471899028323e-19
0.09128161314946952,0.08746872113109352,0.09997240055870085,0.09821446570430385,0.11154460906982422,0.005624166528076062,0.0056238856124934955,0.06205606460571289,1.1588661743813597e-19
0.09128087574974096,0.08746860849779825,0.09997240585539142,0.09821493099700726,0.11180830001831055,0.005623885619111688,0.005623604717897024,0.062094688415527344,1.158885163570629e-19
0.0912801383610997,0.08746849586981488,0.0999724111518856,0.09821539625576774,0.11404156684875488,0.00562360472420604,0.005623323836800864,0.06197667121887207,1.1589041476441354e-19
0.09127940098354748,0.08746838324714304,0.09997241644818337,0.09821586148058874,0.11394667625427246,0.005623323843358095,0.005623042969560288,0.06223249435424805,1.1589231358457536e-19
0.09127866361708588,0.08746827062978237,0.09997242174428474,0.09821632667147374,0.11411023139953613,0.005623042976568189,0.0056227621175963804,0.06277036666870117,1.1589421155170255e-19
0.09127792626171674,0.0874681580177325,0.0999724270401897,0.0982167918284262,0.1130979061126709,0.005622762123833181,0.005622481278599878,0.06237959861755371,1.1589611011859767e-19
0.09127718891744173,0.08746804541099304,0.09997243233589825,0.09821725695144962,0.11278438568115234,0.0056224812851541055,0.005622200453991866,0.06261205673217773,1.158980089099704e-19
0.09127645158426252,0.08746793280956364,0.09997243763141041,0.09821772204054749,0.1127781867980957,0.005622200460530597,0.005621919643594708,0.06289458274841309,1.1589990712668554e-19
0.0912757142621808,0.08746782021344392,0.09997244292672616,0.09821818709572329,0.11258196830749512,0.005621919649960217,0.005621638846520227,0.06283712387084961,1.1590180542549786e-19
0.09127497695119832,0.08746770762263349,0.09997244822184552,0.09821865211698048,0.11394214630126953,0.005621638853444338,0.005621358063834236,0.06395339965820312,1.1590370377211674e-19
0.09127423965131679,0.08746759503713199,0.09997245351676846,0.09821911710432256,0.11290693283081055,0.005621358070981876,0.0056210772958920074,0.06304192543029785,1.1590560147263615e-19
0.09127350236253802,0.08746748245693906,0.09997245881149501,0.09821958205775295,0.11289381980895996,0.005621077302570485,0.005620796541094819,0.06319284439086914,1.1590749920735497e-19
0.09127276508486364,0.08746736988205431,0.09997246410602516,0.09822004697727518,0.11355900764465332,0.005620796548210502,0.005620515801219028,0.06324005126953125,1.1590939741413803e-19
0.09127202781829545,0.08746725731247738,0.09997246940035892,0.09822051186289274,0.11238741874694824,0.005620515807901379,0.005620235074843549,0.06254768371582031,1.159112955525132e-19
0.09127129056283509,0.08746714474820792,0.09997247469449629,0.09822097671460911,0.11342239379882812,0.005620235081642885,0.005619954362856561,0.06402277946472168,1.1591319356420856e-19
0.09127055331848433,0.08746703218924554,0.09997247998843725,0.09822144153242778,0.11241674423217773,0.005619954369432661,0.00561967366454752,0.06271123886108398,1.1591509122344458e-19
0.09126981608524495,0.08746691963558985,0.09997248528218182,0.09822190631635216,0.11290717124938965,0.005619673671272327,0.005619392980449334,0.06334590911865234,1.1591698833678591e-19
0.09126907886311857,0.08746680708724049,0.09997249057572999,0.09822237106638577,0.11289405822753906,0.005619392987158749,0.005619112310206731,0.06334424018859863,1.1591888636153317e-19
0.09126834165210687,0.08746669454419709,0.09997249586908176,0.09822283578253208,0.11153531074523926,0.005619112317093328,0.005618831654174983,0.06260013580322266,1.1592078375203957e-19
0.09126760445221169,0.08746658200645928,0.09997250116223715,0.09822330046479458,0.11179757118225098,0.0056188316610743146,0.005618551012531725,0.06250190734863281,1.1592268127448836e-19
0.09126686726343461,0.08746646947402668,0.09997250645519613,0.09822376511317674,0.11348390579223633,0.005618551019100288,0.005618270384211144,0.0627131462097168,1.1592457863393692e-19
0.09126613008577741,0.08746635694689894,0.09997251174795874,0.09822422972768205,0.11304545402526855,0.005618270391170973,0.005617989770634324,0.062326669692993164,1.1592647568697664e-19
0.09126539291924184,0.08746624442507568,0.09997251704052494,0.09822469430831397,0.11248493194580078,0.005617989777285941,0.005617709170380181,0.062378883361816406,1.1592837271901513e-19
0.09126465576382953,0.08746613190855655,0.09997252233289476,0.09822515885507598,0.11271238327026367,0.005617709177445528,0.005617428585047435,0.06240987777709961,1.1593027042585494e-19
0.09126391861954215,0.08746601939734114,0.09997252762506818,0.09822562336797151,0.11256599426269531,0.005617428591646979,0.005617148013570272,0.0623018741607666,1.1593216718276832e-19
0.0912631814863815,0.0874659068914291,0.0999725329170452,0.09822608784700405,0.1127467155456543,0.00561714801989018,0.005616867455771057,0.062375545501708984,1.1593406437093194e-19
0.0912624443643494,0.08746579439082004,0.09997253820882586,0.0982265522921771,0.1119997501373291,0.005616867462175301,0.005616586912182697,0.062146663665771484,1.1593596135576885e-19
0.09126170725344747,0.08746568189551363,0.09997254350041013,0.09822701670349408,0.11292219161987305,0.005616586918500817,0.005616306381917013,0.06313610076904297,1.1593785811879238e-19
0.09126097015367755,0.08746556940550948,0.099972548791798,0.09822748108095848,0.11298823356628418,0.005616306388867766,0.005616025866750363,0.06209826469421387,1.1593975533721915e-19
0.09126023306504119,0.0874654569208072,0.09997255408298948,0.09822794542457379,0.1138308048248291,0.00561602587327339,0.00561574536526166,0.06269288063049316,1.159416518025384e-19
0.09125949598754017,0.08746534444140645,0.09997255937398458,0.09822840973434349,0.11440229415893555,0.005615745371717381,0.005615464877450904,0.06264090538024902,1.1594354829189014e-19
0.09125875892117623,0.08746523196730684,0.0999725646647833,0.09822887401027104,0.11399173736572266,0.005615464884200976,0.005615184404028639,0.06212425231933594,1.159454444580989e-19
0.091258021865951,0.08746511949850799,0.09997256995538563,0.09822933825235988,0.11456108093261719,0.005615184410721123,0.0056149039444619575,0.06270289421081543,1.159473415943206e-19
0.09125728482186622,0.08746500703500955,0.09997257524579158,0.09822980246061348,0.11480593681335449,0.005614903951278509,0.005614623498928495,0.062148094177246094,1.159492383233664e-19
0.09125654778892363,0.08746489457681114,0.09997258053600115,0.09823026663503531,0.11552786827087402,0.005614623505871083,0.005614343067961158,0.06266999244689941,1.1595113443050423e-19
0.09125581076712493,0.0874647821239124,0.09997258582601434,0.09823073077562887,0.1136023998260498,0.0056143430744981055,0.0056140626506717695,0.062310218811035156,1.15953030998292e-19
0.09125507375647182,0.08746466967631293,0.09997259111583115,0.09823119488239761,0.11322426795959473,0.005614062657160209,0.0056137822474156,0.06237530708312988,1.1595492700063531e-19
0.09125433675696598,0.0874645572340124,0.09997259640545157,0.09823165895534498,0.11388206481933594,0.00561378225385535,0.005613501858015013,0.06347227096557617,1.1595682278013323e-19
0.09125359976860926,0.08746444479701043,0.09997260169487562,0.0982321229944745,0.11443066596984863,0.005613501864583825,0.005613221483180553,0.06348109245300293,1.159587190359255e-19
0.09125286279140339,0.08746433236530664,0.09997260698410329,0.09823258699978958,0.11439704895019531,0.005613221489344906,0.005612941121491133,0.06297755241394043,1.159606150848561e-19
0.09125212582534996,0.08746421993890066,0.09997261227313459,0.09823305097129371,0.11488914489746094,0.005612941128137359,0.0056126607741902035,0.06286859512329102,1.159625112477856e-19
0.09125138887045074,0.08746410751779211,0.0999726175619695,0.09823351490899036,0.11583185195922852,0.0056126607809617,0.005612380441633036,0.06309151649475098,1.1596440714831056e-19
0.09125065192670741,0.08746399510198063,0.09997262285060804,0.09823397881288297,0.11612653732299805,0.005612380447814896,0.005612100122220909,0.06322407722473145,1.1596630300839913e-19
0.09124991499412158,0.08746388269146586,0.0999726281390502,0.09823444268297499,0.11505746841430664,0.00561210012869824,0.005611819817197272,0.06250357627868652,1.1596819862560685e-19
0.09124917807269513,0.08746377028624741,0.09997263342729598,0.09823490651926989,0.11695480346679688,0.0056118198236107236,0.0056115395256739475,0.06307673454284668,1.1597009401910852e-19
0.09124844116242974,0.08746365788632493,0.0999726387153454,0.09823537032177115,0.11636662483215332,0.0056115395325516855,0.005611259249249656,0.06322526931762695,1.1597199021696235e-19
0.09124770426332711,0.08746354549169803,0.09997264400319843,0.09823583409048223,0.11535215377807617,0.005611259255518951,0.0056109789863256765,0.0627584457397461,1.1597388519236046e-19
0.09124696737538898,0.08746343310236636,0.09997264929085509,0.0982362978254066,0.11724376678466797,0.005610978992512893,0.0056106987365467376,0.06238579750061035,1.1597578067707848e-19
0.09124623049861715,0.08746332071832953,0.09997265457831538,0.0982367615265477,0.11762428283691406,0.00561069874353455,0.0056104185020444675,0.06298947334289551,1.159776763850024e-19
0.09124549363301321,0.08746320833958719,0.0999726598655793,0.09823722519390903,0.11604452133178711,0.005610418508580777,0.005610138280687238,0.06250977516174316,1.1597957154890238e-19
0.09124475677857902,0.08746309596613897,0.09997266515264684,0.09823768882749402,0.1171877384185791,0.005610138287652279,0.00560985807407377,0.06322026252746582,1.159814665983437e-19
0.09124401993531615,0.08746298359798446,0.09997267043951802,0.0982381524273062,0.11609911918640137,0.005609858080747581,0.0056095778809606145,0.06349778175354004,1.1598336198476063e-19
0.09124328310322641,0.08746287123512332,0.09997267572619283,0.09823861599334896,0.11755061149597168,0.005609577887866086,0.0056092977025912205,0.06345510482788086,1.1598525748345897e-19
0.09124254628231147,0.0874627588775552,0.09997268101267126,0.09823907952562579,0.11702680587768555,0.005609297709005676,0.005609017537366867,0.06278419494628906,1.159871522357588e-19
0.09124180947257302,0.0874626465252797,0.09997268629895333,0.09823954302414012,0.11468935012817383,0.005609017544168402,0.005608737386531004,0.06306910514831543,1.1598904709880057e-19
0.0912410726740128,0.08746253417829646,0.09997269158503902,0.0982400064888954,0.11534333229064941,0.0056087373933521685,0.00560845724972836,0.06314969062805176,1.1599094185850712e-19
0.09124033588663244,0.0874624218366051,0.09997269687092834,0.0982404699198951,0.11565375328063965,0.005608457256556625,0.005608177127669478,0.06376409530639648,1.1599283637834577e-19
0.09123959911043371,0.08746230950020527,0.09997270215662131,0.09824093331714268,0.11551356315612793,0.005608177133778663,0.005607897018400365,0.06364107131958008,1.1599473138469548e-19
0.09123886234541838,0.08746219716909659,0.0999727074421179,0.09824139668064158,0.11632609367370605,0.005607897025020324,0.005607616923875014,0.06375765800476074,1.1599662593772444e-19
0.0912381255915881,0.08746208484327869,0.09997271272741814,0.09824186001039531,0.1161799430847168,0.005607616930279883,0.005607336843205246,0.06403374671936035,1.1599852073382011e-19
0.09123738884894451,0.0874619725227512,0.09997271801252203,0.09824232330640728,0.11514496803283691,0.0056073368495579675,0.005607056776213426,0.06375527381896973,1.160004153533233e-19
0.09123665211748941,0.08746186020751376,0.09997272329742954,0.09824278656868095,0.11605143547058105,0.005607056782852929,0.005606776723787732,0.06394791603088379,1.1600231007204437e-19
0.0912359153972245,0.08746174789756599,0.0999727285821407,0.09824324979721973,0.11554694175720215,0.005606776730162627,0.0056064966845070785,0.06354594230651855,1.160042038475242e-19
0.09123517868815144,0.08746163559290751,0.09997273386665548,0.0982437129920271,0.11601829528808594,0.0056064966914897854,0.0056062166601478225,0.06292057037353516,1.160060984692158e-19
0.09123444199027203,0.08746152329353797,0.0999727391509739,0.09824417615310652,0.11655306816101074,0.005606216666830634,0.005605936649466514,0.06469440460205078,1.1600799273222098e-19
0.09123370530358792,0.08746141099945699,0.09997274443509596,0.0982446392804615,0.11680793762207031,0.005605936656186191,0.005605656652818425,0.06454992294311523,1.1600988731326472e-19
0.09123296862810092,0.08746129871066423,0.09997274971902166,0.09824510237409545,0.11568284034729004,0.005605656659555389,0.005605376670203555,0.06389784812927246,1.1601178115415805e-19
0.09123223196381268,0.0874611864271593,0.099972755002751,0.09824556543401179,0.11478710174560547,0.0056053766769372125,0.005605096701621903,0.06389355659484863,1.1601367496304911e-19
0.09123149531072487,0.08746107414894183,0.09997276028628399,0.09824602846021399,0.11580181121826172,0.005605096708330897,0.005604816747251107,0.06306743621826172,1.1601556899175172e-19
0.09123075866883919,0.08746096187601145,0.0999727655696206,0.09824649145270553,0.11529541015625,0.005604816753734771,0.005604536806558258,0.06423616409301758,1.1601746266810144e-19
0.09123002203815749,0.08746084960836778,0.09997277085276088,0.09824695441148987,0.11633038520812988,0.005604536813149435,0.005604256879720992,0.06452560424804688,1.1601935664630106e-19
0.09122928541868139,0.08746073734601047,0.09997277613570478,0.09824741733657044,0.11378979682922363,0.005604256886574644,0.005603976967449853,0.06273055076599121,1.160212502332711e-19
0.09122854881041259,0.08746062508893913,0.09997278141845234,0.09824788022795071,0.11452507972717285,0.005603976974007868,0.005603697068856661,0.06333327293395996,1.1602314417764086e-19
0.0912278122133529,0.08746051283715342,0.09997278670100353,0.0982483430856341,0.11525464057922363,0.005603697075449175,0.005603417183941417,0.06270194053649902,1.1602503745710271e-19
0.09122707562750393,0.08746040059065294,0.09997279198335837,0.09824880590962407,0.11540889739990234,0.005603417190899845,0.005603137313592299,0.06287312507629395,1.160269310497317e-19
0.09122633905286749,0.08746028834943734,0.09997279726551686,0.09824926869992408,0.11490893363952637,0.005603137320356539,0.005602857456921129,0.06291341781616211,1.1602882466598616e-19
0.09122560248944535,0.08746017611350626,0.099972802547479,0.09824973145653756,0.11378645896911621,0.005602857463820125,0.005602577614283177,0.0624542236328125,1.1603071822926586e-19
0.09122486593723914,0.08746006388285932,0.0999728078292448,0.09825019417946798,0.11470890045166016,0.005602577621289941,0.005602297786211352,0.0624697208404541,1.1603261162723697e-19
0.09122412939625052,0.08745995165749613,0.09997281311081423,0.09825065686871874,0.11506056785583496,0.005602297792762982,0.005602017971639839,0.06286501884460449,1.1603450447477185e-19
0.09122339286648123,0.08745983943741638,0.09997281839218732,0.09825111952429333,0.11446189880371094,0.005602017978241148,0.005601738171456816,0.06260991096496582,1.1603639784407116e-19
0.09122265634793304,0.08745972722261965,0.09997282367336405,0.0982515821461952,0.11563348770141602,0.0056017381777227785,0.005601458384596469,0.06323528289794922,1.1603829106213796e-19
0.09122191984060762,0.08745961501310559,0.09997282895434444,0.09825204473442777,0.11636662483215332,0.005601458391207845,0.0056011786119469775,0.06266355514526367,1.1604018390167355e-19
0.0912211833445068,0.08745950280887384,0.09997283423512847,0.09825250728899448,0.1159820556640625,0.00560117861869434,0.00560089885350834,0.06331300735473633,1.1604207686666463e-19
0.09122044685963225,0.08745939060992403,0.09997283951571616,0.0982529698098988,0.11549973487854004,0.005600898860182469,0.005600619108925287,0.06305980682373047,1.1604396976110016e-19
0.09121971038598554,0.08745927841625578,0.0999728447961075,0.09825343229714419,0.11514139175415039,0.005600619115671275,0.005600339378375452,0.06267738342285156,1.1604586261792078e-19
0.09121897392356844,0.08745916622786871,0.09997285007630251,0.09825389475073407,0.11526370048522949,0.005600339385160684,0.005600059662036472,0.06384396553039551,1.160477555417573e-19
0.09121823747238274,0.08745905404476248,0.09997285535630117,0.09825435717067188,0.11533308029174805,0.005600059668648695,0.005599779959553075,0.06307053565979004,1.160496480951458e-19
0.09121750103243005,0.0874589418669367,0.09997286063610349,0.09825481955696107,0.11520719528198242,0.005599779966134552,0.005599500270925262,0.06354999542236328,1.1605154052876216e-19
0.09121676460371204,0.08745882969439102,0.09997286591570946,0.0982552819096051,0.11486625671386719,0.005599500277618941,0.005599220596330667,0.0633695125579834,1.1605343331568845e-19
0.09121602818623055,0.08745871752712503,0.09997287119511909,0.09825574422860742,0.11353302001953125,0.005599220603100826,0.005598940936479835,0.06246352195739746,1.1605532585832538e-19
0.09121529177998725,0.08745860536513841,0.09997287647433238,0.09825620651397146,0.11435985565185547,0.0055989409425770496,0.005598661289774043,0.06305456161499023,1.1605721828834548e-19
0.09121455538498371,0.08745849320843078,0.09997288175334933,0.09825666876570059,0.11522436141967773,0.005598661296050028,0.005598381656746199,0.06316399574279785,1.1605911039839638e-19
0.09121381900122182,0.08745838105700178,0.09997288703216993,0.09825713098379826,0.11585545539855957,0.00559838166351841,0.00559810203828448,0.06291508674621582,1.160610028869883e-19
0.09121308262870322,0.08745826891085103,0.09997289231079419,0.09825759316826795,0.1157541275024414,0.005598102044982106,0.005597822434388888,0.06259799003601074,1.1606289492667086e-19
0.09121234626742956,0.08745815676997815,0.0999728975892221,0.0982580553191131,0.11678838729858398,0.005597822440438734,0.005597542843283065,0.06234335899353027,1.160647870114977e-19
0.09121160991740261,0.08745804463438277,0.0999729028674537,0.09825851743633714,0.11659479141235352,0.005597542849889637,0.005597263266565733,0.06217217445373535,1.1606667939329074e-19
0.09121087357862417,0.08745793250406454,0.09997290814548894,0.09825897951994352,0.11642765998840332,0.005597263273331809,0.005596983703703984,0.06226801872253418,1.160685710953469e-19
0.09121013725109592,0.08745782037902311,0.09997291342332784,0.09825944156993567,0.11684513092041016,0.005596983710765821,0.005596704155408361,0.06247711181640625,1.1607046244353313e-19
0.09120940093481952,0.0874577082592581,0.09997291870097043,0.09825990358631703,0.11694025993347168,0.005596704162190994,0.00559642462061305,0.06338810920715332,1.1607235467062346e-19
0.09120866462979671,0.08745759614476911,0.09997292397841666,0.09826036556909105,0.11583161354064941,0.005596424627606257,0.005596145100383865,0.06285595893859863,1.1607424657622232e-19
0.09120792833602914,0.08745748403555581,0.09997292925566656,0.09826082751826112,0.11695528030395508,0.0055961451070096115,0.005595865594010263,0.06321954727172852,1.1607613825431238e-19
0.09120719205351852,0.08745737193161782,0.09997293453272013,0.09826128943383075,0.11806964874267578,0.005595865600402594,0.005595586100781702,0.06341981887817383,1.1607802971744673e-19
0.0912064557822666,0.08745725983295476,0.09997293980957736,0.09826175131580335,0.11656451225280762,0.005595586107783649,0.005595306622119267,0.06328272819519043,1.1607992173750026e-19
0.09120571952227502,0.08745714773956627,0.09997294508623826,0.09826221316418236,0.11698126792907715,0.0055953066291520295,0.0055950271578453226,0.06367158889770508,1.160818127554718e-19
0.09120498327354556,0.08745703565145198,0.09997295036270284,0.0982626749789712,0.1159520149230957,0.005595027164506657,0.005594747707249326,0.06395959854125977,1.1608370423711504e-19
0.09120424703607992,0.08745692356861152,0.09997295563897109,0.09826313676017333,0.11729145050048828,0.00559474771384719,0.005594468270686548,0.06336283683776855,1.16085596000139e-19
0.09120351080987975,0.08745681149104453,0.099972960915043,0.09826359850779212,0.11638498306274414,0.005594468277173244,0.005594188847979353,0.06267428398132324,1.1608748695811208e-19
0.09120277459494694,0.08745669941875066,0.09997296619091858,0.09826406022183104,0.11394143104553223,0.005594188854482795,0.005593909439127742,0.06245827674865723,1.1608937788328922e-19
0.09120203839128314,0.08745658735172952,0.09997297146659782,0.09826452190229351,0.11451506614685059,0.005593909445776779,0.005593630044842257,0.06327629089355469,1.1609126955770576e-19
0.09120130219888999,0.08745647528998074,0.09997297674208075,0.09826498354918298,0.1141047477722168,0.0055936300510531665,0.005593350663701813,0.06298184394836426,1.160931602181119e-19
0.09120056601776927,0.08745636323350398,0.09997298201736736,0.09826544516250285,0.11382746696472168,0.005593350670313299,0.00559307129730513,0.06336808204650879,1.1609505100113045e-19
0.09119982984792273,0.08745625118229884,0.09997298729245763,0.09826590674225656,0.11438870429992676,0.005593071303554428,0.005592791943875852,0.06309080123901367,1.1609694240127394e-19
0.09119909368935203,0.08745613913636498,0.09997299256735158,0.09826636828844755,0.11413049697875977,0.005592791950777932,0.005592512605545608,0.06354331970214844,1.16098832976378e-19
0.09119835754205886,0.087456027095702,0.0999729978420492,0.09826682980107927,0.11449360847473145,0.005592512611980972,0.005592233280182768,0.06323361396789551,1.1610072391062066e-19
0.09119762140604493,0.08745591506030956,0.0999730031165505,0.09826729128015517,0.11570143699645996,0.005592233287163694,0.005591953969918961,0.06314921379089355,1.161026146651752e-19
0.09119688528131194,0.0874558030301873,0.09997300839085546,0.09826775272567867,0.11545038223266602,0.005591953976324587,0.005591674673155467,0.062462568283081055,1.161045051029455e-19
0.09119614916786166,0.08745569100533482,0.09997301366496411,0.09826821413765321,0.11756062507629395,0.005591674679463653,0.0055913953897146484,0.0625452995300293,1.1610639584311297e-19
0.09119541306569572,0.08745557898575178,0.09997301893887645,0.0982686755160822,0.11697840690612793,0.005591395396581232,0.0055911161206623206,0.06361198425292969,1.1610828626765336e-19
0.09119467697481594,0.08745546697143779,0.09997302421259247,0.09826913686096907,0.1178133487701416,0.005591116127675963,0.005590836866353754,0.06376528739929199,1.1611017652909433e-19
0.09119394089522395,0.0874553549623925,0.09997302948611214,0.09826959817231723,0.11722350120544434,0.0055908368727456605,0.005590557625012593,0.06317305564880371,1.161120670888595e-19
0.09119320482692139,0.08745524295861552,0.0999730347594355,0.09827005945013012,0.11678385734558105,0.0055905576317914615,0.0055902783985928295,0.06380343437194824,1.1611395680158057e-19
0.09119246876990998,0.08745513096010654,0.09997304003256255,0.09827052069441113,0.1178736686706543,0.005590278404810902,0.005589999185495742,0.06320428848266602,1.1611584761624157e-19
0.09119173272419151,0.08745501896686515,0.09997304530549327,0.09827098190516373,0.11649227142333984,0.005589999191803946,0.005589719986076602,0.06412339210510254,1.161177377561724e-19
0.0911909966897676,0.087454906978891,0.09997305057822767,0.09827144308239133,0.1179647445678711,0.00558971999277265,0.0055894408012235886,0.06434488296508789,1.1611962760267072e-19
0.09119026066663999,0.08745479499618371,0.09997305585076575,0.09827190422609731,0.11506223678588867,0.005589440807712895,0.005589161630403794,0.06302309036254883,1.1612151767809758e-19
0.09118952465481037,0.0874546830187429,0.09997306112310753,0.09827236533628517,0.11514616012573242,0.005589161636623961,0.005588882472551404,0.06330490112304688,1.1612340794518284e-19
0.09118878865428044,0.08745457104656822,0.09997306639525298,0.09827282641295826,0.11724066734313965,0.005588882479507635,0.005588603329620412,0.06343555450439453,1.1612529735790818e-19
0.09118805266505196,0.08745445907965928,0.09997307166720211,0.09827328745612007,0.11537528038024902,0.005588603336361693,0.00558832420107791,0.06313824653625488,1.161271869621946e-19
0.0911873166871266,0.08745434711801575,0.09997307693895492,0.09827374846577402,0.11555337905883789,0.0055883242071841244,0.005588045085502813,0.06348156929016113,1.161290767141216e-19
0.09118658072050612,0.08745423516163725,0.09997308221051142,0.09827420944192354,0.11483550071716309,0.005588045091976324,0.005587765984316206,0.0630638599395752,1.161309661469449e-19
0.0911858447651922,0.08745412321052341,0.0999730874818716,0.09827467038457205,0.11456084251403809,0.005587765990736213,0.005587486897162819,0.0631721019744873,1.1613285604745848e-19
0.09118510882118659,0.08745401126467388,0.09997309275303547,0.098275131293723,0.11485576629638672,0.005587486903463729,0.005587207823154472,0.06383442878723145,1.161347454019878e-19
0.09118437288849104,0.08745389932408827,0.09997309802400302,0.09827559216937976,0.11417245864868164,0.005587207830160625,0.005586928764422794,0.06340956687927246,1.161366346336747e-19
0.09118363696710725,0.0874537873887662,0.09997310329477427,0.0982760530115457,0.11532092094421387,0.00558692877082268,0.005586649718658521,0.0638723373413086,1.16138524118305e-19
0.09118290105703683,0.08745367545870733,0.09997310856534922,0.0982765138202243,0.11550164222717285,0.005586649725450051,0.005586370687282738,0.06296873092651367,1.161404130276482e-19
0.09118216515828154,0.08745356353391129,0.09997311383572785,0.09827697459541901,0.11487698554992676,0.005586370694043219,0.005586091669940174,0.0634310245513916,1.161423024201605e-19
0.0911814292708431,0.08745345161437772,0.09997311910591017,0.09827743533713322,0.11622810363769531,0.005586091676599555,0.005585812666630829,0.063629150390625,1.1614419204423936e-19
0.09118069339472318,0.08745333970010626,0.09997312437589619,0.09827789604537034,0.11392498016357422,0.005585812673119649,0.005585533677532339,0.06290364265441895,1.1614608105560388e-19
0.09117995752992342,0.08745322779109652,0.09997312964568589,0.09827835672013376,0.11582422256469727,0.005585533683601472,0.005585254701401254,0.06457209587097168,1.1614796988340807e-19
0.09117922167644561,0.08745311588734815,0.09997313491527927,0.09827881736142696,0.11428689956665039,0.005585254708046686,0.005584975739836295,0.0630178451538086,1.1614985903851683e-19
0.09117848583429151,0.08745300398886079,0.09997314018467636,0.09827927796925333,0.1151576042175293,0.005584975746451937,0.005584696792482191,0.06355834007263184,1.1615174804926077e-19
0.09117775000346279,0.08745289209563406,0.09997314545387714,0.09827973854361625,0.11515927314758301,0.0055846967988188116,0.005584417858273127,0.0634307861328125,1.161536366043654e-19
0.09117701418396114,0.08745278020766759,0.09997315072288163,0.09828019908451918,0.11332583427429199,0.005584417865146323,0.00558413893863019,0.06252408027648926,1.1615552545856113e-19
0.09117627837578823,0.08745266832496103,0.09997315599168981,0.09828065959196554,0.11346006393432617,0.005584138945432764,0.005583860033020471,0.06287837028503418,1.1615741402328066e-19
0.09117554257894583,0.08745255644751401,0.09997316126030167,0.09828112006595877,0.11481976509094238,0.005583860039677725,0.005583581141443972,0.06286811828613281,1.161593026016671e-19
0.09117480679343552,0.08745244457532617,0.09997316652871724,0.09828158050650226,0.11338400840759277,0.005583581147880215,0.0055833022631901486,0.06269335746765137,1.1616119124251693e-19
0.09117407101925913,0.08745233270839713,0.0999731717969365,0.09828204091359947,0.11386418342590332,0.0055833022700408725,0.00558302339914718,0.0624387264251709,1.1616307938566034e-19
0.09117333525641835,0.08745222084672655,0.09997317706495946,0.09828250128725374,0.11486148834228516,0.005583023406157611,0.005582744549137431,0.0625307559967041,1.161649675537455e-19
0.09117259950491492,0.08745210899031403,0.09997318233278613,0.09828296162746851,0.11561083793640137,0.005582744556230499,0.005582465713693807,0.0623326301574707,1.1616685635475802e-19
0.09117186376475048,0.08745199713915922,0.09997318760041649,0.09828342193424718,0.11534333229064941,0.005582465720258012,0.005582186891395224,0.06305146217346191,1.1616874443112368e-19
0.0911711280359268,0.08745188529326173,0.09997319286785054,0.09828388220759317,0.11387300491333008,0.005582186898240219,0.005581908083840403,0.06255626678466797,1.1617063244206922e-19
0.09117039231844556,0.08745177345262123,0.09997319813508831,0.0982843424475099,0.11457943916320801,0.005581908090174681,0.005581629289608259,0.06335186958312988,1.1617252041143749e-19
0.09116965661230853,0.08745166161723733,0.09997320340212978,0.09828480265400075,0.11348509788513184,0.005581629296062427,0.005581350509231697,0.06236553192138672,1.1617440845017734e-19
0.09116892091751735,0.08745154978710967,0.09997320866897497,0.09828526282706916,0.1148979663848877,0.005581350515903466,0.005581071743421262,0.06335854530334473,1.1617629648802966e-19
0.09116818523407369,0.08745143796223791,0.09997321393562385,0.09828572296671854,0.11287808418273926,0.005581071749694605,0.005580792990755867,0.06280684471130371,1.1617818442372668e-19
0.09116744956197931,0.08745132614262165,0.09997321920207643,0.09828618307295232,0.11305618286132812,0.005580792997437305,0.005580514252123692,0.0627603530883789,1.161800719091864e-19
0.09116671390123593,0.08745121432826054,0.09997322446833272,0.09828664314577389,0.1135396957397461,0.00558051425913056,0.0055802355284129135,0.06335997581481934,1.1618195962276136e-19
0.0911659782518452,0.08745110251915424,0.09997322973439272,0.09828710318518666,0.1137852668762207,0.005580235534772148,0.005579956817847176,0.06253433227539062,1.161838471318985e-19
0.09116524261380879,0.08745099071530235,0.09997323500025643,0.09828756319119406,0.11508917808532715,0.00557995682436315,0.005579678121314657,0.06298708915710449,1.161857351179497e-19
0.09116450698712851,0.08745087891670453,0.09997324026592384,0.09828802316379948,0.11419558525085449,0.005579678127902174,0.005579399438815358,0.06287765502929688,1.1618762245345062e-19
0.09116377137180603,0.08745076712336039,0.09997324553139497,0.0982884831030063,0.11343669891357422,0.005579399445390213,0.005579120770349277,0.062265872955322266,1.1618950983343338e-19
0.09116303576784295,0.08745065533526956,0.0999732507966698,0.09828894300881788,0.11463785171508789,0.005579120776823589,0.005578842115205873,0.06375956535339355,1.1619139745991665e-19
0.0911623001752411,0.0874505435524317,0.09997325606174834,0.09828940288123768,0.11575627326965332,0.005578842122203925,0.005578563474983866,0.06348156929016113,1.1619328455799883e-19
0.09116156459400214,0.08745043177484645,0.0999732613266306,0.09828986272026914,0.11611318588256836,0.00557856348152879,0.005578284848262172,0.06313562393188477,1.1619517142616894e-19
0.09116082902412782,0.0874503200025134,0.09997326659131657,0.09829032252591566,0.11657357215881348,0.00557828485479783,0.0055780062352184245,0.06349754333496094,1.161970586979794e-19
0.09116009346561986,0.08745020823543223,0.09997327185580625,0.09829078229818065,0.11545038223266602,0.005578006242012051,0.005577727636030261,0.06357550621032715,1.1619894598063678e-19
0.09115935791848,0.08745009647360256,0.09997327712009964,0.0982912420370675,0.11620163917541504,0.005577727643169473,0.0055774490517634945,0.06353354454040527,1.1620083320682217e-19
0.09115862238270987,0.08744998471702405,0.09997328238419674,0.09829170174257962,0.11534523963928223,0.00557744905826695,0.0055771704808194045,0.06303071975708008,1.162027201563418e-19
0.0911578868583113,0.08744987296569628,0.09997328764809756,0.09829216141472037,0.11574482917785645,0.005577170487306163,0.005576891923730898,0.06348562240600586,1.16204606936511e-19
0.09115715134528583,0.08744976121961894,0.09997329291180208,0.0982926210534932,0.11650252342224121,0.0055768919302881,0.005576613380320339,0.06396794319152832,1.162064939110605e-19
0.0911564158436353,0.08744964947879164,0.09997329817531034,0.0982930806589015,0.11489534378051758,0.005576613387211043,0.0055763348511206345,0.06365680694580078,1.1620838036578925e-19
0.09115568035336132,0.08744953774321403,0.0999733034386223,0.09829354023094868,0.11648988723754883,0.005576334858072966,0.005576056335954149,0.06333160400390625,1.1621026707179582e-19
0.09115494487446563,0.08744942601288573,0.09997330870173798,0.09829399976963815,0.11670708656311035,0.0055760563428744895,0.005575777835531426,0.0639946460723877,1.1621215411685766e-19
0.09115420940694999,0.08744931428780638,0.09997331396465739,0.09829445927497325,0.11555266380310059,0.005575777841612157,0.0055754993475432,0.06391024589538574,1.1621404011500617e-19
0.091153473950816,0.0874492025679756,0.09997331922738051,0.09829491874695745,0.11568570137023926,0.005575499354288471,0.005575220874298736,0.06438207626342773,1.1621592681484522e-19
0.09115273850606545,0.08744909085339304,0.09997332448990734,0.09829537818559413,0.11510801315307617,0.005575220880901262,0.0055749424150874916,0.06452655792236328,1.1621781291156475e-19
0.09115200307269998,0.08744897914405834,0.09997332975223788,0.09829583759088666,0.11603331565856934,0.0055749424214501415,0.005574663969376559,0.06406950950622559,1.1621969942995823e-19
0.09115126765072133,0.08744886743997114,0.09997333501437215,0.09829629696283847,0.11508679389953613,0.005574663975935168,0.005574385538054116,0.0631868839263916,1.162215854280565e-19
0.09115053224013124,0.08744875574113108,0.09997334027631015,0.09829675630145296,0.1136620044708252,0.005574385544353916,0.0055741071198767145,0.06344342231750488,1.162234720374621e-19
0.09114979684093144,0.08744864404753776,0.09997334553805186,0.09829721560673352,0.11470842361450195,0.005574107126708062,0.005573828716265439,0.06379079818725586,1.1622535766067174e-19
0.09114906145312361,0.08744853235919084,0.09997335079959731,0.09829767487868356,0.11526036262512207,0.005573828722995893,0.005573550326509746,0.06418228149414062,1.162272438662709e-19
0.09114832607670931,0.08744842067608995,0.09997335606094647,0.0982981341173065,0.11530852317810059,0.005573550333215661,0.005573271950964909,0.06432104110717773,1.162291298660821e-19
0.09114759071169036,0.08744830899823472,0.09997336132209934,0.0982985933226057,0.11571002006530762,0.005573271957367316,0.005572993589098019,0.06447839736938477,1.1623101575934573e-19
0.09114685535806843,0.08744819732562481,0.09997336658305594,0.09829905249458457,0.11474394798278809,0.00557299359544959,0.005572715240731441,0.0639650821685791,1.1623290121616638e-19
0.09114612001584525,0.08744808565825983,0.09997337184381627,0.09829951163324649,0.11604523658752441,0.005572715247463766,0.00557243690728626,0.06470799446105957,1.1623478673167047e-19
0.09114538468502253,0.08744797399613942,0.09997337710438033,0.09829997073859488,0.11661076545715332,0.005572436913406377,0.005572158586808484,0.06441760063171387,1.1623667268639885e-19
0.0911446493656019,0.08744786233926322,0.0999733823647481,0.09830042981063314,0.11640787124633789,0.005572158593279161,0.0055718802805415635,0.06417536735534668,1.1623855840527188e-19
0.0911439140575851,0.08744775068763085,0.09997338762491961,0.09830088884936465,0.11687660217285156,0.005571880287080083,0.005571601988130226,0.06390094757080078,1.1624044412557308e-19
0.09114317876097386,0.08744763904124196,0.09997339288489486,0.09830134785479282,0.11673331260681152,0.005571601994809431,0.005571323709396836,0.06543159484863281,1.1624232944505884e-19
0.09114244347576987,0.0874475274000962,0.09997339814467383,0.09830180682692105,0.11752653121948242,0.005571323716466821,0.005571045445762479,0.06517887115478516,1.162442152251953e-19
0.09114170820197488,0.08744741576419318,0.09997340340425653,0.09830226576575274,0.11675286293029785,0.0055710454520484995,0.005570767194917892,0.0647432804107666,1.1624610059192218e-19
0.09114097293959057,0.08744730413353254,0.09997340866364296,0.09830272467129128,0.11641049385070801,0.005570767201556558,0.005570488958284159,0.06465792655944824,1.1624798559607274e-19
0.09114023768861869,0.08744719250811392,0.09997341392283313,0.09830318354354001,0.11605095863342285,0.005570488964990855,0.005570210736038916,0.06365513801574707,1.162498703394609e-19
0.09113950244906094,0.08744708088793697,0.09997341918182702,0.09830364238250235,0.11685681343078613,0.005570210742347761,0.005569932527293986,0.06489205360412598,1.1625175582295568e-19
0.09113876722091901,0.08744696927300133,0.09997342444062465,0.09830410118818167,0.1177055835723877,0.005569932533627511,0.005569654332227003,0.06525826454162598,1.1625364074480193e-19
0.09113803200419457,0.08744685766330662,0.09997342969922601,0.09830455996058139,0.11476898193359375,0.0055696543388311865,0.005569376151548511,0.06333208084106445,1.1625552562498707e-19
0.09113729679888925,0.08744674605885248,0.09997343495763111,0.09830501869970489,0.11549878120422363,0.0055693761579566296,0.00556909798437033,0.06384515762329102,1.162574102763403e-19
0.09113656160500484,0.08744663445963854,0.09997344021583995,0.09830547740555559,0.11648082733154297,0.005569097991003908,0.005568819831225369,0.06362700462341309,1.1625929550862906e-19
0.09113582642254302,0.08744652286566444,0.09997344547385253,0.09830593607813685,0.11600017547607422,0.005568819837971637,0.005568541692113627,0.06345987319946289,1.1626117998080633e-19
0.09113509125150558,0.08744641127692983,0.09997345073166884,0.0983063947174521,0.1160593032836914,0.005568541698860685,0.005568263566857468,0.06389784812927246,1.1626306511990826e-19
0.09113435609189416,0.08744629969343433,0.09997345598928889,0.09830685332350472,0.11561107635498047,0.005568263573669778,0.005567985455456892,0.06358933448791504,1.16264949223032e-19
0.09113362094371044,0.08744618811517758,0.09997346124671268,0.0983073118962981,0.11457991600036621,0.005567985462397231,0.005567707358800078,0.06337499618530273,1.1626683405975332e-19
0.0911328858069562,0.08744607654215922,0.09997346650394019,0.09830777043583563,0.11553263664245605,0.005567707365041219,0.0055674292754659405,0.06443142890930176,1.1626871849097847e-19
0.09113215068163308,0.08744596497437888,0.09997347176097145,0.09830822894212067,0.11425042152404785,0.0055674292816011595,0.005567151205987386,0.06339740753173828,1.1627060319003375e-19
0.09113141556774279,0.08744585341183621,0.09997347701780644,0.09830868741515661,0.11503911018371582,0.00556715121207828,0.005566873150364415,0.06444716453552246,1.1627248739712633e-19
0.09113068046528697,0.08744574185453083,0.09997348227444518,0.09830914585494681,0.11390161514282227,0.0055668731564716125,0.005566595108241756,0.0631859302520752,1.162743715885542e-19
0.0911299453742673,0.0874456303024624,0.09997348753088765,0.09830960426149467,0.11477136611938477,0.005566595114782142,0.005566317079974681,0.06398677825927734,1.1627625565600539e-19
0.09112921029468556,0.08744551875563053,0.09997349278713387,0.09831006263480359,0.11364150047302246,0.005566317087007542,0.005566039066096096,0.06360387802124023,1.162781393607299e-19
0.09112847522654348,0.08744540721403489,0.09997349804318384,0.09831052097487694,0.11417007446289062,0.005566039073147039,0.0055657610662507295,0.06342577934265137,1.162800238729044e-19
0.09112774016984275,0.08744529567767509,0.09997350329903755,0.09831097928171813,0.11472511291503906,0.005565761073199267,0.005565483079905675,0.0638115406036377,1.1628190745508521e-19
0.09112700512458513,0.08744518414655078,0.099973508554695,0.09831143755533055,0.11381244659423828,0.005565483087163903,0.005565205108482019,0.06258034706115723,1.162837917065559e-19
0.09112627009077234,0.08744507262066159,0.09997351381015619,0.09831189579571759,0.11452436447143555,0.005565205115038799,0.0055649271496704955,0.06302642822265625,1.162856757382989e-19
0.09112553506840604,0.08744496110000716,0.09997351906542114,0.09831235400288263,0.1138162612915039,0.005564927156826431,0.00556464920578037,0.06301498413085938,1.1628755920505264e-19
0.09112480005748798,0.0874448495845871,0.09997352432048982,0.09831281217682902,0.11284995079040527,0.0055646492125229355,0.005564371275390556,0.062039852142333984,1.162894432377322e-19
0.09112406505801975,0.08744473807440109,0.09997352957536226,0.0983132703175602,0.11455321311950684,0.00556437128212903,0.005564093359211597,0.06361603736877441,1.1629132627964486e-19
0.09112333007000302,0.08744462656944874,0.09997353483003846,0.09831372842507952,0.11359691619873047,0.005564093365643653,0.00556381545653295,0.06292200088500977,1.162932101980677e-19
0.09112259509343953,0.08744451506972968,0.09997354008451839,0.09831418649939039,0.1137232780456543,0.005563815463067428,0.005563537568065158,0.06276965141296387,1.1629509356090702e-19
0.09112186012833101,0.08744440357524356,0.09997354533880208,0.09831464454049617,0.11357283592224121,0.005563537574396366,0.005563259693097677,0.062195539474487305,1.162969767325195e-19
0.09112112517467913,0.08744429208599003,0.09997355059288952,0.09831510254840024,0.11436223983764648,0.005563259699633442,0.005562981832163416,0.062456369400024414,1.16298860576126e-19
0.0911203902324856,0.08744418060196871,0.09997355584678072,0.09831556052310597,0.1145932674407959,0.005562981838777259,0.005562703984551831,0.06215476989746094,1.163007435490462e-19
0.09111965530175212,0.08744406912317923,0.09997356110047567,0.09831601846461675,0.11513543128967285,0.005562703991827512,0.005562426152572186,0.06213045120239258,1.163026269251691e-19
0.09111892038248033,0.08744395764962125,0.09997356635397438,0.09831647637293596,0.11549782752990723,0.005562426158780409,0.005562148332671768,0.061838388442993164,1.1630450953020103e-19
0.09111818547467204,0.08744384618129439,0.09997357160727682,0.09831693424806699,0.11548733711242676,0.005562148339638318,0.0055618705280480185,0.062197208404541016,1.1630639275352797e-19
0.09111745057832882,0.0874437347181983,0.09997357686038304,0.09831739209001324,0.11585688591003418,0.005561870534398793,0.005561592736924581,0.06211090087890625,1.1630827604850983e-19
0.0911167156934525,0.08744362326033263,0.099973582113293,0.09831784989877804,0.11809396743774414,0.005561592743062181,0.005561314958946184,0.06180739402770996,1.1631015874014967e-19
0.0911159808200448,0.08744351180769701,0.09997358736600671,0.0983183076743648,0.1190040111541748,0.005561314965628181,0.005561037195533913,0.06290006637573242,1.163120416986915e-19
0.0911152459581073,0.08744340036029107,0.09997359261852419,0.09831876541677685,0.11736297607421875,0.005561037202094086,0.005560759445089047,0.06236457824707031,1.1631392414434203e-19
0.09111451110764184,0.08744328891811445,0.09997359787084542,0.09831922312601764,0.11903142929077148,0.005560759452462862,0.005560481710276122,0.06310749053955078,1.163158071782252e-19
0.09111377626865003,0.08744317748116678,0.0999736031229704,0.0983196808020905,0.11759066581726074,0.005560481716729734,0.005560203988430601,0.06341195106506348,1.1631769008688182e-19
0.09111304144113365,0.08744306604944771,0.09997360837489914,0.0983201384449988,0.11908531188964844,0.005560203994895669,0.005559926280263028,0.06333279609680176,1.1631957224893806e-19
0.09111230662509437,0.08744295462295687,0.09997361362663165,0.09832059605474597,0.1182858943939209,0.005559926286961079,0.005559648586306309,0.06265521049499512,1.1632145466896407e-19
0.09111157182053392,0.08744284320169389,0.09997361887816791,0.09832105363133531,0.11658930778503418,0.005559648592923482,0.00555937090638281,0.0637810230255127,1.163233371977968e-19
0.09111083702745398,0.08744273178565842,0.09997362412950793,0.09832151117477021,0.11733365058898926,0.005559370912782547,0.005559093240137258,0.0635528564453125,1.16325219270174e-19
0.09111010224585629,0.08744262037485011,0.09997362938065171,0.09832196868505405,0.11679363250732422,0.005559093246538273,0.005558815587924926,0.06376934051513672,1.163271018610037e-19
0.09110936747574255,0.08744250896926858,0.09997363463159926,0.09832242616219024,0.11783266067504883,0.005558815594188573,0.005558537949390541,0.06434893608093262,1.1632898390575802e-19
0.0911086327171145,0.08744239756891348,0.09997363988235056,0.0983228836061821,0.1160578727722168,0.005558537955733213,0.005558260324534103,0.06403207778930664,1.163308663539508e-19
0.09110789796997378,0.08744228617378443,0.09997364513290563,0.09832334101703301,0.1168663501739502,0.005558260331174777,0.005557982714243792,0.06399250030517578,1.1633274797830216e-19
0.09110716323432205,0.08744217478388107,0.09997365038326446,0.09832379839474638,0.11676716804504395,0.005557982720508804,0.005557705116920886,0.06383872032165527,1.1633463031819863e-19
0.09110642851016108,0.08744206339920305,0.09997365563342706,0.09832425573932554,0.11806464195251465,0.005557705123736006,0.0055574275346970126,0.0642549991607666,1.1633651159793872e-19
0.09110569379749249,0.08744195201975,0.0999736608833934,0.09832471305077396,0.11689019203186035,0.005557427540854636,0.005557149965085273,0.06429743766784668,1.1633839400013599e-19
0.091104959096318,0.08744184064552155,0.09997366613316354,0.09832517032909495,0.1172943115234375,0.005557149971864454,0.005556872409684388,0.06324887275695801,1.1634027605423642e-19
0.0911042244066393,0.08744172927651736,0.09997367138273744,0.09832562757429188,0.11658668518066406,0.005556872416766331,0.005556594869027265,0.06395888328552246,1.1634215748215005e-19
0.0911034897284582,0.08744161791273707,0.0999736766321151,0.0983260847863681,0.11730051040649414,0.005556594875557544,0.005556317341515182,0.06447720527648926,1.1634403916929823e-19
0.09110275506177626,0.0874415065541803,0.09997368188129653,0.09832654196532699,0.11564135551452637,0.005556317348238469,0.0055560398282139545,0.06371402740478516,1.1634592081363087e-19
0.09110202040659511,0.0874413952008467,0.09997368713028174,0.09832699911117189,0.11652612686157227,0.005556039834807676,0.005555762328590674,0.0650787353515625,1.1634780266505098e-19
0.09110128576291669,0.0874412838527359,0.09997369237907071,0.0983274562239062,0.11604857444763184,0.005555762335265557,0.005555484843178249,0.06347775459289551,1.1634968361647028e-19
0.09110055113074263,0.08744117250984754,0.09997369762766345,0.09832791330353328,0.11635160446166992,0.0055554848496096225,0.005555207371266135,0.06421875953674316,1.1635156507256763e-19
0.0910998165100745,0.08744106117218124,0.09997370287605996,0.09832837035005654,0.11658096313476562,0.005555207377840876,0.005554929913742512,0.0639333724975586,1.163534466075433e-19
0.09109908190091415,0.08744094983973666,0.09997370812426025,0.0983288273634793,0.11461782455444336,0.0055549299199576544,0.005554652469896837,0.06319522857666016,1.1635532747328429e-19
0.09109834730326322,0.08744083851251343,0.09997371337226431,0.0983292843438049,0.11422252655029297,0.0055546524759595645,0.005554375039373838,0.06304144859313965,1.1635720859424927e-19
0.09109761271712338,0.08744072719051119,0.09997371862007214,0.09832974129103676,0.11718916893005371,0.005554375045846978,0.005554097623061693,0.06398439407348633,1.163590896853568e-19
0.09109687814249638,0.0874406158737296,0.09997372386768374,0.09833019820517823,0.1154472827911377,0.005554097629617807,0.005553820220782768,0.06356930732727051,1.1636097091865935e-19
0.09109614357938386,0.08744050456216829,0.09997372911509914,0.09833065508623266,0.11503481864929199,0.005553820227271386,0.00555354283218179,0.06337904930114746,1.163628513279182e-19
0.09109540902778764,0.08744039325582688,0.0999737343623183,0.09833111193420349,0.11435604095458984,0.005553542838807707,0.005553265457791667,0.06320476531982422,1.1636473239516642e-19
0.09109467448770932,0.08744028195470502,0.09997373960934124,0.098331568749094,0.11525106430053711,0.005553265464224994,0.005552988096724221,0.06351613998413086,1.163666133141551e-19
0.09109393995915055,0.08744017065880236,0.09997374485616796,0.09833202553090759,0.11499428749084473,0.005552988103524639,0.005552710749867629,0.06370830535888672,1.1636849385514073e-19
0.09109320544211306,0.08744005936811851,0.09997375010279845,0.09833248227964757,0.11430144309997559,0.005552710756704538,0.005552433416688984,0.06322455406188965,1.1637037450800676e-19
0.09109247093659859,0.08743994808265312,0.09997375534923271,0.09833293899531734,0.11496162414550781,0.005552433423764416,0.0055521560978988305,0.06406164169311523,1.1637225526992036e-19
0.09109173644260882,0.08743983680240583,0.09997376059547076,0.09833339567792024,0.1143653392791748,0.005552156104702845,0.00555187879296426,0.06315946578979492,1.1637413569541668e-19
0.09109100196014554,0.0874397255273763,0.0999737658415126,0.09833385232745961,0.11513113975524902,0.005551878799518414,0.005551601501885273,0.06409049034118652,1.16376016045549e-19
0.0910902674892103,0.08743961425756415,0.09997377108735822,0.09833430894393883,0.11360979080200195,0.0055516015082108005,0.0055513242243065974,0.06355452537536621,1.1637789680516843e-19
0.09108953302980496,0.08743950299296901,0.09997377633300762,0.09833476552736126,0.11339426040649414,0.005551324230780348,0.005551046960761141,0.06323003768920898,1.1637977717737696e-19
0.0910887985819311,0.08743939173359054,0.0999737815784608,0.09833522207773028,0.11449527740478516,0.005551046967226305,0.005550769710715997,0.06393647193908691,1.1638165719121921e-19
0.09108806414559044,0.08743928047942838,0.09997378682371777,0.09833567859504926,0.1138010025024414,0.00555076971754901,0.005550492475236979,0.06305408477783203,1.163835374648943e-19
0.09108732972078475,0.08743916923048214,0.09997379206877852,0.09833613507932158,0.11565876007080078,0.005550492481744759,0.005550215253613544,0.06358456611633301,1.1638541728106862e-19
0.09108659530751569,0.08743905798675149,0.09997379731364305,0.0983365915305506,0.11434292793273926,0.005550215259815137,0.005549938044957514,0.06310200691223145,1.1638729707300522e-19
0.09108586090578498,0.08743894674823603,0.09997380255831136,0.09833704794873964,0.11243724822998047,0.005549938051760246,0.00554966085086761,0.06222653388977051,1.1638917709448068e-19
0.09108512651559432,0.08743883551493543,0.09997380780278345,0.09833750433389203,0.11400341987609863,0.005549660857576611,0.005549383670810926,0.0635383129119873,1.1639105702559776e-19
0.0910843921369454,0.08743872428684933,0.09997381304705934,0.09833796068601117,0.1143343448638916,0.005549383677264525,0.0055491065044321886,0.06315040588378906,1.163929369896011e-19
0.09108365776983987,0.08743861306397735,0.09997381829113901,0.09833841700510039,0.11366891860961914,0.0055491065108243314,0.0055488293515537634,0.06333565711975098,1.1639481674187892e-19
0.09108292341427938,0.08743850184631914,0.09997382353502247,0.09833887329116303,0.1145482063293457,0.005548829358256022,0.005548552213063829,0.06314921379089355,1.1639669645785766e-19
0.0910821890702657,0.08743839063387435,0.09997382877870972,0.09833932954420248,0.11417675018310547,0.005548552219556191,0.005548275088429477,0.06251335144042969,1.1639857564959727e-19
0.09108145473780059,0.08743827942664262,0.09997383402220077,0.09833978576422206,0.11498165130615234,0.005548275094724836,0.005547997976940167,0.06255030632019043,1.1640045534951662e-19
0.09108072041688568,0.08743816822462357,0.09997383926549559,0.09834024195122514,0.11460375785827637,0.005547997983763946,0.005547720879484075,0.062090158462524414,1.1640233502292098e-19
0.09107998610752269,0.08743805702781686,0.09997384450859421,0.09834069810521508,0.11526727676391602,0.005547720886670812,0.005547443796771745,0.0617671012878418,1.1640421418747483e-19
0.09107925180971328,0.08743794583622212,0.09997384975149663,0.09834115422619523,0.11601424217224121,0.00554744380344272,0.005547166727914998,0.06258511543273926,1.164060932858241e-19
0.09107851752345919,0.087437834649839,0.09997385499420285,0.09834161031416899,0.11535096168518066,0.005547166734081613,0.005546889672203292,0.062279462814331055,1.1640797248804503e-19
0.09107778324876213,0.08743772346866711,0.09997386023671286,0.0983420663691397,0.11812758445739746,0.0055468896785868214,0.005546612629991898,0.06193995475769043,1.1640985167938426e-19
0.09107704898562374,0.08743761229270613,0.09997386547902666,0.09834252239111069,0.11878061294555664,0.00554661263695703,0.005546335602701902,0.06232166290283203,1.164117311058455e-19
0.09107631473404579,0.08743750112195567,0.09997387072114425,0.09834297838008534,0.11818504333496094,0.005546335609190814,0.0055460585887345815,0.06244063377380371,1.1641360999100447e-19
0.09107558049402992,0.08743738995641538,0.09997387596306563,0.09834343433606696,0.11847281455993652,0.0055460585952874855,0.005545781588267573,0.06252384185791016,1.1641548928476467e-19
0.09107484626557782,0.0874372787960849,0.09997388120479082,0.09834389025905893,0.11812162399291992,0.005545781595249037,0.005545504602366691,0.06358218193054199,1.1641736761777046e-19
0.09107411204869117,0.08743716764096388,0.09997388644631981,0.09834434614906457,0.11974358558654785,0.00554550460907178,0.005545227630143756,0.06351232528686523,1.1641924646505485e-19
0.09107337784337168,0.08743705649105193,0.09997389168765261,0.09834480200608724,0.11970114707946777,0.005545227636756339,0.005544950671954041,0.06323695182800293,1.1642112534798028e-19
0.09107264364962098,0.08743694534634872,0.0999738969287892,0.0983452578301303,0.11617732048034668,0.0055449506783012996,0.005544673727264637,0.06348490715026855,1.1642300426089554e-19
0.09107190946744084,0.08743683420685389,0.0999739021697296,0.0983457136211971,0.11747884750366211,0.005544673733706051,0.005544396796608453,0.06355071067810059,1.164248823698755e-19
0.09107117529683295,0.08743672307256706,0.09997390741047378,0.09834616937929096,0.11730694770812988,0.005544396802970181,0.005544119879274945,0.06344914436340332,1.1642676139240614e-19
0.09107044113779895,0.08743661194348787,0.09997391265102176,0.09834662510441526,0.11765813827514648,0.005544119886094704,0.0055438429765075625,0.0644071102142334,1.1642863991277735e-19
0.09106970699034055,0.08743650081961597,0.09997391789137355,0.09834708079657337,0.11712050437927246,0.005543842983076232,0.005543566087773399,0.06414055824279785,1.1643051789973366e-19
0.09106897285445945,0.087436389700951,0.09997392313152915,0.0983475364557686,0.11613774299621582,0.005543566093913684,0.005543289211829006,0.06412315368652344,1.1643239625877817e-19
0.09106823873015737,0.08743627858749259,0.09997392837148855,0.09834799208200436,0.11679244041442871,0.005543289218609792,0.005543012350450738,0.06431102752685547,1.1643427461716808e-19
0.09106750461743607,0.08743616747924039,0.09997393361125176,0.09834844767528395,0.1170809268951416,0.005543012357161437,0.0055427355034609604,0.0645134449005127,1.1643615295756492e-19
0.09106677051629725,0.08743605637619405,0.09997393885081876,0.09834890323561074,0.11792612075805664,0.005542735509566619,0.005542458668905681,0.06551337242126465,1.1643803064497268e-19
0.09106603642674255,0.08743594527835319,0.09997394409018957,0.09834935876298802,0.11737751960754395,0.005542458675829019,0.005542181849094163,0.06414389610290527,1.1643990910965086e-19
0.09106530234877365,0.08743583418571747,0.0999739493293642,0.09834981425741915,0.11759448051452637,0.005542181855944953,0.005541905042960593,0.0649876594543457,1.1644178704186198e-19
0.09106456828239232,0.08743572309828652,0.09997395456834263,0.09835026971890745,0.11771512031555176,0.005541905049914369,0.005541628251393149,0.06493759155273438,1.1644366471745871e-19
0.09106383422760017,0.08743561201605998,0.09997395980712488,0.09835072514745632,0.11626076698303223,0.005541628257734841,0.005541351472970746,0.06338167190551758,1.164455425667224e-19
0.09106310018439899,0.08743550093903749,0.09997396504571093,0.09835118054306909,0.11838746070861816,0.005541351479406697,0.005541074708403926,0.06592512130737305,1.164474204204298e-19
0.0910623661527905,0.08743538986721869,0.0999739702841008,0.09835163590574908,0.11738872528076172,0.00554107471493057,0.0055407979580479605,0.06423783302307129,1.1644929832058197e-19
0.09106163213277642,0.08743527880060323,0.09997397552229446,0.09835209123549968,0.1179201602935791,0.005540797964304812,0.005540521221192307,0.0648355484008789,1.1645117578112489e-19
0.09106089812435837,0.08743516773919073,0.09997398076029194,0.0983525465323242,0.11678004264831543,0.005540521227528064,0.0055402444974816945,0.0642087459564209,1.1645305283407318e-19
0.0910601641275381,0.08743505668298085,0.09997398599809323,0.09835300179622601,0.11658406257629395,0.005540244504601636,0.005539967788692479,0.06379246711730957,1.1645493095821096e-19
0.09105943014231732,0.08743494563197322,0.09997399123569833,0.09835345702720846,0.11725521087646484,0.005539967795523167,0.005539691093581212,0.06367945671081543,1.1645680849215792e-19
0.09105869616869766,0.08743483458616748,0.09997399647310726,0.09835391222527484,0.11764144897460938,0.0055396911002918775,0.005539414412680799,0.0641629695892334,1.1645868583008008e-19
0.09105796220668089,0.08743472354556327,0.09997400171031999,0.09835436739042856,0.11611080169677734,0.005539414418905483,0.005539137745103062,0.06345891952514648,1.1646056282350491e-19
0.09105722825626866,0.08743461251016023,0.09997400694733653,0.09835482252267293,0.11614060401916504,0.005539137751365904,0.005538861091380909,0.06348299980163574,1.1646244022972965e-19
0.09105649431746267,0.08743450147995802,0.0999740121841569,0.09835527762201127,0.11752820014953613,0.005538861097671828,0.005538584451514339,0.0644826889038086,1.164643170301993e-19
0.09105576039026453,0.08743439045495625,0.09997401742078109,0.09835573268844693,0.11477231979370117,0.00553858445782318,0.00553830782479281,0.06346583366394043,1.1646619400924424e-19
0.09105502647467602,0.08743427943515458,0.09997402265720909,0.09835618772198323,0.11626267433166504,0.005538307831819718,0.005538031212992678,0.06337451934814453,1.1646807156746153e-19
0.09105429257069886,0.08743416842055264,0.0999740278934409,0.09835664272262352,0.11583471298217773,0.005538031219659272,0.005537754614692858,0.06383895874023438,1.1646994792650117e-19
0.09105355867833473,0.08743405741115008,0.09997403312947653,0.09835709769037115,0.11601400375366211,0.005537754621341532,0.0055374780297157145,0.06404757499694824,1.1647182491191029e-19
0.09105282479758532,0.08743394640694654,0.09997403836531599,0.09835755262522947,0.11547636985778809,0.005537478036867197,0.005537201459837604,0.06350827217102051,1.1647370179207845e-19
0.09105209092845236,0.08743383540794167,0.09997404360095925,0.09835800752720181,0.11508584022521973,0.005537201466232413,0.005536924903459806,0.0633692741394043,1.1647557848899243e-19
0.0910513570709375,0.0874337244141351,0.09997404883640636,0.09835846239629151,0.11541581153869629,0.005536924909437574,0.005536648360049412,0.06371164321899414,1.1647745513775953e-19
0.09105062322504236,0.0874336134255265,0.09997405407165727,0.09835891723250188,0.11367464065551758,0.005536648366482313,0.005536371831560416,0.06291484832763672,1.1647933129917406e-19
0.09104988939076865,0.08743350244211545,0.09997405930671201,0.09835937203583629,0.1157679557800293,0.005536371837365913,0.005536095315328282,0.06319522857666016,1.1648120834306377e-19
0.09104915556811806,0.08743339146390164,0.09997406454157057,0.09835982680629812,0.11528420448303223,0.005536095322090439,0.00553581881383991,0.06314277648925781,1.1648308490163507e-19
0.0910484217570923,0.08743328049088471,0.09997406977623295,0.09836028154389062,0.1150827407836914,0.005535818820652501,0.005535542326740028,0.06301021575927734,1.164849609440106e-19
0.09104768795769308,0.08743316952306429,0.09997407501069917,0.09836073624861716,0.1159968376159668,0.005535542333050984,0.0055352658526075516,0.06287097930908203,1.1648683725323386e-19
0.09104695416992198,0.08743305856044002,0.0999740802449692,0.09836119092048105,0.11629056930541992,0.0055352658592870045,0.0055349893932188365,0.06252241134643555,1.164887130279825e-19
0.09104622039378081,0.08743294760301154,0.09997408547904307,0.09836164555948566,0.11659932136535645,0.005534989399357327,0.005534712946619891,0.06240582466125488,1.164905892140646e-19
0.09104548662927134,0.0874328366507785,0.09997409071292077,0.09836210016563432,0.1169135570526123,0.005534712953262836,0.005534436514409435,0.062044620513916016,1.1649246601022212e-19
0.0910447528763952,0.08743272570374054,0.0999740959466023,0.09836255473893037,0.11673879623413086,0.005534436521003608,0.005534160095876928,0.0630183219909668,1.164943419901669e-19
0.09104401913515399,0.0874326147618973,0.09997410118008765,0.09836300927937709,0.11634254455566406,0.005534160102578807,0.005533883691910546,0.06258869171142578,1.1649621743497653e-19
0.09104328540554958,0.0874325038252484,0.09997410641337684,0.09836346378697787,0.11882781982421875,0.0055338836979849,0.005533607300378662,0.06323599815368652,1.1649809344320736e-19
0.09104255168758357,0.08743239289379351,0.09997411164646985,0.09836391826173602,0.11850190162658691,0.005533607307226003,0.005533330923945812,0.06302523612976074,1.1649996891075223e-19
0.09104181798125781,0.08743228196753225,0.0999741168793667,0.09836437270365488,0.11809229850769043,0.005533330930297347,0.00553305456030273,0.06298494338989258,1.1650184513612347e-19
0.09104108428657395,0.08743217104646428,0.09997412211206738,0.09836482711273774,0.11911416053771973,0.005533054567199643,0.005532778211403411,0.0633542537689209,1.165037207455974e-19
0.09104035060353366,0.08743206013058923,0.0999741273445719,0.09836528148898799,0.11871981620788574,0.00553277821793174,0.005532501876004403,0.06406974792480469,1.1650559582446934e-19
0.09103961693213863,0.08743194921990673,0.09997413257688025,0.09836573583240893,0.11965084075927734,0.005532501882493362,0.005532225554460979,0.0637197494506836,1.165074716545952e-19
0.09103888327239051,0.08743183831441645,0.09997413780899243,0.09836619014300388,0.11996936798095703,0.0055322255608841065,0.005531949246595502,0.0630195140838623,1.1650934694191429e-19
0.09103814962429103,0.08743172741411803,0.09997414304090844,0.09836664442077614,0.12039303779602051,0.00553194925310268,0.005531672952763245,0.06360101699829102,1.1651122241025878e-19
0.0910374159878418,0.0874316165190111,0.0999741482726283,0.09836709866572904,0.12016677856445312,0.005531672959149287,0.0055313966727865704,0.06456470489501953,1.1651309766666984e-19
0.09103668236304449,0.0874315056290953,0.099974153504152,0.09836755287786593,0.11935186386108398,0.005531396679021285,0.0055311204061325725,0.06404542922973633,1.1651497270800126e-19
0.09103594874990074,0.08743139474437027,0.09997415873547953,0.09836800705719018,0.12319731712341309,0.005531120412719993,0.005530844154222336,0.06482481956481934,1.1651684777153415e-19
0.09103521514841244,0.08743128386483566,0.0999741639666109,0.09836846120370511,0.12317109107971191,0.00553084416024337,0.005530567914746598,0.06476020812988281,1.1651872287020072e-19
0.09103448155858121,0.08743117299049111,0.0999741691975461,0.09836891531741403,0.12191128730773926,0.005530567921592793,0.005530291689836986,0.06529664993286133,1.165205984808776e-19
0.09103374798040877,0.08743106212133626,0.09997417442828514,0.09836936939832022,0.12095284461975098,0.005530291696767221,0.005530015478960593,0.06494498252868652,1.1652247276311767e-19
0.09103301441389673,0.08743095125737074,0.09997417965882802,0.09836982344642706,0.12090897560119629,0.005530015485764157,0.0055297392815845114,0.0665290355682373,1.1652434758806715e-19
0.09103228085904688,0.08743084039859421,0.09997418488917473,0.09837027746173783,0.12148332595825195,0.0055297392885850245,0.005529463098774556,0.0660398006439209,1.1652622260485772e-19
0.0910315473158609,0.08743072954500629,0.09997419011932529,0.09837073144425587,0.12143826484680176,0.00552946310522608,0.005529186929642549,0.0653085708618164,1.16528097673107e-19
0.0910308137843405,0.08743061869660665,0.09997419534927969,0.0983711853939845,0.11993932723999023,0.005529186935687899,0.005528910773477946,0.06489872932434082,1.1652997182456672e-19
0.09103008026448728,0.08743050785339491,0.09997420057903793,0.09837163931092703,0.12066292762756348,0.005528910779970916,0.0055286346315241985,0.06575155258178711,1.1653184684859633e-19
0.09102934675630298,0.08743039701537075,0.09997420580860002,0.09837209319508683,0.11992979049682617,0.005528634638073432,0.005528358503070763,0.06569957733154297,1.1653372090940325e-19
0.09102861325978932,0.0874302861825338,0.09997421103796596,0.0983725470464672,0.12059617042541504,0.005528358509995707,0.005528082389361089,0.06441259384155273,1.1653559536917377e-19
0.09102787977494803,0.08743017535488369,0.09997421626713575,0.09837300086507142,0.12036776542663574,0.0055280823957356735,0.005527806288796455,0.06449198722839355,1.1653747019927188e-19
0.09102714630178081,0.08743006453242005,0.09997422149610938,0.09837345465090284,0.11889505386352539,0.005527806295293746,0.0055275302024426765,0.06420063972473145,1.1653934437762898e-19
0.09102641284028928,0.08742995371514252,0.09997422672488684,0.09837390840396479,0.11937355995178223,0.005527530208667744,0.005527254129233938,0.0647575855255127,1.1654121868668252e-19
0.09102567939047518,0.08742984290305075,0.09997423195346818,0.09837436212426062,0.11846709251403809,0.005527254135859769,0.005526978070058419,0.06512022018432617,1.1654309258617502e-19
0.09102494595234017,0.08742973209614441,0.09997423718185336,0.09837481581179366,0.12099289894104004,0.005526978076867149,0.0055267020252713905,0.06494927406311035,1.1654496718626657e-19
0.0910242125258859,0.08742962129442311,0.09997424241004238,0.0983752694665672,0.12391328811645508,0.005526702031688763,0.005526425993984674,0.06769847869873047,1.1654684067875321e-19
0.09102347911111414,0.0874295104978865,0.09997424763803525,0.09837572308858458,0.12452101707458496,0.005526426000323959,0.005526149976020633,0.0675954818725586,1.1654871490213747e-19
0.09102274570802653,0.08742939970653424,0.09997425286583198,0.09837617667784908,0.12561535835266113,0.0055261499827740585,0.005525873972267448,0.06774401664733887,1.1655058903785565e-19
0.09102201231662473,0.08742928892036596,0.09997425809343255,0.09837663023436401,0.12520360946655273,0.005525873979036656,0.005525597982369845,0.06792092323303223,1.165524625689802e-19
0.09102127893691038,0.0874291781393813,0.09997426332083698,0.09837708375813273,0.12509441375732422,0.0055255979891114335,0.005525322006150191,0.06790828704833984,1.1655433625156877e-19
0.09102054556888527,0.0874290673635799,0.09997426854804524,0.09837753724915849,0.12364435195922852,0.005525322012997708,0.005525046043786119,0.06792926788330078,1.165562094955501e-19
0.09101981221255102,0.0874289565929614,0.09997427377505737,0.09837799070744468,0.12207221984863281,0.005525046050695738,0.005524770095632903,0.06711506843566895,1.1655808317525482e-19
0.09101907886790943,0.08742884582752547,0.09997427900187335,0.09837844413299464,0.12075209617614746,0.005524770102202123,0.005524494160802362,0.06618022918701172,1.1655995698447133e-19
0.09101834553496219,0.08742873506727172,0.09997428422849318,0.09837889752581166,0.11957240104675293,0.005524494167518935,0.005524218240005041,0.0664365291595459,1.1656183025206164e-19
0.09101761221371096,0.08742862431219982,0.09997428945491686,0.09837935088589905,0.12212896347045898,0.005524218246645071,0.0055239423334185744,0.06642389297485352,1.1656370364020686e-19
0.09101687890415747,0.08742851356230938,0.0999742946811444,0.09837980421326012,0.12134504318237305,0.005523942339577864,0.005523666439266606,0.0658574104309082,1.1656557751483568e-19
0.09101614560630342,0.08742840281760006,0.0999742999071758,0.09838025750789818,0.12096810340881348,0.0055236664463197,0.0055233905605689415,0.06547856330871582,1.1656745024944474e-19
0.09101541232015047,0.08742829207807153,0.09997430513301105,0.09838071076981657,0.1208028793334961,0.005523390566866382,0.0055231146946610465,0.06537723541259766,1.165693235994551e-19
0.09101467904570021,0.0874281813437234,0.09997431035865016,0.09838116399901856,0.12036609649658203,0.00552311470121839,0.005522838842786371,0.06479215621948242,1.1657119698824494e-19
0.09101394578295438,0.08742807061455533,0.09997431558409313,0.09838161719550749,0.12038779258728027,0.005522838849377239,0.005522563004944914,0.06471467018127441,1.1657306994203337e-19
0.09101321253191476,0.08742795989056697,0.09997432080933996,0.09838207035928666,0.12047886848449707,0.00552256301133999,0.0055222871807814045,0.06446623802185059,1.1657494302663839e-19
0.09101247929258295,0.08742784917175794,0.09997432603439066,0.09838252349035938,0.12135744094848633,0.005522287187106879,0.0055220113699405715,0.06432771682739258,1.1657681533385025e-19
0.09101174606496071,0.0874277384581279,0.09997433125924521,0.09838297658872897,0.12212967872619629,0.0055220113766773216,0.005521735573488229,0.06373906135559082,1.1657868866753482e-19
0.09101101284904978,0.08742762774967647,0.09997433648390362,0.09838342965439875,0.12207508087158203,0.00552173558004986,0.005521459790713834,0.06329941749572754,1.165805610032457e-19
0.09101027964485178,0.08742751704640331,0.0999743417083659,0.09838388268737204,0.12262582778930664,0.005521459797223876,0.0055211840217950225,0.0636751651763916,1.1658243381487189e-19
0.09100954645236838,0.08742740634830806,0.09997434693263203,0.09838433568765212,0.12302947044372559,0.005521184028199221,0.005520908266376523,0.06371855735778809,1.165843068339014e-19
0.0910088132716014,0.08742729565539037,0.09997435215670204,0.09838478865524229,0.12328863143920898,0.005520908272974973,0.0055206325249912425,0.06335878372192383,1.1658617926594816e-19
0.09100808010255243,0.08742718496764988,0.09997435738057592,0.09838524159014589,0.12427687644958496,0.005520632531550455,0.005520356796928638,0.06360316276550293,1.1658805173320035e-19
0.09100734694522314,0.08742707428508624,0.09997436260425366,0.09838569449236623,0.12467050552368164,0.005520356803925933,0.00552008108343216,0.06371927261352539,1.165899238182206e-19
0.09100661379961536,0.08742696360769908,0.09997436782773525,0.09838614736190661,0.12528705596923828,0.005520081090098674,0.005519805383791265,0.0641632080078125,1.1659179592061791e-19
0.09100588066573068,0.08742685293548808,0.09997437305102072,0.09838660019877038,0.1256694793701172,0.005519805390067643,0.005519529697117775,0.06462454795837402,1.1659366864453342e-19
0.09100514754357085,0.08742674226845285,0.09997437827411006,0.09838705300296079,0.12487673759460449,0.005519529703835575,0.005519254025365683,0.06459474563598633,1.1659554103605559e-19
0.09100441443313748,0.08742663160659302,0.09997438349700327,0.09838750577448116,0.12444734573364258,0.005519254031397677,0.005518978366225724,0.06429409980773926,1.1659741288434678e-19
0.09100368133443226,0.08742652094990826,0.09997438871970035,0.09838795851333479,0.12397146224975586,0.005518978372757016,0.005518702721651891,0.06481766700744629,1.165992852511548e-19
0.0910029482474569,0.08742641029839822,0.0999743939422013,0.09838841121952498,0.12336087226867676,0.005518702727909847,0.005518427090223099,0.06473541259765625,1.1660115737716854e-19
0.09100221517221302,0.08742629965206251,0.09997439916450612,0.09838886389305504,0.1240839958190918,0.005518427096858823,0.005518151473182797,0.06502890586853027,1.1660302920753508e-19
0.09100148210870232,0.0874261890109008,0.09997440438661481,0.09838931653392835,0.12517786026000977,0.0055181514796006186,0.005517875869998079,0.06563329696655273,1.1660490067019577e-19
0.0910007490569265,0.08742607837491273,0.09997440960852737,0.09838976914214817,0.12471270561218262,0.005517875876134106,0.005517600279425494,0.06547236442565918,1.1660677257722621e-19
0.0910000160168873,0.08742596774409794,0.0999744148302438,0.09839022171771782,0.1250016689300537,0.0055176002864613756,0.005517324704129578,0.0657193660736084,1.1660864396745047e-19
0.09099928298858642,0.08742585711845609,0.0999744200517641,0.09839067426064059,0.12572169303894043,0.005517324710578344,0.005517049141801067,0.0664677619934082,1.1661051602541192e-19
0.09099854997202551,0.0874257464979868,0.09997442527308828,0.09839112677091978,0.1253056526184082,0.0055170491484877035,0.005516773593861046,0.06634712219238281,1.1661238741181576e-19
0.09099781696720627,0.08742563588268973,0.09997443049421634,0.09839157924855867,0.12400197982788086,0.005516773600186963,0.0055164980594213375,0.06621861457824707,1.1661425878697385e-19
0.09099708397413041,0.0874255252725645,0.09997443571514827,0.09839203169356056,0.12251138687133789,0.005516498065674831,0.005516222538304305,0.06642007827758789,1.166161301259255e-19
0.09099635099279953,0.08742541466761078,0.09997444093588409,0.09839248410592878,0.12132048606872559,0.005516222544951059,0.005515947031398127,0.0665440559387207,1.166180013611616e-19
0.09099561802321536,0.0874253040678282,0.09997444615642379,0.09839293648566666,0.12227129936218262,0.0055159470380158155,0.005515671538347533,0.06605219841003418,1.1661987301036402e-19
0.09099488506537964,0.08742519347321641,0.09997445137676736,0.09839338883277747,0.12362408638000488,0.005515671544867487,0.005515396058974886,0.06641530990600586,1.166217443461845e-19
0.0909941521192941,0.08742508288377505,0.09997445659691481,0.09839384114726454,0.12265896797180176,0.0055153960655060065,0.0055151205931025515,0.06580781936645508,1.1662361511242718e-19
0.09099341918496039,0.08742497229950379,0.09997446181686614,0.09839429342913114,0.12349200248718262,0.005515120599930749,0.005514845141618707,0.06627607345581055,1.1662548656217437e-19
0.09099268626238025,0.08742486172040223,0.09997446703662136,0.09839474567838058,0.12348604202270508,0.005514845148139932,0.005514569703457539,0.06615829467773438,1.166273574007229e-19
0.09099195335155527,0.08742475114647005,0.09997447225618046,0.09839519789501616,0.12502050399780273,0.005514569710133871,0.0055142942791519545,0.06659603118896484,1.1662922840229782e-19
0.09099122045248717,0.0874246405777069,0.09997447747554343,0.0983956500790412,0.12467789649963379,0.0055142942859116376,0.00551401886923486,0.06650066375732422,1.1663109894093067e-19
0.09099048756517754,0.08742453001411239,0.09997448269471029,0.09839610223045898,0.12428760528564453,0.005514018875471738,0.005513743471752264,0.06674337387084961,1.1663296981966552e-19
0.09098975468962822,0.08742441945568619,0.09997448791368105,0.0983965543492728,0.12432980537414551,0.0055137434788160005,0.005513468089546336,0.06642556190490723,1.166348408337498e-19
0.09098902182584087,0.08742430890242792,0.09997449313245567,0.0983970064354859,0.12497210502624512,0.005513468095940543,0.005513192719952542,0.0670175552368164,1.166367116236996e-19
0.0909882889738172,0.08742419835433723,0.09997449835103418,0.09839745848910161,0.12407708168029785,0.005513192726847099,0.00551291736510251,0.06684041023254395,1.166385818191912e-19
0.09098755613355888,0.0874240878114138,0.09997450356941658,0.09839791051012323,0.12456965446472168,0.005512917371532927,0.005512642023575154,0.06702876091003418,1.1664045270795242e-19
0.09098682330506755,0.08742397727365724,0.09997450878760286,0.09839836249855408,0.12448859214782715,0.005512642029998379,0.005512366695903381,0.06696295738220215,1.1664232251352058e-19
0.09098609048834497,0.0874238667410672,0.09997451400559303,0.09839881445439748,0.12466716766357422,0.005512366702242375,0.005512091381731921,0.06764769554138184,1.16644193135661e-19
0.09098535768339272,0.08742375621364332,0.09997451922338708,0.09839926637765671,0.12417864799499512,0.005512091388265613,0.005511816081416043,0.06744933128356934,1.1664606365390166e-19
0.09098462489021254,0.08742364569138526,0.09997452444098504,0.09839971826833503,0.1237328052520752,0.005511816088065707,0.005511540795133385,0.06791329383850098,1.1664793405502827e-19
0.09098389210880616,0.08742353517429266,0.09997452965838688,0.0984001701264357,0.12421679496765137,0.005511540801643349,0.005511265522528674,0.06767129898071289,1.16649804006358e-19
0.09098315933917515,0.08742342466236518,0.09997453487559262,0.09840062195196211,0.1240835189819336,0.005511265528996404,0.0055109902636019115,0.06819987297058105,1.1665167441088813e-19
0.09098242658132141,0.08742331415560244,0.09997454009260223,0.09840107374491747,0.12408971786499023,0.005510990270126352,0.0055107150181754605,0.06793451309204102,1.1665354379946e-19
0.09098169383524649,0.08742320365400408,0.09997454530941575,0.0984015255053051,0.12354397773742676,0.005510715025031683,0.0055104397871375,0.06796669960021973,1.1665541417832306e-19
0.09098096110095212,0.08742309315756976,0.09997455052603317,0.09840197723312835,0.12406373023986816,0.005510439793709401,0.005510164569599851,0.06788039207458496,1.1665728399674198e-19
0.09098022837843996,0.08742298266629912,0.09997455574245448,0.09840242892839043,0.12381172180175781,0.0055101645761608505,0.00550988936574015,0.06827902793884277,1.1665915362486461e-19
0.0909794956677117,0.0874228721801918,0.09997456095867968,0.09840288059109471,0.1227102279663086,0.005509889372384657,0.005509614176091304,0.0678565502166748,1.1666102317521978e-19
0.09097876296876904,0.08742276169924747,0.09997456617470879,0.09840333222124442,0.12101411819458008,0.005509614182380774,0.005509338999587499,0.06659722328186035,1.166628933562019e-19
0.09097803028161378,0.08742265122346576,0.09997457139054178,0.09840378381884289,0.12079715728759766,0.0055093390061479175,0.005509063837294548,0.06650781631469727,1.1666476271704489e-19
0.09097729760624745,0.08742254075284632,0.09997457660617866,0.09840423538389341,0.12096095085144043,0.0055090638436856845,0.005508788688324273,0.0666813850402832,1.1666663225344575e-19
0.09097656494267177,0.08742243028738879,0.09997458182161945,0.09840468691639924,0.12017154693603516,0.0055087886949930645,0.005508513553209582,0.0662846565246582,1.1666850146069074e-19
0.09097583229088843,0.0874223198270928,0.09997458703686414,0.09840513841636367,0.12125182151794434,0.0055085135600709875,0.00550823843212811,0.06643009185791016,1.1667037102779385e-19
0.09097509965089909,0.087422209371958,0.09997459225191273,0.09840558988379008,0.12038445472717285,0.005508238438917489,0.005507963325435128,0.06641125679016113,1.166722403807079e-19
0.0909743670227055,0.08742209892198408,0.09997459746676521,0.09840604131868165,0.12046265602111816,0.005507963331530401,0.005507688230999008,0.06593918800354004,1.1667410990352458e-19
0.09097363440630936,0.08742198847717061,0.0999746026814216,0.09840649272104172,0.12049627304077148,0.0055076882379118935,0.005507413152017193,0.06524348258972168,1.1667597916907845e-19
0.09097290180171232,0.0874218780375173,0.09997460789588189,0.09840694409087357,0.12020468711853027,0.005507413158058821,0.005507138085647512,0.06558918952941895,1.166778477200219e-19
0.09097216920891601,0.08742176760302377,0.09997461311014609,0.09840739542818047,0.11970281600952148,0.005507138091972179,0.005506863033311049,0.06475639343261719,1.1667971700276745e-19
0.09097143662792215,0.08742165717368965,0.0999746183242142,0.09840784673296572,0.11920523643493652,0.0055068630396506385,0.0055065879939419915,0.06354069709777832,1.166815859320644e-19
0.09097070405873242,0.08742154674951459,0.09997462353808621,0.0984082980052326,0.1174001693725586,0.005506588001093939,0.005506312969671967,0.06335020065307617,1.1668345508844613e-19
0.09096997150134856,0.08742143633049826,0.09997462875176213,0.09840874924498444,0.11789274215698242,0.005506312976300852,0.00550603795907989,0.06285500526428223,1.1668532373326782e-19
0.09096923895577227,0.08742132591664029,0.09997463396524196,0.09840920045222448,0.11833047866821289,0.005506037965269079,0.005505762961632854,0.0626678466796875,1.166871923501002e-19
0.09096850642200517,0.08742121550794031,0.0999746391785257,0.09840965162695602,0.12109160423278809,0.005505762968000664,0.005505487978219037,0.0629572868347168,1.1668906094030833e-19
0.09096777390004902,0.08742110510439798,0.09997464439161333,0.09841010276918234,0.11967825889587402,0.005505487984492896,0.005505213008127896,0.06319975852966309,1.1669092970754778e-19
0.0909670413899055,0.08742099470601294,0.09997464960450488,0.09841055387890668,0.12109756469726562,0.005505213014747414,0.0055049380518923385,0.06328082084655762,1.1669279809648508e-19
0.09096630889157621,0.08742088431278486,0.09997465481720032,0.09841100495613236,0.12130546569824219,0.005504938058762542,0.005504663110222907,0.06304216384887695,1.1669466690410254e-19
0.09096557640506292,0.08742077392471335,0.09997466002969968,0.09841145600086264,0.12245678901672363,0.005504663116536833,0.005504388181698516,0.0632939338684082,1.1669653502035353e-19
0.09096484393036734,0.08742066354179809,0.09997466524200295,0.09841190701310083,0.12171459197998047,0.005504388188070307,0.005504113267029709,0.0631399154663086,1.1669840324659837e-19
0.09096411146749114,0.08742055316403871,0.09997467045411013,0.0984123579928502,0.12186288833618164,0.005504113273361055,0.005503838365861213,0.06312084197998047,1.167002720103217e-19
0.09096337901643597,0.08742044279143486,0.09997467566602121,0.09841280894011402,0.12179398536682129,0.005503838372410926,0.005503563479081208,0.06405329704284668,1.1670214028753115e-19
0.09096264657720352,0.08742033242398618,0.09997468087773621,0.0984132598548956,0.12213492393493652,0.005503563485215895,0.0055032886056238794,0.06338143348693848,1.1670400776247294e-19
0.09096191414979546,0.08742022206169234,0.09997468608925512,0.09841371073719825,0.12050557136535645,0.0055032886117772776,0.005503013745133956,0.06285619735717773,1.1670587630834935e-19
0.09096118173421357,0.08742011170455295,0.09997469130057796,0.09841416158702522,0.1186830997467041,0.005503013752095869,0.005502738899032522,0.06301045417785645,1.1670774364255373e-19
0.09096044933045941,0.08742000135256768,0.0999746965117047,0.09841461240437982,0.11813783645629883,0.0055027389061688345,0.005502464067497215,0.06395769119262695,1.167096122360685e-19
0.09095971693853477,0.08741989100573617,0.09997470172263535,0.09841506318926531,0.12010908126831055,0.00550246407399478,0.005502189248929312,0.06391072273254395,1.1671148007919754e-19
0.09095898455844137,0.08741978066405809,0.09997470693336993,0.09841551394168498,0.11964225769042969,0.005502189255573805,0.005501914444216993,0.06456565856933594,1.1671334781316838e-19
0.09095825219018086,0.08741967032753305,0.09997471214390842,0.09841596466164208,0.12051129341125488,0.005501914450906779,0.005501639653537893,0.06469249725341797,1.1671521526354883e-19
0.09095751983375487,0.08741955999616072,0.09997471735425083,0.09841641534913993,0.11912965774536133,0.005501639659991066,0.005501364876536741,0.06398200988769531,1.167170826020782e-19
0.09095678748916514,0.08741944966994072,0.09997472256439716,0.09841686600418174,0.11836051940917969,0.00550136488282526,0.005501090113391172,0.06309628486633301,1.1671895052909682e-19
0.09095605515641322,0.08741933934887272,0.0999747277743474,0.09841731662677085,0.11820602416992188,0.005501090119409333,0.005500815363390643,0.06305527687072754,1.1672081818572973e-19
0.09095532283550084,0.08741922903295635,0.09997473298410157,0.09841776721691053,0.11899924278259277,0.00550081536974504,0.005500540627423334,0.06353974342346191,1.1672268536230777e-19
0.0909545905264297,0.08741911872219127,0.09997473819365967,0.09841821777460408,0.11907505989074707,0.005500540633829954,0.005500265904956336,0.06334853172302246,1.1672455321857805e-19
0.09095385822920156,0.08741900841657713,0.09997474340302168,0.09841866829985473,0.11955070495605469,0.005500265911664392,0.0054999911967001935,0.0635976791381836,1.167264200888474e-19
0.09095312594381806,0.08741889811611354,0.09997474861218761,0.09841911879266577,0.11910653114318848,0.00549999120324529,0.005499716501944363,0.06333732604980469,1.1672828735085819e-19
0.09095239367028086,0.0874187878208002,0.09997475382115746,0.09841956925304043,0.11980867385864258,0.0054997165085733275,0.005499441821399387,0.06407022476196289,1.167301542039085e-19
0.09095166140859168,0.08741867753063672,0.09997475902993123,0.09842001968098206,0.11751890182495117,0.005499441827648149,0.005499167153821816,0.06330037117004395,1.1673202176150196e-19
0.09095092915875225,0.08741856724562273,0.09997476423850894,0.09842047007649392,0.11939239501953125,0.005499167160468758,0.005498892500099828,0.06441235542297363,1.1673388870027903e-19
0.09095019692076421,0.08741845696575792,0.09997476944689057,0.09842092043957927,0.11877775192260742,0.00549889250703608,0.005498617860588695,0.06347918510437012,1.167357554014302e-19
0.09094946469462922,0.08741834669104193,0.09997477465507613,0.09842137077024138,0.11741256713867188,0.005498617867347146,0.0054983432347555095,0.06409692764282227,1.167376226820689e-19
0.09094873248034901,0.08741823642147438,0.09997477986306562,0.0984218210684835,0.11493539810180664,0.005498343241401191,0.005498068622955543,0.06344223022460938,1.167394887498804e-19
0.09094800027792527,0.08741812615705494,0.09997478507085904,0.09842227133430898,0.11771965026855469,0.005498068629197851,0.005497794024122982,0.0639793872833252,1.1674135585603968e-19
0.09094726808735974,0.08741801589778324,0.09997479027845639,0.09842272156772103,0.11735296249389648,0.005497794030737859,0.005497519439678911,0.06432986259460449,1.1674322262622414e-19
0.09094653590865402,0.08741790564365894,0.09997479548585766,0.09842317176872295,0.11736631393432617,0.005497519446019138,0.00549724486837988,0.06403088569641113,1.1674508891495732e-19
0.09094580374180984,0.08741779539468168,0.09997480069306286,0.09842362193731802,0.11906814575195312,0.005497244875042012,0.0054969703112917045,0.06446456909179688,1.167469550968896e-19
0.09094507158682892,0.08741768515085112,0.09997480590007199,0.09842407207350949,0.11867260932922363,0.005496970317804124,0.005496695768236748,0.06368780136108398,1.1674882168407952e-19
0.09094433944371287,0.0874175749121669,0.09997481110688505,0.09842452217730062,0.11656355857849121,0.005496695774304414,0.0054964212379715605,0.06419873237609863,1.167506885294951e-19
0.09094360731246336,0.08741746467862865,0.09997481631350205,0.09842497224869469,0.11591482162475586,0.00549642124454461,0.005496146721917228,0.06437993049621582,1.167525550328208e-19
0.09094287519308218,0.08741735445023603,0.09997482151992297,0.09842542228769494,0.11736679077148438,0.005496146728523629,0.005495872219718478,0.06402063369750977,1.167544206467788e-19
0.09094214308557097,0.08741724422698868,0.09997482672614783,0.09842587229430465,0.11819934844970703,0.005495872226239777,0.005495597731552948,0.06454801559448242,1.1675628709888642e-19
0.09094141098993146,0.08741713400888626,0.09997483193217661,0.09842632226852709,0.11800932884216309,0.005495597737692064,0.005495323256354823,0.0648195743560791,1.1675815321677863e-19
0.0909406789061653,0.08741702379592842,0.09997483713800934,0.09842677221036551,0.11740398406982422,0.005495323262881445,0.005495048795189916,0.06445455551147461,1.167600189475517e-19
0.09093994683427423,0.08741691358811479,0.099974842343646,0.09842722211982323,0.11735033988952637,0.005495048801806875,0.005494774347347686,0.06375241279602051,1.167618850240562e-19
0.09093921477425983,0.08741680338544504,0.0999748475490866,0.0984276719969035,0.11782050132751465,0.005494774354468079,0.005494499914426854,0.06463217735290527,1.167637510405265e-19
0.09093848272612376,0.0874166931879188,0.09997485275433113,0.09842812184160961,0.11682271957397461,0.0054944999208622275,0.005494225493940519,0.06409168243408203,1.1676561696228175e-19
0.09093775068986776,0.08741658299553572,0.09997485795937959,0.09842857165394482,0.11855649948120117,0.00549422550099116,0.005493951088197946,0.06383967399597168,1.1676748268331423e-19
0.0909370186654935,0.08741647280829545,0.099974863164232,0.09842902143391237,0.11813068389892578,0.005493951094850991,0.005493676695955685,0.06372570991516113,1.1676934822147736e-19
0.09093628665300275,0.08741636262619763,0.09997486836888834,0.09842947118151553,0.1174323558807373,0.0054936767024428195,0.005493402317569007,0.06354141235351562,1.1677121392823704e-19
0.0909355546523971,0.08741625244924192,0.09997487357334864,0.09842992089675753,0.11832547187805176,0.0054934023237655435,0.00549312795232737,0.06415295600891113,1.1677307933870836e-19
0.09093482266367822,0.08741614227742796,0.09997487877761285,0.09843037057964167,0.1170494556427002,0.005493127958819217,0.005492853601118952,0.06432414054870605,1.1677494463742052e-19
0.09093409068684785,0.0874160321107554,0.09997488398168103,0.09843082023017123,0.11899018287658691,0.005492853607602723,0.005492579263588482,0.06399965286254883,1.167768100643732e-19
0.09093335872190764,0.08741592194922389,0.09997488918555314,0.09843126984834942,0.11949586868286133,0.005492579270115142,0.0054923049406241375,0.06479120254516602,1.1677867514980892e-19
0.09093262676885923,0.08741581179283307,0.0999748943892292,0.09843171943417953,0.11767959594726562,0.005492304946354686,0.0054920306299166555,0.06472373008728027,1.1678054077601047e-19
0.09093189482770425,0.0874157016415826,0.09997489959270921,0.09843216898766483,0.11741495132446289,0.005492030636323768,0.005491756333952935,0.06465435028076172,1.167824058613091e-19
0.09093116289844448,0.08741559149547212,0.09997490479599316,0.09843261850880863,0.11786174774169922,0.005491756340019293,0.0054914820511342555,0.06501317024230957,1.1678427093243208e-19
0.09093043098108154,0.08741548135450129,0.09997490999908105,0.09843306799761413,0.11717391014099121,0.005491482057442278,0.0054912077819935234,0.06486916542053223,1.167861363832157e-19
0.09092969907561711,0.08741537121866974,0.0999749152019729,0.09843351745408463,0.11752176284790039,0.00549120778859137,0.0054909335268860104,0.06501102447509766,1.1678800081626105e-19
0.09092896718205291,0.08741526108797713,0.09997492040466868,0.09843396687822331,0.11619234085083008,0.005490933533466175,0.005490659285456445,0.06353330612182617,1.1678986589696292e-19
0.09092823530039058,0.0874151509624231,0.09997492560716842,0.09843441627003348,0.11640286445617676,0.005490659292064711,0.005490385057882463,0.06358051300048828,1.167917307771788e-19
0.09092750343063181,0.08741504084200728,0.0999749308094721,0.09843486562951839,0.11739635467529297,0.005490385064386557,0.005490110843453522,0.06398820877075195,1.167935950660234e-19
0.09092677157277834,0.08741493072672935,0.09997493601157975,0.09843531495668131,0.11219954490661621,0.00549011085043214,0.005489836643768342,0.06274700164794922,1.167954607137584e-19
0.0909260397268319,0.08741482061658894,0.09997494121349133,0.09843576425152552,0.11766862869262695,0.005489836650199371,0.0054895624570505674,0.06295561790466309,1.167973243607349e-19
0.09092530789279415,0.0874147105115857,0.09997494641520686,0.09843621351405425,0.11832118034362793,0.005489562463687861,0.005489288284188376,0.06314754486083984,1.1679918942446854e-19
0.09092457607066673,0.08741460041171928,0.09997495161672634,0.09843666274427078,0.1158304214477539,0.005489288290896992,0.005489014124826497,0.06225919723510742,1.1680105390623398e-19
0.09092384426045132,0.08741449031698932,0.09997495681804977,0.09843711194217841,0.11553692817687988,0.0054890141318273845,0.005488739980208379,0.06278538703918457,1.1680291876748475e-19
0.09092311246214958,0.08741438022739548,0.09997496201917716,0.09843756110778035,0.11409544944763184,0.005488739986476618,0.0054884658485576665,0.06294441223144531,1.1680478266580306e-19
0.09092238067576329,0.0874142701429374,0.0999749672201085,0.09843801024107988,0.11527419090270996,0.0054884658548456965,0.005488191730407266,0.06306290626525879,1.168066469622041e-19
0.09092164890129403,0.08741416006361474,0.09997497242084379,0.09843845934208023,0.1166529655456543,0.0054881917369323276,0.005487917626290084,0.06383109092712402,1.168085111798245e-19
0.09092091713874358,0.08741404998942714,0.09997497762138303,0.09843890841078468,0.11555218696594238,0.0054879176327354675,0.0054876435362061216,0.0637826919555664,1.168103750954603e-19
0.09092018538811358,0.08741393992037426,0.09997498282172623,0.09843935744719645,0.11611557006835938,0.00548764354225501,0.0054873694587342925,0.06392955780029297,1.168122395056345e-19
0.09091945364940576,0.08741382985645572,0.09997498802187339,0.09843980645131882,0.11663699150085449,0.005487369465493394,0.005487095396006225,0.06397676467895508,1.1681410326323855e-19
0.09091872192262174,0.0874137197976712,0.09997499322182452,0.09844025542315502,0.11675262451171875,0.005487095402446485,0.005486821346600834,0.06410455703735352,1.1681596701917813e-19
0.09091799020776313,0.08741360974402032,0.0999749984215796,0.0984407043627083,0.11761188507080078,0.005486821353114703,0.0054865473110510266,0.06427001953125,1.1681783083645725e-19
0.09091725850483166,0.08741349969550276,0.09997500362113865,0.09844115326998192,0.11798477172851562,0.005486547317496591,0.005486273289179167,0.0641472339630127,1.1681969493169283e-19
0.09091652681382911,0.08741338965211815,0.09997500882050164,0.09844160214497914,0.11803412437438965,0.005486273295591217,0.005485999280629983,0.06374168395996094,1.1682155824507053e-19
0.09091579513475709,0.08741327961386612,0.0999750140196686,0.09844205098770323,0.1190187931060791,0.0054859992873994914,0.00548572528646929,0.06479501724243164,1.1682342206901922e-19
0.09091506346761727,0.08741316958074635,0.09997501921863952,0.09844249979815742,0.11778521537780762,0.005485725292919376,0.005485451305453637,0.06503653526306152,1.1682528566373513e-19
0.09091433181241135,0.08741305955275848,0.0999750244174144,0.09844294857634502,0.11904239654541016,0.005485451312150958,0.00548517733900411,0.064849853515625,1.1682714916703268e-19
0.09091360016914111,0.08741294952990217,0.09997502961599325,0.09844339732226924,0.11802983283996582,0.005485177345092072,0.005484903385344353,0.06405258178710938,1.1682901253511442e-19
0.09091286853780815,0.08741283951217704,0.09997503481437606,0.09844384603593333,0.11693716049194336,0.005484903391743425,0.005484629445362543,0.06507754325866699,1.1683087618415059e-19
0.09091213691841421,0.08741272949958276,0.09997504001256283,0.09844429471734055,0.11955785751342773,0.005484629452104696,0.005484355519591588,0.06504225730895996,1.1683273931457082e-19
0.0909114053109608,0.08741261949211897,0.09997504521055356,0.09844474336649418,0.11878418922424316,0.005484355526173515,0.005484081607498581,0.06620240211486816,1.1683460246380897e-19
0.0909106737154497,0.08741250948978531,0.09997505040834825,0.09844519198339743,0.14359712600708008,0.005484081613950545,0.005483807709083521,0.07831478118896484,1.1683646503268554e-19
0.09090994213188258,0.08741239949258144,0.09997505560594691,0.09844564056805358,0.11538052558898926,0.005483807715434701,0.005483533824168774,0.06543397903442383,1.1683832891654887e-19
0.09090921056026126,0.08741228950050701,0.09997506080334954,0.09844608912046583,0.11526751518249512,0.005483533830625048,0.005483259952754338,0.0656733512878418,1.1684019158055078e-19
0.09090847900058734,0.08741217951356167,0.09997506600055614,0.09844653764063747,0.11600661277770996,0.005483259959521184,0.005482986095550757,0.06615376472473145,1.1684205439354511e-19
0.09090774745286238,0.08741206953174507,0.09997507119756671,0.0984469861285717,0.11693358421325684,0.0054829861021221124,0.005482712251669852,0.06578922271728516,1.1684391739490184e-19
0.09090701591708805,0.08741195955505686,0.09997507639438126,0.09844743458427178,0.1166388988494873,0.005482712258428426,0.005482438422177438,0.06578660011291504,1.1684578026516922e-19
0.09090628439326605,0.08741184958349668,0.09997508159099977,0.09844788300774097,0.11652970314025879,0.005482438428437442,0.0054821646060077,0.06589579582214355,1.1684764325357544e-19
0.09090555288139812,0.08741173961706418,0.09997508678742226,0.09844833139898251,0.11830353736877441,0.005482164612149825,0.005481890802805367,0.06607341766357422,1.1684950585801801e-19
0.09090482138148591,0.08741162965575901,0.09997509198364872,0.09844877975799966,0.11867856979370117,0.005481890809565587,0.00548161701416916,0.06599044799804688,1.1685136862789032e-19
0.09090408989353106,0.08741151969958082,0.09997509717967916,0.09844922808479567,0.11875414848327637,0.005481617020682365,0.005481343239210901,0.06508278846740723,1.168532310180624e-19
0.09090335841753534,0.08741140974852926,0.09997510237551356,0.09844967637937378,0.11889076232910156,0.0054813432455000565,0.005481069477752953,0.06719827651977539,1.1685509335847202e-19
0.09090262695350045,0.08741129980260398,0.09997510757115195,0.09845012464173725,0.11951684951782227,0.005481069484018015,0.005480795729084775,0.06690788269042969,1.1685695556326966e-19
0.09090189550142803,0.08741118986180464,0.09997511276659432,0.0984505728718893,0.1190488338470459,0.005480795736237317,0.005480521995870902,0.06606674194335938,1.1685881791688627e-19
0.09090116406131973,0.08741107992613088,0.09997511796184065,0.09845102106983321,0.11909818649291992,0.005480522002153134,0.005480248275269162,0.06644225120544434,1.1686068015972721e-19
0.09090043263317726,0.08741096999558234,0.09997512315689097,0.09845146923557217,0.11959433555603027,0.005480248281768174,0.005479974569055912,0.06520414352416992,1.1686254188733837e-19
0.09089970121700235,0.08741086007015868,0.09997512835174525,0.09845191736910949,0.1194767951965332,0.005479974575080385,0.005479700875632432,0.06743669509887695,1.1686440433876365e-19
0.09089896981279665,0.08741075014985954,0.09997513354640353,0.09845236547044837,0.1209719181060791,0.005479700882089807,0.005479427196775077,0.06731986999511719,1.1686626653176902e-19
0.09089823842056183,0.08741064023468458,0.09997513874086578,0.09845281353959204,0.11763739585876465,0.0054794272027940205,0.005479153530885128,0.06588220596313477,1.1686812834215763e-19
0.09089750704029952,0.08741053032463345,0.099975143935132,0.09845326157654373,0.11776375770568848,0.005479153537194095,0.005478879879383669,0.0658257007598877,1.1686998999186064e-19
0.09089677567201143,0.08741042041970577,0.0999751491292022,0.0984537095813067,0.11804842948913574,0.005478879885288216,0.005478606240494344,0.06588172912597656,1.168718522832099e-19
0.09089604431569924,0.08741031051990122,0.0999751543230764,0.09845415755388418,0.11863064765930176,0.0054786062470791675,0.005478332615993509,0.06554222106933594,1.168737141380922e-19
0.09089531297136465,0.08741020062521945,0.09997515951675456,0.09845460549427942,0.11792778968811035,0.005478332622564188,0.005478059005170621,0.06576871871948242,1.168755756072233e-19
0.0908945816390093,0.0874100907356601,0.09997516471023671,0.09845505340249569,0.11763668060302734,0.00547805901174128,0.005477785408025682,0.06555509567260742,1.1687743693866084e-19
0.09089385031863487,0.08740998085122283,0.09997516990352284,0.09845550127853625,0.11860799789428711,0.0054777854146100405,0.0054775118240257825,0.06505894660949707,1.1687929877669874e-19
0.09089311901024304,0.08740987097190728,0.09997517509661295,0.09845594912240431,0.11737608909606934,0.005477511831170271,0.005477238254947281,0.06471824645996094,1.1688116027767664e-19
0.09089238771383559,0.08740976109771309,0.09997518028950705,0.09845639693410307,0.11823534965515137,0.00547723826142106,0.0054769646991914556,0.0639185905456543,1.1688302199113032e-19
0.09089165642941407,0.08740965122863993,0.09997518548220515,0.09845684471363582,0.11806654930114746,0.0054769647053604775,0.005476691156580671,0.06537437438964844,1.1688488280706975e-19
0.09089092515698026,0.08740954136468744,0.09997519067470723,0.09845729246100578,0.11881732940673828,0.005476691162989206,0.005476417628003105,0.06578350067138672,1.1688674430924263e-19
0.09089019389653583,0.08740943150585527,0.0999751958670133,0.09845774017621615,0.11713719367980957,0.00547641763430784,0.005476144113103487,0.06451225280761719,1.168886053943615e-19
0.09088946264808245,0.08740932165214307,0.09997520105912334,0.09845818785927024,0.11749529838562012,0.00547614411931338,0.005475870610993638,0.06524252891540527,1.1689046640947624e-19
0.09088873141162179,0.08740921180355049,0.09997520625103737,0.09845863551017126,0.11750912666320801,0.005475870618008546,0.005475597123627551,0.06388545036315918,1.1689232759115535e-19
0.09088800018715548,0.08740910196007719,0.0999752114427554,0.09845908312892244,0.11724448204040527,0.005475597130389227,0.005475323649939412,0.0649874210357666,1.1689418832346958e-19
0.09088726897468534,0.08740899212172282,0.09997521663427741,0.09845953071552703,0.11738204956054688,0.00547532365645473,0.005475050189751585,0.06440591812133789,1.1689604969485871e-19
0.09088653777421293,0.08740888228848702,0.09997522182560342,0.0984599782699882,0.1174921989440918,0.00547505019620642,0.005474776743596976,0.06384682655334473,1.1689791056523155e-19
0.09088580658573996,0.08740877246036945,0.09997522701673342,0.09846042579230925,0.11744856834411621,0.005474776749640853,0.005474503310232137,0.06339025497436523,1.168997709215117e-19
0.09088507540926812,0.08740866263736974,0.09997523220766742,0.09846087328249342,0.11719894409179688,0.005474503316760753,0.0054742298912557885,0.06382942199707031,1.1690163198386276e-19
0.09088434424479906,0.08740855281948756,0.09997523739840541,0.09846132074054394,0.11702847480773926,0.005474229897563447,0.0054739564864902945,0.06358480453491211,1.169034927210951e-19
0.09088361309233439,0.08740844300672256,0.0999752425889474,0.09846176816646403,0.11796045303344727,0.005473956492046485,0.0054736830941592984,0.06358695030212402,1.1690535310357866e-19
0.09088288195187595,0.08740833319907437,0.09997524777929337,0.09846221556025696,0.11822915077209473,0.005473683100213272,0.00547340971550625,0.06400465965270996,1.1690721330494278e-19
0.09088215082342528,0.08740822339654267,0.09997525296944335,0.0984626629219259,0.11850285530090332,0.0054734097220614855,0.005473136351241692,0.06391382217407227,1.169090741595282e-19
0.09088141970698413,0.08740811359912709,0.09997525815939731,0.09846311025147415,0.11864709854125977,0.005473136357589677,0.005472863000477446,0.0645749568939209,1.1691093453887954e-19
0.09088068860255402,0.08740800380682728,0.09997526334915527,0.0984635575489049,0.11927485466003418,0.005472863006796889,0.005472589663035876,0.06365299224853516,1.1691279450514132e-19
0.09087995751013682,0.0874078940196429,0.09997526853871723,0.09846400481422139,0.11902523040771484,0.005472589669684419,0.005472316339627525,0.06401300430297852,1.1691465453323016e-19
0.09087922642973413,0.0874077842375736,0.09997527372808318,0.09846445204742682,0.1197361946105957,0.005472316346249572,0.005472043029897122,0.06440401077270508,1.1691651477090244e-19
0.09087849536134764,0.08740767446061903,0.09997527891725314,0.09846489924852445,0.11838006973266602,0.005472043036492365,0.005471769733667031,0.0633845329284668,1.169183746329485e-19
0.09087776430497893,0.08740756468877885,0.0999752841062271,0.09846534641751746,0.1209716796875,0.005471769740412755,0.005471496451114888,0.06524825096130371,1.1692023525401713e-19
0.09087703326062976,0.08740745492205268,0.09997528929500506,0.09846579355440911,0.11995720863342285,0.005471496458010038,0.005471223182418328,0.06412482261657715,1.1692209503848414e-19
0.09087630222830169,0.08740734516044019,0.09997529448358702,0.09846624065920266,0.12133622169494629,0.0054712231892822,0.005470949927932622,0.06523776054382324,1.1692395496553738e-19
0.09087557120799643,0.08740723540394103,0.099975299671973,0.09846668773190131,0.11941051483154297,0.005470949934228539,0.005470676686769593,0.06434774398803711,1.1692581444355997e-19
0.09087484019971588,0.08740712565255486,0.09997530486016297,0.09846713477250832,0.1214449405670166,0.0054706766928470435,0.0054704034589292405,0.06494927406311035,1.169276747407644e-19
0.0908741092034616,0.08740701590628132,0.09997531004815693,0.09846758178102691,0.12084197998046875,0.0054704034651393936,0.005470130244233928,0.0647122859954834,1.1692953372794515e-19
0.09087337821923523,0.08740690616512006,0.09997531523595492,0.09846802875746029,0.12061214447021484,0.005470130251106894,0.005469857044104742,0.06470632553100586,1.1693139358174626e-19
0.09087264724703852,0.08740679642907075,0.09997532042355689,0.0984684757018117,0.1215667724609375,0.005469857050746179,0.005469583857653504,0.06532788276672363,1.1693325291889655e-19
0.09087191628687308,0.087406686698133,0.09997532561096288,0.09846892261408435,0.12121081352233887,0.005469583864057196,0.005469310684524942,0.06541085243225098,1.16935112559568e-19
0.09087118533874065,0.08740657697230647,0.09997533079817288,0.0984693694942815,0.12062263488769531,0.005469310691037977,0.005469037525251963,0.06472563743591309,1.1693697160632367e-19
0.09087045440264291,0.08740646725159082,0.09997533598518688,0.09846981634240635,0.12031722068786621,0.005469037531688788,0.005468764379656932,0.06521749496459961,1.1693883121087847e-19
0.09086972347858148,0.0874063575359857,0.09997534117200489,0.09847026315846209,0.12009620666503906,0.005468764386009264,0.005468491247206941,0.06551885604858398,1.1694069033951051e-19
0.09086899256655799,0.08740624782549078,0.09997534635862691,0.09847070994245201,0.11896514892578125,0.005468491253999167,0.005468218129678348,0.06562185287475586,1.1694254974497926e-19
0.09086826166657422,0.08740613812010568,0.09997535154505294,0.09847115669437928,0.1213834285736084,0.005468218135655667,0.0054679450244066174,0.06547832489013672,1.1694440802213656e-19
0.0908675307786318,0.08740602841983008,0.09997535673128298,0.09847160341424717,0.12203407287597656,0.0054679450309811865,0.005467671933345741,0.06607484817504883,1.169462675122318e-19
0.09086679990273246,0.08740591872466363,0.09997536191731703,0.09847205010205892,0.12017488479614258,0.005467671939973003,0.00546739885649572,0.06547689437866211,1.1694812708445678e-19
0.09086606903887784,0.08740580903460597,0.09997536710315509,0.09847249675781775,0.12092709541320801,0.005467398862630069,0.005467125792435468,0.0659189224243164,1.1694998549456358e-19
0.0908653381870696,0.08740569934965677,0.09997537228879717,0.09847294338152679,0.1198728084564209,0.005467125798952728,0.005466852742763706,0.06671810150146484,1.1695184447488202e-19
0.09086460734730943,0.08740558966981564,0.09997537747424327,0.09847338997318932,0.12134003639221191,0.0054668527489395895,0.005466579706059349,0.06667518615722656,1.1695370300660808e-19
0.09086387651959894,0.08740547999508227,0.09997538265949339,0.09847383653280854,0.11947059631347656,0.005466579712590711,0.005466306683565847,0.06575155258178711,1.1695556211778824e-19
0.09086314570393991,0.0874053703254563,0.09997538784454753,0.09847428306038769,0.11828064918518066,0.005466306689905312,0.005466033674395021,0.06585550308227539,1.1695742037851157e-19
0.09086241490033393,0.08740526066093737,0.09997539302940567,0.09847472955593,0.11810731887817383,0.005466033680882138,0.005465760678724507,0.06560516357421875,1.169592785794406e-19
0.09086168410878279,0.08740515100152513,0.09997539821406783,0.09847517601943866,0.11934399604797363,0.005465760685521129,0.005465487697264848,0.0659337043762207,1.169611373388857e-19
0.09086095332928812,0.08740504134721926,0.09997540339853402,0.09847562245091694,0.11815714836120605,0.005465487703820605,0.005465214729305501,0.06571078300476074,1.169629958313174e-19
0.09086022256185163,0.08740493169801938,0.09997540858280422,0.09847606885036807,0.11838197708129883,0.005465214735781164,0.00546494177466883,0.0660104751586914,1.1696485345222325e-19
0.09085949180647489,0.08740482205392516,0.09997541376687845,0.09847651521779525,0.11883687973022461,0.005464941781401839,0.005464668834065378,0.06571602821350098,1.169667119429829e-19
0.09085876106315957,0.08740471241493625,0.09997541895075669,0.0984769615532017,0.11830425262451172,0.005464668840681299,0.005464395907139874,0.06551408767700195,1.169685700511185e-19
0.09085803033190747,0.08740460278105228,0.09997542413443897,0.09847740785659065,0.1187295913696289,0.005464395913618745,0.005464122993714682,0.06460380554199219,1.1697042859764998e-19
0.09085729961272013,0.08740449315227292,0.09997542931792526,0.09847785412796528,0.11862421035766602,0.005464123000213952,0.005463850093789802,0.06622791290283203,1.1697228701837282e-19
0.09085656890559916,0.0874043835285978,0.09997543450121557,0.09847830036732881,0.1190805435180664,0.00546385010046681,0.00546357720789814,0.06610751152038574,1.1697414456316124e-19
0.09085583821054634,0.08740427391002661,0.09997543968430991,0.09847874657468446,0.11865496635437012,0.005463577214376037,0.0054633043358620625,0.065032958984375,1.1697600214019312e-19
0.09085510752756334,0.08740416429655898,0.09997544486720827,0.09847919275003544,0.11893558502197266,0.005463304341939845,0.005463031476971025,0.06514406204223633,1.1697786013294702e-19
0.0908543768566519,0.08740405468819457,0.09997545004991065,0.09847963889338499,0.12019610404968262,0.00546303148315935,0.005462758631402664,0.06450390815734863,1.1697971817600418e-19
0.09085364619781375,0.08740394508493302,0.09997545523241706,0.09848008500473633,0.11922001838684082,0.005462758638032782,0.005462485800222794,0.06556177139282227,1.169815754380468e-19
0.09085291555105049,0.08740383548677398,0.0999754604147275,0.09848053108409267,0.12142801284790039,0.005462485806560167,0.005462212982543235,0.06615519523620605,1.1698343337216817e-19
0.09085218491636375,0.08740372589371712,0.09997546559684198,0.0984809771314572,0.11936092376708984,0.005462212988740399,0.005461940178008717,0.06525611877441406,1.1698529079156377e-19
0.0908514542937552,0.08740361630576207,0.09997547077876048,0.09848142314683311,0.11921501159667969,0.005461940184572577,0.005461667387507418,0.0656883716583252,1.1698714845205137e-19
0.09085072368322654,0.0874035067229085,0.09997547596048302,0.09848186913022364,0.12002730369567871,0.00546166739405698,0.00546139461139461,0.06577301025390625,1.1698900572134736e-19
0.09084999308477942,0.08740339714515606,0.09997548114200958,0.098482315081632,0.11958098411560059,0.005461394617190499,0.0054611218470057565,0.06573319435119629,1.1699086328604248e-19
0.0908492624984156,0.0874032875725044,0.09997548632334016,0.0984827610010614,0.11971831321716309,0.005461121853976941,0.005460849098604115,0.06578588485717773,1.169927204490587e-19
0.09084853192413675,0.08740317800495317,0.09997549150447478,0.0984832068885151,0.11991262435913086,0.005460849104411077,0.005460576362459335,0.06618738174438477,1.1699457808645485e-19
0.09084780136194447,0.08740306844250205,0.09997549668541343,0.09848365274399627,0.11929488182067871,0.005460576368493383,0.005460303639637232,0.06622171401977539,1.1699643506734603e-19
0.09084707081184043,0.08740295888515065,0.09997550186615611,0.09848409856750814,0.11956167221069336,0.005460303646225831,0.005460030931025983,0.0670473575592041,1.1699829200119377e-19
0.09084634027382638,0.08740284933289864,0.09997550704670283,0.09848454435905393,0.11939525604248047,0.005460030937604721,0.0054597582359150465,0.06545233726501465,1.1700014935234144e-19
0.09084560974790386,0.08740273978574567,0.09997551222705357,0.09848499011863686,0.11843299865722656,0.005459758242631732,0.005459485555014965,0.06592249870300293,1.1700200542439223e-19
0.09084487923407468,0.08740263024369138,0.09997551740720835,0.09848543584626011,0.11910390853881836,0.005459485561303392,0.005459212887082288,0.06625556945800781,1.1700386283174778e-19
0.09084414873234047,0.08740252070673545,0.09997552258716717,0.09848588154192688,0.11770009994506836,0.005459212893620467,0.005458940233360465,0.06526994705200195,1.170057189427898e-19
0.09084341824270296,0.0874024111748775,0.09997552776693003,0.09848632720564039,0.11925959587097168,0.00545894023958254,0.005458667592428412,0.06648850440979004,1.1700757576523288e-19
0.09084268776516367,0.0874023016481172,0.09997553294649693,0.0984867728374039,0.11826395988464355,0.005458667599189328,0.005458394965529578,0.06502747535705566,1.1700943307254246e-19
0.0908419572997244,0.0874021921264542,0.09997553812586786,0.09848721843722057,0.11823415756225586,0.005458394972439131,0.005458122352486328,0.06515002250671387,1.1701128925800914e-19
0.09084122684638676,0.08740208260988816,0.09997554330504282,0.09848766400509361,0.11767101287841797,0.005458122359331816,0.005457849753831567,0.06453585624694824,1.1701314564695978e-19
0.09084049640515256,0.08740197309841873,0.09997554848402183,0.09848810954102626,0.1175987720489502,0.005457849759864134,0.005457577167788941,0.06458377838134766,1.170150024712673e-19
0.0908397659760234,0.08740186359204555,0.09997555366280489,0.09848855504502167,0.1171567440032959,0.005457577174038015,0.005457304595246626,0.06427502632141113,1.1701685861236729e-19
0.09083903555900102,0.08740175409076828,0.09997555884139199,0.09848900051708308,0.11745452880859375,0.0054573046018535284,0.005457032037448073,0.06444358825683594,1.1701871507721078e-19
0.09083830515408697,0.08740164459458657,0.09997556401978312,0.09848944595721366,0.11681175231933594,0.005457032043307858,0.005456759491551111,0.06432175636291504,1.170205714986746e-19
0.09083757476128297,0.08740153510350009,0.0999755691979783,0.09848989136541667,0.11723971366882324,0.005456759498404169,0.0054564869609308175,0.06424856185913086,1.1702242777685932e-19
0.09083684438059059,0.08740142561750845,0.09997557437597752,0.09849033674169531,0.11740946769714355,0.005456486967137275,0.005456214442922658,0.06470990180969238,1.1702428368707476e-19
0.09083611401201147,0.08740131613661135,0.0999755795537808,0.09849078208605276,0.11639261245727539,0.00545621444950893,0.005455941938770081,0.06357359886169434,1.1702613967411278e-19
0.09083538365554746,0.08740120666080843,0.0999755847313881,0.09849122739849224,0.11617636680603027,0.005455941945518082,0.005455669448650724,0.06350994110107422,1.1702799580704804e-19
0.09083465331120012,0.08740109719009934,0.09997558990879946,0.09849167267901697,0.11747074127197266,0.005455669455163652,0.005455396972209314,0.06411886215209961,1.1702985151436842e-19
0.09083392297897117,0.08740098772448372,0.09997559508601486,0.09849211792763016,0.11752486228942871,0.005455396978444661,0.005455124508912945,0.0644526481628418,1.1703170722276028e-19
0.09083319265886225,0.08740087826396124,0.09997560026303431,0.09849256314433498,0.1179494857788086,0.005455124515360476,0.005454852059294524,0.06456947326660156,1.170335631862983e-19
0.09083246235087508,0.08740076880853156,0.09997560543985783,0.09849300832913466,0.11893224716186523,0.005454852065911748,0.005454579624064593,0.06474709510803223,1.170354182458589e-19
0.09083173205501133,0.08740065935819433,0.09997561061648537,0.09849345348203237,0.11675286293029785,0.0054545796300956425,0.00545430720126916,0.06438183784484863,1.170372743966051e-19
0.09083100177127273,0.08740054991294918,0.09997561579291697,0.09849389860303132,0.11736559867858887,0.0054543072079140135,0.0054540347930398525,0.06428813934326172,1.170391294873063e-19
0.0908302714996608,0.0874004404727958,0.09997562096915263,0.09849434369213467,0.11929106712341309,0.005454034799363057,0.005453762398133222,0.06427812576293945,1.170409852734629e-19
0.09082954124017731,0.08740033103773381,0.09997562614519233,0.09849478874934567,0.11955833435058594,0.00545376240444411,0.0054534900163716316,0.06441116333007812,1.170428405591136e-19
0.09082881099282396,0.08740022160776288,0.09997563132103608,0.09849523377466753,0.1213233470916748,0.005453490023157499,0.00545321764864326,0.06380033493041992,1.1704469579427083e-19
0.09082808075760239,0.08740011218288266,0.0999756364966839,0.09849567876810343,0.12140655517578125,0.005453217655501205,0.005452945294948108,0.06599879264831543,1.1704655119015135e-19
0.09082735053451424,0.08740000276309277,0.09997564167213575,0.09849612372965659,0.12315702438354492,0.005452945301473497,0.005452672954397997,0.06656694412231445,1.1704840664840207e-19
0.09082662032356115,0.0873998933483929,0.09997564684739167,0.09849656865933024,0.11890769004821777,0.0054526729610750915,0.005452400627703469,0.06528234481811523,1.1705026167687544e-19
0.09082589012474486,0.08739978393878271,0.09997565202245165,0.09849701355712752,0.12091851234436035,0.005452400634304949,0.0054521283145092525,0.06643962860107422,1.170521167708022e-19
0.09082515993806702,0.08739967453426184,0.09997565719731567,0.09849745842305162,0.12077903747558594,0.005452128321162706,0.00545185601517062,0.06539011001586914,1.1705397172631974e-19
0.09082442976352935,0.08739956513482994,0.09997566237198377,0.09849790325710575,0.12067174911499023,0.0054518560216470485,0.0054515837289770275,0.06621241569519043,1.1705582642485684e-19
0.09082369960113343,0.08739945574048667,0.09997566754645591,0.0984983480592931,0.12099075317382812,0.005451583735758248,0.005451311456639019,0.06598258018493652,1.170576812512754e-19
0.09082296945088093,0.0873993463512317,0.09997567272073211,0.09849879282961689,0.11796355247497559,0.005451311463494315,0.005451039197978957,0.06498980522155762,1.1705953608041946e-19
0.09082223931277357,0.08739923696706464,0.09997567789481239,0.09849923756808028,0.11826539039611816,0.0054510392048558445,0.005450766952996844,0.06499600410461426,1.170613906725247e-19
0.09082150918681298,0.08739912758798518,0.09997568306869671,0.09849968227468653,0.12143206596374512,0.005450766959841921,0.005450494721870314,0.06582260131835938,1.170632454950832e-19
0.0908207790730009,0.08739901821399296,0.0999756882423851,0.09850012694943881,0.12093758583068848,0.0054504947284510575,0.0054502225042440955,0.06576991081237793,1.170650997987608e-19
0.09082004897133894,0.08739890884508764,0.09997569341587756,0.0985005715923403,0.1204829216003418,0.005450222510681362,0.005449950300295825,0.0652308464050293,1.1706695447451006e-19
0.09081931888182881,0.08739879948126886,0.09997569858917407,0.09850101620339421,0.12059187889099121,0.00544995030653471,0.005449678109847866,0.0658721923828125,1.1706880922293142e-19
0.09081858880447213,0.08739869012253627,0.09997570376227465,0.09850146078260379,0.12141299247741699,0.005449678116008843,0.00544940593290022,0.06588888168334961,1.1707066304854971e-19
0.09081785873927067,0.08739858076888955,0.09997570893517928,0.09850190532997218,0.12032485008239746,0.005449405939104034,0.005449133769452885,0.06540489196777344,1.1707251812902504e-19
0.09081712868622611,0.08739847142032833,0.09997571410788798,0.09850234984550252,0.12034869194030762,0.005449133775819279,0.005448861619861134,0.06547832489013672,1.170743714178695e-19
0.09081639864534018,0.0873983620768523,0.09997571928040075,0.09850279432919806,0.12076401710510254,0.005448861626154214,0.005448589483592059,0.0660853385925293,1.1707622545326715e-19
0.09081566861661451,0.08739825273846107,0.09997572445271759,0.098503238781062,0.12003159523010254,0.005448589490107524,0.005448317361178567,0.06627321243286133,1.1707808009915858e-19
0.09081493860005073,0.0873981434051543,0.0999757296248385,0.09850368320109751,0.12062335014343262,0.005448317367680131,0.005448045252443023,0.06543159484863281,1.1707993419427872e-19
0.09081420859565051,0.08739803407693165,0.09997573479676349,0.09850412758930778,0.12088918685913086,0.005448045258869395,0.005447773157385427,0.06649565696716309,1.1708178787408108e-19
0.09081347860341556,0.08739792475379278,0.09997573996849253,0.09850457194569602,0.11884689331054688,0.005447773163675277,0.005447501075828143,0.06583237648010254,1.1708364177544323e-19
0.09081274862334737,0.08739781543573735,0.09997574514002565,0.09850501627026544,0.11945271492004395,0.005447501082097439,0.005447229007238263,0.06549811363220215,1.1708549576192198e-19
0.09081201865544765,0.087397706122765,0.09997575031136283,0.09850546056301918,0.11933541297912598,0.005447229014135591,0.0054469569530368744,0.06691288948059082,1.170873496115358e-19
0.09081128869971815,0.08739759681487538,0.09997575548250409,0.09850590482396043,0.12050580978393555,0.005446956959787291,0.005446684912158162,0.06680989265441895,1.1708920318000252e-19
0.09081055875616051,0.08739748751206818,0.09997576065344943,0.09850634905309237,0.11799025535583496,0.005446684919052926,0.0054464128856679395,0.06480050086975098,1.1709105621493237e-19
0.09080982882477642,0.08739737821434303,0.09997576582419883,0.09850679325041826,0.11745738983154297,0.005446412891930392,0.005446140871789851,0.06599020957946777,1.1709290964649598e-19
0.09080909890556754,0.08739726892169958,0.09997577099475231,0.09850723741594128,0.1173393726348877,0.005446140878422075,0.005445868871944981,0.06514692306518555,1.1709476373806409e-19
0.09080836899853548,0.08739715963413748,0.09997577616510986,0.09850768154966459,0.11758899688720703,0.00544586887852429,0.005445596885955695,0.06527543067932129,1.1709661666987565e-19
0.09080763910368192,0.08739705035165639,0.09997578133527149,0.09850812565159138,0.11781048774719238,0.005445596892237968,0.005445324912400906,0.06584453582763672,1.1709847003263298e-19
0.0908069092210085,0.08739694107425597,0.0999757865052372,0.0985085697217248,0.11742663383483887,0.005445324919563879,0.0054450529541227866,0.06576108932495117,1.171003234658271e-19
0.09080617935051702,0.08739683180193587,0.09997579167500698,0.09850901376006804,0.11732673645019531,0.005445052960497873,0.005444781008812072,0.06562137603759766,1.171021763703332e-19
0.09080544949220914,0.08739672253469574,0.09997579684458083,0.09850945776662436,0.11858701705932617,0.00544478101504194,0.005444509077001669,0.06588959693908691,1.1710402966295904e-19
0.0908047196460866,0.08739661327253523,0.09997580201395875,0.09850990174139691,0.11736798286437988,0.005444509083194092,0.005444237158691578,0.06539082527160645,1.171058828538003e-19
0.090803989812151,0.08739650401545399,0.09997580718314075,0.09851034568438888,0.11771321296691895,0.0054442371649539665,0.005443965254059435,0.06615543365478516,1.1710773573916516e-19
0.09080325999040396,0.08739639476345169,0.09997581235212684,0.09851078959560344,0.11732625961303711,0.005443965260320935,0.005443693362927604,0.06488561630249023,1.171095889300668e-19
0.0908025301808472,0.087396285516528,0.09997581752091701,0.0985112334750438,0.11719369888305664,0.005443693369293975,0.005443421485473721,0.06535053253173828,1.1711144131937661e-19
0.0908018003834824,0.08739617627468255,0.09997582268951126,0.09851167732271315,0.11785626411437988,0.005443421491873074,0.005443149622053056,0.06542015075683594,1.1711329387343512e-19
0.09080107059831115,0.087396067037915,0.0999758278579096,0.0985121211386147,0.11594772338867188,0.0054431496280567685,0.005442877771599797,0.06416702270507812,1.1711514662233428e-19
0.09080034082533515,0.087395957806225,0.09997583302611202,0.09851256492275162,0.11595654487609863,0.005442877777844516,0.005442605934646849,0.06467437744140625,1.1711700000100511e-19
0.0907996110645561,0.08739584857961222,0.09997583819411851,0.09851300867512706,0.11569499969482422,0.005442605941236947,0.005442334111904756,0.0634000301361084,1.1711885195157694e-19
0.09079888131597567,0.0873957393580763,0.09997584336192909,0.0985134523957442,0.11606884002685547,0.005442334118231666,0.00544206230248534,0.06410908699035645,1.171207043544488e-19
0.09079815157959556,0.08739563014161693,0.09997584852954376,0.09851389608460626,0.11580657958984375,0.005442062308829985,0.0054417905063886,0.06393194198608398,1.1712255635754296e-19
0.09079742185541739,0.08739552093023371,0.09997585369696252,0.09851433974171638,0.11362171173095703,0.005441790513029566,0.005441518724147443,0.06300592422485352,1.1712440942253648e-19
0.09079669214344287,0.08739541172392634,0.09997585886418536,0.09851478336707774,0.11397862434387207,0.005441518730830085,0.0054412469555842335,0.06266570091247559,1.1712626142053158e-19
0.0907959624436736,0.08739530252269445,0.0999758640312123,0.09851522696069355,0.11663007736206055,0.005441246962230836,0.005440975200876608,0.06256651878356934,1.1712811350983775e-19
0.09079523275611133,0.0873951933265377,0.09997586919804331,0.098515670522567,0.11687421798706055,0.005440975207230467,0.005440703458958751,0.062331199645996094,1.1712996570229362e-19
0.09079450308075761,0.08739508413545574,0.09997587436467842,0.09851611405270125,0.1177823543548584,0.0054407034658303524,0.0054404317310741135,0.0623326301574707,1.171318174495798e-19
0.09079377341761423,0.08739497494944824,0.09997587953111763,0.0985165575510995,0.11806344985961914,0.005440431738028425,0.005440160017400331,0.062328338623046875,1.1713366971492716e-19
0.09079304376668286,0.08739486576851485,0.09997588469736092,0.09851700101776491,0.11924433708190918,0.005440160023822945,0.005439888316516317,0.06229257583618164,1.1713552157179542e-19
0.09079231412796517,0.0873947565926552,0.0999758898634083,0.09851744445270064,0.11954975128173828,0.005439888323213654,0.005439616629487887,0.06226372718811035,1.1713737376163115e-19
0.09079158450146282,0.08739464742186899,0.09997589502925978,0.0985178878559099,0.11870932579040527,0.0054396166362018425,0.00543934495631504,0.06229972839355469,1.1713922506524921e-19
0.09079085488717746,0.08739453825615584,0.09997590019491534,0.09851833122739585,0.11915707588195801,0.005439344962785141,0.0054390732968201405,0.06335759162902832,1.171410768038924e-19
0.09079012528511068,0.08739442909551541,0.099975905360375,0.09851877456716168,0.11906623840332031,0.0054390733029628015,0.005438801650470282,0.0627288818359375,1.171429287345903e-19
0.09078939569526424,0.08739431993994735,0.09997591052563876,0.09851921787521056,0.1201927661895752,0.005438801656734278,0.005438530017620735,0.06302237510681152,1.171447805022944e-19
0.0907886661176398,0.08739421078945134,0.09997591569070662,0.09851966115154567,0.1201937198638916,0.0054385300240994685,0.0054382583988044075,0.06304669380187988,1.1714663146374931e-19
0.09078793655223902,0.08739410164402703,0.09997592085557856,0.09852010439617018,0.1197202205657959,0.00543825840505807,0.005437986793310756,0.0628805160522461,1.1714848312531318e-19
0.09078720699906356,0.08739399250367405,0.09997592602025461,0.09852054760908725,0.1216428279876709,0.005437986799608368,0.005437715201672688,0.06423115730285645,1.171503343063298e-19
0.0907864774581151,0.08739388336839209,0.09997593118473475,0.09852099079030009,0.12018895149230957,0.005437715207749007,0.005437443623179661,0.0643911361694336,1.1715218582234723e-19
0.09078574792939532,0.08739377423818079,0.09997593634901898,0.09852143393981187,0.12292695045471191,0.005437443629480683,0.00543717205800931,0.06487560272216797,1.1715403694815746e-19
0.09078501841290584,0.0873936651130398,0.09997594151310732,0.09852187705762575,0.12249636650085449,0.005437172064804097,0.005436900507049813,0.06392717361450195,1.1715588782352644e-19
0.0907842889086483,0.08739355599296877,0.09997594667699976,0.09852232014374492,0.1196906566619873,0.0054369005137158135,0.0054366289699459,0.06505942344665527,1.1715773933030832e-19
0.09078355941662442,0.08739344687796738,0.0999759518406963,0.09852276319817257,0.11956501007080078,0.005436628976215462,0.005436357445276485,0.06536006927490234,1.1715959033030187e-19
0.09078282993683584,0.08739333776803525,0.09997595700419694,0.09852320622091189,0.11902165412902832,0.005436357452304796,0.005436085935528467,0.06507635116577148,1.1716144158954987e-19
0.09078210046928425,0.08739322866317205,0.09997596216750168,0.098523649211966,0.11962127685546875,0.005436085941980371,0.005435814438747855,0.06533551216125488,1.171632916786936e-19
0.09078137101397121,0.08739311956337745,0.09997596733061054,0.09852409217133813,0.11858630180358887,0.005435814445242514,0.005435542956178097,0.0649416446685791,1.1716514258928528e-19
0.09078064157089853,0.0873930104686511,0.0999759724935235,0.09852453509903143,0.1192464828491211,0.005435542962089457,0.0054352714865757434,0.06486845016479492,1.1716699331201711e-19
0.09077991214006781,0.08739290137899267,0.09997597765624056,0.09852497799504903,0.1194756031036377,0.005435271492522318,0.005435000030473702,0.06518864631652832,1.1716884405334693e-19
0.09077918272148072,0.08739279229440178,0.09997598281876172,0.0985254208593941,0.11891484260559082,0.005435000036539726,0.005434728588049609,0.06514549255371094,1.1717069497001533e-19
0.09077845331513898,0.08739268321487809,0.09997598798108698,0.09852586369206984,0.12012171745300293,0.005434728594141345,0.005434457158948192,0.06593155860900879,1.171725448868565e-19
0.09077772392104416,0.08739257414042126,0.09997599314321635,0.09852630649307942,0.12018847465515137,0.0054344571653261635,0.005434185743524722,0.06460404396057129,1.1717439557907995e-19
0.090776994539198,0.08739246507103096,0.09997599830514983,0.09852674926242601,0.12011981010437012,0.0054341857500941615,0.0054339143417792,0.06563091278076172,1.1717624603070172e-19
0.09077626516960208,0.08739235600670683,0.09997600346688743,0.09852719200011277,0.12106013298034668,0.005433914348443327,0.005433642954066897,0.06635689735412598,1.1717809626051892e-19
0.0907755358122581,0.08739224694744853,0.09997600862842913,0.09852763470614287,0.11871957778930664,0.005433642960372922,0.0054333715798549065,0.06520390510559082,1.1717994711196036e-19
0.09077480646716776,0.08739213789325573,0.09997601378977494,0.09852807738051948,0.12049412727355957,0.005433371585883897,0.005433100218787956,0.06689143180847168,1.1718179639380064e-19
0.09077407713433272,0.08739202884412808,0.09997601895092488,0.09852852002324576,0.11953902244567871,0.005433100224974011,0.005432828871398954,0.06533503532409668,1.1718364651231413e-19
0.0907733478137547,0.08739191980006525,0.09997602411187892,0.09852896263432487,0.12086296081542969,0.005432828877642918,0.005432557537154992,0.06606411933898926,1.1718549707569401e-19
0.09077261850543532,0.08739181076106688,0.09997602927263707,0.09852940521375998,0.11840152740478516,0.0054325575438912395,0.005432286217477156,0.06519412994384766,1.171873472516195e-19
0.09077188920937626,0.0873917017271326,0.09997603443319934,0.0985298477615543,0.1169285774230957,0.005432286223717265,0.005432014910056182,0.06492877006530762,1.1718919686020832e-19
0.09077115992557926,0.08739159269826212,0.09997603959356573,0.09853029027771092,0.11911678314208984,0.005432014917122043,0.00543174361737897,0.0663304328918457,1.171910466343572e-19
0.09077043065404604,0.08739148367445505,0.09997604475373623,0.09853073276223309,0.11965274810791016,0.005431743624102178,0.005431472338557342,0.06616449356079102,1.171928964546908e-19
0.09076970139477818,0.08739137465571109,0.09997604991371085,0.09853117521512395,0.12009072303771973,0.005431472344656254,0.005431201072703118,0.06675386428833008,1.1719474585468037e-19
0.09076897214777738,0.08739126564202987,0.09997605507348958,0.09853161763638661,0.12059140205383301,0.0054312010787859796,0.005430929820526842,0.06661295890808105,1.171965954024833e-19
0.09076824291304524,0.08739115663341104,0.09997606023307244,0.09853206002602428,0.11899900436401367,0.005430929826490041,0.0054306585809626995,0.06659960746765137,1.1719844497009685e-19
0.09076751369058346,0.08739104762985428,0.09997606539245942,0.09853250238404014,0.11941766738891602,0.0054306585877691325,0.0054303873563199545,0.06654715538024902,1.172002947607494e-19
0.0907667844803937,0.08739093863135923,0.0999760705516505,0.09853294471043735,0.1187584400177002,0.005430387362620441,0.005430116144999886,0.06543540954589844,1.1720214452178127e-19
0.09076605528247758,0.08739082963792555,0.09997607571064572,0.09853338700521909,0.11798667907714844,0.00543011615104303,0.005429844946647222,0.06504607200622559,1.1720399333119044e-19
0.09076532609683677,0.08739072064955289,0.09997608086944505,0.09853382926838848,0.11855578422546387,0.005429844953038551,0.005429573761972506,0.06591248512268066,1.1720584292556626e-19
0.09076459692347286,0.0873906116662409,0.0999760860280485,0.0985342714999487,0.11804008483886719,0.0054295737686046765,0.005429302591331009,0.06587576866149902,1.1720769200795604e-19
0.09076386776238758,0.08739050268798926,0.09997609118645608,0.0985347136999029,0.11923575401306152,0.005429302597741012,0.005429031434189824,0.06519007682800293,1.172095413416513e-19
0.09076313861358262,0.0873903937147976,0.09997609634466777,0.09853515586825422,0.11928963661193848,0.005429031440446202,0.005428760290548951,0.06577682495117188,1.1721139006996821e-19
0.09076240947705963,0.0873902847466656,0.09997610150268359,0.09853559800500583,0.11698484420776367,0.005428760296719573,0.005428489160230754,0.06532645225524902,1.172132391661499e-19
0.09076168035282028,0.0873901757835929,0.09997610666050354,0.09853604011016089,0.11750555038452148,0.005428489166562506,0.005428218043412869,0.06495380401611328,1.172150880048575e-19
0.09076095124086622,0.08739006682557916,0.09997611181812761,0.09853648218372256,0.11686587333679199,0.005428218049972958,0.005427946940628203,0.06577491760253906,1.1721693666318067e-19
0.09076022214119918,0.08738995787262405,0.0999761169755558,0.098536924225694,0.11837148666381836,0.005427946946949512,0.005427675850988578,0.06580281257629395,1.1721878596959992e-19
0.09075949305382079,0.08738984892472722,0.09997612213278814,0.09853736623607841,0.11710762977600098,0.005427675857493229,0.005427404774849265,0.06418728828430176,1.1722063428218797e-19
0.09075876397873271,0.08738973998188831,0.0999761272898246,0.09853780821487892,0.11504888534545898,0.005427404781602427,0.005427133712743171,0.06402397155761719,1.1722248304612814e-19
0.09075803491593666,0.087389631044107,0.0999761324466652,0.0985382501620987,0.11590242385864258,0.005427133719276757,0.0054268626641373885,0.06446146965026855,1.1722433189412467e-19
0.09075730586543422,0.08738952211138294,0.09997613760330992,0.09853869207774094,0.11586976051330566,0.005426862670513802,0.005426591628854283,0.06433272361755371,1.1722618031339305e-19
0.09075657682722697,0.08738941318371578,0.09997614275975877,0.09853913396180877,0.11595940589904785,0.005426591635314619,0.005426320607604396,0.06467151641845703,1.172280287038167e-19
0.0907558478013167,0.08738930426110518,0.09997614791601177,0.09853957581430534,0.11535096168518066,0.005426320613678129,0.005426049599321914,0.06381726264953613,1.1722987678091213e-19
0.09075511878770508,0.08738919534355082,0.09997615307206889,0.09854001763523376,0.11561799049377441,0.005426049605604043,0.005425778605072651,0.06383085250854492,1.1723172512040968e-19
0.09075438978639377,0.08738908643105232,0.09997615822793016,0.09854045942459727,0.11574363708496094,0.005425778611090308,0.005425507623613157,0.06347250938415527,1.1723357337009086e-19
0.09075366079738438,0.08738897752360936,0.09997616338359555,0.09854090118239897,0.1175386905670166,0.005425507630139314,0.005425236656542154,0.06352758407592773,1.1723542160881287e-19
0.09075293182067858,0.08738886862122158,0.09997616853906509,0.09854134290864207,0.11730480194091797,0.005425236662747621,0.005424965702438556,0.06284928321838379,1.1723726978274443e-19
0.0907522028562781,0.08738875972388865,0.09997617369433875,0.09854178460332967,0.12032604217529297,0.005424965708914639,0.005424694762545812,0.06271934509277344,1.1723911782428745e-19
0.09075147390418455,0.08738865083161024,0.09997617884941655,0.09854222626646497,0.11929750442504883,0.005424694768641277,0.005424423835620473,0.0636131763458252,1.1724096550245523e-19
0.09075074496439964,0.08738854194438599,0.09997618400429849,0.09854266789805112,0.12153029441833496,0.005424423841925203,0.005424152922017811,0.06428861618041992,1.1724281380087457e-19
0.09075001603692504,0.08738843306221557,0.09997618915898455,0.09854310949809127,0.11940574645996094,0.005424152928767464,0.005423882022626003,0.06382226943969727,1.172446614981723e-19
0.09074928712176236,0.08738832418509863,0.09997619431347476,0.09854355106658852,0.12144851684570312,0.005423882029165633,0.0054236111362016,0.06524658203125,1.1724650920327726e-19
0.09074855821891331,0.08738821531303484,0.09997619946776912,0.09854399260354604,0.12146615982055664,0.005423611143120488,0.005423340263988052,0.06385993957519531,1.1724835662880034e-19
0.09074782932837946,0.08738810644602382,0.09997620462186761,0.09854443410896703,0.12052702903747559,0.005423340270629192,0.005423069405097181,0.06502485275268555,1.1725020463079065e-19
0.09074710045016256,0.08738799758406525,0.09997620977577024,0.09854487558285463,0.12104415893554688,0.005423069411693438,0.005422798560061892,0.06488847732543945,1.1725205175325778e-19
0.09074637158426434,0.08738788872715879,0.09997621492947702,0.09854531702521199,0.11883950233459473,0.00542279856631124,0.005422527728171644,0.0648641586303711,1.1725389960730376e-19
0.0907456427306864,0.08738777987530409,0.09997622008298794,0.09854575843604226,0.11951971054077148,0.005422527734482575,0.00542225691013698,0.06496167182922363,1.1725574679290075e-19
0.09074491388943043,0.08738767102850083,0.099976225236303,0.09854619981534858,0.12251782417297363,0.005422256916205112,0.005421986104892085,0.06589865684509277,1.1725759437936015e-19
0.09074418506049808,0.08738756218674863,0.09997623038942222,0.0985466411631341,0.12267231941223145,0.005421986111481185,0.0054217153131475015,0.06633853912353516,1.1725944117717246e-19
0.09074345624389098,0.08738745335004718,0.09997623554234557,0.09854708247940197,0.11994290351867676,0.005421715320309146,0.005421444536324316,0.06509089469909668,1.1726128854448304e-19
0.09074272743961087,0.08738734451839612,0.09997624069507306,0.09854752376415536,0.12091445922851562,0.005421444542685857,0.005421173771935628,0.06602096557617188,1.1726313582443028e-19
0.0907419986476594,0.08738723569179511,0.0999762458476047,0.0985479650173974,0.12113356590270996,0.005421173778614089,0.00542090302193543,0.06603384017944336,1.1726498284620723e-19
0.09074126986803821,0.0873871268702438,0.0999762509999405,0.09854840623913126,0.12001609802246094,0.005420903028089032,0.005420632284902638,0.06507587432861328,1.1726682979228577e-19
0.09074054110074893,0.08738701805374186,0.09997625615208043,0.09854884742936008,0.12031006813049316,0.00542063229111344,0.005420361561547793,0.06508612632751465,1.1726867680425717e-19
0.0907398123457932,0.08738690924228895,0.09997626130402451,0.09854928858808702,0.1213688850402832,0.005420361567685575,0.005420090851337989,0.06587791442871094,1.172705237309189e-19
0.09073908360317258,0.08738680043588472,0.09997626645577275,0.09854972971531521,0.1194615364074707,0.0054200908578061705,0.005419820154983768,0.06561112403869629,1.1727237007332965e-19
0.09073835487288882,0.08738669163452883,0.09997627160732514,0.0985501708110478,0.12171244621276855,0.005419820161471888,0.005419549472129859,0.06518054008483887,1.1727421706799858e-19
0.09073762615494364,0.08738658283822097,0.09997627675868169,0.09855061187528795,0.12136960029602051,0.005419549478684279,0.005419278803309169,0.06581592559814453,1.172760635884289e-19
0.09073689744933858,0.08738647404696075,0.09997628190984238,0.09855105290803877,0.11935877799987793,0.005419278809440337,0.005419008147455884,0.06547117233276367,1.1727791006229252e-19
0.09073616875607528,0.08738636526074783,0.09997628706080723,0.09855149390930343,0.12002706527709961,0.0054190081537411,0.0054187375058134535,0.06509923934936523,1.172797570333903e-19
0.0907354400751556,0.08738625647958188,0.09997629221157622,0.09855193487908505,0.11993741989135742,0.005418737511584502,0.005418466875894978,0.06671929359436035,1.1728160322262774e-19
0.09073471140658107,0.08738614770346256,0.09997629736214937,0.09855237581738682,0.12103962898254395,0.005418466882974364,0.005418196261963715,0.06626105308532715,1.1728344965206823e-19
0.09073398275035337,0.08738603893238954,0.09997630251252668,0.09855281672421183,0.11855196952819824,0.005418196267903781,0.005417925660111678,0.06412243843078613,1.1728529599013512e-19
0.09073325410647427,0.08738593016636247,0.09997630766270812,0.09855325759956327,0.11759161949157715,0.005417925666375893,0.005417655071937588,0.06514453887939453,1.172871421903238e-19
0.09073252547494548,0.08738582140538101,0.09997631281269374,0.09855369844344433,0.1176602840423584,0.005417655078389011,0.005417384497796718,0.06453704833984375,1.1728898821876008e-19
0.09073179685576854,0.08738571264944482,0.09997631796248352,0.09855413925585815,0.11879658699035645,0.005417384503941991,0.005417113936445617,0.06504249572753906,1.1729083383125075e-19
0.09073106824894518,0.08738560389855354,0.09997632311207745,0.09855458003680782,0.11833000183105469,0.005417113943035991,0.0054168433891277346,0.06529569625854492,1.1729268054759667e-19
0.09073033965447701,0.08738549515270685,0.09997632826147554,0.0985550207862965,0.11733222007751465,0.005416843395668264,0.005416572855310164,0.06491875648498535,1.1729452627674134e-19
0.09072961107236564,0.08738538641190441,0.0999763334106778,0.09855546150432729,0.11721444129943848,0.005416572861838088,0.005416302334815271,0.0647892951965332,1.1729637184333253e-19
0.09072888250261274,0.08738527767614587,0.09997633855968421,0.09855590219090338,0.11831450462341309,0.005416302341546126,0.005416031828353596,0.06531119346618652,1.1729821763306237e-19
0.09072815394521992,0.08738516894543089,0.09997634370849479,0.09855634284602789,0.11866378784179688,0.0054160318347913905,0.005415761335214597,0.06567668914794922,1.1730006354425776e-19
0.09072742540018895,0.08738506021975911,0.09997634885710953,0.09855678346970394,0.11925816535949707,0.005415761341571556,0.005415490855043004,0.06630516052246094,1.1730190916462927e-19
0.09072669686752136,0.08738495149913023,0.09997635400552844,0.09855722406193472,0.11844372749328613,0.005415490861888572,0.0054152203892599005,0.06499600410461426,1.1730375433128319e-19
0.09072596834721877,0.08738484278354385,0.0999763591537515,0.09855766462272333,0.11852431297302246,0.005415220395739426,0.0054149499367994736,0.06575679779052734,1.1730560050684336e-19
0.09072523983928296,0.08738473407299967,0.09997636430177873,0.09855810515207293,0.11859869956970215,0.005414949943124123,0.005414679497484087,0.06574749946594238,1.1730744538472248e-19
0.0907245113437156,0.08738462536749733,0.09997636944961012,0.09855854564998666,0.11677742004394531,0.005414679504043953,0.005414409072024284,0.06481647491455078,1.173092905537261e-19
0.0907237828605183,0.08738451666703652,0.09997637459724568,0.09855898611646764,0.11924266815185547,0.005414409078495254,0.005414138659887158,0.06702136993408203,1.1731113646566453e-19
0.09072305438969278,0.08738440797161687,0.0999763797446854,0.09855942655151903,0.11772441864013672,0.005414138666479355,0.005413868261427979,0.06514501571655273,1.1731298176601718e-19
0.09072232593124065,0.08738429928123805,0.0999763848919293,0.09855986695514396,0.11826276779174805,0.005413868267994924,0.005413597876291476,0.06542444229125977,1.1731482689599467e-19
0.09072159748516362,0.0873841905958997,0.09997639003897736,0.09856030732734558,0.11768746376037598,0.0054135978830416156,0.005413327505543464,0.06504511833190918,1.1731667187216767e-19
0.09072086905146326,0.08738408191560151,0.0999763951858296,0.098560747668127,0.11609435081481934,0.0054133275116173205,0.005413057147229949,0.06439781188964844,1.1731851691507534e-19
0.09072014063014135,0.08738397324034312,0.099976400332486,0.09856118797749135,0.11605358123779297,0.005413057153723514,0.005412786803304925,0.06461524963378906,1.1732036218798482e-19
0.09071941222119949,0.08738386457012419,0.09997640547894658,0.09856162825544176,0.1177666187286377,0.0054127868093577294,0.005412516471814399,0.06464457511901855,1.173222072283163e-19
0.09071868382463946,0.08738375590494439,0.09997641062521133,0.09856206850198138,0.11675620079040527,0.005412516478521389,0.0054122461547123635,0.06432557106018066,1.1732405155381227e-19
0.09071795544046289,0.08738364724480338,0.09997641577128025,0.09856250871711333,0.11685752868652344,0.005412246161211089,0.005411975851465911,0.06433415412902832,1.1732589666843787e-19
0.09071722706867137,0.0873835385897008,0.09997642091715335,0.09856294890084075,0.11615467071533203,0.005411975857427056,0.005411705560653957,0.06420588493347168,1.1732774098827508e-19
0.09071649870926657,0.08738342993963631,0.09997642606283062,0.09856338905316679,0.11669492721557617,0.005411705567169775,0.005411435283875221,0.06416702270507812,1.1732958589477299e-19
0.09071577036225008,0.08738332129460959,0.09997643120831207,0.09856382917409462,0.11706304550170898,0.005411435290438162,0.00541116502130734,0.06468486785888672,1.1733142992866177e-19
0.09071504202762361,0.08738321265462028,0.0999764363535977,0.09856426926362737,0.11604738235473633,0.005411165027229831,0.0054108947711739575,0.06412672996520996,1.1733327475899037e-19
0.09071431370538889,0.08738310401966803,0.0999764414986875,0.09856470932176813,0.11652302742004395,0.005410894777547173,0.005410624534896158,0.06482672691345215,1.1733511915973145e-19
0.09071358539554754,0.08738299538975253,0.09997644664358148,0.09856514934852004,0.11610984802246094,0.0054106245413861765,0.005410354312829213,0.06376194953918457,1.1733696362714347e-19
0.09071285709810117,0.08738288676487341,0.09997645178827963,0.09856558934388626,0.11722588539123535,0.00541035431874805,0.005410084103374402,0.06432175636291504,1.1733880828267128e-19
0.09071212881305143,0.08738277814503036,0.09997645693278195,0.09856602930786991,0.11570072174072266,0.0054100841096325555,0.005409813907775174,0.06369400024414062,1.1734065217482568e-19
0.09071140054040001,0.08738266953022301,0.09997646207708846,0.09856646924047412,0.11599302291870117,0.005409813914038028,0.005409543725320987,0.06337213516235352,1.1734249587674314e-19
0.0907106722801486,0.08738256092045106,0.09997646722119916,0.098566909141702,0.11642265319824219,0.005409543731964742,0.005409273556900018,0.06349396705627441,1.173443403652078e-19
0.09070994403229882,0.08738245231571413,0.09997647236511403,0.09856734901155673,0.11572265625,0.005409273563411407,0.005409003402156998,0.06270575523376465,1.1734618417416479e-19
0.09070921579685223,0.08738234371601189,0.09997647750883308,0.09856778885004139,0.11798453330993652,0.005409003408376592,0.005408733260736653,0.06244516372680664,1.1734802798645106e-19
0.09070848757381071,0.087382235121344,0.09997648265235631,0.09856822865715913,0.11885476112365723,0.0054087332668603235,0.005408463132994257,0.06252169609069824,1.1734987219881201e-19
0.0907077593631758,0.08738212653171012,0.09997648779568374,0.09856866843291309,0.11593031883239746,0.005408463138861892,0.005408193018041629,0.06207680702209473,1.173517155624266e-19
0.09070703116494926,0.08738201794710991,0.09997649293881536,0.09856910817730644,0.11731719970703125,0.005408193024381017,0.005407922916944585,0.06285953521728516,1.1735355959353546e-19
0.0907063029791327,0.08738190936754303,0.09997649808175116,0.09856954789034224,0.11899662017822266,0.00540792292341734,0.0054076528297031246,0.06256103515625,1.173554031753968e-19
0.09070557480572772,0.08738180079300914,0.09997650322449114,0.09856998757202362,0.12040519714355469,0.005407652835968815,0.00540738275578434,0.06338334083557129,1.1735724654656465e-19
0.09070484664473598,0.08738169222350789,0.09997650836703532,0.09857042722235372,0.12087082862854004,0.005407382762035784,0.005407112695721139,0.06426262855529785,1.1735909011828732e-19
0.0907041184961591,0.08738158365903895,0.09997651350938369,0.09857086684133569,0.11973786354064941,0.0054071127016155135,0.005406842648625343,0.06401371955871582,1.1736093365352176e-19
0.09070339035999885,0.08738147509960198,0.09997651865153624,0.09857130642897266,0.12060785293579102,0.005406842654709801,0.005406572614674587,0.06437802314758301,1.173627769689378e-19
0.09070266223625686,0.08738136654519664,0.09997652379349298,0.09857174598526772,0.1210024356842041,0.0054065726213182235,0.005406302594579415,0.06457376480102539,1.1736461960852728e-19
0.09070193412493478,0.08738125799582258,0.09997652893525391,0.09857218551022401,0.12040019035339355,0.005406302601439419,0.005406032588162191,0.06426644325256348,1.1736646304655676e-19
0.09070120602603421,0.08738114945147947,0.09997653407681904,0.09857262500384463,0.12138938903808594,0.005406032595072747,0.005405762595955821,0.0646505355834961,1.1736830651485707e-19
0.09070047793955681,0.08738104091216697,0.09997653921818836,0.09857306446613272,0.1201486587524414,0.005405762602215407,0.005405492616006313,0.06538176536560059,1.173701499101065e-19
0.09069974986550426,0.08738093237788473,0.09997654435936187,0.0985735038970914,0.12228846549987793,0.005405492622871548,0.005405222650978203,0.06571149826049805,1.1737199237738344e-19
0.09069902180387826,0.08738082384863242,0.09997654950033957,0.09857394329672381,0.12270855903625488,0.0054052226570350075,0.005404952698206955,0.06570959091186523,1.1737383575400007e-19
0.09069829375468044,0.0873807153244097,0.09997655464112148,0.09857438266503309,0.12131333351135254,0.005404952704707859,0.005404682759646562,0.06603193283081055,1.1737567896592518e-19
0.09069756571791243,0.08738060680521624,0.09997655978170758,0.09857482200202236,0.1219167709350586,0.005404682765890074,0.0054044128340535735,0.06489109992980957,1.173775213400706e-19
0.09069683769357595,0.08738049829105168,0.09997656492209787,0.09857526130769474,0.11984825134277344,0.005404412840579061,0.005404142922493804,0.06612086296081543,1.173793645255505e-19
0.09069610968167255,0.0873803897819157,0.09997657006229237,0.09857570058205338,0.12182879447937012,0.005404142928773989,0.0054038730240790755,0.06650590896606445,1.1738120688474784e-19
0.09069538168220395,0.08738028127780795,0.09997657520229106,0.09857613982510133,0.11793637275695801,0.005403873030477618,0.005403603139697566,0.06458473205566406,1.173830492748817e-19
0.09069465369517185,0.08738017277872809,0.09997658034209395,0.09857657903684172,0.11872220039367676,0.005403603145685199,0.005403333268283461,0.06519317626953125,1.1738489165683481e-19
0.09069392572057787,0.08738006428467576,0.09997658548170105,0.09857701821727771,0.12023019790649414,0.00540333327439878,0.005403063410547304,0.06496453285217285,1.1738673471114733e-19
0.09069319775842373,0.08737995579565065,0.09997659062111233,0.09857745736641235,0.12049126625061035,0.005403063416615951,0.005402793565778552,0.06499195098876953,1.1738857693605227e-19
0.09069246980871114,0.08737984731165241,0.09997659576032783,0.09857789648424882,0.12006425857543945,0.00540279357233682,0.005402523735043019,0.06476926803588867,1.1739041887860045e-19
0.09069174187144165,0.0873797388326807,0.09997660089934751,0.09857833557079022,0.12058782577514648,0.00540252374156133,0.005402253917630162,0.0648641586303711,1.1739226167178506e-19
0.09069101394661695,0.08737963035873518,0.09997660603817139,0.09857877462603964,0.12056827545166016,0.005402253924287439,0.005401984113717617,0.0651698112487793,1.1739410409044726e-19
0.0906902860342386,0.08737952188981551,0.09997661117679948,0.09857921365000022,0.11946320533752441,0.005401984120516158,0.005401714323838291,0.0650017261505127,1.1739594612866107e-19
0.0906895581343083,0.08737941342592136,0.09997661631523178,0.09857965264267507,0.11950802803039551,0.005401714330244738,0.005401444546748735,0.06509017944335938,1.1739778788421335e-19
0.09068883024682775,0.08737930496705237,0.09997662145346828,0.09858009160406733,0.11942911148071289,0.005401444553474282,0.005401174783514762,0.06567096710205078,1.173996298853444e-19
0.09068810237179867,0.08737919651320822,0.09997662659150898,0.09858053053418014,0.11951017379760742,0.005401174790203692,0.005400905033958736,0.06589031219482422,1.1740147220959897e-19
0.09068737450922258,0.08737908806438857,0.0999766317293539,0.09858096943301659,0.12117385864257812,0.005400905040431969,0.005400635298080658,0.0655360221862793,1.1740331416793073e-19
0.09068664665910119,0.08737897962059307,0.099976636867003,0.09858140830057983,0.1211540699005127,0.0054006353041574275,0.005400365574814714,0.06597757339477539,1.1740515552207473e-19
0.09068591882143621,0.08737887118182139,0.09997664200445634,0.09858184713687294,0.11931180953979492,0.005400365581381786,0.005400095865226717,0.06553363800048828,1.1740699701675488e-19
0.09068519099622926,0.08737876274807319,0.09997664714171388,0.09858228594189908,0.11986184120178223,0.005400095872103649,0.005399826169849575,0.06627130508422852,1.1740883901804428e-19
0.0906844631834819,0.0873786543193481,0.09997665227877563,0.09858272471566132,0.11846446990966797,0.005399826176320328,0.005399556487617474,0.0662238597869873,1.174106801113117e-19
0.09068373538319591,0.08737854589564581,0.09997665741564159,0.09858316345816279,0.11978459358215332,0.005399556494032196,0.005399286818885685,0.06581354141235352,1.1741252141468818e-19
0.090683007595373,0.08737843747696596,0.09997666255231176,0.09858360216940663,0.1182246208190918,0.005399286825238846,0.005399017163476572,0.06450462341308594,1.1741436343901057e-19
0.09068227982001476,0.08737832906330822,0.09997666768878614,0.09858404084939597,0.1157231330871582,0.005399017169940688,0.005398747522278313,0.06454086303710938,1.1741620448261275e-19
0.09068155205712282,0.08737822065467225,0.09997667282506474,0.09858447949813388,0.11645126342773438,0.005398747528134247,0.0053984778936921884,0.06502342224121094,1.1741804563608465e-19
0.09068082430669883,0.08737811225105774,0.09997667796114756,0.09858491811562348,0.11704373359680176,0.0053984778998216205,0.00539820827842874,0.06541156768798828,1.174198870668013e-19
0.09068009656874443,0.08737800385246432,0.0999766830970346,0.09858535670186787,0.11621403694152832,0.005398208285001504,0.005397938677553782,0.06515216827392578,1.174217281842511e-19
0.09067936884326132,0.08737789545889166,0.09997668823272585,0.0985857952568702,0.11683011054992676,0.005397938683671439,0.005397669089468593,0.06519818305969238,1.174235694346267e-19
0.09067864113025116,0.0873777870703394,0.0999766933682213,0.09858623378063357,0.11634016036987305,0.005397669095832768,0.0053973995152389875,0.06525015830993652,1.1742541018738316e-19
0.09067791342971554,0.08737767868680724,0.09997669850352099,0.09858667227316106,0.11612844467163086,0.005397399521484806,0.005397129953976787,0.06508660316467285,1.1742725131158521e-19
0.09067718574165612,0.08737757030829482,0.09997670363862489,0.09858711073445584,0.1177072525024414,0.005397129960626684,0.005396860407103077,0.06480598449707031,1.1742909181168977e-19
0.09067645806607465,0.08737746193480181,0.09997670877353301,0.09858754916452095,0.11642050743103027,0.005396860413256839,0.005396590872486229,0.06450176239013672,1.1743093294839142e-19
0.09067573040297286,0.08737735356632785,0.09997671390824535,0.09858798756335953,0.11768984794616699,0.005396590879376468,0.005396321352790778,0.06408810615539551,1.174327737645254e-19
0.09067500275235219,0.08737724520287261,0.09997671904276191,0.09858842593097474,0.11649155616760254,0.005396321358981753,0.005396051845707461,0.0652010440826416,1.1743461472997546e-19
0.09067427511421433,0.08737713684443578,0.09997672417708268,0.09858886426736965,0.11796379089355469,0.005396051852073729,0.005395782352124456,0.0644526481628418,1.1743645491534998e-19
0.090673547488561,0.087377028491017,0.09997672931120768,0.09858930257254739,0.1165931224822998,0.005395782358651726,0.00539551287257467,0.06342792510986328,1.1743829549033028e-19
0.0906728198753938,0.08737692014261592,0.09997673444513691,0.09858974084651104,0.11819148063659668,0.005395512878714724,0.005395243405992289,0.06383442878723145,1.1744013595610668e-19
0.09067209227471444,0.08737681179923219,0.09997673957887036,0.09859017908926372,0.11846733093261719,0.005395243412262994,0.005394973953265492,0.06275701522827148,1.1744197684530743e-19
0.09067136468652459,0.0873767034608655,0.09997674471240806,0.09859061730080854,0.11898517608642578,0.005394973959294255,0.005394704513328463,0.06347870826721191,1.174438169523298e-19
0.09067063711082579,0.08737659512751551,0.09997674984574996,0.09859105548114859,0.12070202827453613,0.005394704519809564,0.005394435087247018,0.06370925903320312,1.1744565684133618e-19
0.09066990954761975,0.08737648679918189,0.09997675497889609,0.098591493630287,0.1185154914855957,0.005394435093808134,0.005394165674843521,0.06335902214050293,1.17447497318581e-19
0.09066918199690824,0.08737637847586428,0.09997676011184646,0.09859193174822689,0.1184091567993164,0.005394165681288668,0.0053938962757627,0.06339645385742188,1.1744933713419855e-19
0.09066845445869298,0.08737627015756236,0.09997676524460104,0.09859236983497137,0.1226351261138916,0.005393896282250478,0.005393626890359826,0.06443619728088379,1.1745117736826354e-19
0.09066772693297545,0.08737616184427578,0.09997677037715987,0.09859280789052353,0.12087607383728027,0.005393626896691865,0.005393357517924358,0.06449723243713379,1.1745301716533902e-19
0.09066699941975735,0.08737605353600421,0.0999767755095229,0.09859324591488643,0.12169504165649414,0.005393357524613865,0.005393088159344472,0.0645453929901123,1.1745485699996388e-19
0.09066627191904024,0.0873759452327473,0.09997678064169017,0.09859368390806325,0.12229013442993164,0.00539308816601545,0.005392818814442535,0.0654153823852539,1.1745669666482555e-19
0.09066554443082592,0.08737583693450472,0.09997678577366169,0.09859412187005706,0.12224912643432617,0.005392818820895263,0.005392549482863274,0.06578254699707031,1.1745853722591215e-19
0.09066481695511598,0.08737572864127612,0.09997679090543743,0.09859455980087097,0.12157535552978516,0.005392549489252968,0.005392280164429053,0.0653834342956543,1.1746037652933507e-19
0.09066408949191208,0.08737562035306116,0.09997679603701741,0.09859499770050811,0.12183761596679688,0.005392280171088225,0.0053920108605609585,0.06573677062988281,1.1746221615181348e-19
0.0906633620412159,0.08737551206985952,0.09997680116840162,0.09859543556897155,0.12198162078857422,0.005392010866398909,0.005391741568949726,0.0663602352142334,1.174640557759945e-19
0.09066263460302909,0.08737540379167086,0.09997680629959005,0.0985958734062644,0.11965727806091309,0.0053917415751862235,0.005391472291194077,0.06608223915100098,1.1746589546558686e-19
0.09066190717735327,0.08737529551849482,0.09997681143058272,0.09859631121238974,0.1215827465057373,0.00539147229744902,0.00539120302693874,0.06543445587158203,1.1746773476683086e-19
0.09066117976419018,0.08737518725033108,0.09997681656137963,0.09859674898735066,0.12192273139953613,0.005391203033187307,0.005390933776361351,0.06594038009643555,1.1746957398799499e-19
0.0906604523635414,0.0873750789871793,0.0999768216919808,0.09859718673115028,0.11983442306518555,0.005390933782397409,0.005390664539284273,0.06548929214477539,1.1747141320069236e-19
0.09065972497540865,0.08737497072903914,0.09997682682238619,0.09859762444379172,0.12132120132446289,0.005390664545081011,0.005390395314996965,0.0651102066040039,1.1747325261785313e-19
0.09065899759979358,0.08737486247591024,0.09997683195259582,0.09859806212527807,0.1199958324432373,0.005390395321237087,0.005390126104387605,0.0664680004119873,1.174750918088655e-19
0.09065827023669772,0.08737475422779228,0.0999768370826097,0.09859849977561247,0.12099337577819824,0.005390126110865984,0.005389856907633828,0.06645035743713379,1.174769308089131e-19
0.09065754288612281,0.08737464598468495,0.09997684221242781,0.098598937394798,0.11951184272766113,0.005389856913966021,0.0053895877238474554,0.06449484825134277,1.1747876915201357e-19
0.09065681554807051,0.08737453774658786,0.09997684734205016,0.09859937498283772,0.11840319633483887,0.005389587730536534,0.005389318554094302,0.06519317626953125,1.1748060864481561e-19
0.0906560882225424,0.08737442951350072,0.09997685247147675,0.09859981253973475,0.11839985847473145,0.00538931856057713,0.005389049397841461,0.06489682197570801,1.174824474227028e-19
0.09065536090954014,0.08737432128542318,0.0999768576007076,0.09860025006549222,0.11864972114562988,0.005389049404085819,0.005388780255088932,0.06485271453857422,1.1748428642251328e-19
0.09065463360906546,0.08737421306235489,0.09997686272974267,0.09860068756011323,0.11828851699829102,0.005388780261061906,0.005388511125481443,0.06514739990234375,1.1748612507443032e-19
0.09065390632112001,0.08737410484429553,0.099976867858582,0.09860112502360086,0.11754894256591797,0.00538851113150708,0.005388242009018995,0.06457352638244629,1.174879636806687e-19
0.09065317904570547,0.08737399663124475,0.09997687298722557,0.0986015624559582,0.11797356605529785,0.005388242015420684,0.005387972906056859,0.06467509269714355,1.17489802816744e-19
0.09065245178282345,0.08737388842320219,0.09997687811567339,0.09860199985718836,0.1179347038269043,0.005387972912800352,0.005387703817483214,0.06434750556945801,1.174916407322872e-19
0.09065172453247554,0.08737378022016755,0.09997688324392547,0.09860243722729439,0.11832094192504883,0.005387703823645029,0.005387434741344066,0.06457090377807617,1.1749347955750499e-19
0.09065099729466347,0.08737367202214048,0.09997688837198178,0.09860287456627938,0.11854362487792969,0.005387434747955427,0.005387165679238137,0.0651254653930664,1.1749531740250316e-19
0.09065027006938893,0.08737356382912065,0.09997689349984233,0.09860331187414643,0.11841320991516113,0.005387165685730226,0.0053868966306325206,0.06409168243408203,1.1749715563441549e-19
0.09064954285665358,0.0873734556411077,0.09997689862750714,0.09860374915089867,0.1182711124420166,0.005386896636967358,0.005386627594639037,0.06493163108825684,1.1749899437203298e-19
0.09064881565645894,0.0873733474581013,0.0999769037549762,0.09860418639653921,0.11906099319458008,0.005386627601669554,0.005386358573389316,0.0649557113647461,1.1750083199046702e-19
0.09064808846880673,0.0873732392801011,0.09997690888224951,0.0986046236110712,0.1167755126953125,0.005386358579832365,0.0053860895651069995,0.06432962417602539,1.1750267067843568e-19
0.09064736129369858,0.08737313110710679,0.09997691400932708,0.09860506079449767,0.11811065673828125,0.005386089571458169,0.005385820569969724,0.06582951545715332,1.17504508652464e-19
0.09064663413113623,0.08737302293911801,0.09997691913620889,0.09860549794682172,0.1171729564666748,0.0053858205765440256,0.0053855515885103955,0.06430387496948242,1.1750634622833847e-19
0.0906459069811212,0.08737291477613443,0.09997692426289496,0.09860593506804642,0.1171414852142334,0.0053855515950911315,0.005385282620551379,0.0647726058959961,1.1750818437644116e-19
0.09064517984365528,0.08737280661815572,0.09997692938938528,0.09860637215817489,0.11645197868347168,0.0053852826270978805,0.005385013666270311,0.06435847282409668,1.1751002233376694e-19
0.09064445271874007,0.08737269846518154,0.09997693451567985,0.09860680921721023,0.11466407775878906,0.005385013672562608,0.005384744725134283,0.06369733810424805,1.1751185988194616e-19
0.09064372560637725,0.08737259031721155,0.09997693964177867,0.09860724624515557,0.11532282829284668,0.005384744731486921,0.005384475797853838,0.06398701667785645,1.1751369757007423e-19
0.09064299850656844,0.08737248217424541,0.09997694476768175,0.09860768324201398,0.11782646179199219,0.005384475803867801,0.0053842068830078915,0.06476664543151855,1.1751553568997021e-19
0.09064227141931532,0.08737237403628281,0.0999769498933891,0.09860812020778856,0.1164696216583252,0.005384206889706329,0.005383937983083342,0.06389975547790527,1.1751737295512599e-19
0.09064154434461953,0.08737226590332338,0.09997695501890068,0.09860855714248239,0.11573624610900879,0.005383937988999377,0.0053836690947051125,0.06340861320495605,1.1751921030282466e-19
0.09064081728248265,0.08737215777536679,0.09997696014421653,0.09860899404609853,0.11680197715759277,0.0053836691017501055,0.0053834002221364585,0.06334924697875977,1.1752104783736019e-19
0.09064009023290623,0.0873720496524127,0.09997696526933665,0.09860943091864012,0.1161661148071289,0.005383400227953974,0.00538313136129176,0.06335783004760742,1.1752288483269652e-19
0.09063936319589205,0.08737194153446079,0.09997697039426104,0.09860986776011019,0.11635589599609375,0.005383131367612765,0.00538286251448028,0.06304311752319336,1.1752472305219337e-19
0.09063863617144169,0.08737183342151071,0.09997697551898968,0.09861030457051186,0.11687588691711426,0.005382862520724475,0.005382593680636205,0.06288766860961914,1.1752655946204495e-19
0.09063790915955688,0.08737172531356213,0.09997698064352259,0.09861074134984822,0.11706924438476562,0.00538259368729041,0.005382324860647714,0.06311917304992676,1.1752839674101874e-19
0.0906371821602393,0.0873716172106147,0.09997698576785975,0.09861117809812235,0.11761140823364258,0.005382324867308603,0.005382056054692441,0.06232166290283203,1.1753023414682003e-19
0.09063645517349053,0.0873715091126681,0.09997699089200117,0.09861161481533734,0.11935639381408691,0.005382056060776578,0.005381787260994031,0.062402963638305664,1.1753207125698756e-19
0.09063572819931227,0.08737140101972198,0.09997699601594687,0.09861205150149625,0.1195533275604248,0.005381787267696765,0.00538151848132884,0.06250333786010742,1.1753390815990326e-19
0.09063500123770613,0.08737129293177599,0.09997700113969682,0.09861248815660223,0.1192624568939209,0.005381518488067166,0.005381249715519232,0.061699628829956055,1.1753574464121987e-19
0.09063427428867388,0.08737118484882983,0.09997700626325104,0.09861292478065833,0.1200406551361084,0.005381249721887337,0.0053809809628546645,0.06252360343933105,1.1753758145539462e-19
0.09063354735221711,0.08737107677088314,0.09997701138660953,0.09861336137366764,0.11947894096374512,0.005380980969155021,0.005380712223157502,0.06244492530822754,1.17539418516862e-19
0.09063282042833753,0.08737096869793559,0.09997701650977228,0.09861379793563324,0.12267470359802246,0.0053807122298722195,0.0053804434976711946,0.06299114227294922,1.1754125511632186e-19
0.09063209351703672,0.08737086062998685,0.0999770216327393,0.09861423446655822,0.12125277519226074,0.00538044350403587,0.005380174785152292,0.06229734420776367,1.1754309153084532e-19
0.09063136661831626,0.08737075256703658,0.0999770267555106,0.09861467096644573,0.11832714080810547,0.005380174791647315,0.005379906086311337,0.06257843971252441,1.1754492805410046e-19
0.09063063973217786,0.08737064450908442,0.09997703187808615,0.09861510743529879,0.12001681327819824,0.0053799060927045665,0.005379637400970694,0.06302165985107422,1.175467647270009e-19
0.09062991285862311,0.08737053645613005,0.09997703700046598,0.09861554387312048,0.11827325820922852,0.005379637407206539,0.005379368728597456,0.06289243698120117,1.1754860113670883e-19
0.0906291859976537,0.08737042840817312,0.09997704212265009,0.09861598027991389,0.11921906471252441,0.005379368735155002,0.005379100070079801,0.06370210647583008,1.175504367589282e-19
0.09062845914927123,0.08737032036521332,0.09997704724463845,0.09861641665568209,0.11854314804077148,0.005379100076546266,0.005378831425240094,0.0633237361907959,1.1755227333251962e-19
0.09062773231347739,0.0873702123272503,0.09997705236643109,0.09861685300042819,0.1181492805480957,0.005378831431380573,0.0053785627933677915,0.06358718872070312,1.1755410967811137e-19
0.09062700549027389,0.08737010429428373,0.09997705748802801,0.0986172893141553,0.11849236488342285,0.005378562799658309,0.005378294175351073,0.06385254859924316,1.1755594594434865e-19
0.09062627867966246,0.08736999626631327,0.09997706260942921,0.09861772559686645,0.12024712562561035,0.005378294181378075,0.0053780255704793944,0.06397676467895508,1.1755778182221467e-19
0.09062555188164458,0.08736988824333859,0.09997706773063468,0.09861816184856477,0.11983132362365723,0.005378025576539597,0.005377756978752757,0.06402325630187988,1.1755961755319961e-19
0.09062482509622193,0.08736978022535935,0.09997707285164444,0.09861859806925331,0.1210029125213623,0.005377756985141186,0.0053774884003487955,0.0634763240814209,1.175614536985562e-19
0.09062409832339617,0.08736967221237521,0.09997707797245847,0.09861903425893516,0.11997222900390625,0.005377488407183902,0.0053772198363333246,0.06524109840393066,1.1756328943532027e-19
0.09062337156316899,0.08736956420438584,0.09997708309307679,0.09861947041761338,0.1206817626953125,0.005377219842665608,0.0053769512847523515,0.0651853084564209,1.1756512566301324e-19
0.09062264481554208,0.0873694562013909,0.09997708821349938,0.09861990654529106,0.11875009536743164,0.0053769512915867665,0.0053766827472045975,0.06453609466552734,1.1756696102012178e-19
0.09062191808051707,0.08736934820339007,0.09997709333372626,0.09862034264197128,0.11963987350463867,0.005376682753945558,0.005376414223334791,0.06505894660949707,1.1756879650320669e-19
0.09062119135809558,0.08736924021038299,0.09997709845375742,0.09862077870765713,0.11959385871887207,0.005376414229741059,0.005376145712254754,0.06384587287902832,1.1757063232173213e-19
0.09062046464827923,0.08736913222236933,0.09997710357359287,0.09862121474235175,0.11925578117370605,0.005376145718973575,0.005375877215207936,0.06451654434204102,1.1757246767865754e-19
0.09061973795106965,0.08736902423934877,0.09997710869323259,0.09862165074605812,0.12014031410217285,0.005375877221642399,0.005375608731128523,0.06474995613098145,1.1757430269261295e-19
0.09061901126646844,0.08736891626132097,0.09997711381267659,0.09862208671877935,0.11719155311584473,0.005375608737746925,0.005375340260727057,0.06363368034362793,1.1757613800212548e-19
0.09061828459447728,0.08736880828828557,0.09997711893192487,0.09862252266051853,0.11688637733459473,0.0053753402672857544,0.005375071803648268,0.06373453140258789,1.175779735174127e-19
0.09061755793509796,0.08736870032024226,0.09997712405097746,0.09862295857127874,0.11988449096679688,0.005375071810258896,0.005374803360069791,0.0638887882232666,1.175798093021719e-19
0.090616831288332,0.08736859235719067,0.09997712916983431,0.09862339445106304,0.11977005004882812,0.005374803366665673,0.005374534929991626,0.06394624710083008,1.1758164380073643e-19
0.090616104654181,0.0873684843991305,0.09997713428849546,0.0986238302998745,0.12000131607055664,0.005374534936503703,0.005374266513236137,0.06418204307556152,1.1758347904738012e-19
0.09061537803264677,0.0873683764460614,0.0999771394069609,0.09862426611771623,0.11980152130126953,0.005374266519775076,0.005373998110336231,0.06401324272155762,1.1758531415207802e-19
0.09061465142373078,0.08736826849798303,0.09997714452523063,0.09862470190459127,0.11997008323669434,0.005373998116476376,0.005373729720226095,0.06451916694641113,1.1758714915871525e-19
0.09061392482743474,0.08736816055489507,0.09997714964330463,0.0986251376605027,0.1189107894897461,0.005373729726609605,0.005373461344149177,0.06430578231811523,1.1758898389337472e-19
0.09061319824376032,0.08736805261679718,0.09997715476118293,0.09862557338545357,0.1181020736694336,0.005373461350172082,0.005373192980684394,0.06405186653137207,1.1759081836241639e-19
0.09061247167270921,0.08736794468368902,0.09997715987886553,0.09862600907944696,0.11937451362609863,0.005373192987164845,0.0053729246316081,0.06509160995483398,1.1759265334110861e-19
0.09061174511428303,0.08736783675557026,0.09997716499635241,0.09862644474248597,0.11886358261108398,0.005372924637584505,0.005372656294788669,0.06485176086425781,1.1759448790619982e-19
0.09061101856848348,0.08736772883244057,0.09997717011364358,0.09862688037457366,0.1201024055480957,0.005372656301433466,0.005372387972713,0.06482887268066406,1.1759632271983015e-19
0.09061029203531212,0.08736762091429959,0.09997717523073907,0.0986273159757131,0.12034201622009277,0.005372387978708292,0.0053721196634271,0.06541728973388672,1.1759815686320133e-19
0.09060956551477069,0.087367513001147,0.09997718034763883,0.09862775154590742,0.11664009094238281,0.005372119669409346,0.005371851367463876,0.06349563598632812,1.175999917603808e-19
0.09060883900686074,0.08736740509298248,0.09997718546434291,0.09862818708515965,0.11832785606384277,0.005371851373536973,0.005371583085000964,0.06474757194519043,1.1760182634752565e-19
0.09060811251158399,0.08736729718980565,0.09997719058085128,0.09862862259347283,0.1161954402923584,0.005371583091089421,0.005371314815505457,0.06450200080871582,1.1760366068027527e-19
0.09060738602894208,0.08736718929161622,0.09997719569716393,0.09862905807085001,0.11836838722229004,0.0053713148220677735,0.005371046559865533,0.06424975395202637,1.1760549439939658e-19
0.09060665955893661,0.08736708139841383,0.09997720081328088,0.09862949351729434,0.11691784858703613,0.005371046566469719,0.00537077831737065,0.0634007453918457,1.176073283638627e-19
0.09060593310156925,0.08736697351019813,0.09997720592920213,0.09862992893280886,0.11426234245300293,0.0053707783242952275,0.005370510088908986,0.06305670738220215,1.1760916298487423e-19
0.09060520665684162,0.08736686562696884,0.09997721104492768,0.09863036431739662,0.11637687683105469,0.005370510095543577,0.005370241873414727,0.06354284286499023,1.1761099677867848e-19
0.09060448022475538,0.08736675774872558,0.09997721616045754,0.09863079967106067,0.11609911918640137,0.0053702418802144625,0.005369973672308959,0.06383824348449707,1.1761283085314616e-19
0.09060375380531219,0.08736664987546804,0.0999772212757917,0.09863123499380412,0.11538910865783691,0.005369973678304412,0.005369705483460052,0.06346321105957031,1.1761466474828476e-19
0.09060302739851368,0.08736654200719586,0.09997722639093017,0.09863167028563002,0.11530303955078125,0.005369705489815567,0.005369437308289093,0.06327199935913086,1.1761649862933214e-19
0.09060230100436158,0.0873664341439087,0.09997723150587293,0.09863210554654143,0.11465239524841309,0.005369437314746547,0.005369169147151354,0.06289505958557129,1.1761833199806846e-19
0.09060157462285745,0.08736632628560624,0.09997723662061998,0.0986325407765414,0.11612558364868164,0.005369169153096297,0.005368900997915205,0.06280827522277832,1.1762016563459987e-19
0.09060084825400286,0.08736621843228816,0.09997724173517133,0.09863297597563304,0.11693310737609863,0.0053689010048663,0.005368632863778089,0.06270241737365723,1.1762199939974804e-19
0.0906001218977996,0.08736611058395409,0.099977246849527,0.09863341114381942,0.11731290817260742,0.005368632870052412,0.005368364742430742,0.06221771240234375,1.1762383312951526e-19
0.0905993955542493,0.08736600274060373,0.09997725196368697,0.0986338462811036,0.11925077438354492,0.005368364748655602,0.005368096634228436,0.062476396560668945,1.1762566673988966e-19
0.0905986692233535,0.0873658949022367,0.09997725707765125,0.09863428138748864,0.11771392822265625,0.00536809664067565,0.005367828539881714,0.06252264976501465,1.1762750053849672e-19
0.090597942905114,0.08736578706885272,0.09997726219141982,0.09863471646297761,0.1198720932006836,0.005367828546111076,0.005367560458680032,0.06251311302185059,1.1762933319327208e-19
0.09059721659953243,0.08736567924045141,0.0999772673049927,0.09863515150757358,0.12151575088500977,0.005367560464961642,0.005367292390445755,0.06232333183288574,1.1763116660600374e-19
0.09059649030661042,0.08736557141703245,0.0999772724183699,0.09863558652127961,0.11972332000732422,0.005367292397228378,0.005367024336244697,0.06251263618469238,1.1763299980987186e-19
0.09059576402634956,0.0873654635985955,0.0999772775315514,0.09863602150409882,0.12089896202087402,0.005367024342908555,0.005366756295543951,0.06326961517333984,1.176348328105024e-19
0.09059503775875155,0.08736535578514024,0.09997728264453722,0.09863645645603422,0.11789321899414062,0.005366756302001461,0.005366488268165881,0.062255144119262695,1.1763666644997282e-19
0.09059431150381811,0.08736524797666632,0.09997728775732735,0.0986368913770889,0.12137913703918457,0.005366488274506428,0.0053662202541104875,0.06251001358032227,1.1763849920847514e-19
0.09059358526155085,0.08736514017317343,0.0999772928699218,0.09863732626726597,0.12166738510131836,0.005366220260423083,0.005365952253200135,0.06267166137695312,1.1764033214278955e-19
0.0905928590319514,0.08736503237466123,0.09997729798232056,0.09863776112656839,0.1177818775177002,0.00536595225975052,0.0053656842659677295,0.06293177604675293,1.1764216483149507e-19
0.09059213281502129,0.08736492458112938,0.09997730309452364,0.09863819595499929,0.1201622486114502,0.005365684272489641,0.005365416292235636,0.06393170356750488,1.1764399740777884e-19
0.0905914066107622,0.08736481679257753,0.09997730820653103,0.09863863075256168,0.11881709098815918,0.005365416298637541,0.005365148332003855,0.06412029266357422,1.1764583035356395e-19
0.09059068041917584,0.08736470900900535,0.09997731331834273,0.09863906551925868,0.11846423149108887,0.005365148338193791,0.0053648803843842074,0.06425905227661133,1.1764766307050002e-19
0.09058995424026378,0.08736460123041252,0.09997731842995874,0.09863950025509333,0.11960172653198242,0.005364880391159821,0.0053646124515083216,0.06430292129516602,1.1764949562950866e-19
0.09058922807402764,0.08736449345679871,0.09997732354137907,0.09863993496006868,0.11905813217163086,0.0053646124575321,0.005364344530711662,0.06419563293457031,1.1765132830504947e-19
0.09058850192046905,0.08736438568816357,0.09997732865260373,0.0986403696341878,0.11907696723937988,0.005364344537312869,0.0053640766241258575,0.06426739692687988,1.1765316044629908e-19
0.09058777577958962,0.08736427792450678,0.0999773337636327,0.09864080427745375,0.11992025375366211,0.0053640766304996,0.005363808731040365,0.0647575855255127,1.1765499272787679e-19
0.09058704965139111,0.08736417016582798,0.099977338874466,0.09864123888986959,0.11900687217712402,0.005363808737091027,0.005363540850034099,0.06476569175720215,1.176568252777901e-19
0.09058632353587519,0.08736406241212687,0.0999773439851036,0.09864167347143832,0.11976051330566406,0.0053635408570895035,0.005363272984304501,0.06366181373596191,1.1765865754212016e-19
0.09058559743304344,0.08736395466340308,0.09997734909554554,0.09864210802216306,0.12021756172180176,0.00536327299049094,0.005363005130476495,0.06578850746154785,1.1766048952244465e-19
0.09058487134289751,0.08736384691965629,0.09997735420579179,0.09864254254204688,0.12154889106750488,0.005363005137297395,0.005362737290681707,0.06624531745910645,1.1766232156285096e-19
0.09058414526543905,0.08736373918088618,0.09997735931584237,0.09864297703109283,0.11831879615783691,0.005362737297507212,0.005362469464387232,0.06477856636047363,1.1766415410277662e-19
0.09058341920066965,0.0873636314470924,0.09997736442569727,0.09864341148930396,0.11919212341308594,0.005362469471119339,0.005362201652303611,0.06547307968139648,1.1766598588010686e-19
0.09058269314859096,0.08736352371827463,0.09997736953535649,0.09864384591668335,0.11948847770690918,0.0053622016581313485,0.005361933852299217,0.06406688690185547,1.176678180008556e-19
0.09058196710920467,0.08736341599443252,0.09997737464482004,0.09864428031323404,0.11976075172424316,0.005361933858544409,0.00536166606597277,0.06498098373413086,1.1766965001888315e-19
0.09058124108251246,0.08736330827556577,0.09997737975408792,0.09864471467895904,0.11924576759338379,0.005361666072358096,0.005361398293324271,0.06487798690795898,1.1767148116938755e-19
0.090580515068516,0.087363200561674,0.09997738486316013,0.09864514901386146,0.11824297904968262,0.005361398299570755,0.005361130534176084,0.06445169448852539,1.1767331330791395e-19
0.09057978906721688,0.0873630928527569,0.09997738997203666,0.0986455833179443,0.11831021308898926,0.00536113054018229,0.005360862787995302,0.06439566612243652,1.1767514470544477e-19
0.09057906307861674,0.0873629851488141,0.09997739508071753,0.09864601759121071,0.11952853202819824,0.005360862794192824,0.0053605950554924675,0.06543970108032227,1.1767697642177138e-19
0.09057833710271729,0.08736287744984532,0.09997740018920272,0.09864645183366368,0.11981630325317383,0.0053605950616009675,0.005360327336312309,0.06546163558959961,1.176788076029816e-19
0.09057761113952012,0.0873627697558502,0.09997740529749224,0.09864688604530629,0.11817669868469238,0.005360327342405387,0.005360059630810099,0.06510543823242188,1.1768063871621716e-19
0.09057688518902697,0.08736266206682841,0.09997741040558611,0.09864732022614156,0.11771488189697266,0.005360059636605374,0.005359791938275293,0.06480002403259277,1.1768247007262406e-19
0.0905761592512393,0.08736255438277961,0.0999774155134843,0.09864775437617254,0.11913824081420898,0.0053597919442012875,0.005359524258707893,0.06489849090576172,1.1768430130122564e-19
0.09057543332615889,0.08736244670370347,0.09997742062118682,0.09864818849540234,0.11857318878173828,0.005359524265193868,0.005359256592996076,0.0645442008972168,1.1768613316154777e-19
0.09057470741378736,0.08736233902959967,0.09997742572869367,0.09864862258383399,0.11897516250610352,0.0053592565995807025,0.005358988941495113,0.06450724601745605,1.1768796438227966e-19
0.09057398151412638,0.08736223136046786,0.09997743083600484,0.09864905664147053,0.1185159683227539,0.005358988947358722,0.005358721302251013,0.0643918514251709,1.1768979522916357e-19
0.09057325562717759,0.08736212369630772,0.09997743594312036,0.098649490668315,0.11948466300964355,0.005358721308531978,0.005358453676862496,0.06457853317260742,1.1769162606239058e-19
0.0905725297529426,0.0873620160371189,0.09997744105004022,0.09864992466437049,0.1203460693359375,0.005358453683096843,0.005358186064441384,0.06430435180664062,1.1769345688587135e-19
0.09057180389142296,0.08736190838290107,0.09997744615676442,0.09865035862964003,0.12044644355773926,0.005358186071054565,0.005357918466408762,0.06525015830993652,1.1769528764248083e-19
0.09057107804262036,0.0873618007336539,0.09997745126329295,0.09865079256412666,0.11820745468139648,0.0053579184724021345,0.005357650880455367,0.06481790542602539,1.17697118811518e-19
0.09057035220653652,0.08736169308937705,0.09997745636962584,0.09865122646783345,0.1204988956451416,0.005357650887141323,0.005357383309423369,0.06598305702209473,1.1769894974752334e-19
0.09056962638317305,0.0873615854500702,0.09997746147576304,0.09865166034076345,0.12055706977844238,0.00535738331526735,0.005357115750292962,0.06620121002197266,1.177007801952837e-19
0.09056890057253153,0.087361477815733,0.09997746658170459,0.09865209418291972,0.12033271789550781,0.005357115756783927,0.005356848205551046,0.06641721725463867,1.1770261105520546e-19
0.09056817477461368,0.08736137018636514,0.09997747168745048,0.0986525279943053,0.1194612979888916,0.005356848211688697,0.0053565806735988986,0.06616806983947754,1.1770444122128762e-19
0.09056744898942112,0.08736126256196627,0.09997747679300072,0.0986529617749232,0.11999201774597168,0.0053565806799813435,0.005356313155324699,0.06632828712463379,1.1770627192114004e-19
0.09056672321695546,0.08736115494253606,0.09997748189835529,0.09865339552477655,0.11832690238952637,0.005356313161659862,0.005356045650373176,0.0646982192993164,1.177081023399396e-19
0.09056599745721837,0.08736104732807416,0.0999774870035142,0.09865382924386834,0.11867594718933105,0.005356045656725862,0.005355778158566693,0.06488800048828125,1.1770993243086485e-19
0.09056527171021149,0.08736093971858026,0.09997749210847748,0.09865426293220164,0.11886763572692871,0.005355778165177076,0.005355510680438158,0.06548213958740234,1.1771176285600057e-19
0.09056454597593645,0.08736083211405402,0.09997749721324509,0.09865469658977948,0.11844468116760254,0.0053555106870131425,0.005355243215987571,0.06590628623962402,1.1771359260689104e-19
0.09056382025439495,0.08736072451449511,0.09997750231781705,0.09865513021660494,0.11984610557556152,0.005355243222232996,0.005354975765037295,0.06569766998291016,1.1771542327490533e-19
0.09056309454558858,0.0873606169199032,0.09997750742219336,0.09865556381268102,0.12006855010986328,0.0053549757708356415,0.005354708326521518,0.0654909610748291,1.1771725314879205e-19
0.09056236884951896,0.08736050933027795,0.099977512526374,0.0986559973780108,0.11823105812072754,0.005354708332822464,0.005354440901861324,0.0654456615447998,1.177190831185077e-19
0.09056164316618777,0.08736040174561902,0.099977517630359,0.09865643091259729,0.1184537410736084,0.005354440908191474,0.0053541734901685345,0.0645914077758789,1.177209125879292e-19
0.09056091749559667,0.08736029416592607,0.09997752273414835,0.09865686441644356,0.11732101440429688,0.005354173496942642,0.005353906092864236,0.06511330604553223,1.1772274286119765e-19
0.09056019183774729,0.0873601865911988,0.09997752783774205,0.09865729788955264,0.11842966079711914,0.005353906099073573,0.0053536387081720704,0.06514525413513184,1.1772457252396888e-19
0.0905594661926413,0.08736007902143686,0.0999775329411401,0.0986577313319276,0.11810970306396484,0.005353638714585033,0.0053533713373354885,0.06477856636047363,1.1772640177291719e-19
0.09055874056028027,0.0873599714566399,0.0999775380443425,0.09865816474357145,0.1182394027709961,0.005353371343475554,0.0053531039794663116,0.06450939178466797,1.177282315889354e-19
0.09055801494066582,0.08735986389680761,0.09997754314734926,0.09865859812448727,0.11908960342407227,0.005353103985745198,0.005352836635452718,0.06362414360046387,1.177300611247749e-19
0.09055728933379965,0.08735975634193965,0.09997754825016036,0.09865903147467804,0.11863374710083008,0.005352836641391946,0.005352569303873622,0.06527996063232422,1.1773189100910346e-19
0.09055656373968335,0.0873596487920357,0.09997755335277583,0.09865946479414688,0.11927199363708496,0.005352569310417591,0.005352301987038288,0.06490349769592285,1.1773372054475393e-19
0.09055583815831857,0.08735954124709541,0.09997755845519565,0.09865989808289682,0.11917996406555176,0.005352301992817882,0.005352034682282181,0.06487178802490234,1.1773554946224979e-19
0.09055511258970698,0.08735943370711846,0.09997756355741982,0.0986603313409309,0.11789059638977051,0.0053520346885956305,0.005351767391381657,0.0646662712097168,1.1773737868038928e-19
0.09055438703385026,0.0873593261721045,0.09997756865944835,0.09866076456825217,0.12036466598510742,0.005351767397747865,0.0053515001145143515,0.06421875953674316,1.1773920809001505e-19
0.09055366149075009,0.0873592186420532,0.09997757376128123,0.09866119776486362,0.1182553768157959,0.005351500120274489,0.005351232849726273,0.06479763984680176,1.177410372520904e-19
0.09055293596040814,0.08735911111696423,0.09997757886291848,0.09866163093076841,0.11951828002929688,0.005351232856177287,0.005350965599149049,0.0654752254486084,1.1774286672028686e-19
0.09055221044282609,0.08735900359683726,0.09997758396436009,0.09866206406596947,0.11891841888427734,0.005350965605452768,0.005350698361894501,0.0648050308227539,1.177446953145829e-19
0.09055148493800552,0.08735889608167197,0.09997758906560605,0.09866249717046992,0.11818909645080566,0.005350698368100321,0.005350431137607359,0.06416487693786621,1.1774652401961542e-19
0.09055075944594802,0.087358788571468,0.0999775941666564,0.09866293024427272,0.11980152130126953,0.0053504311441206626,0.005350163926998164,0.06428313255310059,1.1774835327956441e-19
0.09055003396665526,0.08735868106622506,0.09997759926751111,0.09866336328738096,0.1196584701538086,0.005350163933512749,0.005349896729711645,0.06513690948486328,1.1775018191662674e-19
0.09054930850012884,0.08735857356594277,0.09997760436817017,0.09866379629979766,0.12104034423828125,0.005349896736276564,0.005349629546635981,0.06485700607299805,1.1775201091204902e-19
0.09054858304637041,0.08735846607062082,0.0999776094686336,0.09866422928152588,0.12241792678833008,0.005349629552407687,0.005349362375639544,0.06513500213623047,1.1775383948102518e-19
0.0905478576053815,0.08735835858025888,0.09997761456890139,0.0986646622325686,0.11923933029174805,0.005349362381910214,0.0053490952179657825,0.06422138214111328,1.1775566783270164e-19
0.09054713217716384,0.0873582510948566,0.09997761966897355,0.09866509515292889,0.12075638771057129,0.005349095224783229,0.005348828074680512,0.06487655639648438,1.1775749644921706e-19
0.09054640676171916,0.08735814361441367,0.09997762476885008,0.09866552804260977,0.11943960189819336,0.0053488280810229235,0.0053485609440073745,0.06517457962036133,1.1775932501371153e-19
0.09054568135904907,0.08735803613892977,0.09997762986853098,0.09866596090161425,0.12225484848022461,0.005348560950630376,0.005348293827545092,0.06561398506164551,1.1776115344740625e-19
0.09054495596915516,0.08735792866840454,0.09997763496801625,0.09866639372994543,0.12557125091552734,0.0053482938336034715,0.005348026724405486,0.06731033325195312,1.1776298162544352e-19
0.0905442305920391,0.08735782120283767,0.09997764006730589,0.09866682652760632,0.1260087490081787,0.005348026729940869,0.00534775963316747,0.06730151176452637,1.1776481009131431e-19
0.09054350522770252,0.0873577137422288,0.0999776451663999,0.09866725929459999,0.12654590606689453,0.005347759639646088,0.005347492557028488,0.06725788116455078,1.1776663776708468e-19
0.09054277987614714,0.08735760628657761,0.09997765026529828,0.09866769203092943,0.1447598934173584,0.005347492562714207,0.005347225492613461,0.08232998847961426,1.1776846580660367e-19
0.09054205453737452,0.08735749883588378,0.09997765536400104,0.09866812473659771,0.1282508373260498,0.005347225499148782,0.005346958442586924,0.06881570816040039,1.177702948667254e-19
0.09054132921138626,0.08735739139014698,0.09997766046250815,0.09866855741160782,0.12239551544189453,0.005346958448946032,0.005346691406238335,0.06809449195861816,1.1777212238493945e-19
0.09054060389818404,0.08735728394936684,0.09997766556081965,0.09866899005596284,0.12235260009765625,0.005346691412105271,0.005346424382857151,0.06851434707641602,1.1777395052935622e-19
0.09053987859776949,0.08735717651354306,0.09997767065893552,0.0986694226696658,0.1228785514831543,0.005346424388625852,0.005346157372088101,0.06854510307312012,1.1777577824319593e-19
0.09053915331014417,0.08735706908267529,0.09997767575685576,0.09866985525271971,0.12294673919677734,0.005346157378509161,0.0053458903757075404,0.06848502159118652,1.1777760595663597e-19
0.0905384280353098,0.08735696165676321,0.09997768085458036,0.0986702878051276,0.12306356430053711,0.005345890381751121,0.0053456233921167495,0.06818556785583496,1.1777943355903553e-19
0.09053770277326802,0.0873568542358065,0.09997768595210936,0.0986707203268925,0.12311768531799316,0.005345623398354744,0.005345356422381542,0.06803464889526367,1.1778126070526007e-19
0.0905369775240205,0.08735674681980479,0.09997769104944272,0.09867115281801747,0.12283587455749512,0.005345356428316655,0.005345089465436104,0.06796145439147949,1.1778308842456976e-19
0.09053625228756879,0.08735663940875778,0.09997769614658046,0.09867158527850552,0.12254571914672852,0.00534508947163859,0.00534482252145807,0.06753921508789062,1.1778491592603383e-19
0.09053552706391466,0.08735653200266512,0.09997770124352258,0.09867201770835969,0.12263631820678711,0.005344822528319227,0.005344555592223799,0.06746768951416016,1.1778674318986571e-19
0.09053480185305965,0.0873564246015265,0.09997770634026908,0.09867245010758299,0.12382769584655762,0.005344555598356442,0.0053442886750687535,0.06707167625427246,1.1778857117682726e-19
0.09053407665500549,0.08735631720534158,0.09997771143681997,0.09867288247617843,0.12400293350219727,0.005344288681750692,0.005344021772835106,0.06705784797668457,1.177903984869919e-19
0.09053335146975378,0.08735620981411002,0.09997771653317523,0.0986733148141491,0.12416481971740723,0.0053440217784985295,0.005343754882503049,0.06727886199951172,1.1779222565542382e-19
0.09053262629730606,0.0873561024278315,0.09997772162933488,0.098673747121498,0.1255650520324707,0.005343754888602358,0.00534348800584894,0.06753683090209961,1.177940526743444e-19
0.09053190113766392,0.08735599504650567,0.09997772672529891,0.09867417939822817,0.1251239776611328,0.005343488012061532,0.005343221142695143,0.06735539436340332,1.1779587948882378e-19
0.09053117599082906,0.0873558876701322,0.09997773182106733,0.0986746116443426,0.12485289573669434,0.005343221148874958,0.00534295429250875,0.0676572322845459,1.177977067798749e-19
0.09053045085680311,0.0873557802987108,0.09997773691664012,0.09867504385984437,0.125014066696167,0.005342954299042393,0.005342687456355577,0.06793522834777832,1.177995337439886e-19
0.09052972573558779,0.0873556729322411,0.09997774201201731,0.09867547604473649,0.12382054328918457,0.00534268746256207,0.00534242063352508,0.06733012199401855,1.1780136043002668e-19
0.09052900062718475,0.08735556557072278,0.09997774710719888,0.09867590819902201,0.12481212615966797,0.005342420639433373,0.005342153823129081,0.0677340030670166,1.178031874832979e-19
0.09052827553159566,0.08735545821415551,0.09997775220218484,0.09867634032270395,0.12353897094726562,0.005342153829656303,0.00534188702641103,0.06756019592285156,1.1780501397436452e-19
0.09052755044882216,0.08735535086253896,0.09997775729697518,0.09867677241578529,0.12389922142028809,0.0053418870332309016,0.005341620244259104,0.06773853302001953,1.1780684072066323e-19
0.09052682537886572,0.08735524351587277,0.09997776239156991,0.09867720447826905,0.12366867065429688,0.0053416202501543495,0.0053413534736534984,0.06731653213500977,1.178086670396838e-19
0.09052610032172798,0.08735513617415663,0.09997776748596904,0.09867763651015826,0.12319350242614746,0.005341353480428436,0.005341086718146926,0.06704926490783691,1.1781049373070188e-19
0.0905253752774107,0.08735502883739024,0.09997777258017254,0.09867806851145595,0.12429428100585938,0.005341086724049746,0.005340819974897215,0.06686258316040039,1.178123201002573e-19
0.09052465024591558,0.08735492150557322,0.09997777767418044,0.09867850048216516,0.12508916854858398,0.005340819981019344,0.005340553244970181,0.06672263145446777,1.178141468920008e-19
0.09052392522724412,0.08735481417870528,0.09997778276799273,0.09867893242228891,0.12601256370544434,0.0053405532513365606,0.005340286528543459,0.06738138198852539,1.178159727326124e-19
0.09052320022139793,0.08735470685678605,0.09997778786160941,0.09867936433183026,0.12514710426330566,0.0053402865350003405,0.005340019825617048,0.06729817390441895,1.178177998741745e-19
0.09052247522837878,0.08735459953981524,0.09997779295503048,0.09867979621079224,0.12578964233398438,0.005340019832009734,0.00533975313619095,0.06763601303100586,1.1781962550419533e-19
0.0905217502481883,0.08735449222779249,0.09997779804825596,0.09868022805917784,0.12520623207092285,0.005339753142364029,0.005339486459554621,0.06797981262207031,1.1782145133512678e-19
0.09052102528082809,0.08735438492071745,0.09997780314128583,0.09868065987699005,0.1264033317565918,0.005339486466063574,0.005339219796773875,0.06826591491699219,1.178232774919536e-19
0.09052030032629975,0.08735427761858983,0.09997780823412011,0.09868109166423196,0.12606310844421387,0.005339219803106389,0.005338953147315806,0.06796097755432129,1.1782510336383862e-19
0.09051957538460495,0.08735417032140928,0.09997781332675879,0.09868152342090655,0.12607073783874512,0.005338953153492408,0.005338686511002777,0.06818222999572754,1.178269296341094e-19
0.09051885045574534,0.08735406302917548,0.09997781841920185,0.09868195514701686,0.12592387199401855,0.005338686517221674,0.005338419887834789,0.06838274002075195,1.178287553078544e-19
0.09051812553972258,0.08735395574188808,0.0999778235114493,0.09868238684256588,0.12494492530822754,0.005338419894292872,0.005338153278344748,0.06811404228210449,1.178305812461395e-19
0.0905174006365382,0.08735384845954675,0.09997782860350117,0.09868281850755661,0.12407374382019043,0.0053381532847055725,0.005337886682177384,0.06810998916625977,1.1783240679148303e-19
0.09051667574619388,0.08735374118215117,0.09997783369535744,0.09868325014199214,0.12460827827453613,0.00533788668845787,0.005337620099332696,0.06811022758483887,1.1783423256934691e-19
0.09051595086869126,0.08735363390970101,0.0999778387870181,0.09868368174587545,0.1236572265625,0.005337620105551424,0.005337353529633049,0.06794309616088867,1.1783605813567028e-19
0.09051522600403202,0.08735352664219594,0.09997784387848317,0.0986841133192096,0.12417912483215332,0.005337353535984178,0.005337086973433713,0.06801199913024902,1.1783788356537627e-19
0.09051450115221783,0.08735341937963563,0.09997784896975265,0.09868454486199757,0.12358880043029785,0.005337086979755181,0.005336820430379419,0.0675663948059082,1.1783970919128673e-19
0.09051377631325037,0.08735331212201974,0.09997785406082652,0.09868497637424242,0.12354516983032227,0.005336820436864046,0.005336553900825436,0.06791210174560547,1.1784153453516168e-19
0.09051305148713118,0.08735320486934794,0.09997785915170479,0.09868540785594719,0.12366199493408203,0.005336553907310447,0.0053362873845941294,0.06804609298706055,1.1784335975447994e-19
0.09051232667386185,0.08735309762161991,0.09997786424238747,0.09868583930711483,0.12378406524658203,0.00533628739109338,0.005336020881507864,0.06774663925170898,1.1784518485618427e-19
0.090511601873444,0.08735299037883532,0.09997786933287456,0.09868627072774842,0.1231081485748291,0.005336020888211575,0.005335754392277181,0.06772017478942871,1.178470100525506e-19
0.09051087708587924,0.08735288314099382,0.09997787442316605,0.09868670211785092,0.12310600280761719,0.005335754398665608,0.005335487916191539,0.0677039623260498,1.1784883522689963e-19
0.09051015231116935,0.08735277590809512,0.09997787951326195,0.09868713347742537,0.1233968734741211,0.00533548792245381,0.005335221453250938,0.06782698631286621,1.1785066001838843e-19
0.09050942754931605,0.08735266868013886,0.09997788460316226,0.09868756480647477,0.12299537658691406,0.005335221459576244,0.0053349550032777415,0.06782078742980957,1.1785248505726485e-19
0.09050870280032076,0.0873525614571247,0.09997788969286699,0.09868799610500215,0.1228330135345459,0.0053349550100332335,0.005334688568048307,0.06781601905822754,1.1785431024732983e-19
0.09050797806418509,0.08735245423905232,0.0999778947823761,0.0986884273730105,0.12178921699523926,0.0053346885738196955,0.005334422144898099,0.06686568260192871,1.1785613507342075e-19
0.09050725334091077,0.08735234702592137,0.09997789987168965,0.09868885861050289,0.12227916717529297,0.005334422150939643,0.005334155735070567,0.06690001487731934,1.1785795959518127e-19
0.09050652863049945,0.08735223981773156,0.0999779049608076,0.09868928981748232,0.12255239486694336,0.0053341557413905,0.005333889338920983,0.06698989868164062,1.1785978443457264e-19
0.09050580393295284,0.08735213261448255,0.09997791004972997,0.09868972099395179,0.12323927879333496,0.005333889345171882,0.005333622955916439,0.06674504280090332,1.1786160890175941e-19
0.09050507924827247,0.087352025416174,0.09997791513845676,0.0986901521399143,0.12304353713989258,0.005333622962282757,0.005333356586234572,0.0664057731628418,1.178634334310927e-19
0.09050435457645999,0.0873519182228056,0.09997792022698795,0.09869058325537293,0.1230766773223877,0.005333356592724217,0.005333090229875381,0.06624412536621094,1.1786525789749472e-19
0.09050362991751697,0.08735181103437699,0.09997792531532358,0.0986910143403306,0.12372112274169922,0.00533309023649287,0.005332823887016502,0.06644129753112793,1.1786708187458772e-19
0.09050290527144511,0.08735170385088785,0.09997793040346363,0.09869144539479036,0.12429070472717285,0.00533282389358967,0.005332557557835571,0.06668949127197266,1.1786890625699411e-19
0.09050218063824612,0.08735159667233786,0.09997793549140808,0.0986918764187552,0.12367391586303711,0.005332557564014267,0.00533229124179968,0.06664562225341797,1.1787073092339e-19
0.09050145601792162,0.08735148949872666,0.09997794057915696,0.09869230741222813,0.12374687194824219,0.005332291247765007,0.005332024938375923,0.06686758995056152,1.17872555232085e-19
0.09050073141047327,0.08735138233005396,0.09997794566671026,0.09869273837521218,0.12414002418518066,0.005332024944842313,0.0053317586482748425,0.06721830368041992,1.17874379502204e-19
0.0905000068159027,0.08735127516631942,0.09997795075406797,0.09869316930771037,0.12384963035583496,0.005331758655245471,0.005331492372917523,0.06685304641723633,1.178762030145241e-19
0.09049928223421148,0.0873511680075227,0.0999779558412301,0.0986936002097257,0.12401771545410156,0.005331492378970429,0.005331226109461795,0.06713747978210449,1.1787802739919037e-19
0.09049855766540117,0.08735106085366347,0.09997796092819668,0.0986940310812612,0.12382102012634277,0.005331226116020877,0.005330959859684015,0.06711435317993164,1.178798511625794e-19
0.09049783310947343,0.08735095370474141,0.09997796601496767,0.09869446192231984,0.12344670295715332,0.005330959866395821,0.005330693623939453,0.06711125373840332,1.1788167512616803e-19
0.09049710856642991,0.08735084656075619,0.09997797110154306,0.09869489273290467,0.12460899353027344,0.0053306936300919336,0.005330427400451754,0.06742620468139648,1.1788349864317453e-19
0.09049638403627226,0.08735073942170744,0.0999779761879229,0.09869532351301868,0.12352204322814941,0.005330427407109531,0.005330161190642002,0.06701850891113281,1.178853225453271e-19
0.09049565951900208,0.08735063228759489,0.09997798127410715,0.09869575426266491,0.12332034111022949,0.005330161197449327,0.005329894994510198,0.0671391487121582,1.1788714620342176e-19
0.09049493501462101,0.08735052515841818,0.09997798636009583,0.09869618498184637,0.12338900566101074,0.0053298950011095685,0.005329628812056342,0.06731963157653809,1.1788896963902843e-19
0.09049421052313077,0.08735041803417697,0.09997799144588895,0.09869661567056605,0.12311077117919922,0.0053296288180886,0.00532936264256989,0.06713294982910156,1.178907935285402e-19
0.09049348604453311,0.08735031091487094,0.09997799653148648,0.09869704632882695,0.12258648872375488,0.005329362648386396,0.005329096485873208,0.0671088695526123,1.178926169386061e-19
0.09049276157882963,0.08735020380049976,0.09997800161688845,0.09869747695663209,0.1220085620880127,0.005329096492003407,0.005328830342143931,0.06693315505981445,1.1789444032513983e-19
0.09049203712602188,0.08735009669106311,0.09997800670209485,0.09869790755398447,0.12253594398498535,0.005328830348938299,0.00532856421298078,0.06693172454833984,1.1789626323542376e-19
0.09049131268611144,0.08734998958656066,0.09997801178710568,0.0986983381208871,0.12168765068054199,0.005328564219190277,0.005328298096607398,0.06672143936157227,1.1789808657111833e-19
0.09049058825910003,0.08734988248699209,0.09997801687192094,0.09869876865734298,0.12199544906616211,0.005328298102758975,0.005328031993911964,0.06703901290893555,1.1789990953616943e-19
0.09048986384498917,0.08734977539235705,0.09997802195654062,0.09869919916335512,0.1221168041229248,0.005328031999642508,0.005327765903295756,0.0670466423034668,1.17901732651155e-19
0.0904891394437805,0.08734966830265523,0.09997802704096476,0.09869962963892653,0.12114548683166504,0.005327765909842912,0.005327499827245674,0.06631994247436523,1.1790355573278683e-19
0.09048841505547571,0.08734956121788627,0.09997803212519331,0.09870006008406024,0.1219024658203125,0.005327499833356075,0.005327233763807726,0.06615424156188965,1.1790537882967974e-19
0.09048769068007642,0.08734945413804986,0.09997803720922628,0.0987004904987592,0.12118387222290039,0.005327233770183391,0.005326967713692454,0.06638312339782715,1.1790720162916046e-19
0.09048696631758418,0.08734934706314568,0.09997804229306372,0.09870092088302643,0.12041068077087402,0.005326967720325531,0.005326701677077494,0.06609582901000977,1.1790902447553002e-19
0.09048624196800073,0.08734923999317339,0.09997804737670557,0.09870135123686495,0.12161087989807129,0.005326701683779784,0.005326435654140482,0.06631064414978027,1.1791084717431766e-19
0.09048551763132777,0.08734913292813266,0.09997805246015186,0.09870178156027778,0.12047123908996582,0.005326435660544872,0.005326169644170875,0.06602883338928223,1.1791266955963692e-19
0.09048479330756683,0.08734902586802318,0.0999780575434026,0.0987022118532679,0.12069272994995117,0.005326169650622037,0.005325903647523944,0.06588888168334961,1.1791449258288423e-19
0.09048406899671957,0.0873489188128446,0.09997806262645777,0.0987026421158383,0.12087178230285645,0.005325903654009024,0.005325637664199689,0.06558942794799805,1.1791631530011611e-19
0.09048334469878769,0.0873488117625966,0.09997806770931739,0.09870307234799201,0.1207737922668457,0.005325637670705442,0.0053253716945533824,0.06527352333068848,1.1791813727056934e-19
0.09048262041377268,0.08734870471727883,0.09997807279198145,0.09870350254973202,0.11999344825744629,0.005325371700710966,0.005325105737163938,0.06471085548400879,1.1791996044566714e-19
0.09048189614167616,0.08734859767689099,0.09997807787444996,0.0987039327210613,0.11806225776672363,0.005325105744025986,0.005324839794518255,0.06340193748474121,1.1792178303075455e-19
0.09048117188249986,0.08734849064143273,0.0999780829567229,0.09870436286198289,0.11846494674682617,0.005324839800648376,0.005324573864129434,0.06460738182067871,1.1792360487832656e-19
0.09048044763624534,0.08734838361090373,0.09997808803880029,0.0987047929724998,0.11922597885131836,0.005324573870577953,0.005324307947596196,0.06460213661193848,1.1792542695789628e-19
0.09047972340291428,0.08734827658530368,0.09997809312068212,0.09870522305261502,0.11972856521606445,0.00532430795381362,0.005324042043852728,0.06518816947937012,1.1792724893039732e-19
0.09047899918250835,0.08734816956463225,0.0999780982023684,0.09870565310233152,0.11986780166625977,0.005324042050355754,0.005323776153609572,0.06416559219360352,1.1792907133141108e-19
0.09047827497502911,0.08734806254888906,0.09997810328385912,0.09870608312165233,0.1179354190826416,0.0053237761602043365,0.005323510277044363,0.0638267993927002,1.179308929777957e-19
0.09047755078047817,0.08734795553807383,0.09997810836515428,0.09870651311058042,0.11769771575927734,0.005323510283355675,0.0053232444134465595,0.06409239768981934,1.1793271487034196e-19
0.09047682659885715,0.08734784853218619,0.09997811344625389,0.09870694306911883,0.11712908744812012,0.005323244419810485,0.0053229785635267035,0.06364607810974121,1.1793453672229606e-19
0.09047610243016779,0.08734774153122585,0.09997811852715795,0.0987073729972705,0.11760258674621582,0.0053229785695690065,0.005322712726396617,0.063720703125,1.1793635883338385e-19
0.09047537827441163,0.08734763453519245,0.09997812360786645,0.09870780289503851,0.11923408508300781,0.005322712732629661,0.005322446902944478,0.06384825706481934,1.1793818093930463e-19
0.09047465413159027,0.08734752754408569,0.09997812868837942,0.09870823276242581,0.11834979057312012,0.005322446908992421,0.005322181092104472,0.06361794471740723,1.179400023865722e-19
0.09047393000170534,0.08734742055790522,0.09997813376869683,0.09870866259943535,0.11912846565246582,0.005322181098656662,0.005321915295652957,0.06416773796081543,1.1794182370215497e-19
0.0904732058847585,0.0873473135766507,0.09997813884881869,0.09870909240607019,0.12113547325134277,0.00532191530162028,0.005321649511813575,0.06458497047424316,1.1794364535353298e-19
0.09047248178075148,0.08734720660032183,0.099978143928745,0.09870952218233328,0.12003278732299805,0.005321649517884035,0.005321383741119234,0.06467723846435547,1.1794546646291947e-19
0.09047175768968582,0.08734709962891828,0.09997814900847578,0.09870995192822767,0.1214601993560791,0.005321383747446894,0.005321117983925205,0.06395864486694336,1.1794728849760036e-19
0.09047103361156322,0.0873469926624397,0.099978154088011,0.09871038164375633,0.12147235870361328,0.005321117990308506,0.0053208522407643954,0.06605839729309082,1.1794910918026156e-19
0.09047030954638538,0.08734688570088577,0.09997815916735067,0.09871081132892226,0.12094473838806152,0.005320852246466833,0.005320586509327541,0.06619548797607422,1.1795093039181061e-19
0.09046958549415388,0.08734677874425616,0.0999781642464948,0.09871124098372847,0.1196444034576416,0.005320586515923332,0.005320320792279176,0.06537199020385742,1.1795275182240945e-19
0.09046886145487044,0.08734667179255054,0.09997816932544339,0.09871167060817793,0.12027692794799805,0.005320320798676899,0.005320055088020581,0.06577157974243164,1.1795457341491327e-19
0.09046813742853661,0.0873465648457686,0.09997817440419643,0.09871210020227365,0.12060785293579102,0.005320055094726607,0.0053197893979728406,0.0646665096282959,1.179563935775773e-19
0.09046741341515399,0.08734645790390999,0.09997817948275392,0.09871252976601862,0.11993265151977539,0.005319789404070741,0.005319523720359598,0.0653231143951416,1.179582144993158e-19
0.09046668941472429,0.0873463509669744,0.09997818456111587,0.09871295929941584,0.11979222297668457,0.005319523726709574,0.005319258056601939,0.06534266471862793,1.179600361143395e-19
0.09046596542724901,0.08734624403496151,0.09997818963928229,0.09871338880246827,0.11782622337341309,0.005319258062640903,0.005318992405456413,0.06459808349609375,1.1796185678633506e-19
0.0904652414527299,0.08734613710787097,0.09997819471725317,0.09871381827517892,0.11832952499389648,0.00531899241186664,0.005318726768344106,0.06428384780883789,1.179636775234851e-19
0.09046451749116848,0.08734603018570246,0.0999781997950285,0.09871424771755079,0.11847376823425293,0.005318726774384133,0.005318461143843933,0.06473827362060547,1.1796549815368035e-19
0.09046379354256642,0.08734592326845565,0.0999782048726083,0.09871467712958687,0.11776280403137207,0.00531846115019338,0.005318195532488801,0.06409454345703125,1.17967318870933e-19
0.09046306960692534,0.0873458163561302,0.09997820994999257,0.09871510651129016,0.11858749389648438,0.005318195539295773,0.005317929934811616,0.06444311141967773,1.1796913905672915e-19
0.09046234568424671,0.0873457094487258,0.09997821502718131,0.09871553586266364,0.11915278434753418,0.005317929941688298,0.0053176643504571075,0.06516599655151367,1.179709596726354e-19
0.0904616217745323,0.08734560254624212,0.0999782201041745,0.0987159651837103,0.11816048622131348,0.005317664357370579,0.005317398779958182,0.06465601921081543,1.1797277991560855e-19
0.09046089787778362,0.0873454956486788,0.09997822518097216,0.09871639447443313,0.11948657035827637,0.005317398786341509,0.005317133222249026,0.0658259391784668,1.179746011141394e-19
0.09046017399400236,0.08734538875603555,0.0999782302575743,0.09871682373483509,0.11897969245910645,0.0053171332286005716,0.005316867677862547,0.06468415260314941,1.179764209055685e-19
0.09045945012319027,0.08734528186831203,0.0999782353339809,0.09871725296491919,0.11921095848083496,0.005316867684146419,0.005316602146798743,0.06544017791748047,1.1797824115595092e-19
0.09045872626534907,0.08734517498550792,0.09997824041019197,0.09871768216468839,0.11975765228271484,0.005316602152980294,0.005316336628879981,0.06571698188781738,1.1798006108514525e-19
0.09045800242048022,0.08734506810762287,0.09997824548620751,0.0987181113341457,0.11809015274047852,0.0053163366351002975,0.005316071124639166,0.0648806095123291,1.179818816085151e-19
0.09045727858858535,0.08734496123465657,0.09997825056202753,0.09871854047329412,0.11923098564147949,0.0053160711305050325,0.005315805633543391,0.06646275520324707,1.1798370083002982e-19
0.09045655476966614,0.08734485436660869,0.09997825563765202,0.0987189695821366,0.11829018592834473,0.005315805639195136,0.005315540154882115,0.06491732597351074,1.1798552112180868e-19
0.09045583096372423,0.08734474750347891,0.09997826071308097,0.09871939866067617,0.12002325057983398,0.005315540161170438,0.005315274690076421,0.06566524505615234,1.179873407694862e-19
0.09045510717076122,0.08734464064526691,0.0999782657883144,0.09871982770891577,0.11839103698730469,0.00531527469642977,0.005315009238415769,0.06482219696044922,1.1798916101032578e-19
0.09045438339077869,0.08734453379197234,0.0999782708633523,0.09872025672685839,0.11913871765136719,0.005315009244972224,0.0053147438006106995,0.06499290466308594,1.1799098076702588e-19
0.09045365962377833,0.0873444269435949,0.09997827593819468,0.09872068571450698,0.11858057975769043,0.005314743806796042,0.005314478375417764,0.0648658275604248,1.1799279994713963e-19
0.09045293586976176,0.08734432010013424,0.09997828101284154,0.09872111467186458,0.11793851852416992,0.005314478381902333,0.0053142129640804114,0.06479430198669434,1.1799462023736458e-19
0.0904522121287306,0.08734421326159002,0.09997828608729287,0.09872154359893416,0.11767864227294922,0.005314212970289371,0.0053139475658881,0.06470298767089844,1.1799643910639152e-19
0.09045148840068648,0.08734410642796193,0.09997829116154867,0.09872197249571875,0.11709928512573242,0.005313947571956829,0.005313682180485557,0.06452107429504395,1.1799825898755065e-19
0.09045076468563103,0.08734399959924966,0.09997829623560896,0.09872240136222131,0.1172947883605957,0.005313682186904703,0.005313416808583327,0.06470584869384766,1.1800007890437806e-19
0.09045004098356592,0.08734389277545285,0.09997830130947372,0.09872283019844481,0.11603403091430664,0.005313416815132054,0.005313151450181408,0.06457924842834473,1.1800189792636948e-19
0.09044931729449275,0.08734378595657119,0.09997830638314295,0.09872325900439224,0.11684918403625488,0.005313151456638134,0.0053128861052798015,0.06517815589904785,1.1800371692667624e-19
0.09044859361841318,0.08734367914260434,0.09997831145661666,0.0987236877800666,0.11705636978149414,0.00531288611142096,0.0053126207733456,0.0647420883178711,1.1800553616859143e-19
0.0904478699553288,0.08734357233355197,0.09997831652989486,0.09872411652547082,0.11730456352233887,0.0053126207794811945,0.005312355454556439,0.06471514701843262,1.1800735550846182e-19
0.09044714630524123,0.08734346552941377,0.09997832160297755,0.09872454524060792,0.1173255443572998,0.005312355460817855,0.00531209014926759,0.06387853622436523,1.1800917457013167e-19
0.09044642266815205,0.0873433587301894,0.09997832667586472,0.09872497392548087,0.11651015281677246,0.005312090155430962,0.005311824857123781,0.06343245506286621,1.1801099391073793e-19
0.09044569904406297,0.08734325193587854,0.09997833174855637,0.09872540258009264,0.11649131774902344,0.005311824863318138,0.0053115595781250136,0.0642843246459961,1.180128123476457e-19
0.09044497543297558,0.08734314514648087,0.0999783368210525,0.09872583120444627,0.11523151397705078,0.005311559584480094,0.005311294312093651,0.0633697509765625,1.180146304225366e-19
0.09044425183489153,0.08734303836199604,0.09997834189335313,0.09872625979854469,0.11765170097351074,0.00531129431891717,0.005311029060628414,0.06294441223144531,1.1801644972589442e-19
0.09044352824981246,0.08734293158242376,0.09997834696545824,0.09872668836239087,0.11870479583740234,0.005311029066625571,0.005310763821775311,0.06320858001708984,1.1801826852962221e-19
0.09044280467774003,0.08734282480776367,0.09997835203736784,0.09872711689598783,0.11751508712768555,0.0053107638276060735,0.005310498595534341,0.06279683113098145,1.1802008733448096e-19
0.09044208111867576,0.08734271803801545,0.09997835710908191,0.09872754539933852,0.11795759201049805,0.005310498601859376,0.0053102333831489545,0.06286120414733887,1.1802190540580468e-19
0.09044135757262131,0.08734261127317877,0.0999783621806005,0.0987279738724459,0.11961913108825684,0.005310233389384086,0.005309968183730973,0.0637655258178711,1.1802372466995668e-19
0.0904406340395784,0.08734250451325333,0.09997836725192356,0.098728402315313,0.12020134925842285,0.005309968190179575,0.005309702997990939,0.06360864639282227,1.180255427203681e-19
0.09043991051954858,0.08734239775823877,0.09997837232305112,0.09872883072794279,0.12116193771362305,0.005309703004243854,0.0053094378252183105,0.06423759460449219,1.18027360910549e-19
0.09043918701253345,0.08734229100813479,0.09997837739398317,0.0987292591103382,0.11959195137023926,0.005309437831577821,0.005309172666301265,0.06362748146057129,1.1802917928587657e-19
0.0904384635185347,0.08734218426294103,0.09997838246471971,0.09872968746250223,0.12040972709655762,0.005309172672179547,0.005308907519641082,0.0638132095336914,1.1803099753002966e-19
0.09043774003755388,0.0873420775226572,0.09997838753526075,0.09873011578443786,0.12119030952453613,0.005308907526051081,0.005308642386836482,0.06440138816833496,1.180328159972142e-19
0.09043701656959258,0.08734197078728297,0.09997839260560629,0.09873054407614808,0.11952638626098633,0.005308642393188348,0.005308377267354558,0.0650491714477539,1.180346336537582e-19
0.09043629311465252,0.08734186405681799,0.09997839767575631,0.09873097233763585,0.12223124504089355,0.005308377273592068,0.005308112161017675,0.06512856483459473,1.1803645185228956e-19
0.09043556967273535,0.08734175733126194,0.09997840274571083,0.09873140056890416,0.12087059020996094,0.00530811216726118,0.005307847068003468,0.06431818008422852,1.1803826955047008e-19
0.09043484624384256,0.0873416506106145,0.09997840781546986,0.098731828769956,0.1195530891418457,0.005307847074196052,0.005307581987956667,0.064727783203125,1.180400879457212e-19
0.09043412282797582,0.08734154389487532,0.09997841288503338,0.09873225694079432,0.12160134315490723,0.005307581994395693,0.005307316921410177,0.0643458366394043,1.1804190601709134e-19
0.09043339942513688,0.0873414371840441,0.0999784179544014,0.0987326850814221,0.12075042724609375,0.005307316927858788,0.005307051868363999,0.06589794158935547,1.1804372349919095e-19
0.09043267603532736,0.0873413304781205,0.09997842302357393,0.09873311319184229,0.12235856056213379,0.005307051874584996,0.005306786828285226,0.06633996963500977,1.1804554107243438e-19
0.09043195265854889,0.0873412237771042,0.09997842809255095,0.09873354127205787,0.11966419219970703,0.005306786834573644,0.005306521801706765,0.06512975692749023,1.1804735845578352e-19
0.09043122929480314,0.08734111708099487,0.09997843316133248,0.09873396932207182,0.11896371841430664,0.005306521807823027,0.005306256787740438,0.06525468826293945,1.180491763113626e-19
0.09043050594409152,0.08734101038979221,0.09997843822991852,0.0987343973418871,0.1186363697052002,0.005306256794334869,0.005305991787629694,0.06508040428161621,1.1805099307235024e-19
0.09042978260641578,0.08734090370349587,0.09997844329830904,0.0987348253315067,0.11916565895080566,0.005305991794107122,0.005305726800841626,0.0650014877319336,1.1805281141868068e-19
0.09042905928177755,0.08734079702210551,0.09997844836650409,0.09873525329093358,0.11869311332702637,0.005305726807139808,0.005305461827020963,0.06505274772644043,1.1805462836172367e-19
0.09042833597017855,0.08734069034562082,0.09997845343450365,0.09873568122017072,0.11807131767272949,0.00530546183343028,0.005305196866167705,0.06490325927734375,1.1805644619449706e-19
0.09042761267162042,0.08734058367404147,0.0999784585023077,0.09873610911922108,0.11982250213623047,0.005305196872979876,0.005304931919347666,0.06516456604003906,1.180582629859255e-19
0.09042688938610455,0.08734047700736713,0.09997846356991626,0.09873653698808765,0.11982846260070801,0.005304931925787534,0.005304666986027939,0.06555891036987305,1.1806008000788783e-19
0.0904261661136327,0.0873403703455975,0.09997846863732933,0.09873696482677341,0.12060356140136719,0.005304666991850624,0.005304402064965075,0.06449294090270996,1.1806189711092653e-19
0.0904254428542065,0.08734026368873221,0.0999784737045469,0.0987373926352813,0.11952948570251465,0.005304402071170522,0.005304137157757793,0.06586384773254395,1.1806371386120774e-19
0.09042471960782761,0.08734015703677096,0.09997847877156898,0.0987378204136143,0.12047553062438965,0.005304137163747158,0.005303872264050824,0.06584882736206055,1.1806553143251315e-19
0.09042399637449755,0.0873400503897134,0.09997848383839557,0.09873824816177543,0.11934065818786621,0.0053038722695778594,0.005303607382600717,0.06516599655151367,1.1806734776118266e-19
0.09042327315421805,0.08733994374755921,0.09997848890502668,0.0987386758797676,0.11968564987182617,0.005303607388664084,0.005303342514828557,0.06604409217834473,1.1806916462602055e-19
0.09042254994699075,0.0873398371103081,0.09997849397146229,0.09873910356759381,0.11948943138122559,0.005303342521004438,0.00530307766055671,0.06477689743041992,1.1807098158857682e-19
0.09042182675281715,0.0873397304779597,0.09997849903770242,0.09873953122525703,0.11970710754394531,0.005303077666597832,0.005302812819252267,0.06542444229125977,1.1807279758635158e-19
0.09042110357169901,0.08733962385051373,0.09997850410374706,0.09873995885276018,0.11973142623901367,0.0053028128254436965,0.005302547991092865,0.06546878814697266,1.180746143630324e-19
0.09042038040363788,0.08733951722796983,0.09997850916959622,0.09874038645010627,0.11778855323791504,0.005302547997541684,0.005302283177144318,0.06458353996276855,1.18076431001405e-19
0.0904196572486354,0.08733941061032768,0.0999785142352499,0.09874081401729824,0.11786627769470215,0.0053022831828894255,0.005302018375452633,0.06459736824035645,1.1807824767439931e-19
0.09041893410669317,0.08733930399758695,0.09997851930070809,0.09874124155433907,0.11837387084960938,0.005302018381487,0.005301753586905988,0.06529068946838379,1.1808006379834808e-19
0.09041821097781295,0.08733919738974731,0.0999785243659708,0.0987416690612317,0.11756777763366699,0.005301753593336694,0.005301488812214927,0.06471562385559082,1.1808188031522644e-19
0.09041748786199616,0.08733909078680845,0.09997852943103802,0.09874209653797911,0.11767840385437012,0.0053014888184351695,0.005301224050491271,0.06423163414001465,1.1808369622339353e-19
0.09041676475924446,0.08733898418877002,0.09997853449590977,0.09874252398458426,0.11833739280700684,0.005301224056782111,0.0053009593019126555,0.06498980522155762,1.180855125205161e-19
0.09041604166955956,0.08733887759563172,0.09997853956058603,0.09874295140105015,0.11788654327392578,0.005300959308377531,0.005300694567189623,0.06488537788391113,1.1808732906027515e-19
0.09041531859294305,0.08733877100739319,0.0999785446250668,0.0987433787873797,0.11906576156616211,0.005300694573217694,0.005300429845078725,0.06640100479125977,1.1808914530819566e-19
0.0904145955293965,0.08733866442405415,0.0999785496893521,0.09874380614357592,0.11782646179199219,0.005300429851306351,0.005300165136468138,0.06459331512451172,1.180909606423855e-19
0.09041387247892152,0.08733855784561424,0.09997855475344193,0.09874423346964177,0.11805582046508789,0.0053001651426401505,0.005299900441002592,0.06510496139526367,1.1809277690016252e-19
0.09041314944151989,0.08733845127207317,0.09997855981733629,0.09874466076558021,0.11789274215698242,0.005299900447219401,0.005299635758859722,0.0651237964630127,1.1809459272681605e-19
0.09041242641719315,0.0873383447034306,0.09997856488103517,0.09874508803139419,0.11652517318725586,0.005299635765043075,0.0052993710900395286,0.0642085075378418,1.1809640826892854e-19
0.09041170340594303,0.0873382381396862,0.09997856994453858,0.09874551526708666,0.11748862266540527,0.0052993710961105655,0.005299106434009104,0.06531000137329102,1.1809822387480254e-19
0.09041098040777105,0.08733813158083964,0.0999785750078465,0.09874594247266061,0.11651754379272461,0.0052991064404218835,0.005298841792011899,0.0642387866973877,1.1810003967159625e-19
0.0904102574226789,0.0873380250268906,0.09997858007095894,0.09874636964811898,0.11828374862670898,0.0052988417979743406,0.005298577162271556,0.06520295143127441,1.1810185540646102e-19
0.09040953445066813,0.08733791847783876,0.09997858513387593,0.09874679679346474,0.11652588844299316,0.0052985771687699594,0.005298312546386796,0.06424427032470703,1.181036709218042e-19
0.09040881149174029,0.08733781193368377,0.09997859019659745,0.09874722390870083,0.11696529388427734,0.005298312552807041,0.005298047943469442,0.0643155574798584,1.1810548622135552e-19
0.09040808854589713,0.08733770539442533,0.09997859525912349,0.09874765099383026,0.11691403388977051,0.0052980479500843005,0.0052977833542300345,0.06414508819580078,1.181073016969358e-19
0.0904073656131402,0.08733759886006309,0.09997860032145407,0.09874807804885598,0.1160576343536377,0.005297783360601351,0.005297518777958032,0.06363439559936523,1.1810911663927587e-19
0.0904066426934711,0.08733749233059675,0.09997860538358919,0.09874850507378095,0.11667251586914062,0.005297518784357555,0.005297254215186342,0.06361055374145508,1.181109321629044e-19
0.09040591978689141,0.08733738580602597,0.09997861044552883,0.09874893206860813,0.11669683456420898,0.005297254221351545,0.005296989665737328,0.06355619430541992,1.1811274720075436e-19
0.0904051968934029,0.08733727928635043,0.09997861550727301,0.09874935903334046,0.11667394638061523,0.0052969896715829865,0.005296725128722812,0.06376528739929199,1.181145622448327e-19
0.09040447401300716,0.08733717277156981,0.09997862056882172,0.0987497859679809,0.11515498161315918,0.005296725135053313,0.00529646060556388,0.06299614906311035,1.1811637698211594e-19
0.09040375114570581,0.08733706626168379,0.09997862563017496,0.09875021287253238,0.11551594734191895,0.005296460611759089,0.005296196095372352,0.06347846984863281,1.1811819257028697e-19
0.09040302829150046,0.08733695975669203,0.09997863069133273,0.09875063974699794,0.11657929420471191,0.005296196101700416,0.0052959315985035005,0.06269335746765137,1.1812000711107286e-19
0.09040230545039268,0.08733685325659421,0.09997863575229504,0.09875106659138048,0.11794614791870117,0.005295931604876878,0.00529566711477969,0.06281876564025879,1.1812182240914196e-19
0.09040158262238422,0.08733674676139,0.09997864081306189,0.098751493405683,0.11767077445983887,0.005295667121288864,0.005295402644556191,0.062325477600097656,1.1812363653461967e-19
0.09040085980747661,0.08733664027107908,0.09997864587363328,0.09875192018990843,0.11780595779418945,0.005295402650934306,0.005295138187655368,0.06229043006896973,1.1812545186076214e-19
0.09040013700567151,0.08733653378566113,0.0999786509340092,0.09875234694405972,0.11871194839477539,0.005295138193812252,0.005294873743544315,0.0629115104675293,1.1812726601008736e-19
0.0903994142169705,0.0873364273051358,0.09997865599418966,0.09875277366813981,0.11833477020263672,0.005294873749923045,0.005294609312933574,0.06252288818359375,1.1812908065809643e-19
0.09039869144137519,0.08733632082950281,0.09997866105417466,0.09875320036215166,0.12041664123535156,0.00529460931926669,0.005294344895467873,0.062059879302978516,1.1813089505761194e-19
0.09039796867888732,0.08733621435876178,0.09997866611396419,0.09875362702609827,0.12228918075561523,0.005294344901841164,0.005294080491147213,0.06335067749023438,1.1813270966501108e-19
0.09039724592950844,0.0873361078929124,0.09997867117355827,0.09875405365998256,0.12086725234985352,0.005294080497646518,0.005293816100326865,0.06374406814575195,1.1813452355456816e-19
0.09039652319324024,0.08733600143195437,0.09997867623295689,0.0987544802638075,0.11992716789245605,0.0052938161066813805,0.005293551723184464,0.06415462493896484,1.1813633829685276e-19
0.0903958004700842,0.08733589497588735,0.09997868129216007,0.09875490683757601,0.12132692337036133,0.005293551728945008,0.00529328735812129,0.0646822452545166,1.1813815190879904e-19
0.09039507776004194,0.08733578852471102,0.0999786863511678,0.09875533338129107,0.12091231346130371,0.005293287364437231,0.005293023007091335,0.06492352485656738,1.181399664254119e-19
0.09039435506311515,0.08733568207842506,0.09997869140998006,0.09875575989495562,0.12103486061096191,0.005293023013156937,0.005292758669028785,0.0653076171875,1.1814178044113647e-19
0.0903936323793054,0.08733557563702914,0.09997869646859688,0.09875618637857261,0.12013721466064453,0.005292758675103835,0.005292494343578369,0.06470012664794922,1.181435943560653e-19
0.09039290970861441,0.08733546920052293,0.09997870152701824,0.098756612832145,0.12059855461120605,0.005292494350278993,0.005292230032516443,0.06431174278259277,1.181454083713009e-19
0.09039218705104371,0.08733536276890612,0.09997870658524415,0.09875703925567575,0.1214604377746582,0.005292230038678947,0.00529196573406665,0.06511759757995605,1.181472224439881e-19
0.09039146440659492,0.08733525634217837,0.09997871164327461,0.09875746564916778,0.12043881416320801,0.005291965740304155,0.005291701448939534,0.06571149826049805,1.1814903595583385e-19
0.09039074177526966,0.08733514992033936,0.09997871670110961,0.09875789201262405,0.12265205383300781,0.005291701455153871,0.005291437176957459,0.06613922119140625,1.181508496980049e-19
0.09039001915706951,0.08733504350338876,0.09997872175874917,0.09875831834604755,0.12121224403381348,0.005291437183227458,0.005291172917942788,0.06514549255371094,1.1815266347204518e-19
0.09038929655199615,0.08733493709132625,0.09997872681619327,0.0987587446494412,0.1196434497833252,0.005291172924526302,0.005290908672961336,0.0651094913482666,1.1815447657810031e-19
0.09038857396005119,0.0873348306841515,0.09997873187344193,0.09875917092280798,0.12173056602478027,0.00529090867904593,0.005290644440769654,0.06476640701293945,1.1815629106823788e-19
0.0903878513812364,0.0873347242818642,0.09997873693049514,0.09875959716615078,0.12086367607116699,0.0052906444467874575,0.005290380221367741,0.06659269332885742,1.1815810405830082e-19
0.0903871288155533,0.08733461788446402,0.09997874198735292,0.09876002337947258,0.12071037292480469,0.005290380227749888,0.00529011601546614,0.06603789329528809,1.1815991741560254e-19
0.09038640626300362,0.08733451149195064,0.09997874704401524,0.09876044956277633,0.11816620826721191,0.0052901160219342245,0.005289851823064851,0.0647284984588623,1.181617311138665e-19
0.09038568372358888,0.0873344051043237,0.09997875210048211,0.098760875716065,0.1184382438659668,0.005289851829337435,0.005289587644163873,0.0650336742401123,1.1816354387108249e-19
0.09038496119731058,0.08733429872158291,0.09997875715675354,0.09876130183934154,0.11865901947021484,0.005289587649958794,0.005289323477697394,0.06519627571105957,1.1816535715225431e-19
0.09038423868417052,0.08733419234372794,0.09997876221282953,0.09876172793260886,0.1188955307006836,0.005289323483799461,0.0052890593249088624,0.06471848487854004,1.1816717013362103e-19
0.09038351618417018,0.08733408597075848,0.09997876726871009,0.09876215399586995,0.1193227767944336,0.005289059330857972,0.005288795184732464,0.06521296501159668,1.181689832076871e-19
0.09038279369731123,0.0873339796026742,0.09997877232439521,0.09876258002912769,0.11897039413452148,0.005288795191134784,0.0052885310578787426,0.0653688907623291,1.1817079615528644e-19
0.0903820712235953,0.08733387323947475,0.09997877737988488,0.09876300603238505,0.1205143928527832,0.005288531064627842,0.005288266945591147,0.06576037406921387,1.1817260903786865e-19
0.09038134876302406,0.08733376688115982,0.09997878243517912,0.09876343200564498,0.11849260330200195,0.00528826695133573,0.005288002845027506,0.06559443473815918,1.1817442191860882e-19
0.09038062631559915,0.08733366052772909,0.09997878749027792,0.09876385794891045,0.11964726448059082,0.005288002851259879,0.005287738758497085,0.06472373008728027,1.1817623505203946e-19
0.09037990388132215,0.08733355417918223,0.09997879254518127,0.09876428386218435,0.11907529830932617,0.005287738764397938,0.005287474684401161,0.06592154502868652,1.1817804741053078e-19
0.09037918146019472,0.08733344783551894,0.0999787975998892,0.0987647097454697,0.1203162670135498,0.005287474690750301,0.005287210623983185,0.0664815902709961,1.1817986000044576e-19
0.09037845905221839,0.08733334149673887,0.09997880265440169,0.09876513559876943,0.11896157264709473,0.0052872106303162286,0.005286946576354978,0.06558012962341309,1.181816724913422e-19
0.09037773665739478,0.0873332351628417,0.09997880770871874,0.09876556142208646,0.11894607543945312,0.005286946583095149,0.005286682542404719,0.06604790687561035,1.1818348472852887e-19
0.09037701427572563,0.08733312883382711,0.09997881276284036,0.09876598721542373,0.11873245239257812,0.005286682549086282,0.0052864185217771364,0.06488990783691406,1.18185297194549e-19
0.09037629190721257,0.0873330225096948,0.09997881781676654,0.0987664129787842,0.11859321594238281,0.005286418528288661,0.005286154514649866,0.06570839881896973,1.181871095569406e-19
0.09037556955185709,0.0873329161904444,0.0999788228704973,0.09876683871217082,0.11855816841125488,0.005286154520701627,0.00528589052049,0.0652618408203125,1.1818892185806888e-19
0.09037484720966078,0.08733280987607561,0.09997882792403262,0.09876726441558649,0.11638855934143066,0.0052858905263231315,0.005285626539297539,0.06406712532043457,1.1819073458308113e-19
0.09037412488062525,0.08733270356658811,0.09997883297737252,0.09876769008903419,0.11610293388366699,0.005285626545154296,0.0052853625712501184,0.06362676620483398,1.1819254646274784e-19
0.0903734025647521,0.08733259726198156,0.09997883803051698,0.09876811573251684,0.11701512336730957,0.005285362577194394,0.005285098615992467,0.06449604034423828,1.1819435851836813e-19
0.09037268026204308,0.08733249096225566,0.09997884308346601,0.0987685413460374,0.11531639099121094,0.005285098622442798,0.005284834674768035,0.06345677375793457,1.1819617020171667e-19
0.09037195797249985,0.08733238466741007,0.09997884813621963,0.09876896692959879,0.11533331871032715,0.005284834680899154,0.005284570746511008,0.06330132484436035,1.1819798262749357e-19
0.09037123569612387,0.08733227837744446,0.09997885318877782,0.09876939248320393,0.11600160598754883,0.005284570752561747,0.005284306831576657,0.06375432014465332,1.1819979410543306e-19
0.09037051343291697,0.08733217209235854,0.09997885824114057,0.0987698180068558,0.11569023132324219,0.00528430683743002,0.00528404292925444,0.06373429298400879,1.1820160593872231e-19
0.09036979118288067,0.08733206581215194,0.0999788632933079,0.09877024350055728,0.11609745025634766,0.005284042935504225,0.005283779040432535,0.06403923034667969,1.182034177020092e-19
0.09036906894601661,0.08733195953682438,0.09997886834527982,0.09877066896431137,0.11624884605407715,0.0052837790467827415,0.005283515164933306,0.06298208236694336,1.1820522975935235e-19
0.09036834672232637,0.0873318532663755,0.09997887339705631,0.09877109439812098,0.11633944511413574,0.005283515171264889,0.005283251303112024,0.06366634368896484,1.1820704142737446e-19
0.09036762451181155,0.08733174700080501,0.09997887844863738,0.09877151980198912,0.11650967597961426,0.005283251308950323,0.005282987454080512,0.06377649307250977,1.1820885297900306e-19
0.09036690231447381,0.08733164074011257,0.09997888350002304,0.09877194517591864,0.11557316780090332,0.005282987459837399,0.005282723617661134,0.06255650520324707,1.1821066471824128e-19
0.09036618013031462,0.08733153448429784,0.09997888855121327,0.09877237051991254,0.11670327186584473,0.00528272362392818,0.005282459794386796,0.06327176094055176,1.1821247563847778e-19
0.09036545795933562,0.08733142823336051,0.09997889360220807,0.09877279583397375,0.11654210090637207,0.005282459801220976,0.005282195985500948,0.06268525123596191,1.182142864603703e-19
0.09036473580153849,0.08733132198730026,0.09997889865300746,0.09877322111810517,0.11734342575073242,0.005282195991714065,0.0052819321890495985,0.06336617469787598,1.1821609819189071e-19
0.09036401365692494,0.08733121574611678,0.09997890370361144,0.09877364637230977,0.11768078804016113,0.005281932195406475,0.005281668405920925,0.06283092498779297,1.182179092117076e-19
0.09036329152549653,0.08733110950980974,0.09997890875401999,0.0987740715965905,0.1172175407409668,0.005281668412299522,0.005281404636114928,0.061859130859375,1.1821972120721383e-19
0.0903625694072548,0.0873310032783788,0.09997891380423314,0.09877449679095025,0.11853623390197754,0.005281404642390897,0.005281140879453972,0.06186270713806152,1.1822153146632954e-19
0.09036184730220154,0.08733089705182365,0.09997891885425088,0.09877492195539193,0.11933255195617676,0.005281140885679969,0.00528087713576042,0.062307119369506836,1.182233431198509e-19
0.09036112521033822,0.08733079083014396,0.09997892390407319,0.09877534708991852,0.11868166923522949,0.005280877142166384,0.0052806134055671805,0.06238389015197754,1.1822515381582294e-19
0.09036040313166645,0.0873306846133394,0.0999789289537001,0.09877577219453294,0.11826872825622559,0.005280613411849146,0.0052803496885189816,0.06231403350830078,1.1822696434922815e-19
0.09035968106618789,0.08733057840140965,0.09997893400313158,0.0987761972692381,0.11893105506896973,0.005280349694727894,0.005280085984615823,0.06295657157897949,1.182287749755726e-19
0.09035895901390421,0.08733047219435441,0.09997893905236767,0.09877662231403697,0.11876130104064941,0.005280085990802055,0.005279822294035341,0.06255865097045898,1.1823058579982683e-19
0.090358236974817,0.08733036599217334,0.09997894410140834,0.09877704732893247,0.11824703216552734,0.005279822300070512,0.005279558615711721,0.06348180770874023,1.182323965199012e-19
0.09035751494892788,0.08733025979486612,0.0999789491502536,0.09877747231392757,0.11906170845031738,0.005279558622535107,0.005279294952309499,0.06366562843322754,1.1823420704566358e-19
0.09035679293623845,0.08733015360243243,0.09997895419890344,0.09877789726902517,0.11840319633483887,0.005279294958190594,0.005279031300986503,0.06344342231750488,1.1823601791461106e-19
0.09035607093675037,0.08733004741487192,0.09997895924735789,0.0987783221942282,0.11937403678894043,0.005279031307039833,0.0052787676624532764,0.06400918960571289,1.1823782775884728e-19
0.09035534895046521,0.08732994123218431,0.09997896429561694,0.09877874708953965,0.11924266815185547,0.005278767669081865,0.0052785040381309045,0.06425833702087402,1.1823963844820095e-19
0.09035462697738449,0.08732983505436925,0.09997896934368057,0.09877917195496241,0.11898183822631836,0.00527850404431453,0.005278240426953573,0.06410026550292969,1.1824144866379117e-19
0.09035390501750994,0.08732972888142643,0.0999789743915488,0.09877959679049944,0.1189274787902832,0.005278240432737206,0.00527797682821074,0.06418013572692871,1.1824325907268843e-19
0.09035318307084317,0.08732962271335551,0.09997897943922164,0.09878002159615364,0.11987471580505371,0.005277976834351699,0.005277713243501125,0.06501960754394531,1.182450690862393e-19
0.09035246113738583,0.08732951655015618,0.09997898448669906,0.09878044637192795,0.12075281143188477,0.005277713249153176,0.005277449670693102,0.06599926948547363,1.1824687921962145e-19
0.09035173921713945,0.08732941039182812,0.09997898953398109,0.09878087111782531,0.12021899223327637,0.005277449677145767,0.005277186112095933,0.06457948684692383,1.1824868884397903e-19
0.09035101731010574,0.087329304238371,0.09997899458106771,0.09878129583384862,0.1197500228881836,0.00527718611832575,0.005276922566288533,0.06510591506958008,1.182504987416094e-19
0.09035029541628627,0.08732919808978451,0.09997899962795893,0.09878172052000082,0.11891698837280273,0.00527692257269415,0.005276659034159081,0.0648038387298584,1.1825230943378233e-19
0.09034957353568267,0.0873290919460683,0.09997900467465476,0.09878214517628485,0.1177828311920166,0.005276659040248262,0.00527639551517467,0.06400442123413086,1.1825411881112893e-19
0.09034885166829663,0.08732898580722208,0.09997900972115518,0.09878256980270361,0.11942124366760254,0.005276395520987798,0.005276132008802392,0.06532073020935059,1.1825592873435834e-19
0.09034812981412972,0.0873288796732455,0.09997901476746021,0.09878299439926001,0.11943674087524414,0.005276132014914106,0.005275868515219884,0.06426620483398438,1.1825773832262363e-19
0.09034740797318357,0.08732877354413826,0.09997901981356984,0.09878341896595705,0.12044405937194824,0.005275868522026218,0.00527560503584823,0.06502866744995117,1.182595482557618e-19
0.09034668614545971,0.08732866741990003,0.09997902485948407,0.09878384350279763,0.11804938316345215,0.005275605042320695,0.005275341569266345,0.06414008140563965,1.1826135755766955e-19
0.09034596433095989,0.08732856130053049,0.09997902990520291,0.09878426800978465,0.11735177040100098,0.005275341575799656,0.005275078116007137,0.06430864334106445,1.1826316735846688e-19
0.09034524252968569,0.0873284551860293,0.09997903495072635,0.09878469248692107,0.11881184577941895,0.005275078122460677,0.005274814676248241,0.06550884246826172,1.18264976274536e-19
0.09034452074163875,0.08732834907639617,0.09997903999605441,0.09878511693420979,0.11992144584655762,0.005274814682303468,0.0052745512487462065,0.06563782691955566,1.1826678602412586e-19
0.09034379896682061,0.08732824297163075,0.09997904504118707,0.09878554135165371,0.11994051933288574,0.005274551255328463,0.005274287835277391,0.06581234931945801,1.1826859502743093e-19
0.09034307720523299,0.08732813687173271,0.09997905008612434,0.09878596573925576,0.12011432647705078,0.005274287841534508,0.00527402443442071,0.06597232818603516,1.1827040403903816e-19
0.09034235545687741,0.08732803077670175,0.09997905513086622,0.09878639009701885,0.12021541595458984,0.005274024440921043,0.005273761047419612,0.06598711013793945,1.182722139814855e-19
0.09034163372175544,0.08732792468653754,0.0999790601754127,0.098786814424946,0.1190958023071289,0.005273761053487044,0.005273497673208283,0.06598567962646484,1.182740228181668e-19
0.0903409119998687,0.08732781860123977,0.09997906521976381,0.09878723872304007,0.11838650703430176,0.005273497679230842,0.0052732343121419945,0.06512141227722168,1.1827583146582594e-19
0.09034019029121881,0.08732771252080809,0.09997907026391953,0.09878766299130402,0.11718082427978516,0.005273234318153094,0.0052729709649312895,0.06435132026672363,1.1827764063807154e-19
0.0903394685958074,0.08732760644524222,0.09997907530787985,0.09878808722974075,0.11956024169921875,0.005272970970251106,0.00527270762944454,0.06534099578857422,1.1827944963613685e-19
0.09033874691363607,0.08732750037454182,0.09997908035164478,0.09878851143835315,0.11771321296691895,0.005272707635527663,0.00527244430834628,0.06559014320373535,1.1828125842261012e-19
0.09033802524470648,0.08732739430870656,0.09997908539521433,0.09878893561714418,0.11861419677734375,0.00527244431397966,0.005272180999682519,0.06483769416809082,1.1828306721544766e-19
0.09033730358902026,0.08732728824773613,0.0999790904385885,0.09878935976611676,0.11930465698242188,0.005272181005608179,0.005271917703986162,0.06509947776794434,1.1828487581766157e-19
0.0903365819465789,0.08732718219163019,0.0999790954817673,0.09878978388527382,0.11667227745056152,0.005271917710412557,0.005271654421967753,0.0645301342010498,1.1828668437315153e-19
0.09033586031738408,0.08732707614038844,0.0999791005247507,0.09879020797461828,0.11780810356140137,0.005271654428390867,0.005271391153449656,0.06397390365600586,1.1828849289350027e-19
0.09033513870143743,0.08732697009401053,0.09997910556753872,0.09879063203415306,0.11779475212097168,0.005271391159542249,0.005271127897898964,0.0650784969329834,1.182903010471639e-19
0.09033441709874059,0.08732686405249615,0.09997911061013136,0.09879105606388107,0.11961507797241211,0.0052711279038661525,0.005270864655315677,0.06477093696594238,1.1829210968316406e-19
0.09033369550929526,0.087326758015845,0.09997911565252861,0.09879148006380523,0.11841535568237305,0.00527086466136128,0.005270601426232702,0.06340646743774414,1.1829391810782495e-19
0.09033297393310295,0.08732665198405673,0.09997912069473049,0.09879190403392846,0.11767435073852539,0.005270601432027907,0.005270338209406589,0.06448125839233398,1.1829572672052776e-19
0.09033225237016522,0.08732654595713103,0.09997912573673699,0.09879232797425372,0.1176607608795166,0.005270338215866761,0.0052700750067913305,0.0637972354888916,1.1829753454689297e-19
0.09033153082048366,0.08732643993506758,0.0999791307785481,0.09879275188478391,0.11779403686523438,0.005270075012875132,0.005269811816788206,0.06406188011169434,1.1829934299428323e-19
0.09033080928406001,0.08732633391786605,0.09997913582016384,0.09879317576552195,0.11789250373840332,0.005269811823053385,0.005269548640285393,0.06440901756286621,1.1830115074478546e-19
0.09033008776089582,0.08732622790552612,0.0999791408615842,0.09879359961647075,0.11786913871765137,0.005269548646400856,0.005269285476749985,0.06436634063720703,1.183029583305852e-19
0.09032936625099268,0.08732612189804748,0.0999791459028092,0.09879402343763323,0.11779570579528809,0.005269285482916524,0.005269022326004347,0.06423592567443848,1.1830476677224198e-19
0.09032864475435219,0.08732601589542978,0.0999791509438388,0.0987944472290123,0.11803984642028809,0.005269022332600853,0.005268759189647199,0.0645296573638916,1.1830657436496243e-19
0.090327923270976,0.08732590989767272,0.09997915598467305,0.09879487099061088,0.11767983436584473,0.005268759195449942,0.005268496065546913,0.06408166885375977,1.1830838240019628e-19
0.09032720180086573,0.08732580390477597,0.09997916102531192,0.09879529472243184,0.11893510818481445,0.005268496071465628,0.005268232954236396,0.06517767906188965,1.1831018974319663e-19
0.09032648034402295,0.08732569791673922,0.09997916606575541,0.09879571842447814,0.11845803260803223,0.005268232960648626,0.005267969856426191,0.06379151344299316,1.1831199748478135e-19
0.09032575890044925,0.08732559193356214,0.09997917110600353,0.09879614209675269,0.11861395835876465,0.005267969862996223,0.005267706772293934,0.06439995765686035,1.1831380551997452e-19
0.09032503747014631,0.0873254859552444,0.09997917614605628,0.09879656573925841,0.11819219589233398,0.005267706778507397,0.005267443701484353,0.0639503002166748,1.1831561246761677e-19
0.09032431605311571,0.08732537998178572,0.09997918118591367,0.09879698935199822,0.11757826805114746,0.005267443707181752,0.0052671806431092705,0.06328225135803223,1.183174201948657e-19
0.09032359464935909,0.08732527401318572,0.0999791862255757,0.09879741293497504,0.11930155754089355,0.005267180649019696,0.005266917597523957,0.06455802917480469,1.1831922716552407e-19
0.09032287325887804,0.08732516804944412,0.09997919126504234,0.09879783648819176,0.1191866397857666,0.005266917604021682,0.005266654565616591,0.06351876258850098,1.1832103453297607e-19
0.09032215188167418,0.0873250620905606,0.09997919630431362,0.09879826001165128,0.12101602554321289,0.005266654572184569,0.0052663915468542655,0.06452751159667969,1.1832284207400648e-19
0.09032143051774907,0.0873249561365348,0.09997920134338954,0.09879868350535655,0.11873960494995117,0.005266391553508811,0.005266128541236981,0.06381583213806152,1.1832464914831675e-19
0.09032070916710441,0.08732485018736644,0.09997920638227009,0.09879910696931049,0.11750483512878418,0.005266128547992681,0.005265865549475279,0.06339097023010254,1.1832645632143862e-19
0.09031998782974189,0.08732474424305516,0.09997921142095528,0.09879953040351601,0.11942028999328613,0.00526586555563612,0.0052656025703257114,0.06508612632751465,1.183282636166092e-19
0.09031926650566302,0.08732463830360065,0.0999792164594451,0.09879995380797604,0.12055206298828125,0.005265602576437847,0.0052653396041435485,0.06537866592407227,1.1833007050360302e-19
0.09031854519486941,0.08732453236900262,0.09997922149773958,0.09880037718269345,0.1201324462890625,0.005265339610398923,0.005265076651106426,0.06548666954040527,1.1833187700817384e-19
0.09031782389736273,0.08732442643926072,0.09997922653583868,0.09880080052767116,0.1204681396484375,0.00526507665751762,0.00526481371139198,0.06561517715454102,1.1833368420530358e-19
0.09031710261314459,0.08732432051437464,0.09997923157374243,0.09880122384291211,0.12084341049194336,0.005264813717793674,0.005264550785355482,0.06590867042541504,1.1833549118654834e-19
0.0903163813422166,0.08732421459434406,0.09997923661145082,0.09880164712841918,0.12091875076293945,0.005264550791224974,0.005264287871753481,0.06587409973144531,1.1833729736515511e-19
0.09031566008458033,0.08732410867916866,0.09997924164896385,0.09880207038419529,0.12012052536010742,0.005264287877811676,0.0052640249718294285,0.06546449661254883,1.1833910463208912e-19
0.09031493884023743,0.08732400276884814,0.09997924668628153,0.09880249361024333,0.11924505233764648,0.005264024977552993,0.005263762083984602,0.06498527526855469,1.183409110054733e-19
0.09031421760918942,0.08732389686338214,0.09997925172340384,0.09880291680656622,0.12014412879943848,0.005263762090450386,0.005263499210350631,0.06564593315124512,1.183427173225424e-19
0.09031349639143792,0.08732379096277036,0.09997925676033081,0.09880333997316683,0.1182851791381836,0.005263499216501445,0.0052632363498617,0.06560254096984863,1.183445235461704e-19
0.09031277518698455,0.08732368506701248,0.09997926179706243,0.09880376311004814,0.12021017074584961,0.005263236355704128,0.005262973501984902,0.06524395942687988,1.1834633013869815e-19
0.09031205399583102,0.08732357917610817,0.0999792668335987,0.09880418621721306,0.12045812606811523,0.005262973508059883,0.005262710667253145,0.06518077850341797,1.183481368958307e-19
0.09031133281797891,0.0873234732900571,0.0999792718699396,0.09880460929466446,0.11806130409240723,0.005262710673568025,0.005262447846021701,0.06508588790893555,1.183499427321322e-19
0.09031061165342984,0.08732336740885897,0.09997927690608516,0.09880503234240529,0.11934304237365723,0.005262447852226234,0.005262185037757661,0.06441974639892578,1.18351748446057e-19
0.0903098905021854,0.08732326153251346,0.09997928194203537,0.0988054553604384,0.11907267570495605,0.005262185044036141,0.005261922242461026,0.06617522239685059,1.1835355524662162e-19
0.09030916936424725,0.08732315566102024,0.09997928697779022,0.09880587834876674,0.11972856521606445,0.005261922248995512,0.005261659460664703,0.0659935474395752,1.1835536125480485e-19
0.09030844823961694,0.08732304979437898,0.09997929201334972,0.09880630130739317,0.1169424057006836,0.0052616594671038835,0.005261396692546327,0.06386542320251465,1.183571670114686e-19
0.09030772712829602,0.08732294393258937,0.09997929704871387,0.09880672423632064,0.11665153503417969,0.005261396698360624,0.005261133936684814,0.06455683708190918,1.1835897284808843e-19
0.09030700603028606,0.0873228380756511,0.09997930208388268,0.09880714713555207,0.11656069755554199,0.0052611339427654485,0.005260871193968342,0.0636129379272461,1.1836077840749502e-19
0.09030628494558887,0.08732273222356383,0.09997930711885615,0.0988075700050903,0.11706304550170898,0.005260871200317347,0.005260608464752181,0.06353306770324707,1.1836258445972135e-19
0.090305563874206,0.08732262637632725,0.09997931215363427,0.09880799284493828,0.11832118034362793,0.005260608471016391,0.0052603457485034255,0.06420397758483887,1.1836439057436808e-19
0.09030484281613896,0.08732252053394104,0.09997931718821705,0.09880841565509889,0.11729812622070312,0.0052603457548608835,0.005260083045044439,0.06339502334594727,1.1836619563366375e-19
0.0903041217713894,0.08732241469640488,0.09997932222260449,0.09880883843557503,0.11673402786254883,0.005260083051851177,0.0052598203557963075,0.06324148178100586,1.1836800106705858e-19
0.09030340073995889,0.08732230886371843,0.09997932725679658,0.0988092611863696,0.11849403381347656,0.005259820361984834,0.005259557678982674,0.06397604942321777,1.1836980654430873e-19
0.09030267972184917,0.08732220303588138,0.09997933229079332,0.09880968390748554,0.11980724334716797,0.005259557685263287,0.0052592950158469876,0.06434488296508789,1.1837161162897665e-19
0.09030195871706173,0.08732209721289343,0.09997933732459474,0.09881010659892574,0.11994624137878418,0.005259295021683832,0.005259032365145799,0.06531524658203125,1.1837341743721452e-19
0.09030123772559831,0.08732199139475422,0.0999793423582008,0.09881052926069309,0.11934137344360352,0.005259032371247188,0.005258769727767287,0.06398677825927734,1.18375222664992e-19
0.0903005167474604,0.08732188558146345,0.09997934739161153,0.09881095189279047,0.1191401481628418,0.005258769733951746,0.005258507103711452,0.06477117538452148,1.183770277275997e-19
0.09029979578264957,0.0873217797730208,0.09997935242482692,0.0988113744952208,0.11887216567993164,0.005258507109798037,0.005258244492978292,0.06464815139770508,1.183788331487378e-19
0.09029907483116748,0.08732167396942597,0.09997935745784696,0.09881179706798703,0.11781597137451172,0.005258244498784162,0.005257981894679631,0.06412506103515625,1.1838063795957208e-19
0.09029835389301576,0.08732156817067863,0.09997936249067167,0.09881221961109202,0.11895751953125,0.005257981900910805,0.005257719309881281,0.06534981727600098,1.1838244315993343e-19
0.09029763296819604,0.08732146237677843,0.09997936752330105,0.09881264212453869,0.11883759498596191,0.005257719316176942,0.005257456738583244,0.06434774398803711,1.1838424782805915e-19
0.09029691205670995,0.08732135658772508,0.0999793725557351,0.0988130646083299,0.1193540096282959,0.0052574567445809,0.0052571941800749755,0.06523561477661133,1.1838605314750602e-19
0.09029619115855912,0.08732125080351825,0.09997937758797379,0.09881348706246859,0.11666417121887207,0.005257194186123394,0.0052569316343564765,0.06412696838378906,1.1838785744137034e-19
0.09029547027374507,0.08732114502415764,0.09997938262001715,0.0988139094869576,0.11578583717346191,0.005256931640804377,0.005256669102315925,0.06377768516540527,1.183896624183763e-19
0.09029474940226946,0.0873210392496429,0.0999793876518652,0.09881433188179989,0.11739230155944824,0.00525666910862061,0.00525640658359805,0.06524920463562012,1.1839146666193502e-19
0.09029402854413394,0.08732093347997372,0.09997939268351791,0.09881475424699836,0.11861729621887207,0.005256406589572313,0.005256144077137037,0.06510114669799805,1.1839327182097826e-19
0.09029330769934006,0.08732082771514979,0.09997939771497527,0.09881517658255588,0.11821317672729492,0.005256144083660605,0.005255881584353972,0.06473517417907715,1.1839507651139179e-19
0.09029258686788938,0.08732072195517078,0.09997940274623732,0.09881559888847537,0.11779141426086426,0.005255881590883836,0.005255619105071219,0.06429362297058105,1.1839688025256928e-19
0.09029186604978354,0.0873206162000364,0.09997940777730403,0.09881602116475972,0.11880278587341309,0.005255619111240234,0.005255356638578235,0.06460380554199219,1.183986849884748e-19
0.0902911452450242,0.08732051044974629,0.09997941280817542,0.09881644341141183,0.1191720962524414,0.005255356644729497,0.005255094185230291,0.06417489051818848,1.1840048924171987e-19
0.09029042445361285,0.08732040470430015,0.09997941783885148,0.09881686562843457,0.11904716491699219,0.005255094191351357,0.005254831744672117,0.06373286247253418,1.1840229370736037e-19
0.09028970367555121,0.08732029896369767,0.0999794228693322,0.09881728781583088,0.1197805404663086,0.00525483175110619,0.005254569317969526,0.06391763687133789,1.18404097743873e-19
0.09028898291084078,0.0873201932279385,0.09997942789961763,0.09881770997360362,0.11923742294311523,0.005254569323990868,0.005254306903346162,0.06408429145812988,1.1840590193096239e-19
0.09028826215948324,0.08732008749702236,0.0999794329297077,0.0988181321017557,0.11732172966003418,0.005254306910007554,0.005254044503111288,0.06344223022460938,1.1840770589576555e-19
0.0902875414214801,0.08731998177094888,0.09997943795960247,0.09881855420029004,0.12062430381774902,0.005254044509152443,0.005253782115488548,0.06344199180603027,1.184095097381137e-19
0.09028682069683312,0.08731987604971776,0.09997944298930192,0.09881897626920949,0.12055206298828125,0.005253782121427251,0.005253519740477941,0.06417965888977051,1.184113137783536e-19
0.09028609998554389,0.08731977033332872,0.09997944801880605,0.09881939830851694,0.11807799339294434,0.0052535197468310535,0.005253257379500553,0.06369304656982422,1.184131179914836e-19
0.09028537928761392,0.0873196646217814,0.09997945304811486,0.0988198203182153,0.11896753311157227,0.0052532573853631345,0.005252995030602392,0.06331086158752441,1.1841492104738196e-19
0.09028465860304492,0.08731955891507548,0.09997945807722833,0.09882024229830746,0.11876416206359863,0.005252995037022183,0.0052527326959150855,0.06433677673339844,1.1841672499847912e-19
0.09028393793183853,0.08731945321321065,0.09997946310614649,0.09882066424879632,0.11929512023925781,0.0052527327018068795,0.0052524703738399126,0.06422877311706543,1.1841852869741645e-19
0.0902832172739962,0.0873193475161866,0.09997946813486933,0.09882108616968475,0.11874675750732422,0.005252470379718481,0.005252208064554509,0.06281757354736328,1.1842033200054344e-19
0.09028249662951969,0.087319241824003,0.09997947316339685,0.09882150806097567,0.11814618110656738,0.005252208070755152,0.005251945769302324,0.06317758560180664,1.1842213565502582e-19
0.09028177599841052,0.08731913613665954,0.09997947819172906,0.09882192992267201,0.11839532852172852,0.005251945774915761,0.005251683486129366,0.06309390068054199,1.1842393906643723e-19
0.09028105538067033,0.08731903045415589,0.09997948321986597,0.09882235175477663,0.1186833381652832,0.005251683492201382,0.005251421216811991,0.06277012825012207,1.1842574267878267e-19
0.09028033477630072,0.08731892477649172,0.09997948824780754,0.0988227735572924,0.11917591094970703,0.0052514212226100225,0.005251158959929114,0.06331634521484375,1.1842754584337372e-19
0.09027961418530332,0.08731881910366675,0.0999794932755538,0.09882319533022223,0.11822247505187988,0.005251158966141676,0.005250896716191278,0.06342768669128418,1.1842934943348162e-19
0.0902788936076798,0.08731871343568064,0.09997949830310475,0.098823617073569,0.11827516555786133,0.0052508967227964136,0.0052506344864866605,0.0632622241973877,1.1843115184769613e-19
0.09027817304343172,0.08731860777253304,0.09997950333046039,0.09882403878733564,0.11852169036865234,0.0052506344925721425,0.005250372269038905,0.06334853172302246,1.1843295564954361e-19
0.09027745249256061,0.08731850211422366,0.09997950835762072,0.09882446047152504,0.11910748481750488,0.005250372275469276,0.005250110065802005,0.06341242790222168,1.1843475848467138e-19
0.09027673195506807,0.08731839646075219,0.09997951338458574,0.09882488212614006,0.11928820610046387,0.005250110071485393,0.005249847874466695,0.06451678276062012,1.1843656145314826e-19
0.09027601143095573,0.08731829081211828,0.09997951841135545,0.09882530375118359,0.12019181251525879,0.005249847880621232,0.005249585696631698,0.06343936920166016,1.184383634704088e-19
0.09027529092022529,0.08731818516832163,0.09997952343792985,0.09882572534665852,0.11906814575195312,0.0052495857028761915,0.0052493235315864695,0.06409835815429688,1.1844016690311371e-19
0.09027457042287829,0.08731807952936192,0.09997952846430895,0.09882614691256775,0.11894488334655762,0.005249323538249948,0.0052490613803968245,0.06382203102111816,1.1844196987888517e-19
0.09027384993891634,0.08731797389523885,0.09997953349049274,0.09882656844891412,0.1180734634399414,0.005249061386740429,0.005248799241996949,0.06308841705322266,1.184437724964885e-19
0.09027312946834108,0.08731786826595207,0.09997953851648123,0.09882698995570056,0.11961722373962402,0.005248799248347644,0.0052485371167421135,0.0645284652709961,1.1844557511570849e-19
0.0902724090111541,0.08731776264150129,0.09997954354227441,0.09882741143292996,0.11941790580749512,0.00524853712307127,0.005248275004809955,0.06394386291503906,1.1844737752232334e-19
0.09027168856735698,0.08731765702188617,0.09997954856787228,0.09882783288060519,0.12050604820251465,0.0052482750109103535,0.005248012906022836,0.06469607353210449,1.1844917997516382e-19
0.09027096813695125,0.08731755140710638,0.09997955359327486,0.09882825429872914,0.11723661422729492,0.005248012911864169,0.00524775081949258,0.06374216079711914,1.1845098295890681e-19
0.09027024771993866,0.08731744579716164,0.09997955861848214,0.09882867568730473,0.1165616512298584,0.0052477508259324715,0.005247488746462636,0.06346917152404785,1.1845278476524833e-19
0.0902695273163207,0.0873173401920516,0.0999795636434941,0.09882909704633486,0.11826086044311523,0.00524748875311465,0.00524722668711064,0.06478643417358398,1.1845458707709456e-19
0.090268806926099,0.08731723459177596,0.09997956866831077,0.09882951837582239,0.11956048011779785,0.005247226693409228,0.005246964640726048,0.06516814231872559,1.1845638963639413e-19
0.0902680865492752,0.08731712899633438,0.09997957369293214,0.09882993967577022,0.11917424201965332,0.005246964646815323,0.005246702607308862,0.06485533714294434,1.1845819166569853e-19
0.09026736618585096,0.08731702340572657,0.09997957871735821,0.09883036094618125,0.11906242370605469,0.005246702613333843,0.005246440587036716,0.06423521041870117,1.1845999407039957e-19
0.09026664583582776,0.08731691781995218,0.099979583741589,0.09883078218705835,0.11891794204711914,0.005246440592962525,0.005246178579021432,0.06465911865234375,1.1846179585069722e-19
0.09026592549920731,0.08731681223901093,0.09997958876562447,0.09883120339840439,0.11907291412353516,0.005246178585702159,0.005245916584684096,0.06464219093322754,1.1846359723914155e-19
0.09026520517599114,0.08731670666290246,0.09997959378946465,0.09883162458022224,0.11837244033813477,0.005245916591552312,0.005245654604379979,0.06400775909423828,1.1846539944984116e-19
0.09026448486618081,0.08731660109162648,0.09997959881310954,0.09883204573251483,0.11856222152709961,0.0052456546105099046,0.0052453926366879955,0.06387615203857422,1.184672011412639e-19
0.09026376456977801,0.08731649552518264,0.09997960383655913,0.098832466855285,0.11863255500793457,0.005245392642574344,0.0052451306816081456,0.06471824645996094,1.184690031526377e-19
0.09026304428678439,0.08731638996357065,0.09997960885981343,0.09883288794853562,0.11787557601928711,0.005245130687747383,0.005244868740028608,0.0645444393157959,1.1847080460669645e-19
0.09026232401720155,0.08731628440679018,0.09997961388287244,0.09883330901226961,0.11984777450561523,0.005244868746027603,0.0052446068114164746,0.06418943405151367,1.1847260628121457e-19
0.090261603761031,0.08731617885484091,0.09997961890573616,0.09883373004648985,0.1190645694732666,0.0052446068174140815,0.005244344895949382,0.06477975845336914,1.1847440791886578e-19
0.09026088351827433,0.08731607330772255,0.09997962392840459,0.09883415105119918,0.11786890029907227,0.005244344901904723,0.005244082993094423,0.06442666053771973,1.184762093726019e-19
0.09026016328893319,0.08731596776543475,0.09997962895087774,0.09883457202640043,0.11862063407897949,0.005244082999502696,0.005243821104095048,0.06501173973083496,1.1847801037439242e-19
0.0902594430730092,0.0873158622279772,0.0999796339731556,0.09883499297209657,0.11771249771118164,0.005243821110204556,0.00524355922753017,0.06539058685302734,1.184798116903151e-19
0.090258722870504,0.08731575669534959,0.09997963899523817,0.09883541388829044,0.1188802719116211,0.005243559234009374,0.00524329736464324,0.06496000289916992,1.1848161298001675e-19
0.0902580026814192,0.08731565116755159,0.09997964401712545,0.09883583477498498,0.11746525764465332,0.0052432973709177775,0.005243035514368444,0.06344962120056152,1.1848341436757249e-19
0.09025728250575632,0.08731554564458288,0.09997964903881744,0.09883625563218307,0.11433601379394531,0.005243035520929148,0.005242773677593959,0.06327366828918457,1.1848521559204663e-19
0.09025656234351707,0.08731544012644314,0.09997965406031416,0.09883667645988754,0.11557221412658691,0.0052427736840418215,0.0052425118539645155,0.06376361846923828,1.1848701655891494e-19
0.09025584219470299,0.08731533461313207,0.09997965908161559,0.09883709725810126,0.11559462547302246,0.005242511860254738,0.005242250043302477,0.06393170356750488,1.184888176013671e-19
0.09025512205931571,0.08731522910464933,0.09997966410272174,0.09883751802682715,0.11548233032226562,0.005242250049568318,0.005241988245785478,0.06377124786376953,1.1849061845214255e-19
0.09025440193735688,0.08731512360099461,0.09997966912363261,0.09883793876606808,0.1164553165435791,0.00524198825198151,0.005241726461413521,0.06371235847473145,1.1849241962102049e-19
0.09025368182882798,0.08731501810216759,0.0999796741443482,0.09883835947582692,0.11632418632507324,0.005241726467493044,0.005241464689831332,0.06355094909667969,1.1849422009514908e-19
0.09025296173373071,0.08731491260816795,0.09997967916486851,0.09883878015610653,0.11577248573303223,0.005241464696104554,0.005241202931749456,0.06318473815917969,1.1849602096314946e-19
0.0902522416520666,0.0873148071189954,0.09997968418519354,0.09883920080690979,0.11709856986999512,0.005241202937811705,0.0052409411864573485,0.06329870223999023,1.1849782185122717e-19
0.09025152158383734,0.0873147016346496,0.09997968920532328,0.0988396214282396,0.11664843559265137,0.00524094119261729,0.005240679454310282,0.06296420097351074,1.184996219498925e-19
0.09025080152904452,0.08731459615513025,0.09997969422525775,0.0988400420200988,0.11975812911987305,0.0052406794605195225,0.005240417735841163,0.06275415420532227,1.1850142323195958e-19
0.09025008148768972,0.087314490680437,0.09997969924499694,0.09884046258249027,0.11827468872070312,0.00524041774151679,0.005240156029451271,0.06373906135559082,1.185032231586536e-19
0.09024936145977461,0.08731438521056956,0.09997970426454086,0.09884088311541693,0.11982488632202148,0.005240156035609788,0.005239894337094597,0.0639638900756836,1.1850502391428628e-19
0.09024864144530068,0.08731427974552759,0.09997970928388952,0.09884130361888166,0.11815237998962402,0.00523989434279682,0.00523963265681715,0.06312775611877441,1.1850682413666072e-19
0.09024792144426953,0.08731417428531077,0.09997971430304291,0.09884172409288731,0.11946415901184082,0.005239632663077938,0.00523937098986238,0.06420493125915527,1.185086237429181e-19
0.09024720145668275,0.08731406882991881,0.09997971932200103,0.09884214453743673,0.1210169792175293,0.005239370996453149,0.0052391093372960995,0.06362342834472656,1.1851042442099368e-19
0.09024648148254195,0.08731396337935136,0.09997972434076387,0.09884256495253282,0.11922836303710938,0.005239109342918705,0.00523884769663141,0.06376981735229492,1.185122239800643e-19
0.09024576152184888,0.08731385793360813,0.09997972935933143,0.09884298533817848,0.11928749084472656,0.005238847702476706,0.005238586068578854,0.06333208084106445,1.1851402430670934e-19
0.09024504157460503,0.0873137524926888,0.09997973437770373,0.09884340569437655,0.11669445037841797,0.005238586075126518,0.005238324454914789,0.06257343292236328,1.1851582452314258e-19
0.09024432164081199,0.08731364705659304,0.09997973939588077,0.09884382602112991,0.11797451972961426,0.005238324460866056,0.00523806285332995,0.06308436393737793,1.1851762468438382e-19
0.09024360172047133,0.08731354162532053,0.09997974441386254,0.09884424631844141,0.1205146312713623,0.005238062859696775,0.0052378012656006945,0.06364750862121582,1.1851942423210015e-19
0.09024288181358475,0.08731343619887096,0.09997974943164903,0.09884466658631391,0.12009119987487793,0.005237801271614901,0.0052375396904835725,0.06353235244750977,1.1852122369604403e-19
0.0902421619201539,0.087313330777244,0.09997975444924025,0.09884508682475028,0.1195828914642334,0.005237539696622196,0.005237278128689127,0.0631859302520752,1.1852302318150744e-19
0.09024144204018031,0.08731322536043935,0.0999797594666362,0.09884550703375342,0.12158823013305664,0.005237278134717603,0.005237016579862086,0.06407976150512695,1.1852482290512898e-19
0.09024072217366559,0.08731311994845671,0.09997976448383689,0.0988459272133262,0.12001824378967285,0.005237016585899533,0.0052367550438248145,0.06383800506591797,1.1852662230649172e-19
0.0902400023206112,0.08731301454129574,0.09997976950084231,0.09884634736347149,0.11955642700195312,0.005236755050168996,0.005236493521643126,0.0639030933380127,1.1852842212455464e-19
0.09023928248101887,0.08731290913895612,0.09997977451765247,0.09884676748419215,0.11965274810791016,0.005236493527523252,0.005236232012073572,0.06429600715637207,1.185302213085057e-19
0.09023856265489019,0.08731280374143753,0.09997977953426737,0.09884718757549106,0.1201772689819336,0.00523623201796342,0.005235970515471422,0.06484293937683105,1.1853202074711955e-19
0.09023784284222677,0.08731269834873967,0.09997978455068701,0.0988476076373711,0.11886000633239746,0.00523597052148807,0.005235709032191949,0.06461334228515625,1.1853382027448135e-19
0.09023712304303026,0.08731259296086222,0.09997978956691139,0.09884802766983514,0.12037277221679688,0.005235709038096239,0.005235447560991702,0.06407523155212402,1.1853561941859484e-19
0.09023640325730227,0.08731248757780485,0.09997979458294051,0.09884844767288604,0.12125110626220703,0.0052354475677907075,0.005235186104535217,0.06482481956481934,1.1853741870852315e-19
0.09023568348504432,0.08731238219956726,0.09997979959877437,0.09884886764652666,0.11966109275817871,0.005235186110565968,0.005234924660513229,0.06448531150817871,1.185392180240719e-19
0.09023496372625807,0.08731227682614913,0.09997980461441298,0.09884928759075987,0.12071037292480469,0.0052349246664221425,0.00523466322892574,0.06502747535705566,1.185410166476792e-19
0.09023424398094514,0.08731217145755013,0.09997980962985634,0.09884970750558852,0.11964011192321777,0.005234663235360652,0.00523440181137147,0.06533050537109375,1.1854281593281156e-19
0.09023352424910713,0.08731206609376993,0.09997981464510443,0.09885012739101554,0.12089252471923828,0.005234401817379013,0.005234140406429333,0.06539511680603027,1.185446144575173e-19
0.09023280453074556,0.08731196073480824,0.09997981966015727,0.09885054724704377,0.11939668655395508,0.005234140412478344,0.005233879014454601,0.06409096717834473,1.1854641346990637e-19
0.09023208482586201,0.08731185538066472,0.09997982467501486,0.09885096707367606,0.11876940727233887,0.005233879020656274,0.00523361763562491,0.06509590148925781,1.1854821240955124e-19
0.09023136513445812,0.08731175003133906,0.0999798296896772,0.09885138687091528,0.11814618110656738,0.005233617641913808,0.005233356270117895,0.06472349166870117,1.1855001073855985e-19
0.09023064545653549,0.08731164468683096,0.09997983470414427,0.09885180663876428,0.11800289154052734,0.0052333562762490096,0.005233094917400649,0.06458425521850586,1.1855180931638897e-19
0.09022992579209582,0.0873115393471401,0.0999798397184161,0.09885222637722595,0.11883282661437988,0.005233094923661161,0.005232833577828444,0.06525635719299316,1.1855360794855046e-19
0.09022920614114066,0.08731143401226615,0.09997984473249268,0.0988526460863031,0.11818170547485352,0.005232833584150614,0.005232572251934187,0.0652303695678711,1.185554066525304e-19
0.09022848650367168,0.08731132868220881,0.09997984974637401,0.09885306576599866,0.11853384971618652,0.005232572257714735,0.005232310938119156,0.06524205207824707,1.1855720464582138e-19
0.09022776687969045,0.08731122335696774,0.0999798547600601,0.0988534854163154,0.11847257614135742,0.005232310944354565,0.0052320496379820725,0.06546711921691895,1.18559003248342e-19
0.09022704726919843,0.08731111803654264,0.09997985977355094,0.09885390503725625,0.11880636215209961,0.00523204964406971,0.00523178835099003,0.06563210487365723,1.1856080139565918e-19
0.09022632767219728,0.08731101272093318,0.09997986478684652,0.09885432462882406,0.11928296089172363,0.005231788356857505,0.005231527076787756,0.06659889221191406,1.1856260007934001e-19
0.09022560808868864,0.08731090741013905,0.09997986979994686,0.0988547441910217,0.11989045143127441,0.005231527082720053,0.005231265815019981,0.06540489196777344,1.1856439777966488e-19
0.09022488851867404,0.08731080210415994,0.09997987481285196,0.09885516372385209,0.11867117881774902,0.005231265821656689,0.00523100456746306,0.06615281105041504,1.1856619622420236e-19
0.09022416896215513,0.08731069680299552,0.09997987982556182,0.09885558322731797,0.11907362937927246,0.0052310045736643235,0.0052307433326959085,0.06611871719360352,1.1856799368442214e-19
0.09022344941913339,0.0873105915066455,0.09997988483807643,0.09885600270142225,0.11748242378234863,0.005230743338743329,0.0052304821105408905,0.06528258323669434,1.1856979150369839e-19
0.09022272988961057,0.08731048621510952,0.0999798898503958,0.0988564221461678,0.118927001953125,0.005230482116893783,0.0052302209024190915,0.06683111190795898,1.185715898585575e-19
0.09022201037358836,0.0873103809283873,0.09997989486251993,0.09885684156155745,0.11803555488586426,0.0052302209081126205,0.005229959706021248,0.06502795219421387,1.185733877819403e-19
0.0902212908710682,0.08731027564647852,0.09997989987444882,0.09885726094759413,0.11905288696289062,0.0052299597124022545,0.005229698523656623,0.06595444679260254,1.1857518547933844e-19
0.09022057138205182,0.08731017036938285,0.09997990488618246,0.09885768030428066,0.11763930320739746,0.0052296985297596585,0.005229437353904132,0.06508231163024902,1.185769831384816e-19
0.09021985190654074,0.08731006509709999,0.09997990989772088,0.0988580996316199,0.11693787574768066,0.005229437360186185,0.005229176197829588,0.06489777565002441,1.1857878051629493e-19
0.09021913244453658,0.08730995982962961,0.09997991490906405,0.09885851892961472,0.11839962005615234,0.005229176203679482,0.005228915054189542,0.06665444374084473,1.1858057807906441e-19
0.09021841299604093,0.08730985456697139,0.09997991992021199,0.09885893819826799,0.11919903755187988,0.005228915060241243,0.005228653923339266,0.06654810905456543,1.1858237566088409e-19
0.09021769356105536,0.08730974930912502,0.0999799249311647,0.09885935743758258,0.11963081359863281,0.005228653929869245,0.0052283928059893015,0.06659936904907227,1.185841727869349e-19
0.09021697413958144,0.08730964405609018,0.09997992994192216,0.09885977664756135,0.11851310729980469,0.005228392812562715,0.005228131701962013,0.06645536422729492,1.1858597024747173e-19
0.09021625473162083,0.08730953880786656,0.09997993495248439,0.09886019582820708,0.11981964111328125,0.005228131708320701,0.00522787061090213,0.06685137748718262,1.1858776711028145e-19
0.09021553533717513,0.08730943356445384,0.0999799399628514,0.09886061497952264,0.11978673934936523,0.00522787061714222,0.005227609532809652,0.06676197052001953,1.1858956484490214e-19
0.09021481595624592,0.08730932832585171,0.09997994497302316,0.09886103410151091,0.11889505386352539,0.005227609539027191,0.005227348467862214,0.06620645523071289,1.1859136178460033e-19
0.09021409658883474,0.08730922309205985,0.09997994998299971,0.09886145319417479,0.11856245994567871,0.005227348473975393,0.005227087415882181,0.06525444984436035,1.1859315898414039e-19
0.09021337723494331,0.08730911786307793,0.09997995499278102,0.09886187225751712,0.11916112899780273,0.005227087421986183,0.005226826376691918,0.06607794761657715,1.1859495542108475e-19
0.09021265789457317,0.08730901263890566,0.0999799600023671,0.09886229129154075,0.11780786514282227,0.005226826383059155,0.005226565351001966,0.06568264961242676,1.1859675234091706e-19
0.0902119385677258,0.0873089074195427,0.09997996501175796,0.09886271029624853,0.12009096145629883,0.00522656535719201,0.005226304338101784,0.06523728370666504,1.185985498077261e-19
0.09021121925440287,0.08730880220498874,0.09997997002095359,0.09886312927164329,0.11983418464660645,0.005226304344385166,0.005226043339057185,0.06554722785949707,1.1860034639467122e-19
0.09021049995460607,0.08730869699524348,0.099979975029954,0.0988635482177279,0.11813998222351074,0.005226043344636821,0.005225782352269448,0.06522679328918457,1.1860214279073572e-19
0.0902097806683369,0.08730859179030658,0.09997998003875917,0.09886396713450525,0.12000608444213867,0.005225782357947429,0.0052255213782714804,0.06492185592651367,1.1860394021263233e-19
0.09020906139559699,0.08730848659017773,0.09997998504736913,0.09886438602197817,0.11972475051879883,0.00522552138431706,0.005225260417773825,0.06662869453430176,1.1860573607417498e-19
0.09020834213638794,0.08730838139485661,0.09997999005578385,0.09886480488014945,0.12096548080444336,0.005225260423744574,0.005224999470243574,0.06676244735717773,1.186075323318912e-19
0.09020762289071133,0.08730827620434291,0.09997999506400336,0.098865223709022,0.11948156356811523,0.005224999476229751,0.005224738535503093,0.06560587882995605,1.1860932904123906e-19
0.09020690365856873,0.08730817101863633,0.09998000007202765,0.09886564250859863,0.11895751953125,0.005224738541771254,0.0052244776142629235,0.06627607345581055,1.1861112575462538e-19
0.0902061844399618,0.08730806583773655,0.0999800050798567,0.09886606127888224,0.11855602264404297,0.005224477620368093,0.005224216705990159,0.06573915481567383,1.1861292193747737e-19
0.09020546523489216,0.08730796066164324,0.09998001008749055,0.09886648001987568,0.1196296215057373,0.0052242167120195495,0.005223955810507164,0.06562423706054688,1.186147182147728e-19
0.09020474604336134,0.0873078554903561,0.09998001509492917,0.09886689873158182,0.11832380294799805,0.005223955816726757,0.0052236949285244805,0.06577301025390625,1.1861651488602635e-19
0.09020402686537106,0.0873077503238748,0.09998002010217256,0.09886731741400351,0.11712360382080078,0.005223694934486615,0.005223434058976295,0.06528401374816895,1.186183105843781e-19
0.09020330770092289,0.08730764516219904,0.09998002510922076,0.09886773606714361,0.11708521842956543,0.005223434065300562,0.005223173203106057,0.0653371810913086,1.186201067922452e-19
0.09020258855001835,0.08730754000532849,0.09998003011607373,0.09886815469100496,0.11705231666564941,0.005223173209166832,0.00522291236038086,0.06555414199829102,1.1862190268099218e-19
0.09020186941265917,0.08730743485326284,0.09998003512273149,0.09886857328559041,0.11762738227844238,0.005222912366084508,0.00522265152973489,0.06551980972290039,1.186236984441868e-19
0.09020115028884684,0.08730732970600179,0.09998004012919402,0.09886899185090285,0.11771941184997559,0.005222651536053933,0.005222390713122138,0.06624531745910645,1.1862549457541355e-19
0.09020043117858303,0.08730722456354502,0.09998004513546135,0.09886941038694504,0.11768746376037598,0.0052223907190731035,0.00522212990912152,0.06496095657348633,1.18627289955836e-19
0.09019971208186929,0.0873071194258922,0.09998005014153347,0.09886982889371987,0.11717391014099121,0.005222129915142735,0.005221869118088307,0.0655221939086914,1.1862908579319147e-19
0.09019899299870719,0.08730701429304302,0.09998005514741036,0.0988702473712302,0.11761331558227539,0.005221869124261769,0.0052216083402001345,0.06547069549560547,1.1863088140384741e-19
0.09019827392909838,0.08730690916499717,0.09998006015309205,0.09887066581947887,0.11649823188781738,0.005221608346428605,0.005221347575101731,0.06445169448852539,1.1863267660394827e-19
0.09019755487304441,0.08730680404175432,0.09998006515857853,0.09887108423846871,0.11792683601379395,0.0052213475816445835,0.005221086823681276,0.06608819961547852,1.1863447270502085e-19
0.09019683583054686,0.08730669892331416,0.09998007016386981,0.09887150262820259,0.11655259132385254,0.005221086829906699,0.005220826084872954,0.06402420997619629,1.1863626770233127e-19
0.09019611680160733,0.08730659380967638,0.09998007516896588,0.09887192098868332,0.11771392822265625,0.005220826091216665,0.005220565359742579,0.06486225128173828,1.1863806336844774e-19
0.09019539778622741,0.08730648870084068,0.09998008017386675,0.09887233931991378,0.11518430709838867,0.005220565365571364,0.005220304647401974,0.06374573707580566,1.186398584104797e-19
0.09019467878440862,0.08730638359680673,0.09998008517857242,0.09887275762189686,0.11417508125305176,0.005220304652969907,0.005220043947495867,0.06340909004211426,1.186416540594174e-19
0.09019395979615273,0.08730627849757422,0.09998009018308288,0.09887317589463536,0.11429500579833984,0.005220043953413713,0.005219783261090072,0.0634298324584961,1.1864344901668577e-19
0.09019324082146118,0.08730617340314284,0.09998009518739813,0.09887359413813214,0.11715912818908691,0.005219783266900692,0.00521952258729641,0.06366705894470215,1.1864524375319076e-19
0.09019252186033559,0.08730606831351226,0.09998010019151816,0.09887401235239003,0.11823678016662598,0.005219522593431561,0.005219261926825425,0.06362462043762207,1.1864703922588841e-19
0.0901918029127777,0.08730596322868217,0.09998010519544301,0.09887443053741188,0.11838507652282715,0.005219261933006306,0.005219001278966573,0.06279587745666504,1.18648834187387e-19
0.09019108397878904,0.08730585814865224,0.09998011019917265,0.09887484869320053,0.1205451488494873,0.005219001285623651,0.0052187406449633045,0.06354093551635742,1.1865062946653326e-19
0.09019036505837118,0.08730575307342216,0.0999801152027071,0.0988752668197588,0.12158679962158203,0.005218740651281602,0.005218480023749805,0.06410360336303711,1.1865242406120976e-19
0.09018964615152572,0.08730564800299162,0.09998012020604632,0.09887568491708956,0.12105035781860352,0.005218480029979755,0.005218219415858982,0.0636749267578125,1.186542185851972e-19
0.09018892725825423,0.08730554293736031,0.09998012520919036,0.09887610298519565,0.12061357498168945,0.005218219421718138,0.005217958820047386,0.06385636329650879,1.1865601325691024e-19
0.09018820837855834,0.08730543787652792,0.09998013021213921,0.09887652102407991,0.12156200408935547,0.005217958826495899,0.0052176982382690085,0.06480288505554199,1.186578076323982e-19
0.09018748951243961,0.08730533282049412,0.09998013521489285,0.0988769390337452,0.12046098709106445,0.005217698244312243,0.005217437668925129,0.06489753723144531,1.186596024117118e-19
0.09018677065989966,0.0873052277692586,0.0999801402174513,0.09887735701419435,0.12358522415161133,0.005217437675166888,0.005217177112548654,0.06504058837890625,1.1866139686541507e-19
0.09018605182094014,0.08730512272282105,0.09998014521981456,0.09887777496543021,0.12333464622497559,0.0052171771190595555,0.005216916569672492,0.06577754020690918,1.186631918027479e-19
0.0901853329955626,0.08730501768118115,0.09998015022198263,0.09887819288745558,0.12037539482116699,0.005216916575988236,0.005216656039586098,0.06567955017089844,1.1866498594495036e-19
0.0901846141837686,0.0873049126443386,0.0999801552239555,0.09887861078027337,0.12244176864624023,0.005216656045953547,0.005216395522822381,0.06524062156677246,1.1866677984144748e-19
0.09018389538555976,0.08730480761229306,0.09998016022573317,0.09887902864388638,0.12158894538879395,0.0052163955289538785,0.0052161350188484334,0.06682419776916504,1.186685741308575e-19
0.09018317660093768,0.08730470258504423,0.09998016522731565,0.09887944647829747,0.12355399131774902,0.005216135024988594,0.005215874527664255,0.06691861152648926,1.1867036823924558e-19
0.0901824578299039,0.0873045975625918,0.09998017022870294,0.09887986428350949,0.1195833683013916,0.005215874534058031,0.005215614049980388,0.06490516662597656,1.186721620067718e-19
0.09018173907246001,0.08730449254493544,0.09998017522989504,0.09888028205952527,0.11945438385009766,0.005215614056160529,0.005215353584908655,0.06593084335327148,1.1867395680909105e-19
0.0901810203286076,0.08730438753207487,0.09998018023089196,0.09888069980634767,0.12009549140930176,0.005215353591296105,0.005215093133337234,0.06513452529907227,1.18675749992769e-19
0.09018030159834828,0.08730428252400974,0.09998018523169369,0.09888111752397946,0.12011957168579102,0.005215093139464415,0.005214832694555582,0.06521821022033691,1.1867754417260764e-19
0.09017958288168372,0.08730417752073974,0.09998019023230023,0.09888153521242356,0.14061355590820312,0.005214832700662831,0.005214572268918971,0.07609224319458008,1.1867933769117032e-19
0.09017886417861547,0.08730407252226458,0.09998019523271158,0.09888195287168282,0.12129569053649902,0.005214572274891656,0.005214311856249765,0.06613349914550781,1.1868113176647958e-19
0.09017814548914514,0.08730396752858391,0.09998020023292775,0.09888237050176003,0.11753988265991211,0.00521431186215128,0.005214051456547963,0.06621003150939941,1.1868292585322807e-19
0.09017742681327427,0.08730386253969742,0.09998020523294875,0.09888278810265802,0.11703610420227051,0.005214051462440033,0.005213791069103024,0.0657048225402832,1.1868471857129261e-19
0.09017670815100462,0.08730375755560482,0.09998021023277455,0.09888320567437961,0.11826801300048828,0.00521379107575967,0.00521353069586894,0.06566977500915527,1.186865125806643e-19
0.0901759895023377,0.0873036525763058,0.09998021523240518,0.09888362321692766,0.11736059188842773,0.005213530702106117,0.005213270335069353,0.06627655029296875,1.1868830643893979e-19
0.0901752708672751,0.08730354760180004,0.09998022023184062,0.09888404073030502,0.11731648445129395,0.005213270341481018,0.005213009987947714,0.06580185890197754,1.1869009946319334e-19
0.0901745522458184,0.08730344263208721,0.0999802252310809,0.09888445821451448,0.11891436576843262,0.00521300999388179,0.005212749653082938,0.06550407409667969,1.1869189287258406e-19
0.09017383363796917,0.08730333766716701,0.09998023023012599,0.09888487566955892,0.11960268020629883,0.005212749659309083,0.005212489331185566,0.06597900390625,1.1869368620296191e-19
0.09017311504372914,0.0873032327070391,0.0999802352289759,0.09888529309544117,0.11727499961853027,0.005212489337762587,0.005212229022966142,0.06545877456665039,1.1869547854739243e-19
0.09017239646309978,0.0873031277517032,0.09998024022763063,0.09888571049216403,0.11889886856079102,0.005212229029240691,0.0052119687277141225,0.06624746322631836,1.1869727245401093e-19
0.09017167789608269,0.08730302280115895,0.0999802452260902,0.09888612785973037,0.11768126487731934,0.005211968733742323,0.005211708445074237,0.06624794006347656,1.1869906534948754e-19
0.09017095934267938,0.08730291785540609,0.0999802502243546,0.09888654519814301,0.11903786659240723,0.005211708451267871,0.005211448175934663,0.06540060043334961,1.1870085832237168e-19
0.09017024080289156,0.08730281291444426,0.0999802552224238,0.09888696250740477,0.11841392517089844,0.005211448181815684,0.005211187919229587,0.06478404998779297,1.1870265141809572e-19
0.0901695222767207,0.08730270797827319,0.09998026022029785,0.09888737978751848,0.1151735782623291,0.005211187925386768,0.005210927675847188,0.06471037864685059,1.187044445621167e-19
0.09016880376416841,0.08730260304689255,0.09998026521797672,0.09888779703848695,0.11784768104553223,0.0052109276819798205,0.005210667445787465,0.06588339805603027,1.1870623708895072e-19
0.09016808526523636,0.08730249812030202,0.09998027021546041,0.09888821426031304,0.1168971061706543,0.005210667451592465,0.005210407228695146,0.0656430721282959,1.1870803002292264e-19
0.09016736677992611,0.0873023931985013,0.09998027521274894,0.0988886314529996,0.11664056777954102,0.005210407234225031,0.005210147023682055,0.0653986930847168,1.1870982270012316e-19
0.09016664830823934,0.08730228828149006,0.09998028020984229,0.09888904861654946,0.11650776863098145,0.005210147029880021,0.005209886832524546,0.06529450416564941,1.187116146498702e-19
0.09016592985017753,0.08730218336926798,0.09998028520674046,0.09888946575096542,0.11644625663757324,0.005209886838552357,0.005209626654334443,0.06544637680053711,1.18713407285384e-19
0.09016521140574227,0.08730207846183477,0.09998029020344347,0.09888988285625036,0.11622452735900879,0.0052096266602426455,0.005209366488578837,0.06514739990234375,1.187152000965488e-19
0.09016449297493521,0.0873019735591901,0.09998029519995132,0.09889029993240708,0.11799502372741699,0.005209366494952052,0.005209106336678815,0.06560993194580078,1.1871699260450316e-19
0.09016377455775798,0.08730186866133366,0.099980300196264,0.09889071697943842,0.11707520484924316,0.005209106342677799,0.005208846197390926,0.06509900093078613,1.1871878501276596e-19
0.09016305615421209,0.08730176376826514,0.09998030519238152,0.09889113399734721,0.11810111999511719,0.00520884620342127,0.005208586071425714,0.06420588493347168,1.1872057678157297e-19
0.09016233776429913,0.0873016588799842,0.09998031018830388,0.09889155098613626,0.11774873733520508,0.005208586077179435,0.005208325957539728,0.06554031372070312,1.1872236927370573e-19
0.09016161938802067,0.08730155399649055,0.09998031518403105,0.0988919679458084,0.11786317825317383,0.005208325963953425,0.005208065858042232,0.0655062198638916,1.1872416110410278e-19
0.09016090102537831,0.08730144911778387,0.09998032017956308,0.09889238487636647,0.11603403091430664,0.005208065863741803,0.005207805769913421,0.0642397403717041,1.1872595357521216e-19
0.09016018267637363,0.08730134424386386,0.09998032517489995,0.09889280177781329,0.11635994911193848,0.00520780577654436,0.005207545696350735,0.06415724754333496,1.187277450052462e-19
0.09015946434100823,0.0873012393747302,0.09998033017004165,0.09889321865015174,0.11838436126708984,0.005207545702359004,0.005207285635222547,0.06323027610778809,1.1872953686931336e-19
0.09015874601928375,0.08730113451038256,0.09998033516498821,0.09889363549338465,0.11819982528686523,0.005207285641185784,0.0052070255872394,0.06351184844970703,1.1873132923496532e-19
0.0901580277112017,0.08730102965082064,0.09998034015973961,0.09889405230751476,0.11935687065124512,0.005207025593025355,0.005206765552046022,0.06395173072814941,1.1873312106919817e-19
0.09015730941676363,0.08730092479604411,0.09998034515429585,0.09889446909254496,0.11785435676574707,0.005206765557875724,0.005206505529642413,0.06275558471679688,1.1873491234889572e-19
0.09015659113597128,0.08730081994605267,0.09998035014865693,0.09889488584847805,0.1190180778503418,0.005206505535737656,0.005206245520739117,0.06339097023010254,1.1873670394380222e-19
0.0901558728688262,0.087300715100846,0.09998035514282284,0.09889530257531688,0.12147688865661621,0.0052062455266087895,0.005205985524625589,0.06395816802978516,1.1873849605089529e-19
0.09015515461532994,0.08730061026042381,0.09998036013679361,0.0988957192730643,0.12159013748168945,0.005205985530488779,0.005205725541301831,0.06392598152160645,1.1874028735458266e-19
0.09015443637548413,0.08730050542478578,0.09998036513056921,0.0988961359417231,0.12148380279541016,0.00520572554737832,0.005205465570945478,0.06413793563842773,1.1874207866092403e-19
0.0901537181492904,0.08730040059393157,0.09998037012414966,0.09889655258129608,0.12241172790527344,0.005205465577276118,0.0052052056135565294,0.06508493423461914,1.1874387037281194e-19
0.09015299993675022,0.0873002957678609,0.09998037511753496,0.09889696919178609,0.12180471420288086,0.005205205620181533,0.005204945669667893,0.06534934043884277,1.187456613213659e-19
0.09015228173786528,0.08730019094657344,0.09998038011072513,0.09889738577319596,0.12100481986999512,0.005204945676093524,0.005204685738569026,0.06509661674499512,1.187474525927828e-19
0.09015156355263719,0.08730008613006889,0.09998038510372013,0.09889780232552851,0.12181210517883301,0.0052046857450114455,0.005204425820792835,0.06553268432617188,1.187492437896035e-19
0.09015084538106757,0.08729998131834692,0.09998039009651999,0.09889821884878658,0.12175655364990234,0.0052044258269339505,0.005204165915984049,0.06622958183288574,1.1875103500411364e-19
0.09015012722315799,0.0872998765114072,0.0999803950891247,0.09889863534297294,0.12113523483276367,0.0052041659218600815,0.0052039060234321255,0.06625485420227051,1.1875282615928664e-19
0.09014940907891003,0.08729977170924945,0.09998040008153425,0.09889905180809046,0.12234330177307129,0.005203906029792255,0.005203646144735785,0.0652611255645752,1.1875461679899117e-19
0.0901486909483253,0.08729966691187334,0.09998040507374865,0.09889946824414196,0.12286901473999023,0.0052036461507266795,0.005203386278118671,0.06599092483520508,1.1875640815070168e-19
0.09014797283140534,0.08729956211927856,0.09998041006576791,0.09889988465113028,0.12068963050842285,0.005203386284664566,0.0052031264255347764,0.06569123268127441,1.1875819821956677e-19
0.09014725472815177,0.08729945733146481,0.09998041505759203,0.09890030102905822,0.12192106246948242,0.005203126431604026,0.0052028665848524724,0.06544613838195801,1.1875998907240646e-19
0.09014653663856614,0.08729935254843177,0.099980420049221,0.09890071737792859,0.1212313175201416,0.005202866591546249,0.005202606758558659,0.06677913665771484,1.1876178011398706e-19
0.09014581856265007,0.08729924777017911,0.09998042504065484,0.09890113369774423,0.12091922760009766,0.005202606764487521,0.005202346944344072,0.06624150276184082,1.187635708769429e-19
0.09014510050040507,0.08729914299670655,0.09998043003189352,0.09890154998850792,0.11972665786743164,0.0052023469504294895,0.005202087143274525,0.06480741500854492,1.1876536138940166e-19
0.09014438245183282,0.08729903822801374,0.09998043502293708,0.09890196625022253,0.11847138404846191,0.005202087149370566,0.005201827355350019,0.06567502021789551,1.1876715188247667e-19
0.09014366441693503,0.08729893346410039,0.09998044001378548,0.09890238248289089,0.11840462684631348,0.005201827361310062,0.0052015675803929184,0.06476068496704102,1.1876894225392933e-19
0.09014294639571309,0.08729882870496619,0.09998044500443874,0.09890279868651576,0.11841320991516113,0.005201567586247993,0.00520130781769268,0.06488847732543945,1.1877073249601658e-19
0.09014222838816867,0.08729872395061082,0.09998044999489687,0.0989032148611,0.11882829666137695,0.005201307824185085,0.00520104806902566,0.06551432609558105,1.18772522571931e-19
0.09014151039430345,0.08729861920103396,0.09998045498515987,0.0989036310066464,0.11802315711975098,0.0052010480751172915,0.005200788332793138,0.06504583358764648,1.1877431332641367e-19
0.09014079241411894,0.0872985144562353,0.09998045997522773,0.09890404712315776,0.11834406852722168,0.0052007883390463115,0.0052005286093503855,0.06518292427062988,1.1877610328405043e-19
0.09014007444761678,0.08729840971621453,0.09998046496510045,0.09890446321063695,0.11919927597045898,0.00520052861597185,0.005200268899763216,0.06587100028991699,1.187778933919731e-19
0.09013935649479847,0.08729830498097134,0.09998046995477804,0.09890487926908671,0.11970329284667969,0.0052002689058911955,0.005200009202432909,0.06585144996643066,1.1877968330385519e-19
0.09013863855566565,0.08729820025050543,0.09998047494426049,0.09890529529850989,0.12027406692504883,0.005200009208805088,0.0051997495189581855,0.06719827651977539,1.1878147355008523e-19
0.09013792063021993,0.08729809552481647,0.0999804799335478,0.09890571129890932,0.11913061141967773,0.005199749524711454,0.005199489847207417,0.06534028053283691,1.187832631336642e-19
0.09013720271846277,0.08729799080390416,0.09998048492263999,0.09890612727028779,0.11887550354003906,0.005199489853613118,0.005199230188779325,0.06606769561767578,1.1878505360182275e-19
0.0901364848203959,0.08729788608776819,0.09998048991153705,0.09890654321264816,0.11933112144470215,0.005199230195507374,0.00519897054402918,0.06590628623962402,1.1878684323108366e-19
0.09013576693602084,0.08729778137640823,0.09998049490023898,0.09890695912599325,0.11910009384155273,0.005198970550392192,0.005198710912068805,0.06537628173828125,1.1878863280268322e-19
0.09013504906533928,0.08729767666982396,0.09998049988874577,0.09890737501032587,0.11896371841430664,0.005198710918267618,0.00519845129325347,0.06651902198791504,1.187904220336689e-19
0.09013433120835265,0.0872975719680151,0.09998050487705744,0.09890779086564884,0.11899781227111816,0.0051984512991322465,0.005198191687227904,0.06551456451416016,1.1879221184103877e-19
0.0901336133650626,0.08729746727098134,0.09998050986517398,0.09890820669196497,0.1195831298828125,0.005198191692987527,0.005197932093814472,0.06632208824157715,1.187940011940817e-19
0.09013289553547076,0.08729736257872232,0.09998051485309539,0.09890862248927709,0.11803436279296875,0.005197932099832482,0.005197672513546081,0.06516551971435547,1.1879579039161138e-19
0.0901321777195786,0.08729725789123775,0.09998051984082168,0.09890903825758803,0.1165003776550293,0.005197672519665415,0.005197412946067459,0.06481122970581055,1.1879757998840667e-19
0.0901314599173878,0.08729715320852732,0.09998052482835285,0.09890945399690054,0.1185750961303711,0.005197412952487371,0.005197153392089149,0.06720709800720215,1.1879936949550792e-19
0.09013074212889993,0.08729704853059073,0.09998052981568889,0.09890986970721748,0.11872053146362305,0.005197153398296618,0.005196893851255879,0.06677508354187012,1.1880115842170536e-19
0.09013002435411657,0.08729694385742766,0.09998053480282981,0.09891028538854164,0.11831927299499512,0.005196893857090245,0.005196634322501836,0.06654095649719238,1.1880294784291117e-19
0.09012930659303932,0.08729683918903779,0.09998053978977561,0.09891070104087586,0.11810946464538574,0.005196634328870961,0.005196374807425741,0.06648516654968262,1.1880473689893892e-19
0.09012858884566975,0.08729673452542082,0.09998054477652629,0.09891111666422296,0.11855030059814453,0.005196374813636389,0.005196115305317051,0.06644630432128906,1.1880652575694914e-19
0.09012787111200946,0.08729662986657644,0.09998054976308185,0.0989115322585857,0.11789941787719727,0.005196115311385878,0.005195855815998129,0.06601691246032715,1.1880831469760088e-19
0.09012715339206,0.08729652521250432,0.09998055474944229,0.09891194782396692,0.11724066734313965,0.005195855822119779,0.005195596339291342,0.06545495986938477,1.1881010348133529e-19
0.09012643568582299,0.08729642056320416,0.09998055973560761,0.09891236336036942,0.11722731590270996,0.005195596345837502,0.005195336876084866,0.06463885307312012,1.1881189248115776e-19
0.0901257179933,0.08729631591867565,0.09998056472157782,0.09891277886779601,0.11772751808166504,0.005195336882537702,0.005195077426201067,0.06519174575805664,1.1881368116822451e-19
0.09012500031449264,0.08729621127891847,0.09998056970735292,0.09891319434624951,0.1169893741607666,0.005195077432217643,0.005194817988396494,0.06507134437561035,1.1881546972111566e-19
0.09012428264940239,0.08729610664393232,0.0999805746929329,0.09891360979573274,0.11833071708679199,0.005194817994880466,0.00519455856462514,0.06453800201416016,1.1881725866287006e-19
0.090123564998031,0.08729600201371689,0.09998057967831776,0.09891402521624848,0.11825752258300781,0.005194558570522746,0.005194299152755377,0.06412863731384277,1.1881904683206314e-19
0.0901228473603799,0.08729589738827186,0.09998058466350751,0.0989144406077996,0.1172950267791748,0.005194299159145599,0.005194039754918833,0.06382966041564941,1.18820835929558e-19
0.0901221297364508,0.08729579276759691,0.09998058964850215,0.09891485597038888,0.1183326244354248,0.005194039760747908,0.005193780369516787,0.06303215026855469,1.188226238530437e-19
0.09012141212624517,0.08729568815169175,0.09998059463330168,0.0989152713040191,0.1178731918334961,0.005193780375328047,0.00519352099690451,0.06368589401245117,1.1882441189390282e-19
0.09012069452976472,0.08729558354055604,0.0999805996179061,0.09891568660869307,0.1197350025177002,0.005193521002886468,0.00519326163761491,0.06348299980163574,1.1882620036414318e-19
0.09011997694701102,0.0872954789341895,0.09998060460231542,0.09891610188441363,0.11964869499206543,0.005193261643421812,0.005193002290404536,0.06254792213439941,1.1882798854205985e-19
0.09011925937798555,0.08729537433259178,0.09998060958652963,0.09891651713118356,0.11934876441955566,0.005193002296935449,0.005192742957405017,0.06398653984069824,1.18829776577156e-19
0.09011854182268998,0.0872952697357626,0.09998061457054871,0.09891693234900567,0.11970281600952148,0.005192742963424645,0.005192483637017631,0.06354403495788574,1.1883156466864466e-19
0.09011782428112594,0.08729516514370164,0.0999806195543727,0.09891734753788278,0.12097668647766113,0.0051924836428887825,0.005192224328887107,0.06397867202758789,1.1883335299173057e-19
0.09011710675329498,0.08729506055640858,0.09998062453800156,0.09891776269781766,0.12110114097595215,0.005192224335328273,0.005191965034612167,0.06432199478149414,1.1883514033131497e-19
0.09011638923919867,0.08729495597388312,0.09998062952143534,0.09891817782881315,0.12018465995788574,0.005191965040741392,0.005191705753126996,0.0644524097442627,1.1883692892276725e-19
0.09011567173883867,0.08729485139612495,0.09998063450467402,0.09891859293087207,0.12040543556213379,0.005191705759127176,0.005191446484253959,0.06441235542297363,1.1883871636360596e-19
0.09011495425221652,0.08729474682313373,0.0999806394877176,0.09891900800399724,0.12137913703918457,0.005191446490486006,0.005191187228525962,0.06540322303771973,1.1884050408610445e-19
0.09011423677933388,0.08729464225490918,0.09998064447056607,0.09891942304819139,0.12035965919494629,0.005191187234817534,0.005190927985410099,0.06487154960632324,1.1884229157199422e-19
0.0901135193201922,0.08729453769145097,0.09998064945321944,0.09891983806345739,0.12186861038208008,0.005190927992121451,0.005190668755972183,0.06671977043151855,1.1884407943593865e-19
0.0901128018747931,0.0872944331327588,0.09998065443567772,0.09892025304979801,0.12204360961914062,0.0051906687623960905,0.005190409539324037,0.06558704376220703,1.1884586687145895e-19
0.09011208444313827,0.08729432857883235,0.09998065941794089,0.09892066800721608,0.12128710746765137,0.0051904095456394815,0.005190150335643295,0.066131591796875,1.1884765462920275e-19
0.09011136702522919,0.08729422402967132,0.09998066440000895,0.09892108293571443,0.12000155448913574,0.005190150341852601,0.005189891145107595,0.06567978858947754,1.188494419707025e-19
0.09011064962106746,0.0872941194852754,0.09998066938188192,0.09892149783529583,0.12047576904296875,0.0051898911510344726,0.005189631967184027,0.06548714637756348,1.1885122933293339e-19
0.0901099322306546,0.08729401494564427,0.0999806743635598,0.0989219127059631,0.12085771560668945,0.005189631973184813,0.0051893728020502294,0.06608223915100098,1.1885301624568509e-19
0.09010921485399215,0.08729391041077764,0.09998067934504258,0.09892232754771899,0.11942267417907715,0.005189372808303022,0.005189113650239108,0.0651702880859375,1.1885480377812656e-19
0.09010849749108175,0.08729380588067516,0.09998068432633027,0.09892274236056632,0.12164044380187988,0.005189113656388045,0.005188854511573027,0.06544947624206543,1.1885659066423865e-19
0.09010778014192498,0.08729370135533655,0.09998068930742286,0.09892315714450793,0.12270736694335938,0.005188854517438486,0.005188595385696715,0.06621217727661133,1.1885837784199034e-19
0.09010706280652343,0.0872935968347615,0.09998069428832038,0.09892357189954658,0.12079310417175293,0.0051885953914544945,0.005188336272432537,0.06632804870605469,1.1886016425080258e-19
0.09010634548487866,0.08729349231894969,0.09998069926902278,0.09892398662568509,0.1208045482635498,0.005188336278436029,0.005188077172491035,0.06650614738464355,1.1886195181088307e-19
0.09010562817699228,0.0872933878079008,0.0999807042495301,0.09892440132292626,0.11988639831542969,0.005188077178381773,0.0051878180849840305,0.06594467163085938,1.188637383831466e-19
0.09010491088286582,0.08729328330161452,0.09998070922984233,0.0989248159912729,0.12099075317382812,0.00518781809129178,0.005187559011154974,0.06661653518676758,1.1886552505152382e-19
0.09010419360250098,0.08729317880009056,0.09998071420995948,0.09892523063072778,0.11985206604003906,0.005187559017162692,0.0051872999497604155,0.06634855270385742,1.1886731188796305e-19
0.09010347633589932,0.08729307430332858,0.09998071918988152,0.0989256452412937,0.11921072006225586,0.00518729995599787,0.005187040901866169,0.06526851654052734,1.1886909911713938e-19
0.09010275908306249,0.08729296981132828,0.09998072416960849,0.09892605982297348,0.11895322799682617,0.005187040907794321,0.005186781866584056,0.06697821617126465,1.1887088517924367e-19
0.09010204184399197,0.08729286532408936,0.09998072914914036,0.0989264743757699,0.1191565990447998,0.005186781872551725,0.005186522844269348,0.0661933422088623,1.1887267157954875e-19
0.09010132461868936,0.0872927608416115,0.09998073412847715,0.09892688889968576,0.11899566650390625,0.005186522850269451,0.005186263834744409,0.06634855270385742,1.1887445822921512e-19
0.09010060740715643,0.08729265636389438,0.09998073910761886,0.09892730339472386,0.11950445175170898,0.005186263840947179,0.005186004838364511,0.06662869453430176,1.1887624440395891e-19
0.0900998902093946,0.08729255189093771,0.09998074408656549,0.09892771786088699,0.11963939666748047,0.005186004844583956,0.005185745855307289,0.06636309623718262,1.1887803099293023e-19
0.09009917302540543,0.08729244742274116,0.09998074906531702,0.09892813229817796,0.1195516586303711,0.005185745861179025,0.0051854868848622004,0.06659913063049316,1.1887981727589239e-19
0.0900984558551906,0.08729234295930444,0.09998075404387348,0.09892854670659953,0.11734294891357422,0.00518548689073181,0.005185227927384517,0.06485605239868164,1.1888160311217537e-19
0.09009773869875173,0.08729223850062721,0.09998075902223486,0.09892896108615452,0.11777591705322266,0.0051852279332406945,0.0051849689828742385,0.06595826148986816,1.1888338955085754e-19
0.09009702155609023,0.08729213404670919,0.09998076400040115,0.09892937543684574,0.11816835403442383,0.005184968988707299,0.005184710050798458,0.0655813217163086,1.1888517537385823e-19
0.09009630442720767,0.08729202959755003,0.09998076897837237,0.09892978975867596,0.11839056015014648,0.005184710057130348,0.005184451132222989,0.06603646278381348,1.1888696097860623e-19
0.09009558731210572,0.08729192515314947,0.09998077395614852,0.098930204051648,0.1188504695892334,0.005184451138508501,0.00518419222643729,0.06588053703308105,1.1888874693489526e-19
0.09009487021078592,0.08729182071350718,0.09998077893372959,0.09893061831576465,0.11792826652526855,0.005184192232841512,0.005183933334151902,0.0660092830657959,1.188905334687562e-19
0.09009415312324995,0.08729171627862282,0.09998078391111558,0.09893103255102872,0.11860966682434082,0.005183933340127231,0.005183674454478648,0.0658864974975586,1.1889231914060298e-19
0.09009343604949925,0.08729161184849611,0.0999807888883065,0.09893144675744305,0.11864781379699707,0.005183674460366183,0.005183415587595164,0.0659780502319336,1.1889410456788657e-19
0.09009271898953546,0.08729150742312672,0.09998079386530234,0.09893186093501036,0.11893320083618164,0.005183415593557615,0.005183156733146177,0.06598663330078125,1.188958903125072e-19
0.09009200194336014,0.08729140300251437,0.0999807988421031,0.09893227508373348,0.11928057670593262,0.00518315673970261,0.005182897893085681,0.06550073623657227,1.188976759847532e-19
0.09009128491097494,0.08729129858665871,0.09998080381870882,0.09893268920361517,0.11866617202758789,0.005182897898797434,0.005182639064216232,0.06641244888305664,1.1889946119363218e-19
0.09009056789238144,0.08729119417555946,0.09998080879511946,0.09893310329465821,0.11914467811584473,0.00518263907084455,0.005182380249557639,0.06692051887512207,1.1890124689594485e-19
0.09008985088758116,0.08729108976921629,0.09998081377133503,0.09893351735686545,0.11682629585266113,0.0051823802558398895,0.00518212144786645,0.06522297859191895,1.1890303255947813e-19
0.09008913389657573,0.0872909853676289,0.09998081874735552,0.09893393139023969,0.11904430389404297,0.0051821214537844116,0.005181862658254488,0.06677961349487305,1.1890481752045082e-19
0.09008841691936673,0.087290880970797,0.09998082372318096,0.09893434539478367,0.11760473251342773,0.005181862664678948,0.0051816038823204735,0.06545639038085938,1.1890660291158717e-19
0.09008769995595571,0.08729077657872027,0.09998082869881132,0.09893475937050022,0.11877179145812988,0.005181603888520739,0.005181345119709135,0.06571149826049805,1.1890838805364726e-19
0.09008698300634432,0.08729067219139838,0.09998083367424662,0.0989351733173921,0.11803627014160156,0.0051813451253087985,0.005181086369177024,0.06630158424377441,1.189101729955748e-19
0.09008626607053409,0.08729056780883103,0.09998083864948686,0.0989355872354621,0.11711668968200684,0.005181086375044531,0.005180827631789953,0.06509685516357422,1.189119579360677e-19
0.0900855491485266,0.08729046343101791,0.09998084362453202,0.09893600112471301,0.11756134033203125,0.005180827637725946,0.005180568907015015,0.06603860855102539,1.1891374293292307e-19
0.09008483224032349,0.08729035905795872,0.09998084859938214,0.09893641498514762,0.1173408031463623,0.0051805689133547755,0.00518031019574039,0.06456375122070312,1.1891552798658444e-19
0.0900841153459263,0.08729025468965312,0.09998085357403719,0.09893682881676871,0.1177220344543457,0.005180310201927938,0.005180051497255533,0.0651092529296875,1.1891731281969122e-19
0.09008339846533656,0.08729015032610082,0.09998085854849718,0.09893724261957909,0.11649870872497559,0.005180051503443541,0.005179792812093353,0.0646047592163086,1.1891909767205892e-19
0.09008268159855588,0.08729004596730151,0.0999808635227621,0.09893765639358153,0.1151435375213623,0.005179792817902816,0.005179534139543307,0.06381821632385254,1.1892088189282753e-19
0.09008196474558583,0.08728994161325489,0.09998086849683196,0.09893807013877882,0.11642837524414062,0.0051795341453048415,0.0051792754794277585,0.06443309783935547,1.1892266686000792e-19
0.09008124790642794,0.08728983726396063,0.09998087347070678,0.09893848385517383,0.11699271202087402,0.005179275485650003,0.005179016832812522,0.06339240074157715,1.1892445135028334e-19
0.09008053108108384,0.08728973291941844,0.09998087844438654,0.09893889754276923,0.11909341812133789,0.005179016838936678,0.005178758198809419,0.0634467601776123,1.189262356379214e-19
0.09007981426955512,0.087289628579628,0.09998088341787123,0.09893931120156785,0.11832571029663086,0.005178758205165088,0.005178499578128992,0.06335997581481934,1.1892802057453935e-19
0.09007909747184349,0.087289524244589,0.09998088839116087,0.09893972483157246,0.12013769149780273,0.005178499584333377,0.005178240970771242,0.06329679489135742,1.1892980476807422e-19
0.09007838068795042,0.08728941991430113,0.09998089336425546,0.09894013843278587,0.11962294578552246,0.0051782409764404265,0.0051779823751374465,0.06397795677185059,1.189315886883792e-19
0.09007766391787748,0.08728931558876407,0.099980898337155,0.09894055200521087,0.12077450752258301,0.005177982381487095,0.005177723793003963,0.06351113319396973,1.1893337372601747e-19
0.09007694716162624,0.08728921126797752,0.09998090330985948,0.09894096554885023,0.12022256851196289,0.0051777237994723,0.0051774652240155206,0.06433677673339844,1.1893515714910768e-19
0.0900762304191984,0.08728910695194118,0.0999809082823689,0.09894137906370673,0.12182235717773438,0.00517746523039537,0.0051772066681721185,0.06496024131774902,1.1893694124742496e-19
0.09007551369059542,0.08728900264065474,0.09998091325468328,0.09894179254978316,0.12077045440673828,0.00517720667425433,0.005176948125118486,0.06447958946228027,1.1893872531295998e-19
0.09007479697581895,0.08728889833411788,0.0999809182268026,0.0989422060070823,0.12190485000610352,0.005176948131049246,0.005176689594854622,0.06616497039794922,1.189405090318793e-19
0.0900740802748706,0.0872887940323303,0.09998092319872688,0.09894261943560692,0.12194991111755371,0.005176689600780103,0.005176431077735799,0.0651094913482666,1.189422935355356e-19
0.09007336358775188,0.08728868973529168,0.0999809281704561,0.09894303283535986,0.12098002433776855,0.005176431083445908,0.005176172573051474,0.06575632095336914,1.1894407659409606e-19
0.09007264691446436,0.0872885854430017,0.09998093314199029,0.09894344620634388,0.12257122993469238,0.005176172579046353,0.005175914082045097,0.06653642654418945,1.1894586108687691e-19
0.09007193025500972,0.08728848115546008,0.09998093811332942,0.09894385954856179,0.1278514862060547,0.00517591408757977,0.00517565560294031,0.06852054595947266,1.1894764481991028e-19
0.09007121360938944,0.0872883768726665,0.09998094308447353,0.09894427286201633,0.1259174346923828,0.0051756556090479106,0.005175397136980564,0.06758737564086914,1.1894942840637213e-19
0.0900704969776052,0.08728827259462064,0.09998094805542257,0.0989446861467103,0.12581610679626465,0.005175397143449457,0.005175138684876401,0.06729650497436523,1.189512120254998e-19
0.09006978035965846,0.08728816832132219,0.09998095302617657,0.09894509940264647,0.12602472305297852,0.005175138690781339,0.005174880245206737,0.06763696670532227,1.1895299516941155e-19
0.09006906375555089,0.08728806405277086,0.09998095799673554,0.0989455126298276,0.12562274932861328,0.005174880251042646,0.005174621818504477,0.06759071350097656,1.1895477896832988e-19
0.09006834716528407,0.08728795978896631,0.09998096296709945,0.09894592582825651,0.12625598907470703,0.005174621824234967,0.005174363404236715,0.06788897514343262,1.1895656182632244e-19
0.0900676305888596,0.08728785552990824,0.09998096793726832,0.098946338997936,0.1259000301361084,0.005174363410357746,0.005174105002936358,0.06800079345703125,1.189583454704272e-19
0.090066914026279,0.08728775127559636,0.09998097290724216,0.09894675213886886,0.1256542205810547,0.005174105009411087,0.005173846615136313,0.06787753105163574,1.189601286570721e-19
0.09006619747754387,0.08728764702603034,0.09998097787702095,0.09894716525105783,0.12586593627929688,0.005173846621392174,0.005173588240481308,0.06795740127563477,1.1896191165888943e-19
0.09006548094265572,0.08728754278120988,0.09998098284660473,0.09894757833450568,0.12688803672790527,0.005173588246301709,0.00517332987790553,0.06801557540893555,1.1896369488553214e-19
0.09006476442161618,0.08728743854113467,0.09998098781599346,0.09894799138921523,0.1258840560913086,0.005173329884137843,0.0051730715290077,0.06776905059814453,1.1896547773340117e-19
0.0900640479144268,0.0872873343058044,0.09998099278518716,0.09894840441518922,0.12647223472595215,0.005173071534900069,0.005172813192189096,0.06807351112365723,1.1896726052257424e-19
0.0900633314210892,0.08728723007521876,0.09998099775418581,0.09894881741243046,0.12566757202148438,0.0051728131985896075,0.005172554868693169,0.06807088851928711,1.1896904369692508e-19
0.09006261494160493,0.08728712584937744,0.09998100272298943,0.09894923038094167,0.12596988677978516,0.005172554875204001,0.005172296558697553,0.06845521926879883,1.1897082621637792e-19
0.09006189847597555,0.08728702162828014,0.09998100769159801,0.09894964332072563,0.12575817108154297,0.005172296564742292,0.005172038261136436,0.06797266006469727,1.1897260932742138e-19
0.09006118202420271,0.08728691741192657,0.09998101266001157,0.09895005623178516,0.12558984756469727,0.005172038267205176,0.005171779976720359,0.06845450401306152,1.189743921676672e-19
0.09006046558628793,0.08728681320031638,0.0999810176282301,0.09895046911412302,0.12570762634277344,0.005171779982591312,0.005171521704916415,0.06850528717041016,1.1897617418238924e-19
0.09005974916223276,0.08728670899344927,0.09998102259625359,0.09895088196774197,0.12494993209838867,0.0051715217109004116,0.005171263446079877,0.06813693046569824,1.1897795711985877e-19
0.09005903275203889,0.08728660479132494,0.09998102756408206,0.09895129479264479,0.12491607666015625,0.005171263452131141,0.005171005200388379,0.06821441650390625,1.189797398395062e-19
0.09005831635570787,0.08728650059394309,0.09998103253171549,0.09895170758883427,0.12451887130737305,0.005171005206283216,0.0051707469673090145,0.06801605224609375,1.1898152210172055e-19
0.0900575999732413,0.08728639640130341,0.09998103749915391,0.09895212035631319,0.12441563606262207,0.0051707469733567,0.005170488747019419,0.06788158416748047,1.1898330475713592e-19
0.09005688360464066,0.08728629221340557,0.0999810424663973,0.09895253309508434,0.12461304664611816,0.0051704887533505555,0.005170230540407772,0.06828689575195312,1.1898508625000676e-19
0.09005616724990753,0.08728618803024929,0.09998104743344567,0.09895294580515047,0.12423920631408691,0.005170230546262404,0.005169972345697715,0.06828904151916504,1.1898686902535591e-19
0.09005545090904361,0.08728608385183424,0.09998105240029902,0.09895335848651438,0.12437605857849121,0.0051699723520947155,0.005169714164665606,0.06832361221313477,1.1898865110527957e-19
0.09005473458205031,0.08728597967816012,0.09998105736695734,0.0989537711391788,0.12360215187072754,0.00516971417084412,0.005169455996423267,0.06820869445800781,1.189904330731373e-19
0.0900540182689293,0.08728587550922662,0.09998106233342063,0.09895418376314657,0.12442231178283691,0.0051694560025113,0.005169197841325968,0.06827068328857422,1.189922152087651e-19
0.09005330196968205,0.08728577134503342,0.0999810672996889,0.09895459635842045,0.12340664863586426,0.005169197847094212,0.005168939698485531,0.06820368766784668,1.1899399683829212e-19
0.09005258568431018,0.08728566718558022,0.09998107226576215,0.09895500892500322,0.12368464469909668,0.005168939704595006,0.005168681568612499,0.06834816932678223,1.1899577881907357e-19
0.09005186941281533,0.08728556303086671,0.09998107723164039,0.0989554214628976,0.1234440803527832,0.0051686815750116655,0.005168423452239779,0.06826376914978027,1.1899756044277555e-19
0.09005115315519903,0.08728545888089258,0.09998108219732361,0.09895583397210635,0.12313199043273926,0.005168423458341777,0.005168165348479192,0.06805586814880371,1.1899934198877218e-19
0.0900504369114629,0.08728535473565753,0.09998108716281182,0.09895624645263229,0.1229701042175293,0.005168165354587065,0.0051679072578636465,0.0680532455444336,1.190011242963484e-19
0.09004972068160853,0.08728525059516125,0.099981092128105,0.09895665890447819,0.12212300300598145,0.0051679072637465665,0.005167649179504963,0.06803035736083984,1.1900290561594646e-19
0.0900490044656374,0.08728514645940341,0.09998109709320319,0.09895707132764682,0.12190103530883789,0.00516764918581966,0.00516739111429132,0.0678565502166748,1.1900468754639553e-19
0.09004828826355105,0.08728504232838374,0.09998110205810636,0.09895748372214094,0.12151646614074707,0.005167391120804701,0.005167133062222717,0.0677497386932373,1.190064683174507e-19
0.09004757207535118,0.08728493820210191,0.09998110702281451,0.09895789608796332,0.1214749813079834,0.005167133068702039,0.005166875023299156,0.06763458251953125,1.190082504651463e-19
0.09004685590103934,0.08728483408055762,0.09998111198732765,0.09895830842511676,0.12169218063354492,0.005166875029508973,0.005166616996987727,0.06757473945617676,1.1901003127961413e-19
0.09004613974061718,0.08728472996375054,0.09998111695164577,0.09895872073360401,0.12110185623168945,0.0051666170032262084,0.005166358983643704,0.06703948974609375,1.1901181244730433e-19
0.09004542359408625,0.08728462585168037,0.09998112191576888,0.09895913301342782,0.12154006958007812,0.005166358989852788,0.005166100982911814,0.06673622131347656,1.1901359367950154e-19
0.09004470746144803,0.08728452174434681,0.09998112687969699,0.09895954526459096,0.12140297889709473,0.005166100989389403,0.0051658429956802365,0.06702089309692383,1.190153748072194e-19
0.09004399134270423,0.08728441764174956,0.09998113184343008,0.09895995748709621,0.12092018127441406,0.005165843001834017,0.005165585020527885,0.06636261940002441,1.1901715586953784e-19
0.09004327523785638,0.0872843135438883,0.09998113680696816,0.09896036968094635,0.12206387519836426,0.005165585027188368,0.005165327059408753,0.06615066528320312,1.1901893741594866e-19
0.09004255914690595,0.08728420945076272,0.09998114177031124,0.09896078184614412,0.1223604679107666,0.005165327065447427,0.005165069110191212,0.06544756889343262,1.190207176326306e-19
0.0900418430698546,0.08728410536237251,0.09998114673345931,0.09896119398269235,0.12315845489501953,0.00516506911661459,0.0051648111742963465,0.06563496589660645,1.1902249875428325e-19
0.09004112700670391,0.08728400127871735,0.09998115169641238,0.09896160609059379,0.12431907653808594,0.005164811180686533,0.005164553252079429,0.0656137466430664,1.1902427952567514e-19
0.09004041095745546,0.08728389719979697,0.09998115665917044,0.09896201816985119,0.1250753402709961,0.005164553257661857,0.00516429534105356,0.06562519073486328,1.1902606061212902e-19
0.09003969492211084,0.08728379312561103,0.0999811616217335,0.09896243022046734,0.12624263763427734,0.0051642953475447475,0.005164037443883274,0.06647253036499023,1.1902784030405504e-19
0.09003897890067157,0.08728368905615924,0.09998116658410156,0.098962842242445,0.12580609321594238,0.005164037450331157,0.005163779559858028,0.06641578674316406,1.1902962152588456e-19
0.09003826289313933,0.08728358499144129,0.09998117154627462,0.0989632542357869,0.12563204765319824,0.005163779566020393,0.005163521688267281,0.06662559509277344,1.1903140208111089e-19
0.09003754689951558,0.08728348093145687,0.09998117650825268,0.09896366620049583,0.1258385181427002,0.00516352169461215,0.005163263830532117,0.06725692749023438,1.1903318281608736e-19
0.0900368309198019,0.08728337687620566,0.09998118147003575,0.09896407813657453,0.12539339065551758,0.005163263836104423,0.005163005984165636,0.06715893745422363,1.1903496298822225e-19
0.09003611495399984,0.08728327282568736,0.0999811864316238,0.09896449004402581,0.12576031684875488,0.00516300599049932,0.0051627481520100105,0.0674283504486084,1.1903674323415042e-19
0.09003539900211105,0.08728316877990167,0.09998119139301687,0.09896490192285241,0.12664103507995605,0.005162748157795107,0.00516249033157834,0.0675039291381836,1.19038523811337e-19
0.09003468306413709,0.08728306473884827,0.09998119635421493,0.09896531377305712,0.12642478942871094,0.005162490337991892,0.005162232524824617,0.06758546829223633,1.1904030400303837e-19
0.09003396714007952,0.08728296070252685,0.099981201315218,0.09896572559464262,0.12597870826721191,0.005162232531087945,0.005161974731038299,0.0680241584777832,1.1904208371481187e-19
0.09003325122993994,0.08728285667093712,0.09998120627602607,0.09896613738761169,0.12491345405578613,0.0051619747370815535,0.005161716949864115,0.06767678260803223,1.1904386431627133e-19
0.09003253533371983,0.08728275264407878,0.09998121123663915,0.09896654915196716,0.12480831146240234,0.0051617169559732045,0.005161459181657335,0.06770586967468262,1.1904564380608857e-19
0.09003181945142086,0.08728264862195151,0.09998121619705726,0.09896696088771179,0.1251697540283203,0.005161459187762915,0.005161201426240325,0.06780433654785156,1.1904742352946247e-19
0.09003110358304457,0.087282544604555,0.09998122115728036,0.09896737259484828,0.12494134902954102,0.005161201432449982,0.005160943683968355,0.06787538528442383,1.1904920350828782e-19
0.09003038772859256,0.08728244059188894,0.09998122611730847,0.09896778427337942,0.12427854537963867,0.005160943690032401,0.005160685953953248,0.06753134727478027,1.1905098309683423e-19
0.09002967188806636,0.08728233658395301,0.0999812310771416,0.098968195923308,0.12466287612915039,0.005160685960511026,0.005160428237793724,0.06778907775878906,1.1905276292325649e-19
0.09002895606146757,0.08728223258074692,0.09998123603677973,0.0989686075446368,0.12444329261779785,0.0051604282438833075,0.005160170534068698,0.06749248504638672,1.1905454306628713e-19
0.09002824024879781,0.08728212858227037,0.09998124099622288,0.09896901913736854,0.1247549057006836,0.00516017054015007,0.005159912843311076,0.0676572322845459,1.1905632283098874e-19
0.09002752445005864,0.08728202458852305,0.09998124595547105,0.09896943070150599,0.12458944320678711,0.005159912849309974,0.005159655165165589,0.06734919548034668,1.1905810165918817e-19
0.09002680866525159,0.08728192059950463,0.09998125091452423,0.0989698422370519,0.12418222427368164,0.0051596551713633644,0.005159397500342777,0.06732344627380371,1.190598813435709e-19
0.0900260928943783,0.08728181661521481,0.09998125587338243,0.09897025374400904,0.12377429008483887,0.005159397506308579,0.005159139847776828,0.0671851634979248,1.190616606634945e-19
0.0900253771374403,0.08728171263565329,0.09998126083204564,0.09897066522238018,0.12348604202270508,0.005159139854146349,0.005158882208533555,0.0669548511505127,1.1906344032833792e-19
0.09002466139443914,0.08728160866081976,0.09998126579051386,0.09897107667216808,0.12460184097290039,0.0051588822148753094,0.005158624582257687,0.06697630882263184,1.1906521936271616e-19
0.09002394566537639,0.08728150469071391,0.09998127074878711,0.09897148809337547,0.12352180480957031,0.005158624588494247,0.005158366968949224,0.06674575805664062,1.1906699841392342e-19
0.09002322995025375,0.08728140072533545,0.09998127570686538,0.09897189948600513,0.12494969367980957,0.005158366975002385,0.005158109368075259,0.06690859794616699,1.1906877767507219e-19
0.09002251424907273,0.08728129676468406,0.09998128066474868,0.09897231085005982,0.1235811710357666,0.005158109374400772,0.0051578517807016055,0.06695556640625,1.1907055700503823e-19
0.09002179856183481,0.08728119280875943,0.09998128562243698,0.09897272218554232,0.12387871742248535,0.005157851786686153,0.005157594206472993,0.0670323371887207,1.1907233556924996e-19
0.09002108288854165,0.08728108885756125,0.09998129057993031,0.09897313349245536,0.12337517738342285,0.005157594211858404,0.0051573366437907,0.06716418266296387,1.1907411484785215e-19
0.09002036722919479,0.08728098491108924,0.09998129553722865,0.0989735447708017,0.12354230880737305,0.005157336649918779,0.005157079094786354,0.06720161437988281,1.1907589365861584e-19
0.09001965158379582,0.08728088096934306,0.09998130049433201,0.09897395602058408,0.1229395866394043,0.005157079100865429,0.005156821559104685,0.06683182716369629,1.1907767241132938e-19
0.09001893595234634,0.08728077703232241,0.09998130545124041,0.09897436724180524,0.12245965003967285,0.005156821564697136,0.005156564035679878,0.06709527969360352,1.1907945105523843e-19
0.09001822033484788,0.087280673100027,0.09998131040795383,0.09897477843446797,0.12315487861633301,0.005156564041414587,0.00515630652504484,0.0670924186706543,1.190812298221377e-19
0.09001750473130198,0.08728056917245652,0.09998131536447227,0.09897518959857506,0.12187409400939941,0.005156306531016735,0.0051560490273772075,0.06669139862060547,1.19083008396296e-19
0.09001678914171032,0.08728046524961065,0.09998132032079575,0.09897560073412923,0.12247681617736816,0.005156049033503009,0.00515579154267698,0.06701469421386719,1.1908478728917894e-19
0.09001607356607443,0.08728036133148907,0.09998132527692426,0.09897601184113317,0.12211203575134277,0.005155791548872779,0.005155534070944157,0.06695032119750977,1.1908656507945327e-19
0.09001535800439592,0.0872802574180915,0.0999813302328578,0.0989764229195897,0.1222376823425293,0.005155534077124344,0.005155276612001103,0.0666806697845459,1.1908834400858493e-19
0.09001464245667627,0.08728015350941765,0.09998133518859637,0.0989768339695016,0.12191033363342285,0.005155276618258063,0.005155019165847818,0.0666961669921875,1.1909012242769033e-19
0.09001392692291714,0.08728004960546716,0.09998134014413997,0.09897724499087156,0.12139773368835449,0.005155019172273977,0.0051547617333724816,0.06624102592468262,1.1909190031984083e-19
0.09001321140312,0.08727994570623974,0.0999813450994886,0.09897765598370237,0.12094545364379883,0.005154761739169667,0.005154504313331643,0.06554436683654785,1.190936783768364e-19
0.09001249589728647,0.0872798418117351,0.09998135005464226,0.09897806694799675,0.12195539474487305,0.005154504318944943,0.005154246905902937,0.06611037254333496,1.1909545651852634e-19
0.09001178040541814,0.08727973792195293,0.09998135500960095,0.0989784778837575,0.12146186828613281,0.00515424691159977,0.005153989511086365,0.06637406349182129,1.1909723438842884e-19
0.09001106492751665,0.08727963403689291,0.09998135996436469,0.09897888879098737,0.12033867835998535,0.005153989517133821,0.0051537321297701055,0.06593585014343262,1.1909901249190815e-19
0.09001034946358352,0.08727953015655475,0.09998136491893346,0.09897929966968909,0.11930227279663086,0.005153732135544876,0.005153474761243615,0.06573700904846191,1.1910079065218091e-19
0.09000963401362025,0.08727942628093814,0.09998136987330727,0.09897971051986541,0.11841130256652832,0.005153474766833531,0.0051532174044410795,0.06496405601501465,1.191025682130447e-19
0.09000891857762833,0.08727932241004277,0.09998137482748612,0.09898012134151907,0.11638832092285156,0.0051532174110002285,0.00515296006220467,0.06335091590881348,1.1910434602268097e-19
0.09000820315560952,0.08727921854386834,0.09998137978147001,0.09898053213465283,0.11819958686828613,0.005152960068042188,0.005152702731692216,0.06514811515808105,1.1910612379455267e-19
0.09000748774756526,0.08727911468241455,0.09998138473525894,0.09898094289926944,0.11754488945007324,0.005152702737960594,0.005152445413969531,0.06435918807983398,1.191079011057059e-19
0.09000677235349712,0.08727901082568106,0.09998138968885292,0.09898135363537165,0.11807703971862793,0.005152445420754386,0.005152188110635336,0.0644376277923584,1.1910967907258272e-19
0.09000605697340659,0.08727890697366758,0.09998139464225195,0.0989817643429622,0.11780238151550293,0.005152188116420522,0.005151930818669825,0.06361269950866699,1.1911145653752477e-19
0.09000534160729536,0.0872788031263738,0.09998139959545602,0.09898217502204384,0.11639785766601562,0.005151930824961058,0.005151673540026991,0.06328701972961426,1.191132338796906e-19
0.09000462625516498,0.08727869928379944,0.09998140454846513,0.09898258567261935,0.1149742603302002,0.005151673546373817,0.005151416274884468,0.06287479400634766,1.1911501129063676e-19
0.0900039109170171,0.08727859544594417,0.09998140950127929,0.0989829962946915,0.11524844169616699,0.005151416280657591,0.0051511590211106295,0.06291985511779785,1.191167880769255e-19
0.09000319559285323,0.08727849161280768,0.09998141445389849,0.09898340688826303,0.11625409126281738,0.005151159027814973,0.0051509017815476454,0.06274724006652832,1.1911856623715205e-19
0.09000248028267498,0.08727838778438968,0.09998141940632276,0.09898381745333665,0.11701059341430664,0.005150901787843435,0.005150644554774431,0.06241559982299805,1.1912034330219405e-19
0.09000176498648375,0.08727828396068986,0.09998142435855206,0.09898422798991512,0.1169893741607666,0.005150644560741415,0.005150387340613349,0.06261706352233887,1.1912212035266692e-19
0.09000104970428129,0.0872781801417079,0.09998142931058641,0.0989846384980012,0.1173393726348877,0.005150387346508923,0.00515013013870913,0.06264233589172363,1.1912389717155096e-19
0.09000033443606908,0.08727807632744349,0.09998143426242583,0.09898504897759762,0.11916446685791016,0.005150130145146353,0.005149872950482859,0.06255340576171875,1.191256739184523e-19
0.08999961918184872,0.08727797251789633,0.09998143921407028,0.09898545942870715,0.11881065368652344,0.005149872956651051,0.005149615775223992,0.0625300407409668,1.1912745086705412e-19
0.08999890394162172,0.08727786871306613,0.0999814441655198,0.0989858698513325,0.1215353012084961,0.005149615781023286,0.005149358612221988,0.06254863739013672,1.1912922807276518e-19
0.08999818871538971,0.08727776491295257,0.09998144911677435,0.09898628024547645,0.1206979751586914,0.005149358618263479,0.005149101462365024,0.06421661376953125,1.1913100477107292e-19
0.08999747350315423,0.08727766111755536,0.09998145406783397,0.09898669061114174,0.12031960487365723,0.00514910146836866,0.005148844325475466,0.06377959251403809,1.1913278141771538e-19
0.08999675830491692,0.08727755732687419,0.09998145901869863,0.09898710094833113,0.12056231498718262,0.0051488443313404885,0.005148587201375676,0.06393933296203613,1.1913455798335894e-19
0.0899960431206792,0.08727745354090874,0.09998146396936836,0.09898751125704733,0.11985492706298828,0.005148587207176676,0.00514833008988802,0.06467771530151367,1.1913633449319388e-19
0.08999532795044267,0.08727734975965872,0.09998146891984315,0.09898792153729308,0.1210019588470459,0.005148330095877904,0.005148072991545405,0.06412863731384277,1.1913811058897752e-19
0.08999461279420903,0.08727724598312381,0.09998147387012299,0.09898833178907115,0.11990976333618164,0.005148072997442544,0.005147815905814923,0.06449723243713379,1.1913988793370444e-19
0.08999389765197977,0.0872771422113037,0.0999814788202079,0.09898874201238433,0.1206052303314209,0.0051478159118712695,0.005147558833229482,0.06434512138366699,1.1914166427889207e-19
0.08999318252375649,0.0872770384441981,0.09998148377009787,0.09898915220723536,0.1201636791229248,0.00514755883916143,0.005147301773256174,0.06435847282409668,1.191434399579412e-19
0.08999246740954078,0.0872769346818067,0.0999814887197929,0.09898956237362692,0.12078189849853516,0.005147301779314078,0.005147044726072636,0.06415367126464844,1.1914521644157775e-19
0.08999175230933422,0.08727683092412918,0.09998149366929299,0.09898997251156175,0.12157440185546875,0.005147044732329193,0.005146787692211774,0.06463217735290527,1.1914699243339264e-19
0.08999103722313828,0.08727672717116525,0.09998149861859813,0.09899038262104261,0.11999917030334473,0.005146787698203792,0.005146530670607774,0.06439852714538574,1.191487687821215e-19
0.08999032215095454,0.08727662342291459,0.09998150356770835,0.09899079270207228,0.12041401863098145,0.0051465306769392875,0.005146273661971179,0.06441307067871094,1.1915054430675069e-19
0.08998960709278475,0.08727651967937691,0.09998150851662363,0.09899120275465347,0.12107992172241211,0.005146273668534,0.005146016667012532,0.06462264060974121,1.1915232023453363e-19
0.08998889204863035,0.08727641594055191,0.09998151346534397,0.09899161277878891,0.11991047859191895,0.005146016672987229,0.005145759684310747,0.06458902359008789,1.191540964313278e-19
0.08998817701849292,0.08727631220643926,0.09998151841386937,0.09899202277448133,0.12016582489013672,0.005145759690298364,0.0051455027145763665,0.06529021263122559,1.1915587228488738e-19
0.08998746200237404,0.08727620847703867,0.09998152336219986,0.09899243274173349,0.11992120742797852,0.005145502720466738,0.005145245757098849,0.06502342224121094,1.1915764819317443e-19
0.08998674700027529,0.08727610475234983,0.09998152831033541,0.09899284268054813,0.12153005599975586,0.0051452457634925085,0.005144988813476914,0.0648951530456543,1.1915942395573856e-19
0.08998603201219826,0.08727600103237243,0.09998153325827602,0.09899325259092802,0.12151598930358887,0.005144988819373517,0.005144731881934206,0.06512165069580078,1.191611995373145e-19
0.08998531703814441,0.08727589731710618,0.09998153820602172,0.09899366247287586,0.11951684951782227,0.005144731888109908,0.005144474963181267,0.06472325325012207,1.1916297515226117e-19
0.0899846020781154,0.08727579360655076,0.09998154315357248,0.09899407232639434,0.11987185478210449,0.00514447496970267,0.005144218058283911,0.06528067588806152,1.1916475057641057e-19
0.08998388713211276,0.08727568990070586,0.09998154810092831,0.09899448215148626,0.11859440803527832,0.005144218064147403,0.005143961165288147,0.06547999382019043,1.1916652589424738e-19
0.08998317220013806,0.0872755861995712,0.09998155304808923,0.09899489194815432,0.1208961009979248,0.0051439611714462425,0.005143704285437423,0.0651395320892334,1.19168301120157e-19
0.08998245728219284,0.08727548250314646,0.09998155799505522,0.09899530171640133,0.12123417854309082,0.005143704291597827,0.005143447418198832,0.06592226028442383,1.1917007664848314e-19
0.08998174237827859,0.08727537881143131,0.09998156294182628,0.09899571145622998,0.11900901794433594,0.00514344742460289,0.005143190564282918,0.06562685966491699,1.1917185158702385e-19
0.08998102748839704,0.08727527512442548,0.09998156788840241,0.09899612116764303,0.11899471282958984,0.0051431905704584025,0.0051429337228015015,0.06607961654663086,1.1917362723298515e-19
0.08998031261254967,0.08727517144212865,0.09998157283478364,0.09899653085064321,0.11952757835388184,0.005142933729165415,0.0051426768951756685,0.0662238597869873,1.1917540216317122e-19
0.0899795977507381,0.08727506776454053,0.09998157778096993,0.09899694050523326,0.11910033226013184,0.005142676900720206,0.005142420079273791,0.06593489646911621,1.1917717689645816e-19
0.08997888290296381,0.08727496409166079,0.09998158272696131,0.09899735013141592,0.1187903881072998,0.005142420085126539,0.005142163275984046,0.06612801551818848,1.191789525700771e-19
0.08997816806922841,0.08727486042348913,0.09998158767275778,0.09899775972919392,0.11839985847473145,0.005142163282383128,0.00514190648637225,0.06571435928344727,1.1918072662274872e-19
0.08997745324953355,0.08727475676002525,0.09998159261835932,0.09899816929857,0.11869096755981445,0.005141906492487255,0.005141649709372587,0.06544065475463867,1.1918250180058706e-19
0.08997673844388072,0.08727465310126885,0.09998159756376594,0.09899857883954685,0.11848926544189453,0.00514164971543898,0.005141392945517964,0.06534886360168457,1.1918427701012652e-19
0.0899760236522716,0.08727454944721962,0.09998160250897764,0.09899898835212724,0.11850357055664062,0.005141392951237328,0.0051411361935649325,0.06652379035949707,1.1918605130778137e-19
0.08997530887470764,0.08727444579787724,0.09998160745399443,0.09899939783631388,0.11948251724243164,0.005141136199882296,0.0051408794552898485,0.06630897521972656,1.191878257817097e-19
0.08997459411119044,0.08727434215324142,0.0999816123988163,0.09899980729210953,0.11822247505187988,0.005140879461372561,0.005140622730159805,0.0653693675994873,1.191896009198748e-19
0.08997387936172148,0.08727423851331187,0.09998161734344324,0.09900021671951689,0.11740398406982422,0.00514062273570749,0.005140366016753717,0.0650782585144043,1.1919137554920332e-19
0.08997316462630234,0.08727413487808824,0.09998162228787529,0.09900062611853877,0.1181936264038086,0.005140366022887842,0.005140109317025576,0.06469535827636719,1.1919314913430966e-19
0.08997244990493464,0.08727403124757029,0.09998162723211242,0.09900103548917787,0.11793684959411621,0.005140109322911553,0.005139852629909569,0.0660243034362793,1.1919492386729004e-19
0.08997173519761992,0.08727392762175767,0.09998163217615463,0.09900144483143689,0.11822891235351562,0.005139852635778718,0.005139595955760967,0.0660254955291748,1.1919669829175777e-19
0.08997102050435982,0.08727382400065009,0.09998163712000194,0.09900185414531855,0.11620640754699707,0.00513959596148756,0.005139339294046863,0.0643930435180664,1.1919847230121525e-19
0.08997030582515589,0.08727372038424724,0.09998164206365433,0.09900226343082563,0.11526608467102051,0.005139339300039271,0.005139082644767257,0.06423068046569824,1.1920024660845127e-19
0.08996959116000967,0.08727361677254881,0.09998164700711182,0.09900267268796087,0.11576056480407715,0.005139082651433852,0.005138826009165598,0.0638272762298584,1.192020204368367e-19
0.08996887650892274,0.08727351316555451,0.09998165195037441,0.09900308191672698,0.11634063720703125,0.005138826015668246,0.00513856938670898,0.06380820274353027,1.1920379457179132e-19
0.08996816187189666,0.08727340956326403,0.09998165689344209,0.09900349111712667,0.11714744567871094,0.005138569392742774,0.005138312776509224,0.06378412246704102,1.1920556828298138e-19
0.08996744724893302,0.08727330596567705,0.09998166183631486,0.09900390028916264,0.1174464225769043,0.005138312782655866,0.005138056179276873,0.06368327140808105,1.192073423181814e-19
0.0899667326400334,0.08727320237279328,0.09998166677899273,0.09900430943283767,0.1186521053314209,0.005138056185407842,0.005137799595011927,0.0641627311706543,1.1920911635565065e-19
0.0899660180451993,0.08727309878461241,0.09998167172147569,0.09900471854815446,0.11770772933959961,0.005137799600997071,0.00513754302353675,0.06387901306152344,1.192108895772094e-19
0.08996530346443235,0.08727299520113414,0.09998167666376376,0.09900512763511575,0.11933112144470215,0.005137543029423866,0.005137286464851343,0.06313037872314453,1.1921266393583075e-19
0.08996458889773411,0.08727289162235817,0.09998168160585692,0.09900553669372428,0.11937594413757324,0.005137286470686348,0.00513702991913334,0.06470608711242676,1.1921443700684618e-19
0.08996387434510615,0.0872727880482842,0.09998168654775519,0.09900594572398279,0.11966323852539062,0.005137029924785448,0.005136773385494564,0.06450033187866211,1.1921621061847845e-19
0.08996315980655005,0.08727268447891191,0.09998169148945855,0.09900635472589406,0.11998796463012695,0.0051367733917206245,0.005136516865711371,0.06435775756835938,1.1921798430867754e-19
0.08996244528206733,0.087272580914241,0.09998169643096702,0.09900676369946075,0.11947083473205566,0.005136516871489462,0.0051362603583626765,0.06422829627990723,1.1921975761658695e-19
0.08996173077165943,0.08727247735427118,0.0999817013722806,0.09900717264468557,0.12135934829711914,0.00513626036409332,0.0051360038639813865,0.06413698196411133,1.1922153075043238e-19
0.08996101627532807,0.08727237379900213,0.09998170631339928,0.0990075815615713,0.11963486671447754,0.005136003869529929,0.005135747381324052,0.06475090980529785,1.1922330441813617e-19
0.08996030179307472,0.08727227024843355,0.09998171125432308,0.09900799045012064,0.12068557739257812,0.005135747387801693,0.005135490912877572,0.0648961067199707,1.1922507711225941e-19
0.08995958732490116,0.08727216670256513,0.09998171619505197,0.09900839931033634,0.11934351921081543,0.005135490918904876,0.005135234456510318,0.06418013572692871,1.19226850599737e-19
0.08995887287080878,0.08727206316139657,0.09998172113558597,0.09900880814222111,0.11902832984924316,0.005135234462839237,0.005134978013465741,0.06409788131713867,1.1922862469896333e-19
0.08995815843079917,0.08727195962492758,0.09998172607592508,0.09900921694577769,0.11887145042419434,0.005134978019604393,0.00513472158250039,0.06452441215515137,1.1923039694773894e-19
0.08995744400487389,0.08727185609315784,0.09998173101606929,0.0990096257210088,0.1186671257019043,0.005134721589201161,0.005134465165568258,0.06420135498046875,1.1923217037448492e-19
0.08995672959303447,0.08727175256608703,0.09998173595601861,0.09901003446791717,0.11921310424804688,0.005134465171626769,0.005134208760715353,0.06452608108520508,1.1923394301261208e-19
0.08995601519528242,0.08727164904371487,0.09998174089577307,0.09901044318650555,0.12089204788208008,0.005134208766880921,0.005133952368829853,0.06527924537658691,1.1923571530451333e-19
0.08995530081161944,0.08727154552604104,0.09998174583533262,0.09901085187677658,0.11893677711486816,0.005133952374963981,0.005133695989556486,0.06451654434204102,1.1923748840159918e-19
0.08995458644204708,0.08727144201306523,0.09998175077469729,0.09901126053873299,0.12055325508117676,0.005133695995875077,0.0051334396236057955,0.0658111572265625,1.1923926106033685e-19
0.0899538720865668,0.08727133850478716,0.09998175571386707,0.09901166917237751,0.11935806274414062,0.005133439629612728,0.00513318327062251,0.06446480751037598,1.192410336172356e-19
0.08995315774518016,0.08727123500120651,0.09998176065284195,0.09901207777771287,0.12069201469421387,0.005133183276175984,0.00513292692936318,0.06553149223327637,1.1924280637534622e-19
0.08995244341788886,0.08727113150232296,0.09998176559162196,0.09901248635474183,0.11908340454101562,0.005132926935566003,0.005132670601959433,0.06502652168273926,1.1924457871050392e-19
0.08995172910469433,0.08727102800813624,0.09998177053020708,0.09901289490346712,0.1186058521270752,0.005132670607780674,0.005132414286812548,0.06435537338256836,1.1924635136729299e-19
0.08995101480559821,0.08727092451864601,0.09998177546859732,0.09901330342389142,0.11870789527893066,0.005132414292820097,0.005132157984633068,0.06493568420410156,1.1924812326396635e-19
0.08995030052060206,0.087270821033852,0.09998178040679269,0.09901371191601747,0.11994433403015137,0.00513215799068329,0.005131901695420993,0.06458401679992676,1.1924989586455071e-19
0.08994958624970736,0.08727071755375389,0.09998178534479317,0.09901412037984801,0.11986780166625977,0.005131901701369241,0.005131645419176323,0.06477212905883789,1.192516676647845e-19
0.08994887199291562,0.08727061407835138,0.09998179028259876,0.09901452881538576,0.11995530128479004,0.005131645424877284,0.005131389155366151,0.06460285186767578,1.1925343991988366e-19
0.08994815775022849,0.08727051060764415,0.09998179522020949,0.09901493722263344,0.12043929100036621,0.005131389161208189,0.005131132904523383,0.06537199020385742,1.1925521208640882e-19
0.08994744352164746,0.08727040714163192,0.09998180015762533,0.09901534560159372,0.11962413787841797,0.0051311329103592585,0.00513087666629275,0.06511878967285156,1.1925698417197039e-19
0.08994672930717423,0.0872703036803144,0.09998180509484629,0.09901575395226937,0.1192317008972168,0.0051308766723322415,0.0051306204412071565,0.0646207332611084,1.19258756245141e-19
0.08994601510681025,0.08727020022369125,0.09998181003187238,0.0990161622746631,0.11890816688537598,0.005130620447124693,0.005130364228733697,0.06505274772644043,1.1926052822170307e-19
0.08994530092055708,0.0872700967717622,0.0999818149687036,0.09901657056877765,0.11885237693786621,0.00513036423473648,0.005130108028872371,0.06499719619750977,1.1926229965787575e-19
0.0899445867484164,0.08726999332452692,0.09998181990533996,0.09901697883461569,0.11785125732421875,0.0051301080351675,0.005129851842333721,0.06455349922180176,1.192640714992236e-19
0.08994387259038973,0.08726988988198513,0.09998182484178143,0.09901738707217998,0.11799192428588867,0.005129851848416779,0.005129595668584841,0.06444549560546875,1.1926584287423892e-19
0.08994315844647864,0.08726978644413651,0.09998182977802804,0.0990177952814732,0.11797189712524414,0.005129595674483361,0.005129339507270458,0.0649271011352539,1.1926761490057786e-19
0.0899424443166847,0.08726968301098076,0.09998183471407977,0.09901820346249811,0.11703968048095703,0.005129339513366985,0.0051290833591011165,0.06472396850585938,1.192693862967084e-19
0.08994173020100936,0.08726957958251756,0.09998183964993664,0.09901861161525741,0.12020683288574219,0.0051290833650666084,0.005128827223188637,0.06447267532348633,1.1927115741636938e-19
0.08994101609945426,0.08726947615874663,0.09998184458559863,0.09901901973975381,0.11953496932983398,0.005128827229581962,0.005128571100776469,0.06423068046569824,1.1927292913848813e-19
0.08994030201202091,0.08726937273966764,0.09998184952106576,0.09901942783599,0.11777091026306152,0.005128571106912055,0.005128314990798799,0.06358766555786133,1.1927470041618039e-19
0.08993958793871097,0.08726926932528031,0.09998185445633802,0.09901983590396878,0.11904430389404297,0.005128314997056907,0.00512805889396617,0.06413698196411133,1.1927647160751626e-19
0.0899388738795261,0.08726916591558434,0.09998185939141542,0.09902024394369281,0.11775660514831543,0.005128058900014557,0.005127802809745674,0.0644063949584961,1.1927824304211767e-19
0.08993815983446783,0.08726906251057939,0.09998186432629796,0.09902065195516484,0.12010669708251953,0.005127802815785359,0.0051275467383149476,0.06421613693237305,1.1928001437381284e-19
0.08993744580353764,0.08726895911026519,0.09998186926098564,0.09902105993838752,0.12026762962341309,0.0051275467443682565,0.00512729067967399,0.06456589698791504,1.192817851927434e-19
0.0899367317867371,0.08726885571464142,0.09998187419547847,0.09902146789336361,0.11821937561035156,0.005127290685762428,0.005127034633645167,0.06453704833984375,1.1928355624051922e-19
0.08993601778406773,0.08726875232370777,0.09998187912977642,0.09902187582009582,0.11855697631835938,0.0051270346399684774,0.005126778600939019,0.06489777565002441,1.1928532684205775e-19
0.08993530379553112,0.08726864893746397,0.09998188406387952,0.09902228371858685,0.11943888664245605,0.005126778606984102,0.00512652258066737,0.06483221054077148,1.1928709821695391e-19
0.08993458982112881,0.0872685455559097,0.09998188899778776,0.09902269158883943,0.11861205101013184,0.005126522586809963,0.0051262665731854895,0.06422901153564453,1.1928886884785084e-19
0.08993387586086245,0.08726844217904464,0.09998189393150114,0.09902309943085624,0.11959147453308105,0.005126266579445101,0.005126010578671014,0.06485462188720703,1.1929063976499405e-19
0.0899331619147335,0.0872683388068685,0.09998189886501967,0.09902350724464004,0.12079524993896484,0.0051260105848876065,0.005125754596946308,0.06450104713439941,1.1929241031047146e-19
0.0899324479827436,0.08726823543938099,0.09998190379834333,0.09902391503019355,0.12006258964538574,0.00512575460313811,0.005125498628366643,0.06415843963623047,1.1929418102944894e-19
0.08993173406489433,0.0872681320765818,0.09998190873147214,0.09902432278751944,0.12149190902709961,0.005125498634194901,0.005125242672043839,0.06428360939025879,1.192959513433798e-19
0.08993102016118706,0.08726802871847061,0.09998191366440609,0.09902473051662043,0.12046146392822266,0.005125242678057772,0.005124986728688441,0.06548571586608887,1.1929772194688616e-19
0.08993030627162354,0.08726792536504714,0.09998191859714518,0.09902513821749927,0.12267208099365234,0.005124986734728691,0.005124730797945176,0.06593871116638184,1.1929949216739662e-19
0.08992959239620521,0.08726782201631107,0.09998192352968943,0.09902554589015866,0.12204360961914062,0.005124730804204402,0.005124474880524588,0.06550765037536621,1.1930126255179337e-19
0.0899288785349336,0.08726771867226212,0.09998192846203882,0.09902595353460131,0.11925983428955078,0.005124474886484209,0.005124218975893768,0.06472945213317871,1.1930303276994904e-19
0.08992816468781033,0.08726761533289995,0.09998193339419337,0.09902636115082988,0.12091636657714844,0.0051242189815664755,0.005123963083697447,0.06414914131164551,1.1930480318719105e-19
0.08992745085483692,0.08726751199822429,0.09998193832615307,0.0990267687388471,0.12073874473571777,0.005123963089452863,0.0051237072039356235,0.0657949447631836,1.1930657317935317e-19
0.08992673703601493,0.08726740866823483,0.09998194325791793,0.09902717629865568,0.12094402313232422,0.005123707210142856,0.005123451338207019,0.065826416015625,1.1930834336388565e-19
0.08992602323134603,0.08726730534293127,0.09998194818948793,0.09902758383025834,0.11846613883972168,0.005123451343633968,0.005123195484024734,0.06486034393310547,1.1931011376207588e-19
0.08992530944083171,0.0872672020223133,0.0999819531208631,0.09902799133365778,0.11927914619445801,0.005123195489926385,0.005122939643165125,0.06510496139526367,1.1931188288019885e-19
0.0899245956644734,0.08726709870638061,0.09998195805204341,0.09902839880885672,0.11885809898376465,0.005122939649019708,0.0051226838147400144,0.06508111953735352,1.193136532943759e-19
0.08992388190227284,0.0872669953951329,0.09998196298302889,0.0990288062558579,0.11862516403198242,0.005122683820913334,0.0051224279992823085,0.0650322437286377,1.1931542312015422e-19
0.08992316815423157,0.08726689208856986,0.09998196791381951,0.09902921367466401,0.11822056770324707,0.005122428005607639,0.00512217219750255,0.06489801406860352,1.1931719294463116e-19
0.08992245442035111,0.08726678878669121,0.09998197284441529,0.09902962106527778,0.11791872978210449,0.005122172203098202,0.005121916406736204,0.06493401527404785,1.1931896250097054e-19
0.08992174070063297,0.08726668548949663,0.09998197777481624,0.0990300284277019,0.11872005462646484,0.00512191641339021,0.005121660630180713,0.06495451927185059,1.1932073206305418e-19
0.08992102699507877,0.08726658219698584,0.09998198270502234,0.09903043576193904,0.11899733543395996,0.005121660636477938,0.00512140486605972,0.0654458999633789,1.1932250157360192e-19
0.08992031330369,0.08726647890915852,0.09998198763503362,0.09903084306799192,0.11910200119018555,0.005121404872363063,0.005121149114906132,0.06461167335510254,1.1932427097998202e-19
0.08991959962646834,0.08726637562601436,0.09998199256485005,0.09903125034586328,0.11908769607543945,0.005121149121043265,0.005120893376897584,0.06591558456420898,1.1932604026771959e-19
0.08991888596341528,0.08726627234755308,0.09998199749447163,0.09903165759555585,0.11980295181274414,0.005120893382519514,0.005120637650968263,0.06580328941345215,1.1932780999746077e-19
0.08991817231453245,0.08726616907377434,0.09998200242389839,0.09903206481707232,0.11798620223999023,0.005120637656790252,0.005120381937828711,0.06502294540405273,1.1932957890738874e-19
0.08991745867982143,0.08726606580467786,0.09998200735313031,0.09903247201041533,0.11776304244995117,0.005120381943855194,0.005120126237301292,0.06493258476257324,1.1933134840150797e-19
0.08991674505928371,0.08726596254026334,0.0999820122821674,0.09903287917558763,0.119415283203125,0.005120126243715419,0.005119870550274186,0.06466984748840332,1.1933311742593353e-19
0.08991603145292083,0.08726585928053046,0.09998201721100965,0.09903328631259195,0.118499755859375,0.005119870556368448,0.005119614876036849,0.06586027145385742,1.1933488598778791e-19
0.08991531786073435,0.08726575602547894,0.09998202213965708,0.09903369342143094,0.11982035636901855,0.005119614881812695,0.005119359214411645,0.0663611888885498,1.193366556396984e-19
0.08991460428272585,0.08726565277510846,0.09998202706810967,0.0990341005021073,0.11900758743286133,0.005119359220048525,0.005119103565043304,0.06533074378967285,1.1933842483987233e-19
0.08991389071889687,0.08726554952941873,0.09998203199636743,0.09903450755462373,0.11796283721923828,0.005119103571076032,0.00511884792935291,0.06540465354919434,1.193401931388539e-19
0.08991317716924901,0.08726544628840943,0.09998203692443036,0.09903491457898295,0.11745762825012207,0.005118847934892794,0.005118592305919378,0.06530165672302246,1.1934196236736068e-19
0.0899124636337838,0.08726534305208028,0.09998204185229846,0.09903532157518766,0.1179358959197998,0.00511859231149921,0.005118336694920345,0.06549620628356934,1.193437309132756e-19
0.08991175011250281,0.08726523982043095,0.09998204677997174,0.09903572854324055,0.11745238304138184,0.005118336700896428,0.0051180810975992586,0.06510019302368164,1.193454997023995e-19
0.08991103660540764,0.08726513659346118,0.0999820517074502,0.09903613548314433,0.11696910858154297,0.005118081103080632,0.005117825512002128,0.06531047821044922,1.1934726775389275e-19
0.08991032311249983,0.08726503337117063,0.09998205663473382,0.09903654239490169,0.11719679832458496,0.005117825518053596,0.005117569939905309,0.06477713584899902,1.1934903651527908e-19
0.08990960963378089,0.08726493015355903,0.09998206156182263,0.09903694927851536,0.11715531349182129,0.005117569945814396,0.005117314380242988,0.06465554237365723,1.1935080525685636e-19
0.08990889616925234,0.08726482694062607,0.0999820664887166,0.09903735613398805,0.11906051635742188,0.005117314386361295,0.005117058833725707,0.06369614601135254,1.193525731957656e-19
0.08990818271891578,0.08726472373237143,0.09998207141541576,0.09903776296132247,0.11891603469848633,0.00511705883969399,0.005116803299642925,0.06521201133728027,1.1935434160711883e-19
0.08990746928277285,0.08726462052879481,0.0999820763419201,0.09903816976052128,0.12058019638061523,0.005116803305812239,0.005116547778349911,0.06526708602905273,1.1935611005048066e-19
0.08990675586082508,0.08726451732989592,0.09998208126822963,0.0990385765315872,0.12024950981140137,0.005116547784716013,0.005116292270024303,0.06490540504455566,1.193578780646429e-19
0.08990604245307393,0.08726441413567444,0.09998208619434434,0.09903898327452292,0.11921215057373047,0.005116292276403708,0.0051160367746660995,0.06499981880187988,1.1935964616484637e-19
0.089905329059521,0.0872643109461301,0.09998209112026422,0.09903938998933115,0.12030982971191406,0.0051160367808749585,0.00511578129192003,0.06444787979125977,1.1936141461764906e-19
0.0899046156801679,0.08726420776126256,0.09998209604598929,0.0990397966760146,0.11866617202758789,0.005115781298128822,0.005115525821786093,0.06561827659606934,1.1936318261396665e-19
0.08990390231501609,0.08726410458107156,0.09998210097151955,0.09904020333457596,0.11987757682800293,0.005115525828164679,0.005115270365330105,0.06603336334228516,1.1936495030535744e-19
0.08990318896406728,0.08726400140555678,0.099982105896855,0.09904060996501796,0.11741924285888672,0.0051152703709801345,0.005115014920420435,0.06470155715942383,1.1936671863373868e-19
0.08990247562732301,0.0872638982347179,0.09998211082199561,0.09904101656734325,0.11720752716064453,0.005115014926577639,0.005114759489188714,0.06469607353210449,1.1936848674432767e-19
0.08990176230478468,0.08726379506855464,0.09998211574694142,0.09904142314155454,0.11825156211853027,0.005114759494955521,0.00511450407039149,0.06494736671447754,1.1937025389271088e-19
0.08990104899645393,0.08726369190706672,0.09998212067169242,0.09904182968765451,0.1186070442199707,0.005114504076111782,0.005114248664028764,0.06522035598754883,1.1937202133454742e-19
0.0899003357023322,0.08726358875025379,0.0999821255962486,0.09904223620564595,0.11609482765197754,0.005114248670047496,0.005113993270278172,0.06426334381103516,1.193737895042613e-19
0.08989962242242108,0.08726348559811559,0.09998213052060997,0.09904264269553148,0.11663818359375,0.0051139932767627315,0.005113737890383163,0.06419658660888672,1.1937555647457954e-19
0.08989890915672205,0.08726338245065178,0.09998213544477653,0.09904304915731382,0.1185605525970459,0.005113737896253372,0.005113482522389745,0.06416201591491699,1.193773244665483e-19
0.08989819590523677,0.08726327930786208,0.09998214036874829,0.09904345559099566,0.11754393577575684,0.005113482528521226,0.005113227167363732,0.06409740447998047,1.1937909125744773e-19
0.0898974826679668,0.08726317616974619,0.09998214529252523,0.09904386199657972,0.12000393867492676,0.005113227173566629,0.005112971824772217,0.06363534927368164,1.1938085893805016e-19
0.08989676944491365,0.08726307303630379,0.09998215021610736,0.09904426837406868,0.11945867538452148,0.005112971831389601,0.005112716495681013,0.06424880027770996,1.1938262614223234e-19
0.08989605623607894,0.08726296990753461,0.0999821551394947,0.09904467472346526,0.12152528762817383,0.005112716501986457,0.005112461179734851,0.06455039978027344,1.1938439354487172e-19
0.08989534304146414,0.08726286678343834,0.09998216006268723,0.09904508104477211,0.11881732940673828,0.005112461185356234,0.005112205875512643,0.06415033340454102,1.1938616047224642e-19
0.08989462986107084,0.08726276366401464,0.09998216498568496,0.09904548733799194,0.12090945243835449,0.005112205881500632,0.005111950584613112,0.06549501419067383,1.1938792750252119e-19
0.08989391669490057,0.08726266054926325,0.09998216990848789,0.09904589360312745,0.12043237686157227,0.005111950590417036,0.005111695305792807,0.06451416015625,1.1938969450532403e-19
0.0898932035429549,0.08726255743918386,0.09998217483109602,0.09904629984018135,0.11924028396606445,0.005111695312107446,0.005111440041183357,0.06504487991333008,1.1939146139078861e-19
0.08989249040523546,0.08726245433377616,0.09998217975350934,0.09904670604915632,0.11887502670288086,0.0051114400465671695,0.005111184788297862,0.0649116039276123,1.193932282806241e-19
0.0898917772817437,0.08726235123303985,0.09998218467572786,0.09904711223005501,0.1191415786743164,0.005111184793798306,0.005110929548202137,0.0648047924041748,1.1939499509582509e-19
0.08989106417248123,0.08726224813697463,0.09998218959775158,0.0990475183828801,0.11863088607788086,0.005110929553800552,0.0051106743207185445,0.0647737979888916,1.1939676174696295e-19
0.08989035107744969,0.08726214504558019,0.09998219451958051,0.09904792450763436,0.11867666244506836,0.0051106743265732545,0.005110419106379993,0.06509041786193848,1.1939852871063685e-19
0.08988963799665053,0.08726204195885624,0.09998219944121466,0.09904833060432043,0.11796355247497559,0.0051104191121141085,0.005110163904120668,0.06487560272216797,1.194002954504803e-19
0.08988892493008536,0.08726193887680248,0.099982204362654,0.099048736672941,0.11704015731811523,0.0051101639104251745,0.005109908715894562,0.06499862670898438,1.1940206201018066e-19
0.0898882118777557,0.0872618357994186,0.09998220928389855,0.09904914271349878,0.11754822731018066,0.005109908721503376,0.005109653539214776,0.06487822532653809,1.1940382820341198e-19
0.0898874988396631,0.08726173272670432,0.0999822142049483,0.09904954872599646,0.11646389961242676,0.005109653545349843,0.00510939837568003,0.06366777420043945,1.1940559492632807e-19
0.08988678581580908,0.08726162965865933,0.09998221912580325,0.09904995471043669,0.11435580253601074,0.00510939838196394,0.005109143224935053,0.06282567977905273,1.1940736145175027e-19
0.08988607280619522,0.08726152659528333,0.09998222404646342,0.09905036066682223,0.11699962615966797,0.005109143231343975,0.0051088880871574816,0.0638434886932373,1.1940912722797247e-19
0.08988535981082311,0.087261423536576,0.09998222896692881,0.09905076659515574,0.11654996871948242,0.0051088880934889724,0.005108632962169679,0.06362509727478027,1.19410893262975e-19
0.08988464682969435,0.08726132048253706,0.09998223388719939,0.09905117249543993,0.1170206069946289,0.005108632968398602,0.005108377850326917,0.06367206573486328,1.1941265992483057e-19
0.08988393386281034,0.08726121743316619,0.09998223880727519,0.0990515783676775,0.1175682544708252,0.005108377856071183,0.005108122750918653,0.06376409530639648,1.1941442512348983e-19
0.08988322091017283,0.0872611143884631,0.09998224372715621,0.09905198421187111,0.11675071716308594,0.005108122756507453,0.0051078676637672515,0.06355929374694824,1.1941619156398387e-19
0.08988250797178332,0.08726101134842748,0.09998224864684244,0.09905239002802345,0.11718416213989258,0.005107867669707151,0.005107612589938526,0.06346368789672852,1.194179574494716e-19
0.0898817950476433,0.08726090831305905,0.09998225356633388,0.0990527958161372,0.11818671226501465,0.00510761259566892,0.005107357528189027,0.063507080078125,1.1941972333971764e-19
0.08988108213775442,0.0872608052823575,0.09998225848563054,0.09905320157621504,0.11773800849914551,0.00510735753439388,0.005107102480117476,0.06304454803466797,1.1942148937923545e-19
0.08988036924211819,0.08726070225632251,0.09998226340473242,0.09905360730825964,0.11909031867980957,0.005107102485877925,0.00510684744376988,0.06271958351135254,1.1942325510718936e-19
0.0898796563607362,0.08726059923495381,0.09998226832363952,0.09905401301227372,0.11947107315063477,0.00510684745012319,0.005106592421633138,0.06435680389404297,1.1942502105323341e-19
0.08987894349360999,0.08726049621825109,0.09998227324235184,0.09905441868825995,0.12081766128540039,0.005106592427126303,0.005106337411042716,0.06441974639892578,1.194267857082957e-19
0.08987823064074107,0.08726039320621404,0.09998227816086938,0.09905482433622105,0.12032938003540039,0.005106337416889966,0.005106082413597335,0.06434941291809082,1.1942855207584017e-19
0.08987751780213096,0.08726029019884235,0.09998228307919213,0.0990552299561597,0.11832404136657715,0.00510608241941125,0.005105827428941723,0.06426382064819336,1.1943031745409275e-19
0.0898768049777813,0.08726018719613572,0.09998228799732012,0.09905563554807859,0.12067008018493652,0.005105827434691092,0.005105572456542973,0.06379914283752441,1.1943208235053763e-19
0.08987609216769367,0.08726008419809388,0.09998229291525333,0.09905604111198034,0.11894774436950684,0.005105572462727988,0.0051053174978221705,0.0648033618927002,1.1943384818838017e-19
0.08987537937186955,0.08725998120471651,0.09998229783299176,0.0990564466478677,0.12000393867492676,0.005105317503520135,0.005105062551002959,0.06566882133483887,1.1943561308337932e-19
0.08987466659031046,0.08725987821600331,0.0999823027505354,0.09905685215574334,0.11636662483215332,0.0051050625570686885,0.0051048076176840596,0.0635826587677002,1.1943737833120839e-19
0.08987395382301794,0.08725977523195398,0.0999823076678843,0.09905725763560996,0.11745166778564453,0.005104807623372607,0.005104552696622022,0.06474518775939941,1.1943914327734876e-19
0.08987324106999359,0.08725967225256821,0.09998231258503841,0.09905766308747023,0.11858177185058594,0.005104552702429912,0.005104297788705026,0.06451272964477539,1.194409088587495e-19
0.08987252833123895,0.08725956927784573,0.09998231750199775,0.0990580685113268,0.11868906021118164,0.005104297794242269,0.005104042892867255,0.06420445442199707,1.1944267377210107e-19
0.08987181560675554,0.08725946630778621,0.09998232241876231,0.0990584739071824,0.11784696578979492,0.0051040428988078125,0.005103788010174526,0.06428885459899902,1.1944443874776332e-19
0.08987110289654493,0.08725936334238935,0.09998232733533212,0.0990588792750397,0.11693763732910156,0.005103788016125843,0.0051035331397386585,0.06389808654785156,1.1944620340112358e-19
0.08987039020060865,0.08725926038165485,0.09998233225170715,0.09905928461490138,0.11734318733215332,0.005103533146197455,0.00510327828333601,0.06352496147155762,1.1944796824539788e-19
0.08986967751894832,0.08725915742558243,0.09998233716788742,0.09905968992677011,0.1178596019744873,0.005103278289018528,0.005103023437769139,0.06383252143859863,1.1944973305928587e-19
0.08986896485156547,0.08725905447417179,0.09998234208387292,0.09906009521064855,0.11679387092590332,0.005103023444592915,0.005102768607123664,0.06340670585632324,1.1945149773268357e-19
0.08986825219846162,0.08725895152742259,0.09998234699966366,0.0990605004665394,0.11828899383544922,0.005102768612915794,0.005102513788202145,0.06395649909973145,1.194532619194855e-19
0.08986753955963833,0.08725884858533459,0.09998235191525963,0.09906090569444541,0.11858916282653809,0.0051025137939873025,0.00510225898189276,0.0631556510925293,1.194550267202832e-19
0.08986682693509725,0.08725874564790745,0.09998235683066084,0.09906131089436919,0.11954784393310547,0.0051022589878078044,0.005102004188373144,0.06399893760681152,1.1945679108400267e-19
0.08986611432483985,0.08725864271514087,0.09998236174586729,0.09906171606631343,0.1177215576171875,0.005102004194375999,0.0051017494078209324,0.0631253719329834,1.1945855622762994e-19
0.08986540172886776,0.08725853978703457,0.09998236666087897,0.09906212121028084,0.11928415298461914,0.005101749413691494,0.005101494639880855,0.06327962875366211,1.1946032009528512e-19
0.08986468914718243,0.08725843686358824,0.0999823715756959,0.09906252632627413,0.11986279487609863,0.005101494645754431,0.005101239884375275,0.06403470039367676,1.194620843293126e-19
0.08986397657978551,0.08725833394480158,0.09998237649031805,0.09906293141429595,0.1182098388671875,0.005101239890563817,0.0051009851418371,0.06392264366149902,1.1946384850165624e-19
0.08986326402667845,0.08725823103067429,0.09998238140474545,0.09906333647434896,0.11918449401855469,0.005100985148119323,0.005100730412088694,0.06363248825073242,1.1946561238221375e-19
0.08986255148786279,0.08725812812120606,0.0999823863189781,0.09906374150643585,0.11858177185058594,0.005100730418420299,0.0051004756953076935,0.06330204010009766,1.1946737676404112e-19
0.08986183896334006,0.0872580252163966,0.09998239123301599,0.0990641465105593,0.11598396301269531,0.005100475701464448,0.005100220991138826,0.0633082389831543,1.1946914057271487e-19
0.08986112645311181,0.0872579223162456,0.09998239614685911,0.09906455148672198,0.11784601211547852,0.005100220997253116,0.005099966299759728,0.06400275230407715,1.1947090434195217e-19
0.08986041395717967,0.08725781942075278,0.09998240106050749,0.09906495643492658,0.11674666404724121,0.005099966305784656,0.005099711620992764,0.06384491920471191,1.1947266843594e-19
0.08985970147554516,0.08725771652991782,0.0999824059739611,0.09906536135517577,0.11721110343933105,0.005099711627057422,0.005099456954482662,0.06398367881774902,1.1947443202213423e-19
0.08985898900820989,0.0872576136437404,0.09998241088721997,0.09906576624747224,0.11830019950866699,0.005099456961073532,0.005099202301472872,0.06391072273254395,1.1947619611575627e-19
0.08985827655517539,0.08725751076222027,0.0999824158002841,0.09906617111181866,0.11757421493530273,0.00509920230783027,0.005098947661430486,0.06369543075561523,1.1947795986622957e-19
0.08985756411644323,0.0872574078853571,0.09998242071315347,0.09906657594821773,0.11733174324035645,0.005098947667327268,0.005098693033644963,0.06426072120666504,1.194797228643962e-19
0.08985685169201496,0.0872573050131506,0.09998242562582808,0.09906698075667209,0.11841869354248047,0.005098693039561978,0.005098438418471574,0.06429553031921387,1.194814867946141e-19
0.08985613928189212,0.08725720214560047,0.09998243053830796,0.09906738553718439,0.1172490119934082,0.005098438424537756,0.005098183816265589,0.06360387802124023,1.1948325039135066e-19
0.08985542688607624,0.0872570992827064,0.09998243545059309,0.09906779028975735,0.11922335624694824,0.005098183822252571,0.005097929226494102,0.06292009353637695,1.1948501339654548e-19
0.08985471450456885,0.0872569964244681,0.09998244036268346,0.09906819501439362,0.11948227882385254,0.005097929232704833,0.005097674650400563,0.06458234786987305,1.1948677720630716e-19
0.08985400213737146,0.08725689357088527,0.09998244527457908,0.09906859971109588,0.12041068077087402,0.005097674655892522,0.005097420085498072,0.06461095809936523,1.1948854020756727e-19
0.0898532897844857,0.08725679072195759,0.09998245018627996,0.09906900437986677,0.11948895454406738,0.005097420091819425,0.005097165534451165,0.06409525871276855,1.1949030356497635e-19
0.08985257744591313,0.0872566878776848,0.0999824550977861,0.09906940902070899,0.11900186538696289,0.005097165540481167,0.0050969109960163905,0.06438565254211426,1.1949206627148868e-19
0.0898518651216552,0.08725658503806656,0.0999824600090975,0.09906981363362527,0.12024474143981934,0.0050969110018784375,0.005096656470371386,0.06348848342895508,1.1949382968884207e-19
0.08985115281171355,0.0872564822031026,0.09998246492021415,0.09907021821861822,0.12003111839294434,0.005096656476009939,0.005096401957160879,0.06448936462402344,1.1949559299343738e-19
0.08985044051608966,0.08725637937279261,0.09998246983113607,0.09907062277569055,0.12135100364685059,0.005096401962875398,0.005096147456562505,0.06528282165527344,1.1949735568417068e-19
0.08984972823478501,0.0872562765471363,0.09998247474186324,0.09907102730484492,0.11808085441589355,0.0050961474624744655,0.005095892968753901,0.0634915828704834,1.1949911837159818e-19
0.08984901596780126,0.08725617372613337,0.09998247965239568,0.09907143180608399,0.1179513931274414,0.0050958929748075475,0.005095638493912702,0.06375598907470703,1.1950088092716532e-19
0.08984830371513997,0.08725607090978352,0.09998248456273337,0.09907183627941044,0.12124395370483398,0.005095638499872623,0.005095384031683636,0.06474995613098145,1.1950264386536274e-19
0.08984759147680266,0.08725596809808643,0.09998248947287633,0.09907224072482691,0.1211087703704834,0.005095384037668734,0.0050951295818890685,0.06458640098571777,1.195044068021075e-19
0.08984687925279103,0.08725586529104182,0.09998249438282454,0.0990726451423361,0.12038969993591309,0.005095129588197273,0.005094875145950084,0.06462645530700684,1.1950616908779117e-19
0.08984616704310645,0.0872557624886494,0.09998249929257803,0.09907304953194067,0.12177133560180664,0.005094875151453506,0.005094620721735055,0.06502556800842285,1.1950793183820928e-19
0.08984545484775053,0.08725565969090884,0.0999825042021368,0.09907345389364329,0.12082123756408691,0.005094620727439245,0.005094366310132159,0.06528043746948242,1.1950969401505282e-19
0.08984474266672476,0.08725555689781984,0.09998250911150082,0.09907385822744665,0.12031865119934082,0.0050943663161544745,0.005094111911496668,0.06493568420410156,1.1951145637285098e-19
0.08984403050003073,0.08725545410938214,0.0999825140206701,0.0990742625333534,0.12065291404724121,0.0050941119175996,0.005093857526361489,0.0649724006652832,1.195132190434942e-19
0.08984331834766991,0.0872553513255954,0.09998251892964466,0.0990746668113662,0.12024450302124023,0.005093857531769839,0.00509360315277263,0.06543087959289551,1.1951498154953895e-19
0.08984260620964384,0.08725524854645936,0.09998252383842449,0.09907507106148773,0.12043881416320801,0.005093603158669037,0.0050933487921511755,0.06566047668457031,1.1951674319653844e-19
0.08984189408595417,0.08725514577197369,0.0999825287470096,0.09907547528372065,0.12158799171447754,0.005093348798293838,0.00509309444431949,0.06514620780944824,1.1951850526461652e-19
0.08984118197660237,0.08725504300213809,0.09998253365539997,0.09907587947806766,0.12230992317199707,0.005093094450645333,0.005092840109988117,0.06590104103088379,1.1952026740940397e-19
0.08984046988159014,0.08725494023695227,0.09998253856359562,0.09907628364453142,0.11973786354064941,0.005092840115720407,0.005092585787558335,0.06538891792297363,1.1952202951915179e-19
0.08983975780091896,0.08725483747641594,0.09998254347159655,0.09907668778311457,0.12099027633666992,0.005092585793520535,0.005092331477740686,0.06528711318969727,1.195237923140994e-19
0.08983904573459024,0.08725473472052878,0.09998254837940274,0.09907709189381982,0.12001824378967285,0.005092331484045714,0.005092077181068078,0.06631278991699219,1.1952555328020925e-19
0.08983833368260559,0.08725463196929051,0.09998255328701422,0.09907749597664985,0.12131023406982422,0.005092077187293633,0.005091822897362874,0.06646132469177246,1.1952731544446062e-19
0.08983762164496648,0.08725452922270081,0.09998255819443097,0.0990779000316073,0.11858391761779785,0.0050918229032636065,0.0050915686262698046,0.06446266174316406,1.195290774444844e-19
0.08983690962167444,0.0872544264807594,0.099982563101653,0.09907830405869478,0.11803388595581055,0.005091568631955031,0.005091314367966504,0.06557393074035645,1.1953083841118144e-19
0.08983619761273111,0.08725432374346599,0.09998256800868031,0.09907870805791501,0.11828017234802246,0.0050913143733672325,0.005091060121209523,0.06489086151123047,1.195326005759689e-19
0.08983548561813814,0.08725422101082027,0.09998257291551291,0.09907911202927062,0.11817693710327148,0.005091060127502383,0.00509080588813049,0.06490015983581543,1.1953436202257837e-19
0.08983477363789692,0.08725411828282192,0.09998257782215078,0.09907951597276429,0.11930656433105469,0.005090805894357039,0.005090551667485954,0.06561827659606934,1.1953612340739858e-19
0.0898340616720091,0.08725401555947067,0.09998258272859395,0.0990799198883987,0.11816024780273438,0.0050905516739316705,0.005090297459986459,0.06504034996032715,1.1953788458259034e-19
0.08983334972047621,0.08725391284076621,0.0999825876348424,0.09908032377617652,0.11772823333740234,0.005090297466224199,0.005090043265099098,0.06503510475158691,1.1953964610912815e-19
0.08983263778329982,0.08725381012670826,0.09998259254089613,0.09908072763610042,0.11897802352905273,0.0050900432712349866,0.005089789082646234,0.06597137451171875,1.1954140723712524e-19
0.08983192586048142,0.08725370741729649,0.09998259744675515,0.09908113146817302,0.11829090118408203,0.005089789088963455,0.005089534913338412,0.06552672386169434,1.1954316838140818e-19
0.08983121395202256,0.08725360471253063,0.09998260235241946,0.09908153527239699,0.11985206604003906,0.005089534919408292,0.005089280756820358,0.06709861755371094,1.1954492981100212e-19
0.08983050205792474,0.08725350201241036,0.09998260725788904,0.09908193904877502,0.1188352108001709,0.005089280762568446,0.005089026612736802,0.06534361839294434,1.1954669097679647e-19
0.08982979017818955,0.08725339931693539,0.09998261216316391,0.09908234279730975,0.11926984786987305,0.005089026618443981,0.005088772480732473,0.0662384033203125,1.195484519336734e-19
0.08982907831281865,0.08725329662610541,0.09998261706824409,0.09908274651800388,0.11843538284301758,0.005088772487035364,0.0050885183624060915,0.0656278133392334,1.1955021250977519e-19
0.08982836646181358,0.08725319393992013,0.09998262197312954,0.09908315021086006,0.11782336235046387,0.0050885183683405085,0.0050882642566918435,0.06534385681152344,1.1955197327818548e-19
0.08982765462517589,0.08725309125837927,0.0999826268778203,0.09908355387588093,0.1179661750793457,0.00508826426235881,0.005088010163234458,0.06624031066894531,1.1955373451844647e-19
0.08982694280290705,0.08725298858148249,0.09998263178231634,0.0990839575130692,0.11698174476623535,0.0050880101690899794,0.005087756082566841,0.06500744819641113,1.195554950996753e-19
0.08982623099500853,0.08725288590922951,0.09998263668661768,0.09908436112242748,0.11789226531982422,0.00508775608853401,0.005087502015044265,0.0657811164855957,1.1955725544265098e-19
0.08982551920148203,0.08725278324162003,0.09998264159072431,0.09908476470395841,0.11628460884094238,0.005087502020690233,0.005087247959245644,0.06465005874633789,1.1955901638352611e-19
0.08982480742232911,0.08725268057865376,0.09998264649463624,0.0990851682576647,0.11468935012817383,0.005087247965558863,0.005086993917302607,0.06439924240112305,1.1956077688659225e-19
0.08982409565755123,0.0872525779203304,0.09998265139835347,0.09908557178354896,0.11664199829101562,0.005086993923136401,0.005086739887616432,0.06527900695800781,1.1956253685107543e-19
0.0898233839071499,0.08725247526664967,0.09998265630187599,0.09908597528161388,0.11785459518432617,0.005086739893423889,0.005086485870364754,0.06553077697753906,1.1956429774590728e-19
0.08982267217112665,0.08725237261761125,0.09998266120520381,0.09908637875186213,0.1172780990600586,0.005086485876420454,0.005086231866258117,0.06505298614501953,1.1956605811206262e-19
0.08982196044948308,0.08725226997321485,0.09998266610833693,0.09908678219429637,0.11717438697814941,0.0050862318721250485,0.0050859778745859785,0.06387567520141602,1.1956781884494637e-19
0.08982124874222074,0.08725216733346015,0.09998267101127535,0.09908718560891923,0.13231611251831055,0.005085977880538418,0.005085723895703609,0.07520151138305664,1.1956957878021398e-19
0.08982053704934106,0.08725206469834688,0.09998267591401908,0.09908758899573336,0.12633347511291504,0.005085723901658233,0.005085469929433373,0.06827735900878906,1.195713387971872e-19
0.08981982537084561,0.08725196206787472,0.0999826808165681,0.09908799235474147,0.11699891090393066,0.005085469935485864,0.005085215976485813,0.06451010704040527,1.1957309938385306e-19
0.08981911370673593,0.08725185944204339,0.09998268571892242,0.09908839568594621,0.11735367774963379,0.005085215982017644,0.005084962035439844,0.0644991397857666,1.195748589915098e-19
0.08981840205701361,0.08725175682085257,0.09998269062108206,0.0990887989893502,0.11846113204956055,0.005084962041255258,0.0050847081075389156,0.06520366668701172,1.1957661884591475e-19
0.08981769042168014,0.08725165420430198,0.099982695523047,0.09908920226495616,0.11801028251647949,0.005084708113197073,0.005084454192072485,0.06592965126037598,1.1957837882987252e-19
0.08981697880073715,0.08725155159239131,0.09998270042481726,0.0990896055127667,0.11980652809143066,0.005084454197843831,0.005084200289218188,0.06605315208435059,1.1958013878172932e-19
0.08981626719418626,0.08725144898512029,0.09998270532639282,0.09909000873278451,0.12032651901245117,0.005084200295194243,0.005083946399864203,0.06593966484069824,1.1958189837427383e-19
0.08981555560202893,0.08725134638248859,0.09998271022777369,0.0990904119250122,0.11794376373291016,0.005083946405245939,0.005083692522056538,0.06554007530212402,1.1958365775583148e-19
0.08981484402426668,0.08725124378449592,0.09998271512895986,0.09909081508945243,0.11994338035583496,0.00508369252800135,0.005083438657216277,0.0655055046081543,1.1958541747858493e-19
0.08981413246090118,0.087251141191142,0.09998272002995134,0.09909121822610789,0.12052345275878906,0.0050834386634588166,0.005083184806053964,0.06714582443237305,1.1958717664981935e-19
0.08981342091193388,0.08725103860242651,0.09998272493074814,0.0990916213349812,0.12143731117248535,0.005083184811615666,0.005082930966260335,0.06744861602783203,1.1958893667435312e-19
0.08981270937736623,0.08725093601834917,0.09998272983135026,0.09909202441607504,0.1184544563293457,0.005082930972474315,0.005082677140499925,0.0653066635131836,1.1959069573420018e-19
0.0898119978571998,0.08725083343890967,0.09998273473175769,0.09909242746939205,0.11802124977111816,0.005082677146031354,0.005082423325752927,0.06606912612915039,1.1959245517423768e-19
0.08981128635143612,0.08725073086410771,0.09998273963197042,0.0990928304949349,0.11861968040466309,0.005082423332288949,0.00508216952539442,0.06537628173828125,1.1959421440852385e-19
0.08981057486007676,0.087250628293943,0.09998274453198847,0.09909323349270625,0.1189565658569336,0.005082169531243667,0.005081915737115139,0.06517314910888672,1.1959597383998068e-19
0.08980986338312334,0.08725052572841525,0.09998274943181185,0.09909363646270872,0.1194605827331543,0.005081915742896255,0.0050816619610927205,0.06567788124084473,1.195977327748923e-19
0.08980915192057738,0.08725042316752414,0.09998275433144053,0.09909403940494496,0.11836004257202148,0.005081661967246476,0.005081408197860071,0.06501555442810059,1.1959949181906967e-19
0.08980844047244042,0.08725032061126939,0.09998275923087455,0.09909444231941766,0.1184992790222168,0.00508140820429429,0.005081154448127734,0.06470727920532227,1.196012508227308e-19
0.08980772903871395,0.08725021805965069,0.09998276413011388,0.09909484520612952,0.11988973617553711,0.005081154454036395,0.005080900710652259,0.06580352783203125,1.1960300983262603e-19
0.08980701761939952,0.08725011551266774,0.09998276902915854,0.0990952480650831,0.11764192581176758,0.005080900716473482,0.005080646985433646,0.06489300727844238,1.1960476892001262e-19
0.08980630621449866,0.08725001297032026,0.09998277392800851,0.09909565089628107,0.11977505683898926,0.005080646991605248,0.00508039327389298,0.06682658195495605,1.1960652771295436e-19
0.08980559482401301,0.08724991043260795,0.09998277882666382,0.09909605369972609,0.11937546730041504,0.005080393279430048,0.00508013957407627,0.06524658203125,1.196082868600312e-19
0.08980488344794398,0.0872498078995305,0.09998278372512444,0.0990964564754208,0.1202242374420166,0.005080139579947999,0.005079885886871693,0.06592035293579102,1.1961004519853199e-19
0.08980417208629327,0.08724970537108763,0.09998278862339038,0.09909685922336789,0.11841368675231934,0.00507988589316007,0.005079632212812157,0.06514501571655273,1.196118037789105e-19
0.08980346073906233,0.08724960284727902,0.09998279352146167,0.09909726194356995,0.11855649948120117,0.005079632219063318,0.005079378551542391,0.06483697891235352,1.1961356262941211e-19
0.08980274940625274,0.08724950032810438,0.09998279841933827,0.09909766463602965,0.11894464492797852,0.005079378557658334,0.005079124903240029,0.06554460525512695,1.1961532070046163e-19
0.08980203808786598,0.08724939781356342,0.09998280331702021,0.09909806730074965,0.1192924976348877,0.005079124908943207,0.005078871267372165,0.06540703773498535,1.1961707926861637e-19
0.08980132678390364,0.08724929530365584,0.09998280821450747,0.09909846993773261,0.11998128890991211,0.005078871272916968,0.005078617643405892,0.06551599502563477,1.196188372611023e-19
0.08980061549436727,0.08724919279838134,0.09998281311180007,0.09909887254698112,0.1188814640045166,0.005078617649582071,0.0050783640329399304,0.06474161148071289,1.1962059554818641e-19
0.08979990421925829,0.08724909029773963,0.099982818008898,0.09909927512849787,0.11687278747558594,0.005078364038936376,0.0050781104352637385,0.06476569175720215,1.196223538826385e-19
0.08979919295857838,0.08724898780173042,0.09998282290580125,0.09909967768228549,0.11908221244812012,0.0050781104409780295,0.005077856849489137,0.06624627113342285,1.196241118085356e-19
0.08979848171232899,0.0872488853103534,0.09998282780250986,0.09910008020834668,0.11956167221069336,0.005077856855708391,0.005077603276859577,0.06626653671264648,1.1962587059168306e-19
0.08979777048051166,0.08724878282360825,0.09998283269902379,0.09910048270668402,0.11981916427612305,0.005077603283124161,0.005077349716664514,0.06647491455078125,1.1962762815889457e-19
0.08979705926312802,0.08724868034149469,0.09998283759534306,0.09910088517730019,0.11952471733093262,0.0050773497232270435,0.005077096169969764,0.06653642654418945,1.1962938599729033e-19
0.08979634806017953,0.08724857786401242,0.09998284249146766,0.09910128762019785,0.11930465698242188,0.0050770961760149376,0.005076842635709511,0.06637239456176758,1.196311435631739e-19
0.08979563687166775,0.08724847539116116,0.09998284738739761,0.09910169003537966,0.11862778663635254,0.005076842641487309,0.005076589113883756,0.06615471839904785,1.196329017862674e-19
0.08979492569759427,0.08724837292294063,0.0999828522831329,0.09910209242284826,0.1190178394317627,0.005076589119644188,0.005076335604670135,0.06610274314880371,1.1963465970210273e-19
0.08979421453796063,0.0872482704593505,0.09998285717867353,0.09910249478260626,0.11876106262207031,0.005076335610484253,0.005076082108068647,0.0657033920288086,1.19636417335274e-19
0.08979350339276831,0.0872481680003905,0.0999828620740195,0.09910289711465631,0.12071442604064941,0.005076082114008221,0.005075828624079293,0.06570291519165039,1.1963817471293257e-19
0.08979279226201897,0.08724806554606031,0.09998286696917082,0.0991032994190011,0.11967086791992188,0.005075828630215167,0.005075575153234979,0.06703472137451172,1.1963993272544104e-19
0.08979208114571406,0.08724796309635963,0.09998287186412748,0.09910370169564327,0.12059688568115234,0.005075575159102375,0.005075321695180435,0.06679153442382812,1.1964168980102164e-19
0.08979137004385515,0.08724786065128816,0.09998287675888949,0.09910410394458542,0.11956906318664551,0.005075321700670161,0.005075068249205117,0.0658726692199707,1.1964344725160072e-19
0.08979065895644384,0.08724775821084561,0.09998288165345684,0.09910450616583019,0.1181633472442627,0.005075068254919649,0.005074814815664297,0.06572699546813965,1.1964520433152167e-19
0.08978994788348156,0.0872476557750317,0.09998288654782954,0.09910490835938024,0.11963677406311035,0.005074814821850246,0.005074561395446153,0.06491470336914062,1.1964696177444762e-19
0.08978923682496989,0.08724755334384608,0.09998289144200757,0.09910531052523827,0.11849546432495117,0.005074561401458898,0.005074307988017779,0.0668039321899414,1.1964871894389454e-19
0.08978852578091046,0.08724745091728851,0.09998289633599097,0.0991057126634069,0.12036705017089844,0.005074307993746241,0.005074054592668631,0.06679987907409668,1.1965047609701727e-19
0.08978781475130466,0.08724734849535869,0.09998290122977972,0.09910611477388873,0.11584258079528809,0.005074054598711792,0.005073801210819795,0.06463408470153809,1.1965223347190987e-19
0.08978710373615413,0.0872472460780563,0.09998290612337381,0.09910651685668644,0.11722779273986816,0.00507380121635312,0.005073547840694914,0.06561851501464844,1.1965399006998884e-19
0.08978639273546035,0.08724714366538106,0.09998291101677326,0.09910691891180266,0.11744928359985352,0.005073547846671698,0.005073294483715074,0.06511735916137695,1.1965574724494812e-19
0.08978568174922485,0.08724704125733267,0.09998291590997806,0.09910732093924005,0.11808443069458008,0.005073294489666783,0.005073041139347367,0.06479763984680176,1.1965750392904175e-19
0.08978497077744924,0.08724693885391084,0.09998292080298822,0.09910772293900122,0.11757636070251465,0.005073041145337483,0.005072787807947066,0.06503057479858398,1.1965926091567296e-19
0.08978425982013499,0.08724683645511527,0.09998292569580373,0.09910812491108881,0.11658811569213867,0.005072787813681428,0.005072534488270719,0.06489777565002441,1.1966101792488342e-19
0.08978354887728375,0.08724673406094567,0.0999829305884246,0.09910852685550546,0.11692047119140625,0.005072534494701787,0.005072281182449956,0.06437492370605469,1.196627744061772e-19
0.08978283794889702,0.08724663167140173,0.09998293548085083,0.09910892877225383,0.11776041984558105,0.0050722811883944004,0.0050720278890636905,0.06527066230773926,1.1966453084771335e-19
0.0897821270349764,0.08724652928648316,0.0999829403730824,0.09910933066133652,0.1161191463470459,0.005072027894759696,0.005071774607934287,0.06425166130065918,1.1966628745771994e-19
0.08978141613552329,0.08724642690618967,0.09998294526511933,0.0991097325227562,0.11700606346130371,0.00507177461379809,0.005071521339949925,0.06493234634399414,1.1966804412831628e-19
0.08978070525053931,0.08724632453052093,0.09998295015696163,0.09911013435651554,0.11594700813293457,0.005071521345507255,0.005071268084044789,0.0640268325805664,1.196698006027628e-19
0.08977999438002603,0.0872462221594767,0.09998295504860928,0.09911053616261717,0.11712217330932617,0.005071268089887588,0.005071014840751786,0.06448554992675781,1.1967155697419633e-19
0.08977928352398491,0.08724611979305662,0.09998295994006232,0.09911093794106368,0.11575078964233398,0.005071014846938819,0.00507076161078146,0.0631253719329834,1.1967331317566315e-19
0.08977857268241748,0.08724601743126043,0.09998296483132071,0.09911133969185769,0.11784100532531738,0.0050707616166598395,0.0050705083934232675,0.0630941390991211,1.1967506931282312e-19
0.08977786185532528,0.08724591507408781,0.09998296972238446,0.09911174141500188,0.11825227737426758,0.005070508399049709,0.005070255188144301,0.0630948543548584,1.1967682552962925e-19
0.08977715104270985,0.08724581272153849,0.09998297461325359,0.09911214311049892,0.11819314956665039,0.005070255194107235,0.005070001995299833,0.06287884712219238,1.1967858173839537e-19
0.08977644024457267,0.08724571037361215,0.09998297950392808,0.0991125447783514,0.12097644805908203,0.005070002001834434,0.005069748816488584,0.06275081634521484,1.1968033748699368e-19
0.08977572946091539,0.08724560803030851,0.09998298439440792,0.09911294641856193,0.12173199653625488,0.005069748822227203,0.00506949564940129,0.06313920021057129,1.1968209357944519e-19
0.08977501869173946,0.08724550569162726,0.09998298928469314,0.09911334803113316,0.11879110336303711,0.005069495655287647,0.005069242495103765,0.06312346458435059,1.19683849807024e-19
0.08977430793704642,0.08724540335756811,0.09998299417478372,0.09911374961606773,0.12041807174682617,0.00506924250101249,0.005068989353240738,0.06407666206359863,1.1968560518249527e-19
0.08977359719683789,0.08724530102813077,0.09998299906467968,0.09911415117336829,0.12014412879943848,0.005068989359403447,0.005068736224345116,0.06434249877929688,1.1968736120192832e-19
0.08977288647111534,0.08724519870331496,0.09998300395438102,0.09911455270303744,0.11985373497009277,0.005068736230459468,0.005068483107883992,0.06487107276916504,1.1968911671594807e-19
0.08977217575988038,0.08724509638312036,0.09998300884388772,0.09911495420507788,0.12077832221984863,0.005068483114179001,0.00506823000492318,0.0650475025177002,1.196908720914584e-19
0.08977146506313438,0.08724499406754668,0.0999830137331998,0.09911535567949217,0.12003731727600098,0.005068230010560649,0.005067976913686323,0.06537151336669922,1.196926281280691e-19
0.08977075438087899,0.08724489175659363,0.09998301862231726,0.09911575712628301,0.12085628509521484,0.005067976919606542,0.005067723835416871,0.06568694114685059,1.1969438331484667e-19
0.08977004371311575,0.0872447894502609,0.09998302351124008,0.09911615854545297,0.1220083236694336,0.005067723841313313,0.005067470769937188,0.06580734252929688,1.1969613873736003e-19
0.08976933305984625,0.08724468714854822,0.09998302839996828,0.0991165599370047,0.1209714412689209,0.005067470775681328,0.005067217716714367,0.0663154125213623,1.1969789408954314e-19
0.08976862242107206,0.08724458485145525,0.09998303328850186,0.09911696130094086,0.1219635009765625,0.005067217722711049,0.0050669646764589515,0.06570744514465332,1.1969964911918138e-19
0.0897679117967946,0.08724448255898173,0.09998303817684082,0.0991173626372641,0.12058663368225098,0.005066964682400022,0.005066711648282762,0.06623196601867676,1.1970140459866146e-19
0.08976720118701548,0.08724438027112738,0.09998304306498516,0.09911776394597704,0.12132692337036133,0.005066711654749735,0.0050664586339621565,0.0663602352142334,1.1970315963637543e-19
0.08976649059173615,0.08724427798789186,0.09998304795293489,0.09911816522708226,0.11905980110168457,0.00506645863975844,0.005066205631898413,0.06546783447265625,1.1970491481023645e-19
0.08976578001095828,0.08724417570927491,0.09998305284069,0.09911856648058244,0.12119674682617188,0.0050662056374235365,0.00506595264173626,0.06676101684570312,1.197066696126888e-19
0.08976506944468322,0.08724407343527622,0.09998305772825049,0.09911896770648021,0.1194448471069336,0.00506595264774717,0.005065699664541512,0.06505465507507324,1.1970842524902033e-19
0.08976435889291264,0.0872439711658955,0.09998306261561636,0.09911936890477821,0.12041521072387695,0.005065699670728256,0.005065446700136533,0.06603884696960449,1.1971017996880135e-19
0.08976364835564797,0.08724386890113243,0.09998306750278763,0.09911977007547906,0.1189124584197998,0.005065446706365539,0.005065193748876595,0.06526565551757812,1.1971193458231537e-19
0.08976293783289081,0.08724376664098675,0.09998307238976427,0.09912017121858539,0.11816215515136719,0.005065193754657969,0.005064940809518248,0.0649709701538086,1.197136893601372e-19
0.08976222732464266,0.08724366438545814,0.0999830772765463,0.09912057233409984,0.11932945251464844,0.005064940815606355,0.00506468788294967,0.06535220146179199,1.197154445116499e-19
0.08976151683090505,0.0872435621345463,0.09998308216313372,0.09912097342202504,0.12051773071289062,0.005064687889209959,0.005064434969348497,0.06616353988647461,1.1971719847760907e-19
0.08976080635167964,0.08724345988825095,0.09998308704952653,0.0991213744823636,0.12030339241027832,0.005064434975465909,0.005064182068181822,0.06591296195983887,1.1971895326067415e-19
0.08976009588696791,0.0872433576465718,0.09998309193572473,0.09912177551511818,0.1209573745727539,0.005064182074375863,0.005063929180337823,0.06579041481018066,1.1972070726014442e-19
0.08975938543677137,0.08724325540950854,0.09998309682172833,0.09912217652029139,0.1202094554901123,0.005063929185937825,0.005063676304217779,0.06621599197387695,1.1972246236590735e-19
0.08975867500109147,0.08724315317706088,0.09998310170753731,0.09912257749788587,0.12105798721313477,0.005063676310151147,0.005063423441598047,0.06662654876708984,1.1972421659538821e-19
0.08975796457992986,0.08724305094922852,0.09998310659315168,0.09912297844790421,0.11950564384460449,0.005063423447014919,0.005063170590702271,0.06576275825500488,1.1972597103343597e-19
0.08975725417328802,0.08724294872601114,0.09998311147857146,0.0991233793703491,0.1194617748260498,0.005063170596530545,0.005062917752951535,0.06529855728149414,1.197277249000538e-19
0.0897565437811674,0.08724284650740848,0.09998311636379663,0.09912378026522313,0.12051153182983398,0.005062917758695992,0.005062664927102389,0.06632685661315918,1.1972947914932477e-19
0.08975583340356963,0.08724274429342022,0.09998312124882719,0.09912418113252895,0.1187429428100586,0.005062664933511661,0.005062412114753556,0.06657147407531738,1.1973123335709548e-19
0.08975512304049627,0.08724264208404608,0.09998312613366314,0.09912458197226919,0.11981344223022461,0.005062412120975534,0.005062159315372128,0.06558394432067871,1.1973298700472792e-19
0.08975441269194881,0.08724253987928576,0.09998313101830451,0.09912498278444641,0.12079215049743652,0.0050621593210869445,0.005061906528069926,0.06636452674865723,1.1973474163425318e-19
0.08975370235792884,0.08724243767913896,0.09998313590275128,0.09912538356906327,0.11830735206604004,0.005061906533846286,0.0050616537535574935,0.06574249267578125,1.19736495476884e-19
0.08975299203843794,0.0872423354836054,0.09998314078700343,0.09912578432612242,0.11946272850036621,0.00506165375925232,0.005061400990769016,0.06548547744750977,1.1973824909417813e-19
0.08975228173347764,0.08724223329268477,0.09998314567106101,0.09912618505562647,0.11934518814086914,0.00506140099730537,0.005061148242191393,0.0667734146118164,1.1974000269784967e-19
0.08975157144304954,0.08724213110637678,0.09998315055492396,0.09912658575757802,0.12008786201477051,0.0050611482480021185,0.005060895505337726,0.06710290908813477,1.1974175633503237e-19
0.08975086116715505,0.08724202892468114,0.09998315543859232,0.0991269864319797,0.11658978462219238,0.005060895511344648,0.005060642781451463,0.06459736824035645,1.1974350984252403e-19
0.08975015090579576,0.08724192674759755,0.09998316032206608,0.09912738707883416,0.11672544479370117,0.005060642787330624,0.005060390069999698,0.06569838523864746,1.1974526383972373e-19
0.08974944065897303,0.08724182457512572,0.09998316520534525,0.09912778769814401,0.11585593223571777,0.005060390075961087,0.005060137371337703,0.06464171409606934,1.1974701683656959e-19
0.08974873042668838,0.08724172240726535,0.09998317008842984,0.09912818828991186,0.11603140830993652,0.005060137377234013,0.005059884684754934,0.06468915939331055,1.1974877040901478e-19
0.08974802020894346,0.08724162024401616,0.09998317497131982,0.09912858885414032,0.11688232421875,0.00505988469115052,0.005059632011850113,0.06534004211425781,1.1975052400786788e-19
0.0897473100057398,0.08724151808537783,0.09998317985401523,0.09912898939083205,0.11714434623718262,0.0050596320177075695,0.005059379350313975,0.06491374969482422,1.1975227747044277e-19
0.08974659981707903,0.08724141593135008,0.09998318473651603,0.09912938989998969,0.11629319190979004,0.005059379356906599,0.005059126702988692,0.06471967697143555,1.1975403037852735e-19
0.08974588964296266,0.08724131378193263,0.09998318961882226,0.09912979038161582,0.11630558967590332,0.005059126708744554,0.005058874067032093,0.06454253196716309,1.197557838218795e-19
0.08974517948339217,0.08724121163712517,0.0999831945009339,0.09913019083571309,0.11690592765808105,0.005058874073223217,0.005058621444220535,0.06433224678039551,1.1975753668193965e-19
0.08974446933836916,0.0872411094969274,0.09998319938285095,0.09913059126228413,0.11676216125488281,0.005058621450341578,0.005058368834376381,0.06497836112976074,1.1975928993901314e-19
0.08974375920789514,0.08724100736133904,0.09998320426457342,0.09913099166133155,0.1156454086303711,0.005058368840097627,0.005058116236611454,0.06366705894470215,1.1976104290061938e-19
0.0897430490919716,0.08724090523035978,0.0999832091461013,0.09913139203285797,0.11664533615112305,0.005058116242492433,0.005057863651813932,0.06404519081115723,1.1976279575220457e-19
0.08974233899060002,0.08724080310398932,0.0999832140274346,0.09913179237686598,0.11760497093200684,0.0050578636575250415,0.005057611079095636,0.06386184692382812,1.1976454850844804e-19
0.0897416289037821,0.08724070098222737,0.0999832189085733,0.09913219269335825,0.1166086196899414,0.005057611085194195,0.005057358519522381,0.0626976490020752,1.1976630106354508e-19
0.08974091883151926,0.08724059886507364,0.09998322378951743,0.0991325929823374,0.11892461776733398,0.005057358525499173,0.005057105972738896,0.06392145156860352,1.197680536401862e-19
0.08974020877381304,0.08724049675252783,0.09998322867026697,0.099132993243806,0.11835289001464844,0.005057105978438689,0.005056853437857001,0.06290817260742188,1.1976980637248369e-19
0.08973949873066495,0.08724039464458966,0.09998323355082195,0.09913339347776673,0.12005496025085449,0.005056853444013845,0.005056600916297782,0.06342148780822754,1.197715590937347e-19
0.08973878870207655,0.08724029254125883,0.09998323843118234,0.09913379368422218,0.11968278884887695,0.00505660092222261,0.00505634840681779,0.06329941749572754,1.1977331198969199e-19
0.08973807868804942,0.08724019044253503,0.09998324331134817,0.09913419386317499,0.1189279556274414,0.005056348413066046,0.0050560959104828385,0.06319189071655273,1.1977506425319868e-19
0.089737368688585,0.08724008834841798,0.0999832481913194,0.0991345940146278,0.11997532844543457,0.005056095916542165,0.0050558434267600205,0.06441497802734375,1.1977681627243108e-19
0.08973665870368489,0.08723998625890739,0.09998325307109607,0.09913499413858322,0.12175822257995605,0.005055843432649652,0.005055590954761158,0.06498193740844727,1.197785692048079e-19
0.08973594873335053,0.08723988417400295,0.09998325795067815,0.09913539423504386,0.12161803245544434,0.005055590961390297,0.005055338497150785,0.06539249420166016,1.1978032124372304e-19
0.08973523877758358,0.0872397820937044,0.09998326283006566,0.0991357943040123,0.12194514274597168,0.005055338502759935,0.005055086050553825,0.06567049026489258,1.197820736939798e-19
0.08973452883638547,0.0872396800180114,0.09998326770925858,0.0991361943454912,0.12215209007263184,0.005055086056760824,0.005054833617812449,0.06599712371826172,1.197838256306931e-19
0.08973381890975766,0.08723957794692366,0.09998327258825696,0.09913659435948316,0.12179756164550781,0.005054833623389856,0.005054581196795027,0.06650161743164062,1.197855773984904e-19
0.08973310899770179,0.08723947588044091,0.09998327746706075,0.09913699434599077,0.12199926376342773,0.005054581202648475,0.005054328789100282,0.06591463088989258,1.1978732954819254e-19
0.0897323991002194,0.08723937381856284,0.09998328234566997,0.09913739430501667,0.12129664421081543,0.005054328794534949,0.005054076393129492,0.06556010246276855,1.19789081518504e-19
0.08973168921731202,0.08723927176128915,0.09998328722408463,0.09913779423656349,0.1218576431274414,0.0050540763990497735,0.005053824009948471,0.06609749794006348,1.1979083287187986e-19
0.08973097934898115,0.08723916970861956,0.09998329210230472,0.09913819414063382,0.12095427513122559,0.0050538240161929135,0.005053571640267762,0.06663298606872559,1.1979258491744524e-19
0.0897302694952283,0.08723906766055378,0.09998329698033026,0.09913859401723028,0.12175893783569336,0.0050535716459614195,0.005053319282488644,0.0665290355682373,1.1979433663842698e-19
0.08972955965605514,0.0872389656170915,0.09998330185816122,0.09913899386635551,0.12148857116699219,0.005053319288356264,0.005053066937144024,0.06594038009643555,1.1979608815600355e-19
0.08972884983146308,0.08723886357823246,0.09998330673579761,0.09913939368801208,0.12003874778747559,0.005053066943376882,0.00505281460512208,0.06618046760559082,1.1979784014539292e-19
0.08972814002145371,0.08723876154397635,0.09998331161323944,0.09913979348220266,0.1211235523223877,0.005052814611021299,0.005052562285179363,0.06491971015930176,1.19799591920103e-19
0.08972743022602853,0.08723865951432286,0.09998331649048671,0.09914019324892981,0.12056589126586914,0.005052562291289872,0.005052309978026415,0.06674766540527344,1.198013432553221e-19
0.08972672044518908,0.08723855748927169,0.09998332136753942,0.09914059298819618,0.1218268871307373,0.00505230998418294,0.0050520576834856,0.06658124923706055,1.1980309380066273e-19
0.08972601067893686,0.08723845546882257,0.09998332624439757,0.09914099270000437,0.11738848686218262,0.005052057689697859,0.005051805401734555,0.0644383430480957,1.1980484552234004e-19
0.08972530092727343,0.0872383534529752,0.09998333112106116,0.09914139238435701,0.11800646781921387,0.005051805407834746,0.0050515531329509145,0.064849853515625,1.1980659657435596e-19
0.08972459119020021,0.08723825144172928,0.09998333599753019,0.09914179204125667,0.11989998817443848,0.0050515531385921875,0.005051300875535958,0.06465864181518555,1.1980834803899781e-19
0.08972388146771879,0.08723814943508451,0.09998334087380467,0.099142191670706,0.12011551856994629,0.005051300881971983,0.005051048631798949,0.06462740898132324,1.1981009884387746e-19
0.08972317175983054,0.0872380474330406,0.0999833457498846,0.09914259127270757,0.11982417106628418,0.005051048637971129,0.005050796400851709,0.06477808952331543,1.198118497278066e-19
0.08972246206653728,0.08723794543559726,0.09998335062576998,0.099142990847264,0.11904454231262207,0.005050796406589952,0.00505054418180606,0.0644831657409668,1.198136008573622e-19
0.08972175238784037,0.08723784344275419,0.0999833555014608,0.09914339039437789,0.11942362785339355,0.00505054418782787,0.005050291975727816,0.06472039222717285,1.1981535170302493e-19
0.08972104272374143,0.08723774145451109,0.09998336037695707,0.09914378991405191,0.1194610595703125,0.005050291981683603,0.005050039782261706,0.06500864028930664,1.198171029544647e-19
0.0897203330742419,0.08723763947086768,0.09998336525225879,0.09914418940628865,0.11829185485839844,0.00505003978815743,0.005049787601052458,0.06493186950683594,1.19818853650031e-19
0.08971962343934349,0.08723753749182367,0.09998337012736595,0.09914458887109072,0.11869454383850098,0.005049787607249152,0.005049535432632979,0.06554698944091797,1.1982060428064664e-19
0.08971891381904762,0.08723743551737875,0.09998337500227858,0.0991449883084607,0.11894416809082031,0.005049535438957092,0.005049283277891448,0.06525850296020508,1.1982235488856547e-19
0.08971820421335576,0.08723733354753264,0.09998337987699664,0.09914538771840124,0.11931753158569336,0.00504928328327881,0.005049031135051507,0.06567645072937012,1.1982410578932701e-19
0.08971749462226956,0.08723723158228504,0.09998338475152016,0.09914578710091491,0.11785888671875,0.0050490311402155265,0.005048779003935522,0.06484293937683105,1.1982585594646233e-19
0.08971678504579046,0.08723712962163566,0.09998338962584914,0.09914618645600437,0.1183011531829834,0.005048779009768244,0.0050485268863198485,0.06488490104675293,1.1982760660010633e-19
0.08971607548392001,0.0872370276655842,0.09998339449998359,0.0991465857836722,0.11832237243652344,0.005048526891933621,0.005048274780783402,0.06547355651855469,1.1982935712632052e-19
0.08971536593665978,0.08723692571413037,0.09998339937392349,0.09914698508392102,0.11695218086242676,0.005048274786713093,0.005048022688569631,0.06498479843139648,1.1983110721026712e-19
0.08971465640401131,0.08723682376727389,0.09998340424766884,0.09914738435675342,0.11764264106750488,0.005048022694104254,0.005047770608257451,0.0644073486328125,1.1983285711349397e-19
0.08971394688597602,0.08723672182501445,0.09998340912121965,0.09914778360217197,0.11651062965393066,0.005047770614108271,0.005047518540557405,0.06326508522033691,1.1983460754446162e-19
0.08971323738255549,0.08723661988735175,0.09998341399457593,0.09914818282017931,0.11412549018859863,0.005047518546724107,0.0050472664860024,0.06353020668029785,1.1983635798672183e-19
0.08971252789375132,0.08723651795428548,0.09998341886773766,0.09914858201077809,0.11557245254516602,0.005047266491950107,0.005047014443704256,0.06446266174316406,1.198381074768201e-19
0.08971181841956502,0.08723641602581537,0.09998342374070486,0.09914898117397086,0.11574482917785645,0.005047014449786643,0.005046762414373518,0.06452727317810059,1.1983985757329706e-19
0.08971110895999797,0.08723631410194115,0.09998342861347753,0.09914938030976027,0.11546492576599121,0.005046762420231708,0.005046510397654913,0.06444859504699707,1.1984160772497706e-19
0.08971039951505172,0.08723621218266249,0.09998343348605565,0.09914977941814887,0.11617040634155273,0.005046510403285421,0.005046258392837899,0.06486940383911133,1.1984335732272318e-19
0.08970969008472782,0.08723611026797912,0.09998343835843924,0.09915017849913932,0.11565685272216797,0.00504625839894911,0.005046006401343561,0.06447505950927734,1.1984510753805053e-19
0.08970898066902779,0.08723600835789073,0.0999834432306283,0.0991505775527342,0.11563992500305176,0.005046006407218162,0.005045754422106086,0.06475687026977539,1.1984685702369376e-19
0.0897082712679532,0.08723590645239705,0.09998344810262283,0.0991509765789361,0.11611795425415039,0.005045754428095273,0.005045502456013651,0.06422209739685059,1.1984860648335056e-19
0.08970756188150561,0.08723580455149776,0.09998345297442282,0.09915137557774767,0.1154334545135498,0.005045502461577382,0.0050452505012899,0.06370377540588379,1.1985035628946937e-19
0.08970685250968649,0.08723570265519258,0.09998345784602829,0.09915177454917146,0.11653804779052734,0.0050452505076670475,0.005044998560244096,0.06404232978820801,1.1985210612394875e-19
0.0897061431524974,0.08723560076348122,0.09998346271743921,0.0991521734932101,0.11504435539245605,0.005044998566361511,0.0050447466316327905,0.06402158737182617,1.1985385545118198e-19
0.08970543380993992,0.08723549887636338,0.09998346758865562,0.09915257240986616,0.1168057918548584,0.005044746637659808,0.005044494715455983,0.06328964233398438,1.1985560475424377e-19
0.08970472448201554,0.08723539699383875,0.0999834724596775,0.0991529712991423,0.11772727966308594,0.005044494721562357,0.005044242812779487,0.06312370300292969,1.198573534808467e-19
0.08970401516872578,0.08723529511590707,0.09998347733050485,0.0991533701610411,0.11635398864746094,0.005044242818066067,0.005043990922004582,0.06231260299682617,1.1985910317800353e-19
0.08970330587007219,0.08723519324256802,0.09998348220113767,0.09915376899556516,0.11866474151611328,0.005043990927172364,0.0050437390427759965,0.06250762939453125,1.1986085294890166e-19
0.08970259658605628,0.08723509137382134,0.09998348707157598,0.09915416780271706,0.11777830123901367,0.00504373904888204,0.005043487176692452,0.06340980529785156,1.1986260163991372e-19
0.08970188731667951,0.08723498950966672,0.09998349194181975,0.09915456658249942,0.11929607391357422,0.005043487183194148,0.005043235324109219,0.06325197219848633,1.1986435049626719e-19
0.08970117806194351,0.08723488765010387,0.09998349681186901,0.09915496533491483,0.11764740943908691,0.0050432353301062445,0.005042983483427577,0.06221199035644531,1.1986609963279187e-19
0.0897004688218498,0.0872347857951325,0.09998350168172374,0.09915536405996589,0.11841440200805664,0.005042983489618112,0.0050427316562462465,0.06336283683776855,1.1986784863139575e-19
0.0896997595963998,0.0872346839447523,0.09998350655138394,0.09915576275765521,0.1190495491027832,0.0050427316617270455,0.0050424798402559645,0.06258964538574219,1.1986959746164193e-19
0.08969905038559511,0.08723458209896297,0.09998351142084963,0.0991561614279854,0.11981701850891113,0.005042479846436525,0.0050422280377659945,0.06316208839416504,1.1987134641793323e-19
0.08969834118943734,0.08723448025776423,0.0999835162901208,0.09915656007095904,0.12015128135681152,0.005042228043743215,0.005041976247532887,0.06340742111206055,1.1987309504128696e-19
0.08969763200792791,0.08723437842115579,0.09998352115919745,0.09915695868657874,0.11902093887329102,0.005041976253646815,0.005041724470444819,0.06329536437988281,1.198748434547491e-19
0.08969692284106832,0.08723427658913738,0.0999835260280796,0.0991573572748471,0.11966562271118164,0.005041724476147281,0.00504147270579125,0.06352400779724121,1.1987659228097582e-19
0.0896962136888602,0.08723417476170867,0.09998353089676722,0.09915775583576673,0.12172627449035645,0.005041472711243348,0.005041220952861636,0.06494283676147461,1.1987834128649523e-19
0.08969550455130497,0.08723407293886938,0.09998353576526033,0.09915815436934027,0.12005853652954102,0.005041220958937168,0.005040969213432334,0.06473088264465332,1.198800891834683e-19
0.08969479542840408,0.08723397112061923,0.09998354063355891,0.09915855287557025,0.12141537666320801,0.005040969219224903,0.005040717486437529,0.06602334976196289,1.1988183813690976e-19
0.0896940863201592,0.08723386930695791,0.099983545501663,0.09915895135445929,0.12078523635864258,0.005040717492105743,0.005040465771344316,0.06496262550354004,1.1988358624073087e-19
0.08969337722657181,0.08723376749788514,0.09998355036957256,0.09915934980600999,0.12258648872375488,0.005040465777581723,0.00504021406992905,0.06621670722961426,1.1988533449558214e-19
0.0896926681476435,0.0872336656934006,0.09998355523728762,0.09915974823022493,0.12009048461914062,0.005040214075649155,0.005039962380415375,0.06527423858642578,1.1988708236519425e-19
0.08969195908337578,0.08723356389350403,0.09998356010480818,0.09916014662710675,0.12068295478820801,0.0050399623863097275,0.005039710703691469,0.06515192985534668,1.1988883068100483e-19
0.08969125003377011,0.08723346209819513,0.09998356497213422,0.09916054499665802,0.12117433547973633,0.005039710709563135,0.00503945903904679,0.06598877906799316,1.1989057882765003e-19
0.08969054099882798,0.0872333603074736,0.09998356983926576,0.09916094333888133,0.12007737159729004,0.005039459045408188,0.005039207387902422,0.06570792198181152,1.1989232690623758e-19
0.08968983197855104,0.08723325852133916,0.0999835747062028,0.0991613416537793,0.12187862396240234,0.005039207393842804,0.005038955748837282,0.06523847579956055,1.1989407473389332e-19
0.08968912297294068,0.08723315673979151,0.09998357957294532,0.09916173994135447,0.12073612213134766,0.005038955754866372,0.005038704122384274,0.06474947929382324,1.1989582253823261e-19
0.08968841398199846,0.08723305496283036,0.09998358443949334,0.09916213820160945,0.11829042434692383,0.005038704128479659,0.005038452508543401,0.06451582908630371,1.1989757033044815e-19
0.08968770500572598,0.0872329531904554,0.09998358930584686,0.09916253643454687,0.12021327018737793,0.0050384525146816355,0.005038200907492296,0.06539225578308105,1.198993183762987e-19
0.08968699604412471,0.08723285142266636,0.09998359417200588,0.09916293464016931,0.11965823173522949,0.0050382009134717085,0.00503794931887569,0.06574892997741699,1.1990106560366665e-19
0.08968628709719621,0.08723274965946293,0.0999835990379704,0.09916333281847932,0.11956071853637695,0.005037949324847866,0.005037697743048852,0.06592106819152832,1.1990281274971454e-19
0.08968557816494192,0.08723264790084483,0.09998360390374042,0.0991637309694795,0.11870741844177246,0.00503769774881116,0.005037446179656513,0.06557583808898926,1.1990456101365807e-19
0.08968486924736342,0.08723254614681177,0.09998360876931595,0.09916412909317253,0.11882901191711426,0.005037446185360642,0.005037194628698671,0.06592965126037598,1.1990630818158881e-19
0.08968416034446222,0.08723244439736344,0.09998361363469697,0.09916452718956097,0.11879968643188477,0.0050371946344946635,0.005036943090175328,0.06534910202026367,1.1990805556502676e-19
0.08968345145623997,0.08723234265249957,0.0999836184998835,0.0991649252586474,0.11983203887939453,0.005036943096214948,0.005036691564441753,0.06600570678710938,1.1990980300286948e-19
0.08968274258269812,0.08723224091221986,0.09998362336487555,0.09916532330043439,0.11947107315063477,0.005036691570518856,0.005036440051853219,0.0663292407989502,1.199115502782791e-19
0.08968203372383822,0.087232139176524,0.0999836282296731,0.09916572131492453,0.11974287033081055,0.005036440057405363,0.005036188550988641,0.06558680534362793,1.199132977600225e-19
0.08968132487966188,0.08723203744541172,0.09998363309427616,0.09916611930212042,0.1189267635345459,0.005036188556875617,0.00503593706255856,0.06636404991149902,1.199150450608316e-19
0.0896806160501705,0.0872319357188827,0.09998363795868473,0.09916651726202463,0.11959695816040039,0.005035937068928926,0.0050356855872735196,0.06636428833007812,1.1991679194523662e-19
0.08967990723536569,0.08723183399693667,0.0999836428228988,0.09916691519463977,0.11803364753723145,0.005035685593563665,0.00503543412513352,0.06523275375366211,1.1991853886656486e-19
0.08967919843524887,0.08723173227957332,0.09998364768691839,0.09916731309996843,0.11997675895690918,0.005035434130777799,0.005035182674895111,0.06722593307495117,1.1992028550039594e-19
0.08967848964982161,0.08723163056679237,0.09998365255074348,0.09916771097801323,0.11813092231750488,0.005035182680572781,0.005034931236735929,0.06532931327819824,1.1992203229794874e-19
0.08967778087908536,0.08723152885859353,0.0999836574143741,0.0991681088287767,0.11933612823486328,0.005034931242947645,0.005034679812077059,0.06652379035949707,1.199237794635924e-19
0.08967707212304168,0.08723142715497652,0.09998366227781022,0.09916850665226147,0.11678600311279297,0.005034679817901381,0.005034428399852686,0.06505131721496582,1.199255265558669e-19
0.0896763633816922,0.08723132545594103,0.09998366714105185,0.09916890444847014,0.11620831489562988,0.005034428405433021,0.005034176999885176,0.064697265625,1.199272730017305e-19
0.08967565465503823,0.08723122376148677,0.09998367200409901,0.0991693022174053,0.11783766746520996,0.005034177005542681,0.005033925612707435,0.06594181060791016,1.1992901960436581e-19
0.08967494594308136,0.08723112207161347,0.09998367686695167,0.09916969995906952,0.11904668807983398,0.005033925618229327,0.005033674237431285,0.06645631790161133,1.1993076603986415e-19
0.08967423724582312,0.08723102038632082,0.09998368172960985,0.09917009767346537,0.11831116676330566,0.005033674243493762,0.005033422875477811,0.06616663932800293,1.1993251246343635e-19
0.08967352856326517,0.0872309187056085,0.09998368659207356,0.09917049536059545,0.11810517311096191,0.005033422881333214,0.005033171526136471,0.06542849540710449,1.1993425856239836e-19
0.08967281989540893,0.08723081702947627,0.09998369145434279,0.09917089302046235,0.11799335479736328,0.0050331715317474225,0.005032920189407264,0.06576991081237793,1.199360056807168e-19
0.08967211124225598,0.0872307153579238,0.09998369631641754,0.09917129065306866,0.11839747428894043,0.005032920194735728,0.005032668864224377,0.0656130313873291,1.1993775105262262e-19
0.0896714026038078,0.08723061369095082,0.09998370117829782,0.09917168825841695,0.11690211296081543,0.00503266887030061,0.005032417552897073,0.06483769416809082,1.199394978734735e-19
0.08967069398006587,0.08723051202855703,0.09998370603998362,0.09917208583650985,0.11659049987792969,0.005032417558437693,0.005032166252760817,0.0645136833190918,1.1994124388509247e-19
0.08966998537103169,0.08723041037074214,0.09998371090147494,0.09917248338734995,0.11665177345275879,0.00503216625914905,0.005031914967013051,0.06502676010131836,1.1994298949532412e-19
0.08966927677670683,0.08723030871750587,0.09998371576277179,0.0991728809109398,0.1153712272644043,0.005031914972429941,0.005031663691745791,0.06395220756530762,1.1994473595410266e-19
0.08966856819709283,0.08723020706884792,0.09998372062387416,0.09917327840728202,0.1172947883605957,0.005031663698284613,0.005031412430689386,0.06382179260253906,1.199464821660909e-19
0.08966785963219115,0.087230105424768,0.09998372548478206,0.09917367587637917,0.1176762580871582,0.005031412436710261,0.005031161181712207,0.06380987167358398,1.199482280600568e-19
0.0896671510820034,0.08723000378526581,0.09998373034549549,0.09917407331823383,0.11722111701965332,0.0050311611877056584,0.005030909945347162,0.06340670585632324,1.1994997406401832e-19
0.08966644254653118,0.08722990215034107,0.09998373520601445,0.0991744707328486,0.11904335021972656,0.005030909951270115,0.005030658721771886,0.06326055526733398,1.1995171993223765e-19
0.08966573402577589,0.08722980051999349,0.09998374006633894,0.09917486812022604,0.11763930320739746,0.005030658727403016,0.0050304075100982,0.06334042549133301,1.1995346524175474e-19
0.08966502551973914,0.08722969889422277,0.09998374492646896,0.09917526548036874,0.12065482139587402,0.005030407516105108,0.005030156311214284,0.06341385841369629,1.1995521068968136e-19
0.08966431702842238,0.08722959727302863,0.09998374978640452,0.09917566281327929,0.12184333801269531,0.005030156317375408,0.005029905125297773,0.06279873847961426,1.1995695631111895e-19
0.08966360855182708,0.08722949565641076,0.0999837546461456,0.09917606011896028,0.11954879760742188,0.005029905131212599,0.005029653951993396,0.06420493125915527,1.1995870172453113e-19
0.08966290008995481,0.08722939404436887,0.09998375950569222,0.0991764573974143,0.11974310874938965,0.005029653957615031,0.005029402790768245,0.06360816955566406,1.1996044691961283e-19
0.08966219164280724,0.08722929243690267,0.09998376436504437,0.09917685464864393,0.12047910690307617,0.0050294027965831455,0.005029151642510499,0.06415057182312012,1.1996219258316553e-19
0.08966148321038574,0.08722919083401189,0.09998376922420207,0.09917725187265175,0.12067174911499023,0.005029151648115928,0.0050289005061543435,0.06430292129516602,1.199639379423241e-19
0.08966077479269188,0.08722908923569621,0.09998377408316532,0.09917764906944035,0.12016010284423828,0.005028900512214784,0.0050286493831208645,0.06442713737487793,1.199656832468235e-19
0.08966006638972712,0.08722898764195536,0.09998377894193411,0.09917804623901229,0.11974596977233887,0.005028649388877349,0.005028398272344248,0.0642399787902832,1.1996742827640492e-19
0.08965935800149293,0.08722888605278903,0.09998378380050843,0.09917844338137016,0.12076139450073242,0.005028398278103064,0.0050281471743574,0.0652005672454834,1.1996917358857897e-19
0.08965864962799092,0.08722878446819694,0.0999837886588883,0.09917884049651657,0.1199336051940918,0.005028147179891551,0.005027896088094508,0.06457185745239258,1.199709183376391e-19
0.0896579412692226,0.08722868288817881,0.0999837935170737,0.09917923758445406,0.12234854698181152,0.005027896094242987,0.005027645015509563,0.06660652160644531,1.1997266320544096e-19
0.08965723292518955,0.08722858131273432,0.09998379837506466,0.09917963464518524,0.12119174003601074,0.005027645021154577,0.005027393954293302,0.06561827659606934,1.1997440786392425e-19
0.08965652459589317,0.08722847974186321,0.09998380323286116,0.09918003167871273,0.12078666687011719,0.005027393960628161,0.0050271429063997175,0.06589150428771973,1.1997615314414489e-19
0.08965581628133504,0.08722837817556517,0.0999838080904632,0.09918042868503904,0.11967253684997559,0.0050271429126617145,0.005026891871473538,0.06503915786743164,1.1997789791781665e-19
0.08965510798151667,0.0872282766138399,0.0999838129478708,0.09918082566416675,0.1192941665649414,0.005026891877253531,0.0050266408486265846,0.06500768661499023,1.199796426669596e-19
0.08965439969643961,0.08722817505668712,0.09998381780508395,0.09918122261609848,0.11997413635253906,0.00502664085440475,0.005026389838214129,0.06543231010437012,1.1998138733771227e-19
0.08965369142610527,0.08722807350410654,0.09998382266210265,0.09918161954083682,0.11762022972106934,0.00502638984411435,0.005026138840591443,0.06409382820129395,1.199831314497519e-19
0.08965298317051532,0.08722797195609786,0.09998382751892688,0.09918201643838431,0.11983036994934082,0.005026138846381739,0.005025887855403255,0.06379055976867676,1.1998487618145706e-19
0.0896522749296713,0.0872278704126608,0.09998383237555668,0.0991824133087436,0.1191561222076416,0.005025887861205923,0.005025636882471929,0.06356620788574219,1.1998662074024044e-19
0.08965156670357467,0.08722776887379505,0.09998383723199201,0.09918281015191718,0.11680269241333008,0.0050256368885866634,0.005025385922508008,0.06338214874267578,1.1998836530679546e-19
0.08965085849222683,0.08722766733950035,0.09998384208823291,0.09918320696790765,0.11943793296813965,0.005025385928523636,0.00502513497515622,0.0655369758605957,1.1999010946992596e-19
0.08965015029562941,0.0872275658097764,0.09998384694427936,0.09918360375671763,0.11974096298217773,0.00502513498101453,0.0050248840402389305,0.06533241271972656,1.1999185368471555e-19
0.08964944211378385,0.08722746428462291,0.09998385180013138,0.09918400051834966,0.1198880672454834,0.005024884046060367,0.005024633117400867,0.06550335884094238,1.1999359750968703e-19
0.08964873394669164,0.08722736276403958,0.09998385665578895,0.0991843972528063,0.12032246589660645,0.00502463312366022,0.005024382207707845,0.06614375114440918,1.1999534191466801e-19
0.08964802579435437,0.08722726124802613,0.09998386151125208,0.09918479396009011,0.11918210983276367,0.0050243822138137766,0.00502413131044932,0.06549668312072754,1.1999708594511067e-19
0.08964731765677358,0.08722715973658225,0.09998386636652076,0.09918519064020369,0.11993598937988281,0.005024131316520099,0.005023880425980565,0.06586480140686035,1.1999883019340921e-19
0.08964660953395075,0.08722705822970768,0.09998387122159501,0.09918558729314962,0.11902213096618652,0.005023880431778105,0.005023629553946307,0.06526923179626465,1.2000057360576477e-19
0.08964590142588741,0.0872269567274021,0.09998387607647481,0.09918598391893045,0.11943340301513672,0.005023629559587281,0.005023378693991276,0.06522512435913086,1.2000231749036747e-19
0.089645193332585,0.08722685522966524,0.09998388093116017,0.09918638051754874,0.1199483871459961,0.005023378699947291,0.005023127846826014,0.06547021865844727,1.2000406120506959e-19
0.08964448525404514,0.08722675373649678,0.09998388578565111,0.09918677708900711,0.1197061538696289,0.005023127852856882,0.005022877012272886,0.06651592254638672,1.2000580520260186e-19
0.08964377719026938,0.08722665224789647,0.09998389063994761,0.0991871736333081,0.12109994888305664,0.005022877018316375,0.00502262618997662,0.0664055347442627,1.200075485982261e-19
0.08964306914125927,0.087226550763864,0.09998389549404968,0.09918757015045433,0.1197047233581543,0.005022626196325184,0.00502237538100303,0.06578731536865234,1.2000929246759738e-19
0.08964236110701627,0.08722644928439907,0.09998390034795732,0.09918796664044831,0.11836361885070801,0.005022375386880611,0.005022124584463938,0.06543540954589844,1.2001103573956514e-19
0.08964165308754188,0.08722634780950139,0.09998390520167051,0.09918836310329265,0.12061309814453125,0.00502212458998341,0.005021873799826437,0.06484150886535645,1.2001277911621092e-19
0.08964094508283767,0.08722624633917068,0.09998391005518928,0.09918875953898997,0.11924219131469727,0.005021873805634567,0.005021623028333977,0.06675362586975098,1.200145228996134e-19
0.08964023709290511,0.08722614487340667,0.09998391490851362,0.09918915594754277,0.12080264091491699,0.005021623033830844,0.005021372268743107,0.06667542457580566,1.2001626630461276e-19
0.0896395291177457,0.08722604341220903,0.09998391976164353,0.09918955232895361,0.1176447868347168,0.005021372274573653,0.005021121521764371,0.06541132926940918,1.2001800921266948e-19
0.08963882115736095,0.08722594195557751,0.09998392461457901,0.0991899486832251,0.11778998374938965,0.0050211215278612945,0.005020870787930676,0.06566262245178223,1.2001975225819716e-19
0.08963811321175244,0.08722584050351179,0.09998392946732007,0.09919034501035984,0.11793875694274902,0.0050208707936931106,0.005020620066176207,0.06569433212280273,1.200214956739524e-19
0.08963740528092161,0.08722573905601157,0.0999839343198667,0.09919074131036038,0.11880373954772949,0.005020620072068533,0.0050203693575667785,0.06538748741149902,1.2002323885423235e-19
0.08963669736486998,0.08722563761307658,0.09998393917221891,0.0991911375832293,0.11780285835266113,0.0050203693629861535,0.005020118660326034,0.06557202339172363,1.2002498160998629e-19
0.08963598946359917,0.08722553617470655,0.0999839440243767,0.09919153382896913,0.11841106414794922,0.005020118666448517,0.005019867976585601,0.06590104103088379,1.2002672430789567e-19
0.08963528157711054,0.08722543474090115,0.09998394887634007,0.09919193004758248,0.11797952651977539,0.005019867982451883,0.005019617305457302,0.06465697288513184,1.2002846749696003e-19
0.08963457370540567,0.08722533331166013,0.09998395372810902,0.09919232623907187,0.11719298362731934,0.00501961731099599,0.00501936664640823,0.06483125686645508,1.2003021019571663e-19
0.08963386584848614,0.08722523188698317,0.09998395857968355,0.09919272240343993,0.1174919605255127,0.005019366652081187,0.0050191159996160195,0.0650930404663086,1.2003195322346388e-19
0.08963315800635345,0.08722513046686999,0.09998396343106365,0.09919311854068921,0.11838245391845703,0.00501911600570724,0.005018865365791214,0.06566262245178223,1.2003369560616914e-19
0.08963245017900913,0.08722502905132029,0.09998396828224934,0.0991935146508223,0.11733698844909668,0.005018865371873096,0.005018614744400907,0.06509900093078613,1.2003543810941768e-19
0.0896317423664546,0.0872249276403338,0.0999839731332406,0.09919391073384178,0.11690235137939453,0.0050186147505778935,0.005018364135978004,0.06499385833740234,1.2003718079411852e-19
0.08963103456869144,0.0872248262339102,0.09998397798403745,0.09919430678975016,0.11771154403686523,0.005018364141818876,0.005018113539811964,0.06577610969543457,1.2003892269027307e-19
0.08963032678572115,0.08722472483204922,0.09998398283463988,0.09919470281855004,0.11713075637817383,0.00501811354559809,0.005017862955902785,0.06508922576904297,1.200406652312251e-19
0.08962961901754522,0.08722462343475057,0.09998398768504792,0.09919509882024398,0.11723446846008301,0.0050178629619143785,0.005017612385138648,0.06472587585449219,1.2004240725450542e-19
0.08962891126416517,0.08722452204201396,0.09998399253526152,0.09919549479483458,0.11736369132995605,0.005017612390766644,0.005017361826098465,0.06493139266967773,1.2004414988309006e-19
0.08962820352558255,0.08722442065383909,0.09998399738528073,0.09919589074232439,0.11639595031738281,0.005017361832155364,0.0050171112802033235,0.06440973281860352,1.200458922869475e-19
0.08962749580179884,0.08722431927022568,0.09998400223510552,0.099196286662716,0.11783361434936523,0.005017111286077844,0.00501686074674268,0.06513142585754395,1.2004763454783233e-19
0.08962678809281564,0.08722421789117342,0.0999840070847359,0.0991966825560119,0.11718583106994629,0.005016860752534095,0.005016610225361262,0.06476116180419922,1.2004937677781397e-19
0.08962608039863443,0.08722411651668205,0.09998401193417188,0.09919707842221467,0.11608362197875977,0.005016610231524895,0.005016359716769614,0.06394743919372559,1.200511186138722e-19
0.08962537271925679,0.08722401514675127,0.09998401678341344,0.09919747426132693,0.11639785766601562,0.005016359723049256,0.005016109221500642,0.06397461891174316,1.2005286050853463e-19
0.08962466505468417,0.08722391378138078,0.0999840216324606,0.09919787007335121,0.11650490760803223,0.005016109227104816,0.0050158587377779895,0.06472611427307129,1.2005460242552502e-19
0.08962395740491796,0.0872238124205703,0.09998402648131337,0.0991982658582901,0.11562180519104004,0.005015858743693371,0.005015608267378013,0.0638277530670166,1.2005634412665144e-19
0.08962324976995979,0.08722371106431955,0.09998403132997172,0.09919866161614613,0.11761283874511719,0.005015608272811528,0.005015357809057264,0.06328821182250977,1.2005808583913417e-19
0.08962254214981118,0.08722360971262823,0.09998403617843567,0.09919905734692186,0.11878037452697754,0.005015357814461035,0.005015107362993376,0.06356120109558105,1.2005982763653456e-19
0.08962183454447359,0.08722350836549604,0.09998404102670522,0.09919945305061988,0.1177530288696289,0.005015107368639987,0.005014856929896894,0.06260061264038086,1.2006156904494902e-19
0.08962112695394861,0.0872234070229227,0.09998404587478038,0.09919984872724277,0.11943650245666504,0.005014856935348743,0.005014606508702002,0.0631718635559082,1.2006331079675245e-19
0.08962041937823781,0.08722330568490791,0.09998405072266114,0.09920024437679309,0.11934161186218262,0.0050146065145866255,0.005014356100652151,0.06358194351196289,1.200650521162338e-19
0.08961971181734266,0.0872232043514514,0.0999840555703475,0.09920063999927337,0.12182950973510742,0.005014356106351712,0.005014105704503891,0.06434106826782227,1.2006679359192878e-19
0.08961900427126468,0.08722310302255286,0.09998406041783944,0.09920103559468622,0.12213420867919922,0.005014105710645674,0.005013855321500671,0.0641317367553711,1.2006853466815567e-19
0.08961829674000539,0.08722300169821202,0.09998406526513699,0.09920143116303419,0.12082338333129883,0.005013855327465931,0.0050136049507543134,0.06414914131164551,1.2007027583956973e-19
0.08961758922356632,0.08722290037842859,0.09998407011224016,0.09920182670431985,0.12118196487426758,0.005013604956812801,0.005013354592975361,0.06423830986022949,1.200720166744619e-19
0.0896168817219488,0.08722279906320227,0.09998407495914892,0.09920222221854573,0.12147259712219238,0.0050133545986839195,0.005013104247275635,0.06574749946594238,1.200737582825124e-19
0.08961617423515451,0.08722269775253277,0.0999840798058633,0.09920261770571441,0.12271642684936523,0.005013104253079788,0.005012853913832771,0.06580281257629395,1.200754995271208e-19
0.08961546676318492,0.0872225964464198,0.09998408465238329,0.09920301316582845,0.12220025062561035,0.005012853920001419,0.005012603593179676,0.06564521789550781,1.2007724088668649e-19
0.0896147593060416,0.08722249514486308,0.09998408949870888,0.09920340859889044,0.12049508094787598,0.005012603599446857,0.005012353285493987,0.06573033332824707,1.2007898130647725e-19
0.08961405186372597,0.08722239384786232,0.09998409434484008,0.09920380400490286,0.12227272987365723,0.005012353291415097,0.005012102990242795,0.06525468826293945,1.200807222020869e-19
0.08961334443623953,0.08722229255541722,0.0999840991907769,0.09920419938386832,0.12187337875366211,0.00501210299590483,0.005011852707248465,0.06607985496520996,1.200824632379619e-19
0.08961263702358381,0.08722219126752752,0.09998410403651932,0.0992045947357894,0.12234044075012207,0.005011852712916105,0.005011602436510998,0.06662559509277344,1.200842038413677e-19
0.08961192962576026,0.0872220899841929,0.09998410888206737,0.09920499006066864,0.12116026878356934,0.005011602442449031,0.005011352178385664,0.06606864929199219,1.2008594475741596e-19
0.08961122224277049,0.08722198870541308,0.09998411372742103,0.09920538535850858,0.11991381645202637,0.005011352184503572,0.005011101933405371,0.06560754776000977,1.200876853564952e-19
0.08961051487461599,0.08722188743118776,0.09998411857258029,0.09920578062931182,0.12176132202148438,0.005011101939076426,0.005010851700149033,0.06553840637207031,1.200894259455905e-19
0.08960980752129824,0.08722178616151667,0.09998412341754517,0.09920617587308092,0.1211085319519043,0.005010851706169365,0.005010601480393007,0.06682872772216797,1.2009116612276523e-19
0.08960910018281883,0.0872216848963995,0.09998412826231567,0.09920657108981841,0.1219332218170166,0.005010601485779326,0.005010351272360936,0.0667717456817627,1.2009290689374583e-19
0.08960839285917933,0.087221583635836,0.0999841331068918,0.0992069662795269,0.12203025817871094,0.005010351277907811,0.005010101076585727,0.06627225875854492,1.200946469615318e-19
0.0896076855503812,0.08722148237982584,0.09998413795127355,0.09920736144220887,0.12026238441467285,0.005010101082554128,0.005009850893955559,0.06561422348022461,1.2009638730112564e-19
0.08960697825642591,0.08722138112836875,0.09998414279546092,0.09920775657786696,0.1213526725769043,0.005009850899717254,0.005009600723759888,0.06528568267822266,1.200981275171236e-19
0.08960627097731495,0.08722127988146441,0.0999841476394539,0.09920815168650364,0.12130165100097656,0.005009600729396599,0.00500935056582108,0.06716513633728027,1.2009986739857795e-19
0.08960556371304988,0.08722117863911258,0.09998415248325251,0.0992085467681215,0.12178540229797363,0.005009350571591252,0.005009100420494406,0.06724333763122559,1.2010160729684689e-19
0.08960485646363218,0.08722107740131294,0.09998415732685675,0.09920894182272315,0.12440919876098633,0.005009100426300538,0.005008850287246958,0.06827497482299805,1.201033475309668e-19
0.08960414922906335,0.08722097616806519,0.09998416217026662,0.09920933685031108,0.1253647804260254,0.005008850293525262,0.005008600166434007,0.06848382949829102,1.2010508789605854e-19
0.08960344200934493,0.08722087493936909,0.09998416701348212,0.09920973185088784,0.12602519989013672,0.0050086001732643996,0.005008350059654276,0.06850194931030273,1.2010682741498183e-19
0.08960273480447849,0.0872207737152243,0.09998417185650325,0.09921012682445599,0.1256120204925537,0.005008350065514225,0.005008099964243229,0.06814765930175781,1.2010856727887909e-19
0.08960202761446545,0.08722067249563056,0.09998417669933,0.09921052177101808,0.1250603199005127,0.005008099970277246,0.005007849881977222,0.06830596923828125,1.2011030687051114e-19
0.08960132043930745,0.08722057128058758,0.09998418154196238,0.09921091669057669,0.125230073928833,0.005007849887550715,0.005007599811257535,0.06850838661193848,1.20112046735244e-19
0.08960061327900595,0.08722047007009505,0.0999841863844004,0.0992113115831343,0.12496590614318848,0.005007599817337097,0.005007349753682888,0.06867361068725586,1.2011378627075902e-19
0.08959990613356252,0.0872203688641527,0.09998419122664405,0.09921170644869352,0.12527751922607422,0.005007349759632728,0.005007099708187468,0.06830692291259766,1.2011552624109306e-19
0.08959919900297852,0.08722026766276025,0.09998419606869334,0.09921210128725691,0.12492489814758301,0.005007099714438631,0.005006849676014724,0.0682377815246582,1.2011726526276194e-19
0.08959849188725558,0.08722016646591739,0.09998420091054824,0.09921249609882701,0.1254580020904541,0.005006849681753482,0.005006599656098842,0.0685734748840332,1.2011900478385856e-19
0.08959778478639513,0.08722006527362386,0.09998420575220879,0.0992128908834064,0.12543725967407227,0.005006599661577367,0.005006349648262187,0.06874465942382812,1.2012074422570252e-19
0.08959707770039871,0.08721996408587934,0.09998421059367497,0.09921328564099759,0.12442231178283691,0.005006349653908334,0.005006099653392937,0.0684049129486084,1.2012248345535932e-19
0.08959637062926774,0.08721986290268355,0.09998421543494679,0.09921368037160318,0.12345433235168457,0.0050060996587466995,0.0050058496698923705,0.06843113899230957,1.2012422311475799e-19
0.08959566357300383,0.08721976172403618,0.09998422027602424,0.09921407507522569,0.12334823608398438,0.005005849676092674,0.005005599699892116,0.06812095642089844,1.2012596167973724e-19
0.0895949565316085,0.08721966054993699,0.09998422511690734,0.09921446975186766,0.12286734580993652,0.005005599705944515,0.005005349742503995,0.0682380199432373,1.2012770095235236e-19
0.08959424950508325,0.08721955938038567,0.09998422995759608,0.09921486440153168,0.12228989601135254,0.005005349748301504,0.005005099797372736,0.06776309013366699,1.2012943997363868e-19
0.0895935424934296,0.08721945821538192,0.09998423479809047,0.09921525902422026,0.12274169921875,0.005005099803163766,0.00500484986449834,0.06812071800231934,1.201311786929737e-19
0.08959283549664912,0.08721935705492546,0.0999842396383905,0.09921565361993596,0.1230463981628418,0.005004849870529692,0.005004599944591348,0.06822943687438965,1.2013291789769527e-19
0.08959212851474328,0.087219255899016,0.09998424447849616,0.09921604818868136,0.12200593948364258,0.005004599950399923,0.005004350036941219,0.06781959533691406,1.2013465694072033e-19
0.0895914215477135,0.08721915474765325,0.09998424931840746,0.09921644273045897,0.12251639366149902,0.005004350042772881,0.005004100142258494,0.06791901588439941,1.2013639562634395e-19
0.08959071459556134,0.08721905360083694,0.09998425415812442,0.0992168372452714,0.12245368957519531,0.005004100147646903,0.005003850259122089,0.06770968437194824,1.201381338939444e-19
0.08959000765828824,0.08721895245856676,0.09998425899764703,0.09921723173312114,0.12292146682739258,0.005003850265022746,0.0050036003885978175,0.06786966323852539,1.2013987278036687e-19
0.08958930073589579,0.08721885132084242,0.09998426383697528,0.09921762619401074,0.12245416641235352,0.005003600394900499,0.005003350531040951,0.0672154426574707,1.2014161155545603e-19
0.08958859382838541,0.08721875018766366,0.09998426867610918,0.09921802062794274,0.12150120735168457,0.0050033505372797564,0.005003100686629125,0.0671231746673584,1.201433498377973e-19
0.08958788693575867,0.08721864905903015,0.09998427351504874,0.09921841503491972,0.12158370018005371,0.00500310069215682,0.005002850853585983,0.06640625,1.2014508836404596e-19
0.08958718005801715,0.08721854793494163,0.09998427835379393,0.09921880941494426,0.12284374237060547,0.0050028508595342715,0.005002601034043153,0.06634664535522461,1.2014682693236492e-19
0.08958647319516233,0.08721844681539782,0.0999842831923448,0.09921920376801885,0.12282919883728027,0.0050026010394089975,0.0050023512262242775,0.06588125228881836,1.201485651918534e-19
0.08958576634719576,0.08721834570039841,0.09998428803070131,0.09921959809414603,0.12340211868286133,0.005002351231782707,0.0050021014308399,0.06578254699707031,1.2015030319504022e-19
0.08958505951411887,0.08721824458994311,0.09998429286886347,0.09921999239332838,0.12295079231262207,0.0050021014366532215,0.005001851647890021,0.06522154808044434,1.2015204180744188e-19
0.08958435269593328,0.08721814348403166,0.0999842977068313,0.09922038666556846,0.12474703788757324,0.005001851654021511,0.005001601878440454,0.06556105613708496,1.2015377942432025e-19
0.08958364589264046,0.08721804238266374,0.09998430254460478,0.09922078091086882,0.12646865844726562,0.005001601883883907,0.00500135212035957,0.06694722175598145,1.2015551806955668e-19
0.08958293910424196,0.0872179412858391,0.0999843073821839,0.09922117512923198,0.1258540153503418,0.005001352126242557,0.005001102375068456,0.06655430793762207,1.2015725583525062e-19
0.0895822323307392,0.08721784019355741,0.0999843122195687,0.09922156932066052,0.12651562690734863,0.005001102381096759,0.005000852642389475,0.06675457954406738,1.2015899339112994e-19
0.0895815255721337,0.08721773910581841,0.09998431705675916,0.09922196348515697,0.1259775161743164,0.005000852648444559,0.005000602922322628,0.06700491905212402,1.2016073151889264e-19
0.08958081882842689,0.08721763802262181,0.09998432189375528,0.09922235762272386,0.12676167488098145,0.005000602928286619,0.005000353214867914,0.06734848022460938,1.2016246918820633e-19
0.08958011209962036,0.0872175369439673,0.09998432673055706,0.09922275173336371,0.12601470947265625,0.005000353220620415,0.00500010352020297,0.06723499298095703,1.2016420713243296e-19
0.08957940538571567,0.0872174358698546,0.0999843315671645,0.09922314581707913,0.12660956382751465,0.005000103525445486,0.004999853836551438,0.06789875030517578,1.2016594424112553e-19
0.08957869868671428,0.08721733480028343,0.09998433640357762,0.09922353987387261,0.12674260139465332,0.004999853842764757,0.0049996041665778534,0.06780385971069336,1.2016768184251107e-19
0.08957799200261769,0.0872172337352535,0.09998434123979641,0.0992239339037467,0.12586450576782227,0.004999604172574152,0.004999354508683496,0.06770610809326172,1.2016941947374534e-19
0.0895772853334274,0.08721713267476451,0.09998434607582085,0.09922432790670395,0.12713336944580078,0.004999354514875059,0.004999104863578907,0.06819438934326172,1.2017115688030154e-19
0.08957657867914487,0.08721703161881621,0.09998435091165098,0.0992247218827469,0.12592554092407227,0.004999104869664817,0.004998855230731181,0.06827902793884277,1.2017289398747325e-19
0.08957587203977163,0.08721693056740826,0.09998435574728677,0.09922511583187811,0.12605881690979004,0.00499885523694385,0.004998605610495588,0.06818485260009766,1.2017463177472908e-19
0.08957516541530916,0.08721682952054041,0.09998436058272824,0.09922550975410013,0.12530088424682617,0.004998605616711821,0.004998356002694493,0.06818914413452148,1.2017636898131882e-19
0.08957445880575896,0.08721672847821235,0.09998436541797538,0.0992259036494155,0.1254415512084961,0.004998356008967452,0.0049981064080384385,0.06810951232910156,1.2017810614974095e-19
0.08957375221112257,0.0872166274404238,0.09998437025302818,0.09922629751782676,0.12555170059204102,0.00499810641370875,0.004997856824928704,0.0680086612701416,1.2017984313144105e-19
0.08957304563140146,0.08721652640717448,0.09998437508788667,0.09922669135933644,0.12569379806518555,0.004997856830937473,0.004997607254964009,0.06807112693786621,1.2018158044919756e-19
0.0895723390665971,0.0872164253784641,0.09998437992255084,0.09922708517394707,0.12542247772216797,0.004997607260652599,0.004997357697078542,0.06786775588989258,1.2018331737005507e-19
0.08957163251671114,0.08721632435429236,0.09998438475702068,0.09922747896166119,0.12497901916503906,0.004997357702851909,0.004997108151805207,0.06728720664978027,1.2018505424467722e-19
0.08957092598174506,0.08721622333465899,0.09998438959129619,0.09922787272248136,0.12387585639953613,0.004997108157536738,0.004996858618788735,0.06664133071899414,1.2018679118483258e-19
0.0895702194617003,0.0872161223195637,0.09998439442537738,0.09922826645641009,0.124481201171875,0.004996858624705505,0.004996609098739668,0.06708550453186035,1.201885276736386e-19
0.08956951295657838,0.0872160213090062,0.09998439925926425,0.09922866016344993,0.12342166900634766,0.004996609104357513,0.004996359590947463,0.06690740585327148,1.201902648100569e-19
0.08956880646638081,0.08721592030298621,0.09998440409295681,0.09922905384360343,0.1243741512298584,0.004996359596491813,0.004996110095234485,0.0674734115600586,1.2019200149224803e-19
0.08956809999110908,0.08721581930150343,0.09998440892645505,0.09922944749687317,0.12389063835144043,0.004996110101109152,0.004995860612311276,0.06713414192199707,1.2019373740609954e-19
0.08956739353076469,0.08721571830455759,0.09998441375975899,0.09922984112326161,0.12333488464355469,0.004995860618208228,0.0049956111420002,0.06721806526184082,1.2019547445098432e-19
0.08956668708534923,0.08721561731214839,0.09998441859286859,0.09923023472277134,0.12314605712890625,0.004995611147788416,0.004995361684123623,0.06749749183654785,1.2019721048317394e-19
0.08956598065486408,0.08721551632427554,0.09998442342578388,0.09923062829540492,0.12331986427307129,0.004995361689848358,0.004995112238681543,0.06722784042358398,1.201989473598064e-19
0.0895652742393108,0.08721541534093875,0.09998442825850487,0.09923102184116486,0.12325143814086914,0.004995112244387844,0.004994862805673961,0.06734251976013184,1.2020068358147606e-19
0.08956456783869092,0.08721531436213775,0.09998443309103154,0.09923141536005368,0.12356352806091309,0.00499486281140724,0.004994613385456148,0.06767630577087402,1.2020241950019194e-19
0.08956386145300593,0.08721521338787223,0.0999844379233639,0.09923180885207394,0.12344193458557129,0.004994613390904182,0.004994363977139926,0.06755375862121582,1.2020415598001244e-19
0.08956315508225735,0.08721511241814191,0.09998444275550193,0.09923220231722818,0.12374138832092285,0.004994363982879442,0.004994114581258202,0.06778168678283691,1.2020589234968558e-19
0.08956244872644663,0.08721501145294651,0.09998444758744567,0.09923259575551895,0.12360644340515137,0.00499411458733308,0.004993865198343883,0.067779541015625,1.202076286940301e-19
0.08956174238557539,0.08721491049228575,0.0999844524191951,0.09923298916694874,0.12330770492553711,0.004993865204262706,0.0049936158275087905,0.06784939765930176,1.2020936454597808e-19
0.08956103605964515,0.0872148095361593,0.09998445725075022,0.09923338255152013,0.12320160865783691,0.004993615833669483,0.0049933664698187386,0.06784176826477051,1.202111005195476e-19
0.08956032974865731,0.08721470858456692,0.09998446208211104,0.09923377590923563,0.12304902076721191,0.004993366475550023,0.004993117124385549,0.06766819953918457,1.2021283643314202e-19
0.08955962345261334,0.0872146076375083,0.09998446691327754,0.09923416924009779,0.12414956092834473,0.004993117129904363,0.0049928677910315855,0.06797146797180176,1.202145718197805e-19
0.08955891717151482,0.08721450669498315,0.09998447174424975,0.09923456254410915,0.12308812141418457,0.00499286779673425,0.004992618470289756,0.06809735298156738,1.2021630805024647e-19
0.08955821090536335,0.08721440575699121,0.09998447657502765,0.09923495582127222,0.12354326248168945,0.004992618476036429,0.004992369161804788,0.0681767463684082,1.2021804329937032e-19
0.08955750465416035,0.08721430482353218,0.09998448140561127,0.09923534907158951,0.12215375900268555,0.004992369167812904,0.004992119865754319,0.06799983978271484,1.2021977883865118e-19
0.08955679841790727,0.08721420389460578,0.09998448623600058,0.0992357422950636,0.12250614166259766,0.0049921198720614115,0.004991870583026525,0.06796431541442871,1.2022151438007745e-19
0.08955609219660562,0.08721410297021172,0.09998449106619559,0.09923613549169699,0.12184429168701172,0.00499187058878025,0.004991621312022687,0.06787800788879395,1.2022325014934868e-19
0.08955538599025689,0.0872140020503497,0.09998449589619629,0.09923652866149221,0.12157392501831055,0.00499162131797151,0.004991372053453347,0.06792879104614258,1.202249856945998e-19
0.08955467979886264,0.08721390113501944,0.0999845007260027,0.09923692180445184,0.12222957611083984,0.004991372059633221,0.004991122808029047,0.0678243637084961,1.2022672050903916e-19
0.0895539736224245,0.08721380022422066,0.09998450555561483,0.09923731492057841,0.12205195426940918,0.004991122813763377,0.004990873573973431,0.06769323348999023,1.2022845574705664e-19
0.08955326746094382,0.08721369931795309,0.09998451038503266,0.09923770800987443,0.12036418914794922,0.004990873580363142,0.0049906243537733985,0.06708741188049316,1.202301916451295e-19
0.08955256131442219,0.08721359841621638,0.09998451521425619,0.09923810107234243,0.12074470520019531,0.004990624359430753,0.004990375145297321,0.06626296043395996,1.2023192613399374e-19
0.08955185518286103,0.08721349751901031,0.09998452004328542,0.09923849410798495,0.12110447883605957,0.004990375150966343,0.0049901259492557415,0.0667414665222168,1.202336615099798e-19
0.08955114906626187,0.08721339662633457,0.09998452487212037,0.0992388871168045,0.12005233764648438,0.004990125954968591,0.004989876765471024,0.06595778465270996,1.202353965353426e-19
0.08955044296462636,0.08721329573818885,0.09998452970076102,0.09923928009880362,0.12017560005187988,0.004989876771439537,0.004989627594653712,0.06608128547668457,1.202371310819369e-19
0.08954973687795588,0.08721319485457289,0.09998453452920739,0.09923967305398486,0.12132644653320312,0.004989627600375513,0.004989378435915626,0.06576108932495117,1.202388666270851e-19
0.08954903080625187,0.08721309397548639,0.09998453935745946,0.09924006598235074,0.12126493453979492,0.0049893784417763066,0.004989129289612038,0.0652308464050293,1.202406010689209e-19
0.08954832474951598,0.08721299310092909,0.09998454418551725,0.0992404588839038,0.12179732322692871,0.004989129295642583,0.004988880155920583,0.06493473052978516,1.2024233622935503e-19
0.08954761870774967,0.08721289223090066,0.09998454901338075,0.09924085175864657,0.12262272834777832,0.004988880161972071,0.004988631035018898,0.06498289108276367,1.2024407056523217e-19
0.08954691268095435,0.08721279136540085,0.09998455384104996,0.09924124460658154,0.12418031692504883,0.00498863104076507,0.004988381926374075,0.06534981727600098,1.2024580521164213e-19
0.08954620666913159,0.08721269050442935,0.09998455866852488,0.09924163742771129,0.12397003173828125,0.004988381932020682,0.0049881328301637495,0.06592679023742676,1.202475396785663e-19
0.08954550067228288,0.0872125896479859,0.09998456349580552,0.09924203022203833,0.12407755851745605,0.004988132835737922,0.004987883746743194,0.06576991081237793,1.2024927469255401e-19
0.0895447946904097,0.08721248879607017,0.09998456832289188,0.09924242298956516,0.12534880638122559,0.004987883751916856,0.004987634674691321,0.06614017486572266,1.2025100850224364e-19
0.0895440887235135,0.08721238794868191,0.09998457314978396,0.09924281573029435,0.12352895736694336,0.004987634680557216,0.004987385615606854,0.06569361686706543,1.2025274294411322e-19
0.08954338277159589,0.08721228710582082,0.09998457797648176,0.09924320844422843,0.12349557876586914,0.004987385621658679,0.0049871365696674275,0.06578373908996582,1.2025447730596396e-19
0.08954267683465833,0.08721218626748663,0.09998458280298529,0.09924360113136989,0.12119412422180176,0.004987136575219291,0.00498688753527432,0.06444454193115234,1.2025621156073534e-19
0.08954197091270233,0.08721208543367903,0.09998458762929453,0.09924399379172123,0.12300229072570801,0.004986887541239785,0.004986638513493347,0.06679534912109375,1.202579456716713e-19
0.08954126500572938,0.08721198460439775,0.0999845924554095,0.09924438642528503,0.12289810180664062,0.004986638519718898,0.004986389504502142,0.06587672233581543,1.2025967987665668e-19
0.08954055911374101,0.08721188377964251,0.0999845972813302,0.09924477903206383,0.12338042259216309,0.004986389510655595,0.004986140508300707,0.06700730323791504,1.2026141415315475e-19
0.08953985323673859,0.08721178295941302,0.09998460210705663,0.09924517161206012,0.12321043014526367,0.004986140514049213,0.004985891524000863,0.06633543968200684,1.2026314812431063e-19
0.08953914737472367,0.08721168214370899,0.09998460693258879,0.09924556416527643,0.1207895278930664,0.004985891529899886,0.004985642552135516,0.0654599666595459,1.202648823538242e-19
0.08953844152769776,0.08721158133253012,0.09998461175792668,0.09924595669171528,0.11933755874633789,0.004985642558206616,0.004985393593059939,0.06546521186828613,1.2026661564484777e-19
0.08953773569566237,0.08721148052587614,0.09998461658307028,0.0992463491913792,0.11997318267822266,0.004985393598968129,0.0049851446465964955,0.06572842597961426,1.2026834956841453e-19
0.0895370298786191,0.08721137972374676,0.09998462140801963,0.09924674166427075,0.11979913711547852,0.0049851446521837215,0.004984895711679371,0.0655210018157959,1.2027008317492228e-19
0.08953632407656945,0.08721127892614171,0.0999846262327747,0.09924713411039243,0.11873912811279297,0.004984895717854574,0.004984646790084923,0.06491279602050781,1.2027181657309053e-19
0.08953561828951476,0.08721117813306069,0.0999846310573355,0.09924752652974678,0.11888909339904785,0.004984646795978634,0.004984397880569702,0.06487727165222168,1.202735500909466e-19
0.08953491251745656,0.08721107734450342,0.09998463588170205,0.09924791892233628,0.1207585334777832,0.004984397886554597,0.00498414898384425,0.06567811965942383,1.2027528382773867e-19
0.08953420676039646,0.08721097656046962,0.09998464070587432,0.09924831128816347,0.11964297294616699,0.004984148989582199,0.00498390009937566,0.06534266471862793,1.2027701737089336e-19
0.08953350101833599,0.087210875780959,0.09998464552985233,0.0992487036272309,0.1201016902923584,0.004983900105062173,0.004983651227163932,0.06664395332336426,1.202787505641039e-19
0.08953279529127654,0.08721077500597126,0.09998465035363607,0.09924909593954107,0.11919021606445312,0.004983651232993518,0.004983402367209067,0.06513619422912598,1.2028048394026103e-19
0.08953208957921963,0.08721067423550612,0.09998465517722556,0.0992494882250965,0.11941742897033691,0.004983402373375703,0.004983153519866335,0.06566953659057617,1.202822171437083e-19
0.08953138388216675,0.0872105734695633,0.09998466000062078,0.09924988048389968,0.11819267272949219,0.00498315352620802,0.0049829046860239146,0.06473565101623535,1.2028395041062188e-19
0.08953067820011949,0.08721047270814251,0.09998466482382175,0.09925027271595319,0.11851811408996582,0.004982904691486474,0.004982655863550178,0.06445550918579102,1.202856833246176e-19
0.0895299725330793,0.08721037195124347,0.09998466964682846,0.09925066492125953,0.11955142021179199,0.00498265586921451,0.00498240705351094,0.06526660919189453,1.202874165192171e-19
0.0895292668810477,0.08721027119886589,0.0999846744696409,0.09925105709982124,0.11871004104614258,0.00498240705939117,0.0049821582564391065,0.06480741500854492,1.2028914947675518e-19
0.08952856124402626,0.08721017045100948,0.0999846792922591,0.09925144925164081,0.1198728084564209,0.004982158262015089,0.004981909471801771,0.06495833396911621,1.2029088228057763e-19
0.0895278556220164,0.08721006970767395,0.09998468411468305,0.09925184137672079,0.11742711067199707,0.00498190947708463,0.0049816606988883905,0.06463479995727539,1.2029261540633285e-19
0.08952715001501955,0.08720996896885902,0.09998468893691274,0.09925223347506369,0.11877298355102539,0.004981660704600966,0.004981411938587144,0.06464767456054688,1.202943480308449e-19
0.08952644442303727,0.0872098682345644,0.09998469375894818,0.099252625546672,0.11871695518493652,0.0049814119445630856,0.004981163190720395,0.06458425521850586,1.202960806634723e-19
0.08952573884607096,0.08720976750478981,0.09998469858078937,0.09925301759154828,0.11811399459838867,0.00498116319697003,0.0049809144558210505,0.06457328796386719,1.2029781324407194e-19
0.08952503328412226,0.08720966677953497,0.0999847034024363,0.099253409609695,0.11780405044555664,0.004980914461821492,0.00498066573353384,0.06487727165222168,1.2029954635201216e-19
0.0895243277371926,0.08720956605879956,0.099984708223889,0.09925380160111473,0.11749839782714844,0.004980665739115143,0.004980417023325856,0.06462335586547852,1.2030127888050845e-19
0.08952362220528357,0.08720946534258334,0.09998471304514744,0.09925419356580993,0.1173853874206543,0.004980417028851759,0.004980168325019463,0.06493258476257324,1.203030106723438e-19
0.08952291668839653,0.087209364630886,0.09998471786621163,0.09925458550378316,0.11608004570007324,0.004980168331031332,0.004979919640035746,0.06443357467651367,1.2030474315365054e-19
0.08952221118653302,0.08720926392370726,0.09998472268708158,0.09925497741503693,0.11680412292480469,0.004979919645651907,0.00497967096695362,0.06519556045532227,1.2030647630029386e-19
0.0895215056996946,0.08720916322104684,0.09998472750775729,0.09925536929957374,0.11703205108642578,0.004979670972713252,0.004979422306305992,0.06456398963928223,1.2030820800636806e-19
0.08952080022788274,0.08720906252290446,0.09998473232823876,0.0992557611573961,0.11673140525817871,0.004979422312215006,0.004979173658092861,0.06474804878234863,1.2030994011578034e-19
0.08952009477109901,0.08720896182927983,0.09998473714852599,0.09925615298850655,0.11718463897705078,0.004979173664157299,0.004978925022491865,0.06402325630187988,1.2031167244384128e-19
0.0895193893293449,0.08720886114017266,0.09998474196861898,0.09925654479290766,0.1163792610168457,0.004978925028538751,0.0049786763995030014,0.06348538398742676,1.203134043166371e-19
0.08951868390262191,0.08720876045558267,0.09998474678851772,0.09925693657060188,0.11628985404968262,0.004978676405357772,0.004978427788948636,0.06378889083862305,1.2031513694378903e-19
0.0895179784909314,0.08720865977550957,0.09998475160822223,0.09925732832159173,0.11534595489501953,0.004978427794614383,0.004978179190828769,0.06348776817321777,1.2031686827272797e-19
0.08951727309427487,0.08720855909995305,0.0999847564277325,0.09925772004587975,0.11655449867248535,0.004978179196307981,0.004977930604255221,0.06296634674072266,1.2031859997709985e-19
0.08951656771265387,0.08720845842891285,0.09998476124704853,0.09925811174346845,0.11932086944580078,0.004977930610438979,0.00497768203135962,0.06386065483093262,1.2032033226982252e-19
0.08951586234607002,0.08720835776238867,0.09998476606617032,0.09925850341436032,0.11751103401184082,0.00497768203700465,0.004977433470365611,0.06342959403991699,1.2032206384343497e-19
0.08951515699452475,0.08720825710038024,0.09998477088509787,0.09925889505855791,0.11815714836120605,0.0049774334760067365,0.004977184921450828,0.06303858757019043,1.2032379544031304e-19
0.0895144516580197,0.08720815644288729,0.0999847757038312,0.09925928667606371,0.1192007064819336,0.00497718492744406,0.0049769363856810855,0.06334924697875977,1.2032552712763492e-19
0.08951374633655614,0.08720805578990952,0.0999847805223703,0.0992596782668802,0.11971712112426758,0.0049769363913141984,0.004976687862168205,0.06310749053955078,1.2032725812579542e-19
0.08951304103013576,0.08720795514144664,0.09998478534071516,0.09926006983100998,0.1209266185760498,0.004976687867617255,0.004976439350556916,0.0636603832244873,1.2032898993022227e-19
0.08951233573875998,0.08720785449749836,0.09998479015886579,0.0992604613684555,0.12049365043640137,0.0049764393563545735,0.00497619085155776,0.06392049789428711,1.2033072130868758e-19
0.08951163046243035,0.08720775385806441,0.09998479497682218,0.09926085287921932,0.12002348899841309,0.004976190857524264,0.004975942365881281,0.06309366226196289,1.2033245289742528e-19
0.08951092520114817,0.0872076532231445,0.09998479979458434,0.09926124436330398,0.12173891067504883,0.004975942371123574,0.004975693891395849,0.06413412094116211,1.2033418421696522e-19
0.08951021995491508,0.08720755259273834,0.09998480461215228,0.09926163582071193,0.11976361274719238,0.0049756938971549985,0.004975445429700187,0.06415462493896484,1.2033591531641353e-19
0.08950951472373254,0.08720745196684565,0.099984809429526,0.09926202725144566,0.12263059616088867,0.004975445435617558,0.00497519698097193,0.06496119499206543,1.2033764636830468e-19
0.08950880950760201,0.08720735134546616,0.0999848142467055,0.09926241865550776,0.12222552299499512,0.004975196986508612,0.004974948543612356,0.06476354598999023,1.203393773627262e-19
0.08950810430652507,0.08720725072859957,0.09998481906369076,0.0992628100329007,0.12016868591308594,0.004974948549830574,0.004974700120108366,0.06477522850036621,1.2034110858987504e-19
0.08950739912050314,0.08720715011624561,0.0999848238804818,0.099263201383627,0.12225651741027832,0.0049747001255800475,0.0049744517076177885,0.06436467170715332,1.2034283932739407e-19
0.08950669394953775,0.08720704950840398,0.09998482869707863,0.0992635927076892,0.12214803695678711,0.0049744517137585076,0.0049742033088051585,0.06627321243286133,1.203445705352058e-19
0.08950598879363043,0.0872069489050744,0.09998483351348124,0.09926398400508979,0.1221768856048584,0.004974203314362913,0.0049739549211835765,0.06639814376831055,1.2034630116756945e-19
0.08950528365278264,0.08720684830625657,0.09998483832968963,0.09926437527583125,0.11927986145019531,0.004973954927395426,0.004973706546884671,0.065185546875,1.2034803162887156e-19
0.08950457852699586,0.08720674771195021,0.0999848431457038,0.09926476651991609,0.11985301971435547,0.004973706552853642,0.004973458184487356,0.06554770469665527,1.203497627630604e-19
0.08950387341627171,0.08720664712215503,0.09998484796152375,0.09926515773734686,0.11935639381408691,0.004973458190737705,0.004973209835235082,0.06538605690002441,1.203514933481089e-19
0.08950316832061161,0.0872065465368708,0.0999848527771495,0.09926554892812606,0.1196753978729248,0.004973209841045217,0.00497296149823967,0.06491804122924805,1.2035322358437295e-19
0.08950246324001704,0.08720644595609715,0.09998485759258102,0.09926594009225616,0.11807751655578613,0.004972961503776905,0.004972713172968213,0.06491565704345703,1.2035495460366398e-19
0.0895017581744895,0.08720634537983385,0.09998486240781833,0.09926633122973971,0.11871480941772461,0.004972713178932586,0.004972464860486525,0.06488251686096191,1.2035668441577586e-19
0.08950105312403048,0.0872062448080806,0.09998486722286143,0.09926672234057922,0.12086772918701172,0.004972464866511239,0.0049722165602617,0.06546831130981445,1.2035841495376565e-19
0.08950034808864143,0.08720614424083713,0.09998487203771032,0.09926711342477713,0.1194915771484375,0.0049722165665125355,0.004971968273714822,0.06541728973388672,1.2036014562473446e-19
0.08949964306832392,0.08720604367810313,0.099984876852365,0.09926750448233598,0.1201925277709961,0.004971968278933821,0.004971719998358992,0.06460118293762207,1.2036187510501374e-19
0.08949893806307956,0.08720594311987831,0.09998488166682547,0.09926789551325829,0.12000370025634766,0.0049717200037755665,0.004971471735082389,0.06566619873046875,1.2036360567778357e-19
0.08949823307290965,0.08720584256616241,0.09998488648109173,0.09926828651754656,0.1214447021484375,0.004971471741038756,0.004971223484773191,0.06601834297180176,1.20365335650399e-19
0.0894975280978157,0.08720574201695513,0.09998489129516379,0.09926867749520331,0.11980438232421875,0.004971223490721868,0.004970975246543219,0.06538581848144531,1.2036706551044948e-19
0.08949682313779916,0.08720564147225619,0.09998489610904165,0.09926906844623103,0.12024855613708496,0.004970975252824491,0.004970727021458288,0.06640148162841797,1.2036879581231973e-19
0.08949611819286167,0.08720554093206531,0.0999849009227253,0.09926945937063222,0.12009048461914062,0.004970727027344426,0.004970478808452583,0.06491661071777344,1.20370525347387e-19
0.08949541326300471,0.08720544039638221,0.09998490573621474,0.09926985026840943,0.12069439888000488,0.004970478814282292,0.004970230607881376,0.06576013565063477,1.2037225549163386e-19
0.0894947083482298,0.08720533986520661,0.09998491054950999,0.0992702411395651,0.12005853652954102,0.004970230613637839,0.004969982420277574,0.06504034996032715,1.2037398516463936e-19
0.08949400344853838,0.08720523933853822,0.09998491536261103,0.09927063198410178,0.1203775405883789,0.004969982425408418,0.004969734243864821,0.06503701210021973,1.2037571485991922e-19
0.08949329856393191,0.08720513881637675,0.09998492017551788,0.09927102280202198,0.12083816528320312,0.00496973424959715,0.004969486080419472,0.06484389305114746,1.203774448994891e-19
0.08949259369441195,0.08720503829872192,0.09998492498823053,0.09927141359332818,0.12064123153686523,0.004969486086201014,0.004969237929230985,0.06490874290466309,1.2037917402968462e-19
0.08949188883998004,0.08720493778557345,0.09998492980074898,0.09927180435802291,0.1206369400024414,0.004969237935220094,0.0049689897910099035,0.06548333168029785,1.2038090401771275e-19
0.08949118400063762,0.08720483727693104,0.09998493461307324,0.09927219509610863,0.11993670463562012,0.004968989796652027,0.0049687416646904126,0.06555414199829102,1.2038263295755295e-19
0.08949047917638613,0.08720473677279443,0.09998493942520331,0.09927258580758792,0.11968493461608887,0.0049687416704979346,0.0049684935508054195,0.06523752212524414,1.2038436253592102e-19
0.08948977436722706,0.08720463627316331,0.09998494423713918,0.09927297649246328,0.1192619800567627,0.0049684935567568325,0.004968245448999653,0.06488347053527832,1.2038609188435925e-19
0.0894890695731619,0.0872045357780374,0.09998494904888086,0.09927336715073722,0.11942672729492188,0.004968245455429478,0.0049679973601612915,0.06559967994689941,1.203878213359893e-19
0.08948836479419216,0.08720443528741642,0.09998495386042834,0.09927375778241214,0.11887121200561523,0.004967997366513194,0.004967749284290335,0.06566452980041504,1.2038955036301113e-19
0.08948766003031929,0.0872043348013001,0.09998495867178163,0.09927414838749062,0.12085580825805664,0.004967749290007006,0.004967501220143333,0.06501913070678711,1.2039127935469785e-19
0.08948695528154482,0.08720423431968817,0.09998496348294074,0.09927453896597517,0.12077522277832031,0.004967501225911928,0.00496725316843083,0.06572866439819336,1.2039300833974538e-19
0.08948625054787018,0.08720413384258031,0.09998496829390566,0.09927492951786826,0.11839675903320312,0.004967253174226401,0.0049670051287975525,0.06503176689147949,1.203947370466093e-19
0.08948554582929687,0.08720403336997624,0.09998497310467638,0.0992753200431724,0.11897087097167969,0.004967005134950559,0.004966757101954045,0.06552672386169434,1.2039646605478632e-19
0.08948484112582644,0.0872039329018757,0.09998497791525293,0.0992757105418901,0.11845993995666504,0.004966757108082923,0.00496650908772267,0.06585073471069336,1.2039819531585377e-19
0.08948413643746045,0.08720383243827838,0.0999849827256353,0.09927610101402387,0.11948513984680176,0.004966509093623309,0.004966261085392887,0.06548595428466797,1.203999240563475e-19
0.08948343176420034,0.087203731979184,0.0999849875358235,0.0992764914595762,0.12014365196228027,0.0049662610915711,0.0049660130958528725,0.06565690040588379,1.2040165286210204e-19
0.08948272710604768,0.08720363152459229,0.0999849923458175,0.09927688187854958,0.1181039810180664,0.004966013101925654,0.004965765118747356,0.06570148468017578,1.2040338129246097e-19
0.08948202246300391,0.08720353107450295,0.09998499715561732,0.09927727227094651,0.11758732795715332,0.004965765124686984,0.004965517154076338,0.0653066635131836,1.2040510984724952e-19
0.0894813178350706,0.08720343062891571,0.09998500196522296,0.09927766263676951,0.11865496635437012,0.004965517159853146,0.00496526920130691,0.06583118438720703,1.2040683902782485e-19
0.0894806132222492,0.08720333018783029,0.09998500677463443,0.09927805297602106,0.11758184432983398,0.0049652692074242345,0.004965021261682523,0.0653691291809082,1.2040856681541313e-19
0.08947990862454111,0.08720322975124639,0.09998501158385172,0.09927844328870371,0.11764168739318848,0.004965021267398178,0.004964773334314998,0.06541275978088379,1.2041029532662682e-19
0.08947920404194781,0.08720312931916374,0.09998501639287481,0.09927883357481992,0.118377685546875,0.0049647733397757765,0.004964525418671428,0.06493234634399414,1.2041202404088376e-19
0.08947849947447083,0.08720302889158203,0.09998502120170374,0.09927922383437221,0.11841583251953125,0.0049645254245567405,0.004964277515817628,0.0641634464263916,1.2041375187323906e-19
0.08947779492211165,0.087202928468501,0.0999850260103385,0.09927961406736305,0.11958169937133789,0.004964277521739467,0.004964029625398325,0.06446504592895508,1.2041548049063008e-19
0.0894770903848718,0.08720282804992036,0.09998503081877909,0.09928000427379498,0.11949038505554199,0.0049640296313239705,0.00496378174741352,0.06529474258422852,1.204172086019381e-19
0.08947638586275278,0.08720272763583983,0.09998503562702549,0.09928039445367047,0.12126326560974121,0.004963781753309969,0.004963533882218485,0.06559419631958008,1.204189366470703e-19
0.08947568135575602,0.08720262722625914,0.09998504043507772,0.09928078460699198,0.12064313888549805,0.0049635338876961145,0.0049632860287474045,0.06503415107727051,1.2042066443802152e-19
0.08947497686388306,0.08720252682117798,0.09998504524293579,0.09928117473376204,0.11904573440551758,0.004963286034482886,0.004963038188243729,0.06499481201171875,1.2042239233108336e-19
0.08947427238713539,0.08720242642059607,0.09998505005059968,0.09928156483398314,0.12006974220275879,0.00496303819366721,0.0049627903596416445,0.06477546691894531,1.2042411993717952e-19
0.08947356792551446,0.08720232602451315,0.09998505485806942,0.09928195490765777,0.11993026733398438,0.004962790365250918,0.0049625425436516934,0.06636166572570801,1.2042584812473875e-19
0.08947286347902178,0.08720222563292891,0.09998505966534499,0.09928234495478847,0.12080264091491699,0.004962542549232314,0.004962294739918605,0.06656146049499512,1.2042757518542842e-19
0.08947215904765887,0.08720212524584309,0.09998506447242639,0.09928273497537769,0.11835384368896484,0.004962294745611794,0.0049620469480871066,0.06523513793945312,1.204293035319537e-19
0.08947145463142721,0.08720202486325539,0.09998506927931362,0.09928312496942795,0.11841702461242676,0.004962046954388483,0.004961799169400649,0.0654146671295166,1.2043103086148345e-19
0.08947075023032834,0.08720192448516552,0.09998507408600671,0.09928351493694175,0.11826920509338379,0.0049617991755606106,0.004961551402971054,0.06526494026184082,1.204327589092961e-19
0.08947004584436376,0.0872018241115732,0.09998507889250563,0.09928390487792156,0.11829805374145508,0.00496155140912902,0.004961303649331228,0.06541299819946289,1.2043448632492885e-19
0.08946934147353483,0.08720172374247817,0.09998508369881039,0.0992842947923699,0.11827349662780762,0.004961303655091941,0.004961055907415357,0.0653984546661377,1.2043621338686e-19
0.08946863711784314,0.08720162337788012,0.09998508850492098,0.09928468468028925,0.11772680282592773,0.00496105591344921,0.00496080817811162,0.0653219223022461,1.2043794096044228e-19
0.08946793277729023,0.08720152301777877,0.09998509331083742,0.09928507454168209,0.11923670768737793,0.00496080818419952,0.004960560461064745,0.06542229652404785,1.2043966818590634e-19
0.08946722845187756,0.08720142266217384,0.0999850981165597,0.09928546437655089,0.11907100677490234,0.004960560467343928,0.0049603127569852745,0.06628251075744629,1.2044139543667564e-19
0.08946652414160658,0.08720132231106509,0.09998510292208783,0.09928585418489817,0.13470149040222168,0.004960312762880323,0.004960065064985031,0.07627630233764648,1.2044312248078846e-19
0.08946581984647883,0.0872012219644522,0.0999851077274218,0.09928624396672643,0.12508630752563477,0.004960065070807974,0.004959817385596921,0.06903696060180664,1.2044484961215988e-19
0.08946511556649576,0.08720112162233487,0.0999851125325616,0.09928663372203818,0.11519765853881836,0.004959817391126384,0.00495956971775513,0.06526947021484375,1.2044657621316084e-19
0.0894644113016588,0.08720102128471284,0.09998511733750727,0.09928702345083588,0.11547994613647461,0.004959569723835765,0.004959322062880744,0.06494951248168945,1.2044830369656496e-19
0.08946370705196952,0.08720092095158583,0.09998512214225878,0.09928741315312202,0.1164238452911377,0.004959322068935732,0.0049590744204408566,0.06618380546569824,1.2045003044642536e-19
0.08946300281742937,0.08720082062295353,0.09998512694681613,0.09928780282889907,0.11588454246520996,0.004959074426423419,0.004958826790435467,0.06482982635498047,1.2045175697197833e-19
0.08946229859803989,0.08720072029881568,0.09998513175117933,0.09928819247816954,0.11712646484375,0.004958826796300128,0.004958579172509303,0.06564188003540039,1.204534838964856e-19
0.08946159439380257,0.08720061997917199,0.09998513655534838,0.09928858210093595,0.11588931083679199,0.0049585791785663,0.004958331567372909,0.0647895336151123,1.2045521061644102e-19
0.08946089020471878,0.08720051966402216,0.09998514135932329,0.09928897169720076,0.11603021621704102,0.004958331573218253,0.004958083975026284,0.0641782283782959,1.2045693703071644e-19
0.08946018603079008,0.08720041935336593,0.09998514616310406,0.09928936126696647,0.11648201942443848,0.004958083980255959,0.004957836393693071,0.06411957740783691,1.2045866426280993e-19
0.08945948187201792,0.08720031904720302,0.09998515096669068,0.09928975081023556,0.11652994155883789,0.004957836399682034,0.004957588825860171,0.06389141082763672,1.204603902465785e-19
0.08945877772840392,0.08720021874553313,0.09998515577008314,0.09929014032701053,0.11690592765808105,0.004957588831491953,0.00495734126957359,0.06382393836975098,1.2046211657684192e-19
0.08945807359994958,0.087200118448356,0.09998516057328148,0.09929052981729389,0.11762118339538574,0.004957341275687869,0.004957093726432049,0.06349754333496094,1.204638433251955e-19
0.08945736948665628,0.08720001815567133,0.09998516537628567,0.09929091928108807,0.11821126937866211,0.00495709373226779,0.004956846195369735,0.06396198272705078,1.2046556938470836e-19
0.08945666538852556,0.08719991786747884,0.09998517017909572,0.09929130871839563,0.11681556701660156,0.004956846201231804,0.004956598676741919,0.06372761726379395,1.2046729609054481e-19
0.0894559613055589,0.08719981758377825,0.09998517498171164,0.09929169812921906,0.11693501472473145,0.004956598682578277,0.004956351170726236,0.06445717811584473,1.2046902180325477e-19
0.08945525723775766,0.08719971730456927,0.09998517978413342,0.09929208751356083,0.11702847480773926,0.004956351176307543,0.004956103676612145,0.06373119354248047,1.2047074809940408e-19
0.08945455318512345,0.08719961702985161,0.09998518458636105,0.09929247687142344,0.11924290657043457,0.004956103682418337,0.0049558561951101865,0.06438732147216797,1.2047247395920137e-19
0.08945384914765767,0.087199516759625,0.09998518938839454,0.09929286620280933,0.11839699745178223,0.004955856200910373,0.004955608725687455,0.06341314315795898,1.204742001399595e-19
0.08945314512536191,0.08719941649388917,0.09998519419023391,0.09929325550772101,0.1192023754119873,0.004955608731783427,0.004955361268876857,0.0637674331665039,1.204759256195439e-19
0.08945244111823765,0.08719931623264382,0.09998519899187915,0.09929364478616094,0.12019944190979004,0.0049553612750361225,0.004955113824678392,0.06427836418151855,1.2047765165615105e-19
0.08945173712628632,0.08719921597588867,0.09998520379333026,0.0992940340381316,0.11955595016479492,0.004955113830668811,0.004954866392203883,0.06455707550048828,1.2047937731144617e-19
0.08945103314950936,0.08719911572362345,0.09998520859458723,0.09929442326363552,0.12069940567016602,0.004954866398680006,0.004954618973584957,0.06359577178955078,1.2048110297586112e-19
0.08945032918790838,0.08719901547584787,0.09998521339565006,0.09929481246267516,0.12236356735229492,0.004954618979067604,0.004954371565979443,0.06520676612854004,1.2048282873533544e-19
0.08944962524148492,0.08719891523256164,0.09998521819651876,0.09929520163525297,0.12043476104736328,0.004954371571833459,0.00495412417151897,0.06571817398071289,1.2048455447743188e-19
0.08944892131024033,0.08719881499376449,0.09998522299719334,0.09929559078137148,0.1213388442993164,0.004954124176975115,0.004953876788782452,0.06620669364929199,1.2048628017310273e-19
0.0894482173941761,0.08719871475945613,0.0999852277976738,0.0992959799010332,0.12132763862609863,0.004953876794493115,0.004953629418835703,0.06612682342529297,1.2048800518255753e-19
0.08944751349329369,0.08719861452963627,0.09998523259796012,0.09929636899424055,0.12169098854064941,0.004953629424386755,0.004953382061145817,0.06657075881958008,1.2048973063947548e-19
0.08944680960759471,0.08719851430430464,0.09998523739805232,0.09929675806099607,0.12166619300842285,0.00495338206665506,0.0049531347157127925,0.06672334671020508,1.204914557788854e-19
0.0894461057370807,0.08719841408346098,0.0999852421979504,0.09929714710130222,0.12053275108337402,0.004953134721298455,0.004952887382891902,0.06633257865905762,1.2049318139194944e-19
0.08944540188175305,0.08719831386710497,0.09998524699765435,0.09929753611516151,0.11990833282470703,0.00495288738831597,0.0049526400621502376,0.0653371810913086,1.2049490696434584e-19
0.08944469804161326,0.08719821365523635,0.09998525179716418,0.09929792510257639,0.12097954750061035,0.004952640067706301,0.0049523927534878,0.06544876098632812,1.2049663151363404e-19
0.08944399421666277,0.0871981134478548,0.0999852565964799,0.09929831406354934,0.12126731872558594,0.0049523927594699035,0.004952145457792767,0.06661248207092285,1.2049835674516094e-19
0.08944329040690314,0.08719801324496008,0.0999852613956015,0.09929870299808287,0.12244033813476562,0.004952145463604456,0.0049518981743545964,0.06697416305541992,1.2050008202344069e-19
0.08944258661233588,0.0871979130465519,0.09998526619452898,0.09929909190617944,0.1222991943359375,0.0049518981801106145,0.004951650902995652,0.06591558456420898,1.2050180737794438e-19
0.08944188283296255,0.08719781285262997,0.09998527099326235,0.09929948078784154,0.11988353729248047,0.0049516509089871374,0.004951403644248842,0.0659322738647461,1.2050353168206328e-19
0.08944117906878453,0.087197712663194,0.0999852757918016,0.09929986964307165,0.1208043098449707,0.004951403650234407,0.0049511563982918005,0.06500768661499023,1.2050525609187308e-19
0.08944047531980323,0.08719761247824372,0.09998528059014673,0.09930025847187231,0.12021899223327637,0.004951156403849716,0.004950909164413986,0.06648612022399902,1.205069811276705e-19
0.08943977158602029,0.08719751229777885,0.09998528538829776,0.09930064727424597,0.12099623680114746,0.004950909169833841,0.0049506619426153975,0.06640315055847168,1.2050870562639626e-19
0.08943906786743716,0.0871974121217991,0.09998529018625468,0.09930103605019507,0.11857128143310547,0.004950661948186193,0.004950414733251307,0.06529426574707031,1.2051043081366866e-19
0.08943836416405528,0.08719731195030418,0.0999852949840175,0.0993014247997221,0.11884856224060059,0.00495041473890552,0.00495016753649935,0.06510543823242188,1.2051215465271492e-19
0.08943766047587605,0.08719721178329383,0.0999852997815862,0.09930181352282955,0.11998486518859863,0.004950167541992101,0.004949920351648984,0.06547999382019043,1.2051387912077243e-19
0.08943695680290098,0.08719711162076776,0.09998530457896079,0.09930220221951992,0.11843991279602051,0.004949920357445685,0.004949673179410752,0.06552886962890625,1.205156039320112e-19
0.08943625314513162,0.0871970114627257,0.09998530937614128,0.09930259088979564,0.11806249618530273,0.004949673185264684,0.004949426019962289,0.06513094902038574,1.2051732777727777e-19
0.08943554950256949,0.08719691130916735,0.09998531417312767,0.09930295641817624,0.11891388893127441,0.00494942602544809,0.004949178872593052,0.06563568115234375,1.205190523225324e-19
0.0894348458752161,0.08719681116009242,0.09998531896991994,0.09930329680422172,0.11905407905578613,0.004949178877995953,0.004948931737125406,0.06533360481262207,1.2052077651695397e-19
0.08943414226307282,0.08719671101550064,0.09998532376651811,0.09930363716777002,0.11901593208312988,0.00494893174290869,0.004948684614092258,0.06636357307434082,1.2052250090714126e-19
0.08943343866614112,0.08719661087539174,0.09998532856292218,0.09930397750882315,0.11874246597290039,0.004948684620185039,0.004948437503671244,0.06534337997436523,1.2052422471803201e-19
0.08943273508442255,0.08719651073976542,0.09998533335913216,0.09930431782738303,0.11998248100280762,0.004948437509824663,0.004948190405507091,0.06612181663513184,1.2052594895503077e-19
0.0894320315179186,0.08719641060862139,0.09998533815514804,0.09930465812345161,0.12055158615112305,0.004948190411826302,0.00494794332048798,0.06638646125793457,1.2052767248257305e-19
0.08943132796663075,0.08719631048195937,0.09998534295096981,0.09930499839703086,0.11795687675476074,0.0049479433261878925,0.004947696247192823,0.06525135040283203,1.2052939626659173e-19
0.08943062443056042,0.0871962103597791,0.09998534774659748,0.09930533864812273,0.11992263793945312,0.004947696252909939,0.004947449186154529,0.0672307014465332,1.205311203596906e-19
0.08942992090970917,0.0871961102420803,0.09998535254203106,0.09930567887672918,0.11788439750671387,0.004947449191992485,0.004947202137195461,0.06519627571105957,1.2053284423792966e-19
0.0894292174040786,0.08719601012886267,0.09998535733727054,0.09930601908285218,0.11955094337463379,0.004947202143435188,0.004946955101736705,0.06604838371276855,1.2053456787654956e-19
0.08942851391367,0.08719591002012596,0.09998536213231594,0.09930635926649366,0.11782622337341309,0.004946955107235468,0.0049467080774689975,0.06525993347167969,1.2053629102136522e-19
0.08942781043848495,0.08719580991586985,0.09998536692716725,0.09930669942765558,0.11858963966369629,0.004946708083394346,0.004946461065991059,0.06512856483459473,1.2053801496835354e-19
0.08942710697852492,0.08719570981609409,0.09998537172182446,0.09930703956633989,0.11768889427185059,0.004946461071911187,0.004946214067125254,0.06510615348815918,1.205397384807734e-19
0.08942640353379137,0.08719560972079837,0.09998537651628758,0.09930737968254855,0.11739516258239746,0.004946214072784037,0.00494596708016104,0.0648794174194336,1.2054146181675873e-19
0.08942570010428572,0.08719550962998245,0.0999853813105566,0.09930771977628354,0.11648702621459961,0.004945967086012969,0.004945720105986595,0.06524205207824707,1.2054318527550858e-19
0.08942499669000945,0.08719540954364599,0.09998538610463154,0.09930805984754677,0.11605668067932129,0.004945720111598026,0.004945473143891377,0.06477880477905273,1.2054490853941043e-19
0.08942429329096414,0.08719530946178874,0.09998539089851238,0.09930839989634022,0.11687159538269043,0.004945473149538584,0.004945226194230656,0.06508636474609375,1.2054663160627118e-19
0.08942358990715125,0.08719520938441043,0.09998539569219914,0.09930873992266584,0.11487197875976562,0.004945226199832735,0.004944979256649162,0.06403636932373047,1.2054835457906075e-19
0.08942288653857228,0.08719510931151075,0.09998540048569182,0.09930907992652559,0.11566400527954102,0.004944979262481463,0.004944732332035073,0.0643775463104248,1.2055007773882304e-19
0.0894221831852286,0.08719500924308946,0.09998540527899043,0.0993094199079214,0.11625099182128906,0.004944732337481788,0.004944485419322575,0.0642082691192627,1.2055180081424354e-19
0.08942147984712176,0.08719490917914623,0.09998541007209494,0.09930975986685524,0.11619114875793457,0.00494448542483481,0.004944238518689303,0.06405282020568848,1.2055352403539193e-19
0.08942077652425331,0.08719480911968079,0.09998541486500537,0.09931009980332907,0.11585831642150879,0.004944238524541304,0.004943991630845801,0.06402730941772461,1.2055524733176848e-19
0.08942007321662472,0.08719470906469289,0.09998541965772172,0.09931043971734482,0.11556625366210938,0.004943991636599846,0.004943744755436796,0.06356024742126465,1.2055696948067919e-19
0.08941936992423745,0.08719460901418222,0.09998542445024398,0.09931077960890447,0.11678099632263184,0.004943744761007921,0.004943497892284654,0.0637350082397461,1.2055869235910433e-19
0.08941866664709303,0.08719450896814851,0.09998542924257219,0.09931111947800995,0.11621832847595215,0.004943497897767182,0.004943251041211738,0.06331276893615723,1.2056041548126402e-19
0.08941796338519281,0.08719440892659146,0.0999854340347063,0.09931145932466323,0.11856961250305176,0.004943251046875694,0.004943004202218049,0.06336641311645508,1.205621379711179e-19
0.08941726013853837,0.08719430888951081,0.09998543882664636,0.09931179914886626,0.11798572540283203,0.004943004208333551,0.004942757376724671,0.06334280967712402,1.2056386055118812e-19
0.08941655690713121,0.08719420885690628,0.09998544361839233,0.099312138950621,0.12018847465515137,0.0049427573821386895,0.004942510562599978,0.06291031837463379,1.205655830785517e-19
0.08941585369097277,0.08719410882877758,0.09998544840994424,0.0993124787299294,0.11977601051330566,0.004942510568291565,0.004942263760376875,0.0634620189666748,1.20567305702175e-19
0.0894151504900646,0.08719400880512443,0.09998545320130206,0.09931281848679342,0.12155389785766602,0.004942263766792954,0.004942016971476448,0.0641632080078125,1.205690275164696e-19
0.08941444730440808,0.08719390878594656,0.09998545799246582,0.09931315822121499,0.1197202205657959,0.004942016977640486,0.004941770194655248,0.06383132934570312,1.2057074995548428e-19
0.08941374413400471,0.08719380877124368,0.0999854627834355,0.09931349793319606,0.1210026741027832,0.004941770200833225,0.004941523430623818,0.06489849090576172,1.2057247271807863e-19
0.08941304097885605,0.0871937087610155,0.0999854675742111,0.0993138376227386,0.12140989303588867,0.004941523436370853,0.004941276678493978,0.06450128555297852,1.2057419469000437e-19
0.08941233783896359,0.08719360875526173,0.09998547236479265,0.09931417728984451,0.12235760688781738,0.004941276684252741,0.004941029938798636,0.06526851654052734,1.2057591678761752e-19
0.08941163471432868,0.08719350875398212,0.09998547715518014,0.09931451693451578,0.12027859687805176,0.004941029944478665,0.00494078321118252,0.06471610069274902,1.2057763891539645e-19
0.0894109316049529,0.08719340875717636,0.09998548194537356,0.09931485655675434,0.1189122200012207,0.004940783217047964,0.004940536496178538,0.06457281112670898,1.205793609378953e-19
0.0894102285108377,0.08719330876484419,0.0999854867353729,0.09931519615656217,0.12146425247192383,0.00494053650196006,0.004940289793253783,0.06697344779968262,1.205810826304147e-19
0.08940952543198451,0.08719320877698533,0.09998549152517817,0.09931553573394121,0.12156009674072266,0.0049402897992159535,0.004940043103296432,0.06653809547424316,1.2058280475419292e-19
0.08940882236839483,0.0871931087935995,0.0999854963147894,0.09931587528889341,0.12064695358276367,0.004940043108811411,0.004939796425063037,0.06656193733215332,1.2058452618848918e-19
0.08940811932007028,0.08719300881468642,0.09998550110420656,0.0993162148214207,0.12150263786315918,0.004939796430748421,0.004939549759086503,0.06709480285644531,1.205862481051854e-19
0.08940741628701228,0.08719290884024579,0.09998550589342967,0.09931655433152504,0.12060976028442383,0.004939549765026098,0.004939303105899739,0.06653428077697754,1.2058796971407306e-19
0.08940671326922223,0.08719280887027736,0.09998551068245871,0.09931689381920838,0.12085890769958496,0.004939303111642755,0.004939056464792202,0.066375732421875,1.2058969107653374e-19
0.08940601026670168,0.08719270890478083,0.0999855154712937,0.09931723328447266,0.12068533897399902,0.004939056470599138,0.004938809835586255,0.06631135940551758,1.205914124342237e-19
0.08940530727945212,0.08719260894375591,0.09998552025993464,0.09931757272731981,0.1206963062286377,0.004938809841893989,0.004938563219525349,0.06583786010742188,1.205931344522771e-19
0.08940460430747502,0.08719250898720234,0.09998552504838151,0.0993179121477518,0.12142157554626465,0.00493856322552595,0.00493831661554367,0.0655665397644043,1.2059485577027394e-19
0.0894039013507718,0.08719240903511982,0.09998552983663433,0.0993182515457706,0.1213836669921875,0.004938316621494785,0.004938070023285945,0.06709122657775879,1.205965769333852e-19
0.08940319840934403,0.0871923090875081,0.0999855346246931,0.09931859092137814,0.12171745300292969,0.004938070029800917,0.004937823444883804,0.06685996055603027,1.2059829811953874e-19
0.08940249548319323,0.08719220914436686,0.09998553941255782,0.09931893027457636,0.11998820304870605,0.00493782345044192,0.004937576877850347,0.06608176231384277,1.2060001932918285e-19
0.08940179257232081,0.08719210920569584,0.0999855442002285,0.09931926960536722,0.12012195587158203,0.004937576883417249,0.004937330323251388,0.0665123462677002,1.2060174022812153e-19
0.0894010896767282,0.08719200927149476,0.09998554898770512,0.09931960891375266,0.12037897109985352,0.004937330328728279,0.004937083780021112,0.06547832489013672,1.2060346196734115e-19
0.08940038679641688,0.08719190934176334,0.0999855537749877,0.09931994819973462,0.12019181251525879,0.004937083786374148,0.004936837250468784,0.06662774085998535,1.206051827448102e-19
0.08939968393138838,0.08719180941650129,0.09998555856207625,0.09932028746331505,0.12026119232177734,0.004936837256352497,0.004936590732818047,0.06645536422729492,1.2060690372586377e-19
0.08939898108164415,0.08719170949570834,0.09998556334897074,0.09932062670449592,0.11778998374938965,0.004936590738664346,0.004936344228134715,0.06493377685546875,1.2060862461977124e-19
0.08939827824718576,0.08719160957938421,0.0999855681356712,0.09932096592327913,0.11743283271789551,0.0049363442333070495,0.004936097734642431,0.06505227088928223,1.206103451611663e-19
0.08939757542801453,0.08719150966752862,0.09998557292217759,0.09932130511966665,0.12091207504272461,0.004936097740282764,0.004935851253939916,0.0657353401184082,1.2061206606325085e-19
0.08939687262413196,0.08719140976014128,0.09998557770848995,0.09932164429366042,0.11982154846191406,0.00493585125958878,0.004935604785138992,0.06567692756652832,1.2061378681055608e-19
0.08939616983553965,0.08719130985722191,0.09998558249460829,0.0993219834452624,0.11890053749084473,0.004935604791226204,0.004935358329483108,0.06497359275817871,1.2061550746160734e-19
0.08939546706223905,0.08719120995877024,0.09998558728053257,0.09932232257447453,0.12014222145080566,0.004935358335193067,0.00493511188555118,0.0657968521118164,1.2061722765616198e-19
0.08939476430423164,0.08719111006478597,0.09998559206626281,0.09932266168129876,0.11951875686645508,0.0049351118914887256,0.004934865453876114,0.06594538688659668,1.2061894842684082e-19
0.08939406156151893,0.08719101017526884,0.09998559685179902,0.09932300076573702,0.11838221549987793,0.004934865460113977,0.004934619035168453,0.06511974334716797,1.2062066883714076e-19
0.08939335883410242,0.08719091029021857,0.09998560163714118,0.09932333892968004,0.1189420223236084,0.004934619041065734,0.004934372628717654,0.06529951095581055,1.206223887943407e-19
0.08939265612198348,0.08719081040963486,0.0999856064222893,0.09932367352819366,0.11937117576599121,0.004934372634344763,0.0049341262341684455,0.06644248962402344,1.2062410944323732e-19
0.08939195342516364,0.08719071053351746,0.09998561120724339,0.09932400810468195,0.11854124069213867,0.0049341262399501705,0.004933879852231371,0.06575775146484375,1.2062582955307967e-19
0.08939125074364433,0.08719061066186606,0.09998561599200345,0.09932434265914679,0.11966848373413086,0.004933879857881275,0.004933633482373523,0.06557869911193848,1.206275500931382e-19
0.08939054807742702,0.0871905107946804,0.09998562077656947,0.09932467719159008,0.12048101425170898,0.004933633488139112,0.004933387124950173,0.06603407859802246,1.2062926974881077e-19
0.08938984542651325,0.0871904109319602,0.09998562556094148,0.09932501170201373,0.11783576011657715,0.004933387130720152,0.004933140779783685,0.06577920913696289,1.2063098966201753e-19
0.08938914279090453,0.08719031107370515,0.09998563034511945,0.09932534619041963,0.11904740333557129,0.004933140785625383,0.0049328944470516944,0.06589913368225098,1.206327102618439e-19
0.08938844017060213,0.08719021121991498,0.0999856351291034,0.09932568065680969,0.11836075782775879,0.004932894452855207,0.004932648126754202,0.06696295738220215,1.2063443030080364e-19
0.08938773756560774,0.08719011137058943,0.09998563991289332,0.09932601510118581,0.1192927360534668,0.004932648132407248,0.004932401818358301,0.06633329391479492,1.2063614968993585e-19
0.08938703497592276,0.08719001152572824,0.09998564469648921,0.09932634952354988,0.11755490303039551,0.0049324018242820076,0.0049321555227521685,0.06465530395507812,1.206378691302532e-19
0.08938633240154865,0.08718991168533109,0.09998564947989108,0.09932668392390379,0.11641144752502441,0.004932155528477159,0.004931909239225263,0.06519246101379395,1.2063958901208528e-19
0.08938562984248692,0.08718981184939772,0.09998565426309892,0.09932701830224944,0.1171867847442627,0.004931909244994762,0.004931662968488126,0.0655362606048584,1.2064130856568957e-19
0.089384927298739,0.08718971201792786,0.09998565904611276,0.09932735265858872,0.11641716957092285,0.004931662973832138,0.004931416709830216,0.0648195743560791,1.206430284225317e-19
0.08938422477030639,0.08718961219092121,0.09998566382893258,0.09932768699292353,0.11705994606018066,0.00493141671498835,0.00493117046254099,0.06471395492553711,1.2064474805199938e-19
0.08938352225719062,0.08718951236837749,0.09998566861155836,0.09932802130525578,0.11594557762145996,0.004931170468465532,0.004930924228219169,0.06488823890686035,1.206464671082786e-19
0.08938281975939312,0.08718941255029644,0.09998567339399013,0.09932835559558734,0.1157681941986084,0.004930924234261368,0.004930678006687117,0.06452393531799316,1.206481865407921e-19
0.08938211727691546,0.08718931273667777,0.09998567817622789,0.09932868986392011,0.11571693420410156,0.004930678012374834,0.00493043179687902,0.06391239166259766,1.2064990569309868e-19
0.08938141480975911,0.08718921292752119,0.09998568295827162,0.09932902411025601,0.11675643920898438,0.004930431802805399,0.004930185600215964,0.06393647193908691,1.2065162515497283e-19
0.08938071235792548,0.08718911312282641,0.09998568774012134,0.09932935833459693,0.11736702919006348,0.004930185605552325,0.004929939414743956,0.06390929222106934,1.2065334419836344e-19
0.08938000992141605,0.08718901332259318,0.09998569252177705,0.09932969253694475,0.1188199520111084,0.004929939420615132,0.0049296932422393525,0.06331086158752441,1.2065506335472992e-19
0.08937930750023233,0.0871889135268212,0.09998569730323874,0.09933002671730139,0.11888599395751953,0.004929693247993797,0.004929447081991611,0.06367301940917969,1.2065678232002383e-19
0.08937860509437573,0.08718881373551023,0.09998570208450641,0.09933036087566872,0.1213681697845459,0.0049294470876877095,0.004929200933645461,0.06412649154663086,1.2065850141154776e-19
0.08937790270384784,0.08718871394865993,0.09998570686558009,0.09933069501204865,0.11980485916137695,0.004929200939695928,0.0049289547979114445,0.06370782852172852,1.2066022035430822e-19
0.08937720032864999,0.08718861416627005,0.09998571164645975,0.09933102912644307,0.12023639678955078,0.004928954804018212,0.004928708674789561,0.06451559066772461,1.2066193945082125e-19
0.0893764979687838,0.08718851438834031,0.0999857164271454,0.09933136321885384,0.12101411819458008,0.004928708680653866,0.004928462563569269,0.06413006782531738,1.206636578716039e-19
0.0893757956242506,0.08718841461487044,0.09998572120763706,0.0993316972892829,0.12171053886413574,0.004928462569601316,0.00492821646496111,0.0649716854095459,1.2066537692315763e-19
0.0893750932950519,0.08718831484586015,0.0999857259879347,0.09933203133773211,0.12000536918640137,0.004928216470860222,0.004927970378609814,0.06442022323608398,1.2066709565442029e-19
0.08937439098118925,0.08718821508130915,0.09998573076803834,0.0993323653642034,0.11872076988220215,0.004927970384429688,0.004927724304337744,0.06427478790283203,1.2066881426751496e-19
0.08937368868266408,0.08718811532121717,0.09998573554794798,0.09933269936869864,0.12112641334533691,0.00492772431031073,0.004927478242855443,0.06635761260986328,1.2067053286472685e-19
0.08937298639947787,0.08718801556558393,0.09998574032766362,0.09933303335121973,0.12169384956359863,0.004927478248501368,0.004927232193274733,0.0667426586151123,1.206722510525319e-19
0.08937228413163208,0.08718791581440917,0.09998574510718526,0.09933336731176856,0.12230348587036133,0.004927232199001078,0.004926986156128521,0.06686663627624512,1.2067396926753703e-19
0.08937158187912823,0.08718781606769258,0.09998574988651289,0.09933370125034702,0.12219119071960449,0.004926986161809507,0.0049267401310615355,0.06690454483032227,1.2067568797546173e-19
0.08937087964196777,0.08718771632543389,0.09998575466564652,0.09933403516695699,0.12048530578613281,0.0049267401369270485,0.0049264941186066835,0.06628751754760742,1.2067740616569017e-19
0.08937017742015217,0.08718761658763281,0.09998575944458615,0.09933436906160038,0.12044429779052734,0.004926494124350789,0.004926248118231058,0.06622791290283203,1.2067912430430342e-19
0.08936947521368291,0.08718751685428909,0.09998576422333179,0.09933470293427907,0.1207880973815918,0.004926248124081755,0.00492600213028993,0.06604838371276855,1.2068084233334207e-19
0.08936877302256149,0.08718741712540243,0.09998576900188343,0.09933503678499495,0.11995339393615723,0.004926002136118942,0.004925756154072758,0.0653226375579834,1.2068256049335667e-19
0.0893680708467894,0.08718731740097255,0.09998577378024107,0.09933537061374992,0.12069392204284668,0.004925756160462857,0.004925510191178262,0.06547307968139648,1.2068427870247579e-19
0.08936736868636805,0.08718721768099919,0.09998577855840471,0.09933570442054586,0.12099599838256836,0.004925510197110409,0.004925264239830085,0.06689190864562988,1.206859961635564e-19
0.08936666654129895,0.08718711796548206,0.09998578333637438,0.09933603820538467,0.12148213386535645,0.004925264246063094,0.004925018302337492,0.0664372444152832,1.2068771412052333e-19
0.08936596441158366,0.08718701825442088,0.09998578811415006,0.09933637196826824,0.12134480476379395,0.004925018307318104,0.0049247723747924965,0.0660557746887207,1.2068943179438554e-19
0.0893652622972235,0.08718691854781536,0.09998579289173173,0.09933670570919846,0.1195993423461914,0.004924772380877387,0.004924526461103085,0.06630921363830566,1.2069115065609213e-19
0.08936456019821995,0.08718681884566523,0.09998579766911943,0.09933703942817722,0.1203913688659668,0.0049245264667388735,0.004924280559670535,0.06492376327514648,1.2069286749810355e-19
0.08936385811457455,0.0871867191479702,0.09998580244631314,0.09933737312520641,0.11993074417114258,0.00492428056490066,0.004924034669784305,0.06613707542419434,1.2069458465933316e-19
0.08936315604628882,0.08718661945473001,0.09998580722331285,0.0993377068002879,0.12113642692565918,0.004924034675363401,0.00492378879286548,0.06662154197692871,1.206963026378269e-19
0.0893624539933642,0.08718651976594438,0.09998581200011858,0.09933804045342362,0.11776018142700195,0.004923788798127216,0.004923542927848246,0.0645296573638916,1.2069801982537754e-19
0.08936175195580218,0.08718642008161302,0.09998581677673032,0.09933837408461545,0.11761021614074707,0.004923542933192054,0.004923297074910238,0.06511807441711426,1.2069973817725886e-19
0.0893610499336042,0.08718632040173566,0.0999858215531481,0.09933870769386526,0.12045931816101074,0.0049232970805567445,0.004923051234761999,0.06544041633605957,1.2070145468610195e-19
0.08936034792677182,0.087186220726312,0.09998582632937189,0.09933904128117493,0.11884474754333496,0.0049230512402196275,0.0049228054065153515,0.06432032585144043,1.2070317234226828e-19
0.08935964593530642,0.0871861210553418,0.0999858311054017,0.09933937484654641,0.11743950843811035,0.0049228054121813625,0.00492255959034793,0.0639183521270752,1.207048893701426e-19
0.0893589439592094,0.08718602138882478,0.09998583588123752,0.09933970838998153,0.11899352073669434,0.004922559596441154,0.00492231378732555,0.06424999237060547,1.2070660631416435e-19
0.08935824199848241,0.08718592172676064,0.09998584065687936,0.0993400419114822,0.11822652816772461,0.0049223137929972,0.004922067996027124,0.06388711929321289,1.2070832373004153e-19
0.08935754005312681,0.0871858220691491,0.09998584543232723,0.09934037541105029,0.11789679527282715,0.0049220680018493175,0.004921822217340832,0.06396150588989258,1.2071004022048058e-19
0.0893568381231441,0.08718572241598989,0.09998585020758113,0.09934070888868772,0.11825704574584961,0.0049218222229985105,0.004921576450378495,0.06437110900878906,1.207117576008133e-19
0.08935613620853575,0.08718562276728273,0.09998585498264105,0.09934104234439636,0.11823153495788574,0.004921576456442907,0.0049213306963835635,0.06493592262268066,1.2071347466923124e-19
0.08935543430930316,0.08718552312302733,0.09998585975750701,0.09934137577817809,0.11804533004760742,0.004921330702180779,0.004921084954112587,0.06456661224365234,1.2071519157992915e-19
0.0893547324254479,0.08718542348322343,0.09998586453217899,0.0993417091900348,0.11845660209655762,0.004921084960213319,0.004920839225164286,0.06457328796386719,1.2071690800471337e-19
0.08935403055697151,0.08718532384787074,0.099985869306657,0.09934204257996836,0.11802101135253906,0.004920839230538067,0.004920593507229398,0.06477594375610352,1.207186251598351e-19
0.08935332870387543,0.08718522421696896,0.09998587408094103,0.09934237594798068,0.11659049987792969,0.0049205935131565555,0.004920347801906644,0.06443214416503906,1.207203416147884e-19
0.0893526268661611,0.08718512459051785,0.0999858788550311,0.09934270929407363,0.11782193183898926,0.004920347808066467,0.0049201021088407515,0.06510210037231445,1.2072205787205963e-19
0.08935192504383004,0.0871850249685171,0.09998588362892721,0.09934304261824912,0.11662435531616211,0.0049201021152685135,0.0049198564290975355,0.06518959999084473,1.2072377472267018e-19
0.08935122323688362,0.08718492535096646,0.09998588840262934,0.09934337592050903,0.11828804016113281,0.004919856434759672,0.00491961076125591,0.06457018852233887,1.207254908469299e-19
0.08935052144532321,0.08718482573786565,0.09998589317613751,0.09934370920085522,0.11700916290283203,0.00491961076654035,0.004919365105315876,0.06360149383544922,1.207272075560676e-19
0.08934981966915038,0.0871847261292144,0.09998589794945172,0.09934404245928961,0.11501646041870117,0.0049193651106116,0.004919119461455068,0.06325840950012207,1.2072892392633054e-19
0.0893491179083666,0.0871846265250124,0.09998590272257196,0.09934437569581407,0.11621856689453125,0.004919119466972504,0.004918873829673487,0.0644233226776123,1.2073063996252076e-19
0.08934841616297333,0.08718452692525938,0.09998590749549825,0.09934470891043048,0.1155691146850586,0.0049188738356221486,0.004918628211214582,0.06413626670837402,1.2073235582655037e-19
0.08934771443297208,0.08718442732995506,0.09998591226823059,0.09934504210314071,0.11523294448852539,0.004918628216558172,0.004918382603946725,0.06368875503540039,1.2073407241390344e-19
0.08934701271836427,0.08718432773909916,0.09998591704076895,0.0993453752739467,0.11627316474914551,0.004918382609782011,0.004918137009646273,0.06328654289245605,1.2073578844327246e-19
0.08934631101915144,0.08718422815269142,0.09998592181311337,0.0993457084228503,0.11667680740356445,0.004918137015291698,0.004917891427602683,0.06305813789367676,1.2073750446245956e-19
0.0893456093353351,0.08718412857073154,0.09998592658526383,0.09934604154985338,0.11654448509216309,0.004917891433086925,0.004917645857283048,0.06237339973449707,1.2073922019312815e-19
0.08934490766691672,0.08718402899321928,0.09998593135722032,0.09934637465495785,0.11851215362548828,0.004917645863168157,0.004917400299753183,0.06280970573425293,1.20740935820971e-19
0.08934420601389768,0.08718392942015432,0.09998593612898286,0.09934670773816558,0.11949706077575684,0.004917400305534018,0.004917154754835451,0.06331944465637207,1.2074265184414125e-19
0.08934350437627946,0.08718382985153642,0.09998594090055146,0.09934704079947845,0.12150812149047852,0.004917154760182894,0.00491690922181931,0.06302809715270996,1.2074436764053882e-19
0.08934280275406357,0.08718373028736527,0.0999859456719261,0.09934737383889837,0.12118244171142578,0.004916909227115537,0.004916663700349488,0.0648038387298584,1.2074608314799738e-19
0.0893421011472515,0.0871836307276406,0.09998595044310679,0.09934770685642719,0.12188005447387695,0.004916663706332039,0.004916418191669436,0.06516432762145996,1.2074779912387072e-19
0.08934139955584473,0.08718353117236212,0.09998595521409354,0.09934803985206679,0.11959338188171387,0.004916418197830724,0.004916172695956789,0.06403803825378418,1.2074951431906883e-19
0.08934069797984469,0.08718343162152957,0.09998595998488634,0.09934837282581906,0.12176275253295898,0.004916172701610332,0.004915927211612825,0.06583905220031738,1.207512300431387e-19
0.08933999641925286,0.08718333207514267,0.0999859647554852,0.09934870577768588,0.12118911743164062,0.004915927217672248,0.004915681739880995,0.06452703475952148,1.2075294539430171e-19
0.08933929487407079,0.08718323253320115,0.0999859695258901,0.09934903870766917,0.1210026741027832,0.0049156817460141505,0.004915436280761298,0.06544756889343262,1.2075466112765216e-19
0.08933859334429986,0.08718313299570471,0.09998597429610107,0.09934937161577077,0.1204371452331543,0.004915436286635474,0.004915190834253735,0.06507515907287598,1.2075637543644712e-19
0.08933789182994144,0.08718303346265308,0.09998597906611807,0.0993497045019926,0.11942720413208008,0.004915190839534794,0.0049149453989372205,0.06471443176269531,1.20758091366404e-19
0.08933719033099705,0.08718293393404598,0.09998598383594114,0.09935003736633649,0.11993980407714844,0.004914945404713351,0.0049146999760552035,0.06575655937194824,1.2075980628179752e-19
0.08933648884746828,0.08718283440988316,0.09998598860557027,0.09935037020880434,0.12305188179016113,0.004914699982170801,0.0049144545666734984,0.0669097900390625,1.2076152148822478e-19
0.08933578737935662,0.08718273489016432,0.09998599337500547,0.09935070200683843,0.12134194374084473,0.004914454571903418,0.004914209168305206,0.06643486022949219,1.2076323634710616e-19
0.08933508592666338,0.08718263537488917,0.0999859981442467,0.09935103039650167,0.12048149108886719,0.0049142091739137585,0.004913963782193775,0.06572651863098145,1.207649516789716e-19
0.08933438448938999,0.08718253586405746,0.09998600291329401,0.09935135876464543,0.12134027481079102,0.004913963788200148,0.0049137184086944785,0.06656718254089355,1.207666661898911e-19
0.08933368306753793,0.08718243635766888,0.0999860076821474,0.09935168711127154,0.12073040008544922,0.004913718414762273,0.004913473047984951,0.06623411178588867,1.207683816062329e-19
0.08933298166110881,0.08718233685572319,0.09998601245080684,0.09935201543638185,0.12044024467468262,0.004913473053597849,0.00491322769935465,0.0655519962310791,1.2077009609178964e-19
0.0893322802701041,0.08718223735822007,0.09998601721927235,0.09935234373997817,0.12045526504516602,0.004913227704707575,0.004912982362093032,0.06499528884887695,1.2077181070392362e-19
0.08933157889452516,0.08718213786515927,0.09998602198754392,0.09935267202206235,0.12024831771850586,0.004912982368092225,0.004912737037621184,0.0658731460571289,1.2077352507368462e-19
0.08933087753437353,0.0871820383765405,0.09998602675562156,0.09935300028263622,0.11888718605041504,0.004912737043749862,0.004912491726116741,0.06559967994689941,1.2077523929971149e-19
0.08933017618965063,0.0871819388923635,0.09998603152350527,0.0993533285217016,0.12151932716369629,0.004912491731677815,0.004912246426336253,0.06519770622253418,1.2077695427542385e-19
0.08932947486035794,0.08718183941262798,0.09998603629119505,0.09935365673926037,0.12156558036804199,0.0049122464318771064,0.004912001138457356,0.06547355651855469,1.2077866862595508e-19
0.08932877354649703,0.08718173993733366,0.09998604105869092,0.09935398493531433,0.11916971206665039,0.0049120011443492435,0.004911755863368228,0.06508040428161621,1.2078038270567964e-19
0.08932807224806927,0.08718164046648028,0.09998604582599285,0.09935431310986531,0.12064838409423828,0.00491175586909087,0.004911510600358326,0.06511282920837402,1.2078209680889995e-19
0.08932737096507622,0.08718154100006754,0.09998605059310087,0.09935464126291516,0.11976480484008789,0.004911510606102391,0.004911265350138194,0.06656241416931152,1.2078381146649803e-19
0.08932666969751936,0.08718144153809518,0.09998605536001495,0.09935496939446568,0.12025332450866699,0.004911265355382725,0.00491102011110911,0.06603670120239258,1.2078552534307033e-19
0.08932596844540011,0.08718134208056291,0.09998606012673511,0.09935529750451874,0.1183624267578125,0.00491102011693239,0.004910774885402702,0.06449341773986816,1.2078723970619245e-19
0.08932526720871994,0.08718124262747044,0.09998606489326134,0.09935562559307616,0.1177971363067627,0.00491077489075007,0.004910529671242614,0.06566882133483887,1.2078895413197492e-19
0.0893245659874803,0.0871811431788175,0.09998606965959365,0.0993559536601398,0.11853981018066406,0.004910529676834863,0.004910284469339388,0.06480789184570312,1.2079066816911014e-19
0.08932386478168268,0.08718104373460384,0.09998607442573205,0.09935628170571147,0.11858797073364258,0.004910284475188062,0.004910039280581202,0.06505012512207031,1.207923816403062e-19
0.08932316359132854,0.08718094429482916,0.09998607919167654,0.099356609729793,0.11845159530639648,0.004910039285805097,0.004909794102658793,0.06528186798095703,1.207940959355735e-19
0.08932246241641925,0.08718084485949318,0.0999860839574271,0.09935693773238624,0.11774849891662598,0.0049097941086894015,0.004909548938236696,0.06464576721191406,1.2079580931980104e-19
0.08932176125695632,0.08718074542859564,0.09998608872298374,0.099357265713493,0.11799287796020508,0.004909548943837317,0.004909303785183283,0.06450057029724121,1.2079752283758458e-19
0.0893210601129412,0.08718064600213626,0.09998609348834647,0.09935759367311511,0.1189877986907959,0.004909303791250941,0.004909058644564368,0.0655829906463623,1.2079923680176283e-19
0.08932035898437543,0.08718054658011476,0.09998609825351529,0.09935792161125441,0.11779570579528809,0.004909058650928249,0.004908813516735222,0.0647585391998291,1.2080095052675698e-19
0.0893196578712604,0.08718044716253086,0.09998610301849019,0.09935824952791275,0.1180734634399414,0.004908813522868983,0.004908568401340574,0.0660545825958252,1.208026638176788e-19
0.08931895677359773,0.08718034774938428,0.09998610778327119,0.09935857742309195,0.1174466609954834,0.004908568407071485,0.00490832329731461,0.06455659866333008,1.2080437694078206e-19
0.0893182556913888,0.08718024834067474,0.09998611254785827,0.09935890529679382,0.11888790130615234,0.0049083233035365804,0.0049080782060784145,0.06570816040039062,1.2080609093677923e-19
0.08931755462463518,0.08718014893640198,0.09998611731225145,0.0993592331490202,0.11681556701660156,0.004908078212262902,0.004907833127276717,0.06476306915283203,1.2080780381400639e-19
0.08931685357333824,0.0871800495365657,0.09998612207645072,0.09935956097977296,0.11761736869812012,0.004907833133250201,0.004907588060554247,0.06482768058776855,1.2080951684258077e-19
0.08931615253749929,0.08717995014116564,0.09998612684045607,0.0993598887890539,0.11745262145996094,0.0049075880664964915,0.004907343005911002,0.0651555061340332,1.208112303558099e-19
0.08931545151711998,0.0871798507502015,0.09998613160426753,0.09936021657686482,0.11738920211791992,0.004907343012002883,0.004907097963702256,0.06512784957885742,1.208129436293512e-19
0.08931475051220178,0.08717975136367304,0.09998613636788509,0.09936054434320761,0.11798930168151855,0.0049070979697673775,0.004906852934105643,0.06462454795837402,1.20814656338315e-19
0.0893140495227461,0.08717965198157995,0.09998614113130874,0.09936087208808408,0.11658763885498047,0.00490685293978937,0.004906607916410621,0.06436872482299805,1.2081636940432253e-19
0.08931334854875439,0.08717955260392196,0.0999861458945385,0.09936119981149605,0.11405301094055176,0.00490660792206826,0.004906362910972462,0.06382441520690918,1.208180825729605e-19
0.08931264759022815,0.08717945323069881,0.09998615065757435,0.09936152751344533,0.11676526069641113,0.004906362916605348,0.0049061179179688,0.06577658653259277,1.2081979571783663e-19
0.08931194664716882,0.0871793538619102,0.0999861554204163,0.0993618551939338,0.11710166931152344,0.004906117923397488,0.00490587293597855,0.06549739837646484,1.2082150815339073e-19
0.08931124571957785,0.08717925449755587,0.09998616018306435,0.09936218285296326,0.11779952049255371,0.004905872942448035,0.00490562796802152,0.06572771072387695,1.208232211605244e-19
0.08931054480745682,0.08717915513763555,0.09998616494551851,0.09936251049053554,0.11818552017211914,0.004905627973750949,0.004905383011433173,0.06561684608459473,1.2082493328516994e-19
0.08930984391080714,0.08717905578214895,0.09998616970777878,0.09936283810665247,0.11726737022399902,0.004905383017310051,0.00490513806745696,0.06545591354370117,1.2082664635350375e-19
0.08930914302963029,0.08717895643109579,0.09998617446984515,0.09936316570131588,0.11729550361633301,0.004905138073121659,0.004904893135382338,0.06501078605651855,1.2082835860901805e-19
0.08930844216392762,0.08717885708447579,0.09998617923171761,0.0993634932745276,0.1162114143371582,0.004904893141187236,0.004904648215386942,0.06427168846130371,1.2083007108809198e-19
0.08930774131370071,0.0871787577422887,0.09998618399339619,0.09936382082628947,0.11639595031738281,0.004904648221505721,0.00490440330800368,0.06355834007263184,1.2083178362399683e-19
0.08930704047895086,0.08717865840453422,0.09998618875488087,0.09936414835660329,0.11883735656738281,0.004904403314075625,0.004904158413054915,0.06409192085266113,1.2083349598052687e-19
0.08930633965967968,0.08717855907121207,0.09998619351617166,0.09936447586547088,0.11732125282287598,0.004904158418896894,0.00490391353089592,0.06318068504333496,1.208352082055841e-19
0.08930563885588871,0.08717845974232198,0.09998619827726857,0.09936480335289412,0.11934828758239746,0.004903913535967539,0.004903668659750338,0.06339097023010254,1.2083692055061983e-19
0.08930493806757935,0.08717836041786368,0.09998620303817159,0.0993651308188748,0.12119889259338379,0.004903668665289752,0.004903423800683981,0.06342887878417969,1.2083863248721856e-19
0.08930423729475297,0.08717826109783688,0.09998620779888072,0.09936545826341474,0.11970949172973633,0.004903423806861895,0.004903178954762666,0.06392097473144531,1.2084034454113734e-19
0.08930353653741112,0.08717816178224132,0.09998621255939598,0.09936578568651579,0.12125802040100098,0.004903178960682927,0.004902934120565305,0.06352686882019043,1.2084205715090035e-19
0.08930283579555533,0.08717806247107669,0.09998621731971734,0.09936611308817976,0.12058877944946289,0.004902934126753337,0.004902689299512986,0.0652155876159668,1.2084376868091226e-19
0.08930213506918691,0.08717796316434276,0.09998622207984482,0.09936644046840848,0.12180185317993164,0.004902689305068729,0.004902444490006985,0.06535816192626953,1.2084548056834345e-19
0.08930143435830747,0.08717786386203923,0.09998622683977842,0.09936676782720379,0.1183023452758789,0.004902444495632899,0.004902199692580211,0.0636141300201416,1.2084719249188537e-19
0.08930073366291837,0.08717776456416582,0.09998623159951815,0.09936709516456751,0.11792683601379395,0.0049021996984439315,0.0049019549081208424,0.06389117240905762,1.2084890389536731e-19
0.08930003298302104,0.08717766527072225,0.09998623635906399,0.09936742248050145,0.12019944190979004,0.004901954913499414,0.004901710135207793,0.06364035606384277,1.2085061551202462e-19
0.08929933231861693,0.08717756598170827,0.09998624111841596,0.09936774977500745,0.12163519859313965,0.004901710140800533,0.004901465374551606,0.06406521797180176,1.2085232722290275e-19
0.08929863166970753,0.08717746669712356,0.09998624587757406,0.09936807704808735,0.12216949462890625,0.004901465380346658,0.004901220626152281,0.06430983543395996,1.2085403916675442e-19
0.08929793103629435,0.08717736741696787,0.09998625063653829,0.09936840429974295,0.12251710891723633,0.004901220632136109,0.004900975890365089,0.06488561630249023,1.2085575078174315e-19
0.0892972304183789,0.08717726814124092,0.09998625539530864,0.09936873152997609,0.12078332901000977,0.004900975896169301,0.004900731166657124,0.06478476524353027,1.2085746215137023e-19
0.08929652981596267,0.08717716886994245,0.09998626015388512,0.09936905873878861,0.12038493156433105,0.004900731172444982,0.00490048645485075,0.06501126289367676,1.2085917324403516e-19
0.08929582922904704,0.08717706960307217,0.09998626491226772,0.09936938592618232,0.1205744743347168,0.0049004864609628555,0.004900241755656509,0.0650634765625,1.2086088428843623e-19
0.08929512865763352,0.08717697034062981,0.09998626967045646,0.09936971309215904,0.12077927589416504,0.004900241761722649,0.004899997068719131,0.06547951698303223,1.2086259589217166e-19
0.08929442810172353,0.08717687108261508,0.09998627442845132,0.09937004023672061,0.12010812759399414,0.004899997074724061,0.0048997523940386145,0.06529545783996582,1.2086430694867022e-19
0.08929372756131855,0.08717677182902774,0.09998627918625232,0.09937036735986883,0.12126684188842773,0.004899752399964808,0.004899507731792596,0.06473231315612793,1.208660182899287e-19
0.08929302703642002,0.08717667257986746,0.09998628394385946,0.09937069446160555,0.12195968627929688,0.004899507737445236,0.004899263081625804,0.06534266471862793,1.2086772924824515e-19
0.08929232652702947,0.087176573335134,0.09998628870127273,0.09937102154193257,0.12038183212280273,0.004899263087164473,0.0048990184431829675,0.06516194343566895,1.2086944021613177e-19
0.08929162603314826,0.08717647409482705,0.09998629345849212,0.09937134860085171,0.12100076675415039,0.004899018449122482,0.004898773817885171,0.06554818153381348,1.2087115096516666e-19
0.08929092555477788,0.08717637485894637,0.09998629821551766,0.0993716756383648,0.12044310569763184,0.004898773823318354,0.00489852920431133,0.06649994850158691,1.208728625779204e-19
0.08929022509191993,0.08717627562749167,0.09998630297234934,0.09937200265447367,0.12137961387634277,0.004898529209750854,0.004898284603171987,0.06647920608520508,1.2087457265608766e-19
0.08928952464457575,0.08717617640046266,0.09998630772898716,0.09937232964918014,0.11916518211364746,0.004898284608419988,0.004898040013756599,0.06502795219421387,1.2087628366404246e-19
0.0892888242127468,0.08717607717785908,0.09998631248543112,0.09937265662248604,0.11855912208557129,0.004898040019325157,0.004897795437308616,0.06603813171386719,1.208779942182107e-19
0.08928812379643446,0.08717597795968066,0.09998631724168121,0.0993729835743932,0.11796140670776367,0.00489779544246574,0.004897550872584588,0.06508731842041016,1.2087970480610822e-19
0.0892874233956403,0.08717587874592711,0.09998632199773744,0.09937331050490342,0.11867690086364746,0.0048975508778421285,0.004897306320117423,0.06534409523010254,1.2088141548682908e-19
0.08928672301036591,0.08717577953659816,0.09998632675359981,0.09937363741401854,0.11874532699584961,0.004897306325452025,0.004897061779907119,0.06602835655212402,1.2088312627217712e-19
0.08928602264061267,0.08717568033169355,0.09998633150926832,0.09937396430174039,0.11920809745788574,0.00489706178529519,0.004896817251776042,0.06580018997192383,1.2088483629724334e-19
0.08928532228638197,0.08717558113121299,0.09998633626474299,0.09937429116807077,0.11844325065612793,0.004896817257371991,0.004896572735901827,0.0654749870300293,1.2088654653128628e-19
0.08928462194767538,0.0871754819351562,0.09998634102002381,0.09937461801301152,0.1191093921661377,0.004896572741681834,0.004896328232284475,0.06613993644714355,1.208882563703014e-19
0.08928392162449422,0.08717538274352292,0.09998634577511077,0.09937494483656444,0.11786389350891113,0.004896328238223082,0.004896083740923984,0.06545257568359375,1.2088996723232221e-19
0.08928322131683995,0.08717528355631286,0.09998635053000389,0.09937527163873136,0.11939859390258789,0.004896083746995835,0.004895839261997992,0.06685471534729004,1.2089167707892864e-19
0.08928252102471411,0.08717518437352575,0.09998635528470315,0.09937559841951409,0.11828327178955078,0.0048958392679994255,0.0048955947953288614,0.06510686874389648,1.2089338691183313e-19
0.08928182074811812,0.0871750851951613,0.09998636003920856,0.09937592517891447,0.11853551864624023,0.004895594801232533,0.004895350340738958,0.06603336334228516,1.2089509711990642e-19
0.08928112048705343,0.08717498602121924,0.09998636479352012,0.09937625191693432,0.11787152290344238,0.0048953503466936344,0.004895105898405916,0.06577754020690918,1.2089680757223744e-19
0.08928042024152155,0.08717488685169932,0.09998636954763784,0.09937657863357545,0.11774921417236328,0.00489510590438539,0.0048948614688626435,0.06566786766052246,1.2089851688511783e-19
0.08927972001152386,0.08717478768660122,0.09998637430156171,0.09937690532883968,0.11838030815124512,0.004894861474303193,0.004894617050510419,0.06635475158691406,1.2090022730411324e-19
0.08927901979706193,0.0871746885259247,0.09998637905529173,0.09937722980362522,0.11818361282348633,0.004894617056449807,0.0048943726453032355,0.06525945663452148,1.2090193664927402e-19
0.08927831959813715,0.08717458936966949,0.0999863838088279,0.09937755207809108,0.11884164810180664,0.0048943726508215175,0.004894128251642371,0.0660252571105957,1.2090364626990396e-19
0.08927761941475097,0.08717449021783528,0.09998638856217024,0.0993778743315326,0.1163783073425293,0.004894128257420445,0.004893883870416005,0.06473875045776367,1.209053556726381e-19
0.08927691924690495,0.08717439107042183,0.09998639331531872,0.09937819656395154,0.11487889289855957,0.004893883876244699,0.004893639501979408,0.06450295448303223,1.2090706532072226e-19
0.08927621909460044,0.08717429192742884,0.09998639806827338,0.0993785187753497,0.11735129356384277,0.0048936395072928605,0.004893395144733859,0.06616520881652832,1.209087751415899e-19
0.08927551895783904,0.08717419278885606,0.09998640282103419,0.09937884096572884,0.11784958839416504,0.0048933951505664205,0.00489315080063335,0.0658717155456543,1.2091048472714705e-19
0.0892748188366221,0.0871740936547032,0.09998640757360117,0.09937916313509075,0.11711645126342773,0.004893150806063728,0.004892906468079161,0.06554961204528809,1.2091219369794336e-19
0.08927411873095105,0.08717399452496996,0.09998641232597431,0.0993794852834372,0.11797022819519043,0.004892906473784516,0.00489266214795947,0.06507587432861328,1.2091390315516678e-19
0.08927341864082744,0.0871738953996561,0.09998641707815363,0.09937980741076995,0.11692261695861816,0.004892662153728176,0.004892417840629548,0.06528639793395996,1.209156127221962e-19
0.08927271856625263,0.08717379627876133,0.09998642183013912,0.09938012951709077,0.11675739288330078,0.004892417845891701,0.004892173544490674,0.06424379348754883,1.2091732160253537e-19
0.08927201850722805,0.08717369716228539,0.09998642658193077,0.09938045160240146,0.11772370338439941,0.0048921735502778976,0.004891929261674477,0.06383609771728516,1.2091903048935444e-19
0.08927131846375516,0.087173598050228,0.0999864313335286,0.09938077366670375,0.1173703670501709,0.004891929266884783,0.004891684990404599,0.06270003318786621,1.209207394367191e-19
0.08927061843583543,0.08717349894258886,0.09998643608493259,0.09938109570999945,0.11959719657897949,0.0048916849957117235,0.004891440731213947,0.06350445747375488,1.2092244848499605e-19
0.08926991842347039,0.08717339983936771,0.09998644083614275,0.09938141773229033,0.11820840835571289,0.0048914407367581505,0.0048911964846354294,0.0635986328125,1.2092415757218095e-19
0.0892692184266615,0.08717330074056429,0.0999864455871591,0.09938173973357815,0.12212038040161133,0.004891196490023772,0.004890952249603231,0.06373715400695801,1.2092586636373404e-19
0.0892685184454102,0.08717320164617831,0.09998645033798163,0.09938206171386471,0.12249016761779785,0.004890952255507645,0.004890708027893709,0.06423807144165039,1.2092757492063803e-19
0.08926781847971796,0.0871731025562095,0.09998645508861033,0.09938238367315178,0.11992168426513672,0.004890708033207458,0.004890463817197599,0.06423115730285645,1.209292837042935e-19
0.08926711852958624,0.08717300347065758,0.09998645983904521,0.09938270561144112,0.12222623825073242,0.004890463823126286,0.004890219619113623,0.0639190673828125,1.2093099250328531e-19
0.0892664185950165,0.08717290438952227,0.09998646458928626,0.09938302752873451,0.1218268871307373,0.00489021962526158,0.004889975434174687,0.06605648994445801,1.2093270160308385e-19
0.08926571867601013,0.08717280531280329,0.0999864693393335,0.09938334942503373,0.12210226058959961,0.004889975439611575,0.0048897312604267995,0.06632852554321289,1.2093440983641607e-19
0.08926501877256864,0.08717270624050037,0.09998647408918691,0.09938367130034054,0.11993694305419922,0.004889731266177437,0.004889487099468681,0.06496763229370117,1.2093611762017008e-19
0.08926431888469342,0.08717260717261326,0.09998647883884652,0.09938399315465671,0.11994504928588867,0.004889487104957776,0.004889242950056882,0.06565713882446289,1.2093782586040754e-19
0.08926361901238603,0.08717250810914166,0.09998648358831232,0.09938431498798402,0.12179207801818848,0.004889242955952463,0.004888998813257217,0.06553006172180176,1.2093953499169951e-19
0.08926291915564791,0.0871724090500853,0.09998648833758428,0.09938463680032422,0.12188076972961426,0.004888998819160511,0.004888754688714414,0.06544137001037598,1.2094124305529177e-19
0.08926221931448058,0.08717230999544393,0.09998649308666244,0.09938495859167912,0.12127947807312012,0.004888754694581235,0.004888510576250837,0.0656428337097168,1.209429511582907e-19
0.08926151948888532,0.08717221094521722,0.09998649783554678,0.09938528036205045,0.12168574333190918,0.004888510582213736,0.004888266476221759,0.06575965881347656,1.2094465960850496e-19
0.08926081967886368,0.08717211189940494,0.09998650258423732,0.09938560211144,0.12184906005859375,0.004888266482058094,0.0048880223888048135,0.06577324867248535,1.2094636775153114e-19
0.08926011988441716,0.08717201285800677,0.09998650733273404,0.09938592383984952,0.11989951133728027,0.004888022394111542,0.004887778312223645,0.0653235912322998,1.2094807532061216e-19
0.08925942010554716,0.08717191382102248,0.09998651208103695,0.09938624554728079,0.12055730819702148,0.004887778318376716,0.004887534248965153,0.06540536880493164,1.2094978339385643e-19
0.08925872034225524,0.08717181478845179,0.09998651682914607,0.09938656723373561,0.12083029747009277,0.004887534254851868,0.004887290197430616,0.06594586372375488,1.2095149074160874e-19
0.08925802059454277,0.08717171576029441,0.09998652157706138,0.09938688889921574,0.11916303634643555,0.004887290203536027,0.004887046158863484,0.0656428337097168,1.2095319932098076e-19
0.08925732086241124,0.08717161673655008,0.09998652632478289,0.09938721054372295,0.12119221687316895,0.004887046164427578,0.004886802131842671,0.06493544578552246,1.2095490717514463e-19
0.08925662114586212,0.08717151771721852,0.09998653107231059,0.09938753216725901,0.12128615379333496,0.004886802137527301,0.004886558116545814,0.06551527976989746,1.2095661407220316e-19
0.08925592144489691,0.08717141870229947,0.09998653581964449,0.0993878537698257,0.11948275566101074,0.004886558122835936,0.004886314114926904,0.06529474258422852,1.2095832196768037e-19
0.08925522175951693,0.08717131969179263,0.09998654056678459,0.09938817535142475,0.12091588973999023,0.004886314120349407,0.004886070124143771,0.06553316116333008,1.2096002947447713e-19
0.08925452208972376,0.08717122068569774,0.09998654531373087,0.09938849691205796,0.1203920841217041,0.004886070130069211,0.004885826146150407,0.0664665699005127,1.2096173680452528e-19
0.08925382243551876,0.08717112168401452,0.09998655006048335,0.09938881845172709,0.1218266487121582,0.004885826151995051,0.0048855821804139055,0.06669950485229492,1.209634443450061e-19
0.08925312279690342,0.08717102268674268,0.09998655480704205,0.09938913997043392,0.11922645568847656,0.004885582186124618,0.004885338226934266,0.0648045539855957,1.2096515181391382e-19
0.08925242317387921,0.08717092369388196,0.09998655955340695,0.09938946146818019,0.11842131614685059,0.004885338232457674,0.004885094285178582,0.0659029483795166,1.2096685920355687e-19
0.08925172356644755,0.0871708247054321,0.09998656429957804,0.09938978294496768,0.11862707138061523,0.0048850942909952535,0.004884850356390302,0.0651402473449707,1.2096856647727783e-19
0.08925102397460989,0.08717072572139281,0.09998656904555535,0.09939010440079818,0.1188652515411377,0.004884850361734708,0.004884606439503614,0.06504988670349121,1.2097027327124003e-19
0.0892503243983677,0.08717062674176382,0.09998657379133886,0.09939042583567344,0.11915874481201172,0.004884606444676747,0.004884362534696152,0.06536722183227539,1.2097198032077979e-19
0.08924962483772235,0.08717052776654485,0.09998657853692859,0.09939074724959522,0.1184382438659668,0.004884362539819839,0.004884118641435009,0.06518340110778809,1.209736876258891e-19
0.08924892529267547,0.08717042879573564,0.09998658328232451,0.0993910686425653,0.11841702461242676,0.004884118647165732,0.004883874760786,0.06534576416015625,1.2097539492928945e-19
0.08924822576322843,0.0871703298293359,0.09998658802752665,0.09939139001458545,0.11890029907226562,0.004883874766712727,0.00488363089292676,0.06599259376525879,1.2097710194493193e-19
0.08924752624938267,0.08717023086734536,0.09998659277253501,0.09939171136565744,0.11800026893615723,0.004883630898458879,0.004883387036969111,0.06536698341369629,1.2097880836679775e-19
0.08924682675113965,0.08717013190976375,0.09998659751734958,0.09939203269578303,0.11888504028320312,0.004883387042403601,0.0048831431932683245,0.06658411026000977,1.2098051497437765e-19
0.08924612726850081,0.08717003295659079,0.09998660226197036,0.099392354004964,0.11782073974609375,0.004883143198546934,0.004882899361291493,0.06512737274169922,1.2098222139965995e-19
0.08924542780146767,0.08716993400782622,0.09998660700639735,0.0993926752932021,0.11851835250854492,0.004882899366888984,0.004882655541749159,0.06612229347229004,1.2098392858804522e-19
0.08924472835004167,0.08716983506346974,0.09998661175063056,0.0993929965604991,0.11780166625976562,0.004882655547428109,0.00488241173393078,0.06538057327270508,1.209856349702202e-19
0.08924402891422424,0.08716973612352111,0.09998661649466999,0.09939331780685678,0.11723780632019043,0.004882411740164399,0.004882167939079807,0.06489157676696777,1.2098734161609551e-19
0.08924332949401682,0.08716963718798003,0.09998662123851564,0.09939363903227691,0.11736106872558594,0.004882167945096819,0.004881924156485695,0.06590056419372559,1.2098904756931474e-19
0.08924263008942095,0.08716953825684622,0.09998662598216751,0.09939396023676123,0.1167147159576416,0.00488192416222443,0.004881680385615539,0.0648031234741211,1.2099075435377674e-19
0.08924193070043802,0.08716943933011942,0.09998663072562561,0.0993942814203115,0.11806130409240723,0.0048816803915477215,0.00488143662717988,0.06563234329223633,1.209924606137323e-19
0.0892412313270695,0.08716934040779935,0.09998663546888992,0.09939460258292951,0.11586356163024902,0.0048814366330653634,0.00488119288117872,0.06426501274108887,1.2099416707680506e-19
0.08924053196931685,0.08716924148988574,0.09998664021196045,0.09939492372461702,0.11511540412902832,0.004881192886775367,0.004880949146901514,0.0637819766998291,1.209958733996963e-19
0.08923983262718146,0.08716914257637831,0.09998664495483722,0.09939524484537579,0.11681389808654785,0.004880949152678819,0.0048807054245259,0.06556487083435059,1.2099757942400816e-19
0.08923913330066485,0.08716904366727679,0.0999866496975202,0.0993955659452076,0.11702275276184082,0.004880705430775804,0.004880461714940054,0.06531357765197754,1.209992848882272e-19
0.08923843398976836,0.0871689447625809,0.09998665444000943,0.0993958870241142,0.11650800704956055,0.004880461721063979,0.004880218018143978,0.06464409828186035,1.2100099152813906e-19
0.08923773469449349,0.08716884586229037,0.09998665918230487,0.09939620808209736,0.11723184585571289,0.0048802180235424045,0.004879974332361314,0.06434273719787598,1.2100269713866332e-19
0.08923703541484178,0.08716874696640493,0.09998666392440655,0.09939652911915882,0.11819100379943848,0.004879974338213159,0.0048797306595460554,0.06429696083068848,1.2100440305177484e-19
0.08923633615081455,0.0871686480749243,0.09998666866631446,0.09939685013530038,0.1187736988067627,0.004879730665072618,0.004879486998810023,0.06366181373596191,1.2100610922149862e-19
0.0892356369024133,0.0871685491878482,0.09998667340802861,0.09939717113052379,0.11975932121276855,0.004879487004120855,0.004879243349975582,0.06344413757324219,1.210078144097384e-19
0.08923493766963947,0.08716845030517635,0.099986678149549,0.09939749210483081,0.12051224708557129,0.004879243355358885,0.004878999712865095,0.06322073936462402,1.2100952027198599e-19
0.08923423845249456,0.08716835142690851,0.0999866828908756,0.09939781305822323,0.12236905097961426,0.00487899971878555,0.004878756088544378,0.06458592414855957,1.2101122560468411e-19
0.08923353925097997,0.08716825255304439,0.09998668763200845,0.09939813399070278,0.12031054496765137,0.004878756094399786,0.004878512476658159,0.06491208076477051,1.2101293145438453e-19
0.08923284006509723,0.08716815368358372,0.09998669237294754,0.09939845490227124,0.12293076515197754,0.004878512482200675,0.0048782688766735305,0.06522107124328613,1.210146364393396e-19
0.08923214089484781,0.0871680548185262,0.09998669711369287,0.09939877579293036,0.12280702590942383,0.004878268882188291,0.004878025288768129,0.06551337242126465,1.2101634254029845e-19
0.08923144174023317,0.08716795595787159,0.09998670185424444,0.0993990966626819,0.12077903747558594,0.004878025294361394,0.004877781713119589,0.06554365158081055,1.2101804751758043e-19
0.0892307426012547,0.08716785710161963,0.09998670659460225,0.09939941751152767,0.12242913246154785,0.0048777817187192415,0.00487753814937264,0.06515192985534668,1.210197531070977e-19
0.08923004347791386,0.08716775824977002,0.0999867113347663,0.0993997383394694,0.12186455726623535,0.00487753815526269,0.004877294598060189,0.06685543060302734,1.21021458196806e-19
0.08922934437021217,0.08716765940232249,0.09998671607473661,0.09940005914650882,0.12207579612731934,0.004877294603989731,0.004877051059537507,0.06668233871459961,1.2102316352147557e-19
0.08922864527815103,0.08716756055927675,0.09998672081451315,0.09940037993264772,0.11895179748535156,0.004877051064899402,0.004876807532383509,0.06476950645446777,1.2102486857682956e-19
0.08922794620173186,0.08716746172063256,0.09998672555409595,0.09940070069788788,0.11878585815429688,0.004876807537992794,0.004876564017664009,0.06503605842590332,1.210265731932265e-19
0.08922724714095617,0.08716736288638963,0.09998673029348498,0.09940102144223105,0.1208958625793457,0.004876564023268588,0.004876320515023735,0.06540036201477051,1.2102827795153584e-19
0.08922654809582535,0.08716726405654768,0.09998673503268027,0.09940134216567899,0.12122297286987305,0.004876320520725907,0.00487607702481796,0.06537938117980957,1.2102998333500986e-19
0.0892258490663409,0.08716716523110643,0.0999867397716818,0.09940166286823346,0.12090706825256348,0.004876077030363723,0.004875833546336139,0.06514191627502441,1.210316879025157e-19
0.0892251500525042,0.08716706641006562,0.0999867445104896,0.09940198354989621,0.12166523933410645,0.004875833552181858,0.004875590080644088,0.06551313400268555,1.210333932294996e-19
0.08922445105431676,0.08716696759342499,0.09998674924910364,0.09940230421066903,0.12042784690856934,0.004875590086179624,0.0048753466266759915,0.06574821472167969,1.2103509798003319e-19
0.08922375207178006,0.08716686878118424,0.09998675398752394,0.09940262485055365,0.12051868438720703,0.00487534663235645,0.004875103184609486,0.06494688987731934,1.2103680247455435e-19
0.08922305310489549,0.08716676997334309,0.09998675872575048,0.09940294116257435,0.1206209659576416,0.004875103190711714,0.004874859755688021,0.06520867347717285,1.2103850655229272e-19
0.08922235415366458,0.0871666711699013,0.09998676346378328,0.09940325741257265,0.12059259414672852,0.004874859761244082,0.004874616338490512,0.06600832939147949,1.210402112978197e-19
0.08922165521808872,0.08716657237085858,0.09998676820162233,0.09940357364203138,0.1199338436126709,0.00487461634395399,0.004874372933194593,0.0660557746887207,1.2104191535402102e-19
0.08922095629816933,0.08716647357621465,0.09998677293926764,0.09940388985095226,0.12136149406433105,0.0048743729388405505,0.004874129540333172,0.06533312797546387,1.210436199208123e-19
0.0892202573939079,0.08716637478596925,0.09998677767671921,0.09940420603933701,0.12195253372192383,0.004874129545903366,0.004873886159195706,0.06620907783508301,1.2104532409774942e-19
0.08921955850530593,0.0871662760001221,0.09998678241397704,0.09940452220718735,0.11922788619995117,0.004873886165142657,0.0048736427908480096,0.0657815933227539,1.21047028601072e-19
0.08921885963236484,0.08716617721867291,0.09998678715104113,0.09940483835450498,0.12045979499816895,0.004873642796555303,0.004873399434401904,0.06550359725952148,1.2104873299929347e-19
0.08921816077508603,0.08716607844162143,0.09998679188791149,0.09940515448129161,0.11955881118774414,0.004873399440142438,0.00487315609021266,0.06626224517822266,1.2105043668669803e-19
0.08921746193347092,0.08716597966896737,0.0999867966245881,0.09940547058754899,0.11950111389160156,0.004873156095903117,0.004872912758102643,0.06581401824951172,1.2105214093696734e-19
0.08921676310752104,0.08716588090071048,0.099986801361071,0.09940578667327882,0.11773371696472168,0.004872912763836743,0.004872669438249488,0.06391453742980957,1.210538445256073e-19
0.0892160642972378,0.08716578213685046,0.09998680609736017,0.09940610273848283,0.11774611473083496,0.004872669443943368,0.004872426130297924,0.06563282012939453,1.2105554833291388e-19
0.08921536550262266,0.08716568337738706,0.0999868108334556,0.0994064187831627,0.11667943000793457,0.0048724261362217405,0.004872182835313765,0.06434369087219238,1.210572525259199e-19
0.08921466672367712,0.08716558462231999,0.0999868155693573,0.09940673480732017,0.11669707298278809,0.004872182840669773,0.004871939551520654,0.0645298957824707,1.210589560561043e-19
0.08921396796040257,0.08716548587164899,0.09998682030506527,0.09940705081095697,0.11682534217834473,0.004871939557289304,0.004871696280339677,0.06495499610900879,1.2106065989765016e-19
0.08921326921280055,0.08716538712537379,0.09998682504057951,0.0994073667940748,0.11578989028930664,0.004871696286078756,0.004871453021593197,0.06464409828186035,1.2106236440332752e-19
0.0892125704808725,0.0871652883834941,0.09998682977590002,0.09940768275667539,0.1154623031616211,0.0048714530270364265,0.004871209774393037,0.06443357467651367,1.2106406744208282e-19
0.08921187176461984,0.08716518964600967,0.09998683451102681,0.09940799869876044,0.11644411087036133,0.004871209780163782,0.004870966539805011,0.0646812915802002,1.2106577080118212e-19
0.08921117306404407,0.0871650909129202,0.09998683924595989,0.09940831462033166,0.11732006072998047,0.004870966545458846,0.004870723317118575,0.06506896018981934,1.2106747420205604e-19
0.08921047437914664,0.08716499218422545,0.09998684398069922,0.09940863052139078,0.116485595703125,0.0048707233229220185,0.004870480106511366,0.06503486633300781,1.2106917784486815e-19
0.08920977570992888,0.08716489345992512,0.09998684871524484,0.0994089464019395,0.11650848388671875,0.004870480112551701,0.004870236908338654,0.06384062767028809,1.2107088101283332e-19
0.08920907705639225,0.08716479474001892,0.09998685344959674,0.09940926226197955,0.11644744873046875,0.004870236914348571,0.004869993722600441,0.06479001045227051,1.2107258432419404e-19
0.08920837841853826,0.08716469602450662,0.09998685818375491,0.09940957810151263,0.11690568923950195,0.004869993728309667,0.004869750548230911,0.0645911693572998,1.2107428720235248e-19
0.08920767979636836,0.08716459731338792,0.09998686291771937,0.09940989392054049,0.11461544036865234,0.004869750554437811,0.004869507387006422,0.06354236602783203,1.2107599055527029e-19
0.08920698118988392,0.08716449860666256,0.0999868676514901,0.0994102097190648,0.1158149242401123,0.00486950739272895,0.004869264237683524,0.06398940086364746,1.2107769373274585e-19
0.08920628259908649,0.08716439990433027,0.09998687238506712,0.09941052549708727,0.11588025093078613,0.004869264243182848,0.004869021100084581,0.06308341026306152,1.2107939677299902e-19
0.08920558402397737,0.08716430120639077,0.09998687711845043,0.09941084125460965,0.11678600311279297,0.004869021105800921,0.004868777974564864,0.06333088874816895,1.210811000538535e-19
0.08920488546455808,0.08716420251284378,0.09998688185164004,0.09941115699163364,0.11646389961242676,0.004868777980582532,0.004868534861479645,0.06275773048400879,1.2108280228925397e-19
0.08920418692083001,0.08716410382368904,0.09998688658463592,0.09941147270816095,0.1151437759399414,0.0048685348675264455,0.004868291760651289,0.061983346939086914,1.210845052547375e-19
0.08920348839279474,0.08716400513892626,0.0999868913174381,0.09941178840419329,0.11567401885986328,0.004868291766630708,0.004868048672435066,0.061910152435302734,1.2108620795221518e-19
0.08920278988045359,0.0871639064585552,0.09998689605004657,0.09941210407973239,0.11911392211914062,0.004868048677894539,0.004867805595587527,0.062346696853637695,1.2108791076331175e-19
0.08920209138380808,0.08716380778257556,0.09998690078246134,0.09941241973477996,0.12030935287475586,0.004867805601319543,0.004867562531529757,0.06220078468322754,1.2108961355401767e-19
0.08920139290285962,0.08716370911098709,0.0999869055146824,0.09941273536933772,0.12010073661804199,0.004867562536902697,0.004867319479195942,0.06254005432128906,1.2109131584746332e-19
0.08920069443760964,0.0871636104437895,0.09998691024670975,0.09941305098340733,0.12107253074645996,0.004867319484645052,0.0048670764389413534,0.06332755088806152,1.2109301863843425e-19
0.08919999598805964,0.08716351178098253,0.0999869149785434,0.09941336657699054,0.12052083015441895,0.004867076444546366,0.004866833410765992,0.06308531761169434,1.21094721099548e-19
0.08919929755421105,0.0871634131225659,0.09998691971018332,0.09941368215008904,0.12106585502624512,0.004866833416606035,0.004866590395025128,0.0634760856628418,1.2109642351468645e-19
0.08919859913606538,0.08716331446853934,0.09998692444162957,0.09941399770270457,0.11998367309570312,0.0048665904008220835,0.00486634739136349,0.06325316429138184,1.2109812586653166e-19
0.0891979007336241,0.08716321581890257,0.0999869291728821,0.09941431323483882,0.12054729461669922,0.0048663473971942445,0.004866104400136351,0.06403946876525879,1.2109982756331732e-19
0.08919720234688872,0.08716311717365534,0.09998693390394094,0.09941462874649352,0.11949515342712402,0.004866104405721549,0.004865861420988438,0.06388068199157715,1.2110153009608191e-19
0.08919650397586042,0.08716301853279736,0.09998693863480607,0.09941494423767037,0.12215185165405273,0.004865861426404382,0.00486561845356448,0.06384611129760742,1.2110323236901e-19
0.08919580562054077,0.08716291989632835,0.09998694336547752,0.09941525970837109,0.12167215347290039,0.0048656184592425445,0.004865375498752655,0.06425786018371582,1.2110493395270145e-19
0.08919510728093144,0.08716282126424807,0.09998694809595528,0.09941557515859736,0.11981368064880371,0.00486537550423471,0.004865132555309515,0.06405258178710938,1.2110663597606166e-19
0.08919440895703369,0.08716272263655622,0.09998695282623933,0.0994158905883509,0.1212778091430664,0.004865132561380947,0.004864889624833779,0.06464958190917969,1.2110833804940854e-19
0.08919371064884905,0.08716262401325255,0.09998695755632969,0.09941620599763343,0.12084364891052246,0.0048648896306795995,0.004864646706259634,0.0656883716583252,1.211100398265503e-19
0.08919301235637885,0.08716252539433675,0.09998696228622636,0.09941652138644666,0.12244367599487305,0.004864646712131441,0.00486440379958708,0.06582951545715332,1.211117416905401e-19
0.08919231407962465,0.08716242677980857,0.09998696701592934,0.09941683675479229,0.12036347389221191,0.004864403805734911,0.00486416090552666,0.06448817253112793,1.2111344342525955e-19
0.08919161581858787,0.08716232816966774,0.09998697174543864,0.09941715210267205,0.1184229850769043,0.004864160911489525,0.00486391802336783,0.06512951850891113,1.2111514508177356e-19
0.08919091757326988,0.08716222956391398,0.09998697647475424,0.09941746743008764,0.11874818801879883,0.004863918029393865,0.004863675153821134,0.06467556953430176,1.21116846727123e-19
0.08919021934367224,0.08716213096254703,0.09998698120387617,0.09941778273704077,0.11853361129760742,0.00486367515944795,0.004863432296176029,0.06467413902282715,1.2111854829968592e-19
0.08918952112979632,0.0871620323655666,0.0999869859328044,0.09941809802353314,0.11905550956726074,0.004863432301650077,0.004863189450432515,0.06538224220275879,1.2112024974108848e-19
0.08918882293164357,0.08716193377297243,0.09998699066153896,0.09941841328956647,0.11824750900268555,0.004863189456000809,0.004862946617123498,0.06468677520751953,1.2112195138043247e-19
0.08918812474921549,0.08716183518476425,0.09998699539007984,0.09941872853514244,0.11828470230102539,0.004862946622499345,0.004862703795538437,0.06464624404907227,1.2112365242701356e-19
0.08918742658251348,0.08716173660094177,0.09998700011842702,0.09941904376026278,0.11938929557800293,0.0048627038011452035,0.004862460986387873,0.06529474258422852,1.2112535373214122e-19
0.08918672843153891,0.08716163802150474,0.09998700484658053,0.0994193589649292,0.1197516918182373,0.00486246099193775,0.0048622181891389005,0.06546258926391602,1.2112705518772188e-19
0.08918603029629332,0.08716153944645288,0.09998700957454036,0.0994196741491434,0.12026309967041016,0.004862218194876685,0.00486197540414679,0.06629681587219238,1.2112875571837766e-19
0.08918533217677821,0.08716144087578592,0.09998701430230651,0.09941998931290712,0.11960530281066895,0.004861975409961426,0.00486173263105627,0.06514883041381836,1.2113045691337138e-19
0.08918463407299493,0.0871613423095036,0.09998701902987897,0.099420304456222,0.11901044845581055,0.004861732637191432,0.004861489870577884,0.06553173065185547,1.211321584192199e-19
0.0891839359849449,0.08716124374760564,0.09998702375725776,0.09942061957908982,0.11889839172363281,0.004861489876565287,0.00486124712235636,0.06556177139282227,1.2113385936603001e-19
0.08918323791262951,0.08716114519009176,0.09998702848444288,0.09942093468151224,0.11875748634338379,0.004861247128082443,0.0048610043863916985,0.06484532356262207,1.2113556029823733e-19
0.08918253985605028,0.08716104663696168,0.09998703321143432,0.09942124976349097,0.11911559104919434,0.004861004391742616,0.004860761661618085,0.06616783142089844,1.2113726041505964e-19
0.08918184181520866,0.08716094808821516,0.09998703793823209,0.09942156482502773,0.11873269081115723,0.0048607616675462205,0.004860518949811876,0.06517267227172852,1.211389614581901e-19
0.08918114379010605,0.08716084954385189,0.0999870426648362,0.09942187986612423,0.11979055404663086,0.004860518955490972,0.004860276249551987,0.06565523147583008,1.2114066210810815e-19
0.08918044578074395,0.08716075100387163,0.09998704739124663,0.09942219488678218,0.1176297664642334,0.004860276255577589,0.004860033562081867,0.06500911712646484,1.2114236261703329e-19
0.08917974778712374,0.08716065246827409,0.09998705211746339,0.09942250988700327,0.11760568618774414,0.004860033567804106,0.004859790886513338,0.06444978713989258,1.2114406341347804e-19
0.08917904980924685,0.087160553937059,0.0999870568434865,0.0994228248667892,0.11830472946166992,0.004859790892170921,0.004859548223024035,0.0646524429321289,1.2114576415293413e-19
0.08917835184711474,0.0871604554102261,0.09998706156931593,0.0994231398261417,0.11776137351989746,0.004859548228677413,0.004859305571436323,0.06493496894836426,1.2114746458592892e-19
0.08917765390072888,0.08716035688777511,0.09998706629495172,0.09942345476506248,0.11600303649902344,0.004859305577322677,0.0048590629326383805,0.06371378898620605,1.2114916507534558e-19
0.08917695597009061,0.08716025836970577,0.09998707102039382,0.09942376968355321,0.11612248420715332,0.0048590629381050476,0.004858820305742029,0.06356191635131836,1.211508647344555e-19
0.0891762580552014,0.0871601598560178,0.09998707574564226,0.09942408458161561,0.11782264709472656,0.004858820311024305,0.004858577690036725,0.06444811820983887,1.211525652260593e-19
0.08917556015606273,0.08716006134671092,0.09998708047069706,0.09942439945925141,0.11516165733337402,0.004858577696082191,0.004858335088187005,0.06326079368591309,1.2115426547662668e-19
0.08917486227267607,0.08715996284178487,0.09998708519555817,0.09942471431646228,0.11684894561767578,0.004858335093275318,0.004858092496640154,0.06362581253051758,1.2115596554011101e-19
0.08917416440504278,0.08715986434123936,0.09998708992022565,0.09942502915324994,0.11584639549255371,0.004858092502605543,0.004857849918771251,0.06324648857116699,1.211576659286803e-19
0.08917346655316438,0.08715976584507412,0.09998709464469946,0.0994253439696161,0.11617088317871094,0.004857849924069515,0.004857607352093396,0.06276464462280273,1.2115936543237206e-19
0.08917276871704238,0.0871596673532889,0.09998709936897962,0.09942565876556245,0.11800789833068848,0.00485760735766897,0.004857364797494768,0.0629570484161377,1.211610651136638e-19
0.0891720708966782,0.0871595688658834,0.09998710409306612,0.0994259735410907,0.11832714080810547,0.004857364803402658,0.004857122255153001,0.06258463859558105,1.2116276515407318e-19
0.08917137309207328,0.08715947038285739,0.09998710881695896,0.09942628829620258,0.1182103157043457,0.004857122261269659,0.004856879725423369,0.062314510345458984,1.2116446514986827e-19
0.08917067530322903,0.08715937190421057,0.09998711354065816,0.09942660303089977,0.11734271049499512,0.00485687973126897,0.004856637208128234,0.06301641464233398,1.211661647342162e-19
0.08916997753014697,0.08715927342994269,0.0999871182641637,0.09942691774518399,0.11960148811340332,0.0048566372133992996,0.0048563947018465115,0.06301379203796387,1.2116786409999912e-19
0.08916927977282847,0.08715917496005346,0.0999871229874756,0.09942723243905692,0.11967039108276367,0.004856394707661777,0.004856152207999287,0.06299829483032227,1.2116956418320024e-19
0.08916858203127488,0.08715907649454262,0.09998712771059386,0.09942754419948449,0.12005758285522461,0.004856152214056125,0.004855909726941832,0.06327438354492188,1.2117126366755074e-19
0.08916788430548776,0.08715897803340988,0.09998713243351845,0.09942785453296869,0.11992883682250977,0.004855909732579292,0.0048556672570754245,0.0635380744934082,1.2117296271006415e-19
0.08916718659546853,0.08715887957665498,0.0999871371562494,0.09942816484638643,0.11948513984680176,0.004855667263233809,0.004855424799821151,0.06354689598083496,1.2117466240067183e-19
0.08916648890121856,0.08715878112427766,0.09998714187878671,0.09942847513973938,0.12049698829650879,0.0048554248060173446,0.004855182355001375,0.06384992599487305,1.2117636172795413e-19
0.08916579122273936,0.08715868267627763,0.09998714660113037,0.09942878541302919,0.12048578262329102,0.004855182360928897,0.0048549399224384615,0.06381559371948242,1.2117806086026081e-19
0.08916509356003242,0.08715858423265463,0.0999871513232804,0.09942909566625752,0.12135791778564453,0.004854939927967566,0.0048546975019547745,0.06395077705383301,1.2117975999657553e-19
0.08916439591309923,0.08715848579340839,0.09998715604523678,0.09942940589942606,0.12089061737060547,0.004854697507132019,0.004854455093017407,0.06548118591308594,1.2118145931033742e-19
0.08916369828194116,0.08715838735853862,0.09998716076699952,0.09942971611253644,0.1218414306640625,0.004854455098424097,0.00485421269598163,0.06556272506713867,1.2118315847366068e-19
0.08916300066655967,0.08715828892804509,0.09998716548856863,0.09943002630559032,0.12112545967102051,0.004854212701842827,0.004853970312090894,0.06525039672851562,1.2118485708107925e-19
0.08916230306695616,0.08715819050192748,0.09998717020994409,0.09943033647858936,0.12096452713012695,0.004853970317386204,0.0048537279395688415,0.06580829620361328,1.2118655634523299e-19
0.08916160548313207,0.08715809208018556,0.09998717493112591,0.09943064663153522,0.12067461013793945,0.004853727945054653,0.00485348557894838,0.06479334831237793,1.2118825509672107e-19
0.08916090791508871,0.08715799366281902,0.09998717965211411,0.09943095676442958,0.12095284461975098,0.004853485584847987,0.004853243231117688,0.0655674934387207,1.211899540590762e-19
0.08916021036282763,0.08715789524982762,0.09998718437290867,0.09943126687727408,0.12050008773803711,0.004853243236764501,0.0048530008955438575,0.06546854972839355,1.211916528371797e-19
0.08915951282635039,0.08715779684121107,0.09998718909350959,0.09943157697007038,0.12125635147094727,0.004853000900803851,0.004852758571516347,0.06550455093383789,1.2119335139236774e-19
0.08915881530565832,0.08715769843696912,0.0999871938139169,0.09943188704282013,0.11987757682800293,0.004852758576964921,0.004852516259390427,0.06608891487121582,1.2119504986229088e-19
0.08915811780075282,0.08715760003710149,0.09998719853413057,0.09943219709552503,0.12011599540710449,0.0048525162652490175,0.004852273960054276,0.06451654434204102,1.2119674881631778e-19
0.08915742031163543,0.0871575016416079,0.09998720325415063,0.09943250712818673,0.1201934814453125,0.004852273965654915,0.004852031672442081,0.06574726104736328,1.2119844721020306e-19
0.08915672283830754,0.0871574032504881,0.09998720797397703,0.09943281714080686,0.12022209167480469,0.004852031678179911,0.004851789396909112,0.06584453582763672,1.2120014533849173e-19
0.08915602538077069,0.0871573048637418,0.09998721269360981,0.0994331271333871,0.11852478981018066,0.004851789402825518,0.004851547134521184,0.06472277641296387,1.2120184412359648e-19
0.08915532793902631,0.08715720648136875,0.09998721741304899,0.09943343710592913,0.11987042427062988,0.004851547139589273,0.004851304882613761,0.06606841087341309,1.212035421351793e-19
0.08915463051307577,0.08715710810336866,0.09998722213229452,0.09943374705843457,0.11978936195373535,0.004851304888472747,0.0048510626436737425,0.06482124328613281,1.2120524053053916e-19
0.08915393310292054,0.08715700972974126,0.09998722685134644,0.09943405699090509,0.12033200263977051,0.004851062649474641,0.004850820416635315,0.0657203197479248,1.2120693893299038e-19
0.0891532357085621,0.08715691136048628,0.09998723157020473,0.09943436690334231,0.11974644660949707,0.004850820422593993,0.004850578202209022,0.06566810607910156,1.212086366510417e-19
0.08915253833000186,0.08715681299560346,0.0999872362888694,0.09943467679574793,0.12087297439575195,0.004850578207829468,0.004850335999506683,0.06558394432067871,1.2121033498836662e-19
0.08915184096724123,0.08715671463509252,0.09998724100734045,0.0994349866681236,0.11860203742980957,0.004850336005182206,0.004850093809416478,0.06577515602111816,1.212120329103595e-19
0.08915114362028159,0.08715661627895319,0.09998724572561789,0.09943529652047098,0.11937451362609863,0.004850093814648838,0.004849851630517321,0.06446194648742676,1.212137305196206e-19
0.08915044628912434,0.08715651792718519,0.0999872504437017,0.09943560635279174,0.11916112899780273,0.004849851636231816,0.0048496094644079335,0.06623172760009766,1.2121542827166143e-19
0.08914974897377101,0.08715641957978826,0.0999872551615919,0.0994359161650875,0.12046480178833008,0.004849609469928251,0.004849367310200137,0.06617212295532227,1.2121712640273964e-19
0.08914905167422298,0.08715632123676213,0.09998725987928848,0.09943622595735993,0.12011528015136719,0.004849367315739104,0.004849125167716295,0.06580615043640137,1.2121882384777805e-19
0.08914835439048158,0.08715622289810655,0.09998726459679146,0.09943653572961068,0.11912941932678223,0.004849125173663902,0.0048488830380222225,0.06572556495666504,1.2122052184270864e-19
0.08914765712254838,0.08715612456382123,0.09998726931410083,0.09943684548184145,0.11980319023132324,0.004848883043699889,0.004848640920407377,0.0650794506072998,1.212222191931179e-19
0.08914695987042481,0.08715602623390589,0.09998727403121659,0.09943715521405386,0.11865758895874023,0.004848640925848168,0.004848398814516486,0.0656886100769043,1.2122391677491015e-19
0.08914626263411235,0.08715592790836028,0.09998727874813873,0.09943746492624957,0.12063026428222656,0.0048483988201078534,0.004848156720882457,0.06669116020202637,1.2122561434167483e-19
0.08914556541361246,0.08715582958718411,0.09998728346486725,0.09943777461843024,0.12446999549865723,0.004848156726478928,0.004847914639327655,0.0675809383392334,1.2122731176694547e-19
0.08914486820892654,0.08715573127037712,0.09998728818140218,0.09943808429059754,0.12489652633666992,0.004847914644960826,0.004847672569496808,0.06769490242004395,1.2122900898900268e-19
0.08914417102005602,0.08715563295793904,0.0999872928977435,0.0994383939427531,0.1245417594909668,0.0048476725755533,0.0048474305129886375,0.06755495071411133,1.2123070613185361e-19
0.08914347384700237,0.0871555346498696,0.09998729761389122,0.09943870357489858,0.12399744987487793,0.004847430518251969,0.004847188467671515,0.06766510009765625,1.2123240370298767e-19
0.08914277668976694,0.08715543634616853,0.09998730232984535,0.09943901318703562,0.12529492378234863,0.00484718847305961,0.004846946433900712,0.0677192211151123,1.2123410035413513e-19
0.08914207954835132,0.08715533804683556,0.09998730704560586,0.0994393227791659,0.12571406364440918,0.004846946439977034,0.004846704413807856,0.06798124313354492,1.2123579744917406e-19
0.0891413824227569,0.08715523975187041,0.09998731176117277,0.09943963235129105,0.12421107292175293,0.004846704418999845,0.004846462404373142,0.06754493713378906,1.2123749507771546e-19
0.08914068531298504,0.0871551414612728,0.09998731647654609,0.09943994190341272,0.12481236457824707,0.004846462410129858,0.004846220408083468,0.06758642196655273,1.2123919154059449e-19
0.08913998821903721,0.08715504317504248,0.0999873211917258,0.0994402514355326,0.12516260147094727,0.004846220413364755,0.004845978423340114,0.06778693199157715,1.2124088846944646e-19
0.08913929114091496,0.0871549448931792,0.09998732590671194,0.09944056094765234,0.12463212013244629,0.004845978428705615,0.004845736451031257,0.06783699989318848,1.2124258518442047e-19
0.0891385940786197,0.08715484661568265,0.09998733062150447,0.09944087043977357,0.1244354248046875,0.004845736456149718,0.004845494490623992,0.06728816032409668,1.2124428195741865e-19
0.08913789703215277,0.08715474834255256,0.0999873353361034,0.09944117991189795,0.12443208694458008,0.004845494495698605,0.00484525254158541,0.06789112091064453,1.212459784025802e-19
0.08913720000151554,0.08715465007378868,0.09998734005050874,0.09944148936402714,0.1251368522644043,0.0048452525473526645,0.0048450106056918685,0.06779742240905762,1.2124767498627255e-19
0.08913650298670941,0.08715455180939075,0.09998734476472049,0.09944179879616279,0.12464332580566406,0.0048450106111085686,0.004844768681167011,0.06801128387451172,1.212493718533212e-19
0.08913580598773582,0.08715445354935848,0.09998734947873864,0.09944210820830654,0.1231074333190918,0.004844768686967428,0.004844526769431923,0.06754446029663086,1.212510677465765e-19
0.08913510900459629,0.08715435529369162,0.0999873541925632,0.09944241760046008,0.12433934211730957,0.004844526774927184,0.004844284869243154,0.06766653060913086,1.2125276477716142e-19
0.08913441203729235,0.08715425704238987,0.09998735890619417,0.09944272697262502,0.12312579154968262,0.00484428487498873,0.004844042981311247,0.06769490242004395,1.2125446126915458e-19
0.08913371508582535,0.08715415879545299,0.09998736361963156,0.09944303632480302,0.12354302406311035,0.004844042987151013,0.004843801105813839,0.068145751953125,1.2125615727005908e-19
0.08913301815019674,0.08715406055288072,0.09998736833287536,0.09944334565699572,0.12327742576599121,0.004843801111411768,0.004843559242395656,0.06753706932067871,1.212578538385639e-19
0.08913232123040786,0.08715396231467276,0.09998737304592557,0.09944365496920479,0.12229537963867188,0.004843559247772676,0.004843317390523794,0.0671546459197998,1.2125954980982728e-19
0.08913162432646023,0.08715386408082884,0.0999873777587822,0.09944396426143189,0.12249469757080078,0.004843317396232225,0.004843075551086429,0.0666494369506836,1.2126124617601845e-19
0.08913092743835534,0.0871537658513487,0.09998738247144527,0.09944427353367867,0.1220402717590332,0.00484307555678947,0.004842833723905926,0.06657981872558594,1.2126294212309713e-19
0.08913023056609447,0.08715366762623206,0.09998738718391476,0.0994445827859468,0.12272357940673828,0.004842833729445042,0.004842591908627014,0.06608462333679199,1.2126463814010838e-19
0.08912953370967917,0.08715356940547866,0.09998739189619066,0.0994448920182379,0.1230156421661377,0.004842591914196749,0.0048423501057826,0.06611776351928711,1.2126633364488952e-19
0.08912883686911086,0.08715347118908826,0.09998739660827298,0.09944520123055364,0.12354159355163574,0.004842350111043617,0.00484210831430687,0.06641006469726562,1.2126802939386348e-19
0.08912814004439097,0.08715337297706054,0.09998740132016173,0.09944551042289568,0.12377715110778809,0.004842108319987368,0.004841866535620909,0.06622791290283203,1.212697255912978e-19
0.08912744323552094,0.08715327476939524,0.09998740603185692,0.09944581959526563,0.12503933906555176,0.004841866541025123,0.004841624768658903,0.06656217575073242,1.212714213783125e-19
0.08912674644250221,0.08715317656609213,0.09998741074335854,0.0994461287476652,0.12375426292419434,0.004841624774158209,0.004841383014131395,0.06659626960754395,1.2127311676508376e-19
0.08912604966533619,0.0871530783671509,0.09998741545466659,0.099446437880096,0.12353801727294922,0.004841383019384667,0.004841141271505478,0.06689167022705078,1.212748128462391e-19
0.08912535290402425,0.08715298017257131,0.09998742016578106,0.09944674699255968,0.12361598014831543,0.004841141276703583,0.004840899540603516,0.06694841384887695,1.2127650797038964e-19
0.08912465615856789,0.08715288198235308,0.09998742487670197,0.09944705608505788,0.12404346466064453,0.0048408995461160665,0.004840657821603145,0.06686949729919434,1.2127820347360117e-19
0.08912395942896854,0.08715278379649592,0.0999874295874293,0.09944736515759227,0.12306404113769531,0.004840657827621897,0.004840416115570179,0.06655597686767578,1.2127989895875914e-19
0.08912326271522766,0.08715268561499959,0.09998743429796308,0.09944767421016448,0.1229715347290039,0.004840416121217957,0.004840174421438803,0.06640791893005371,1.2128159406466593e-19
0.08912256601734658,0.08715258743786379,0.0999874390083033,0.0994479832427762,0.12365245819091797,0.004840174426905393,0.004839932739386654,0.06637310981750488,1.212832895778524e-19
0.08912186933532679,0.08715248926508826,0.09998744371844996,0.09944829225542906,0.12329983711242676,0.004839932744682284,0.004839691068703189,0.06604886054992676,1.2128498467711357e-19
0.0891211726691698,0.08715239109667273,0.09998744842840306,0.09944860124812469,0.1234750747680664,0.0048396910745490225,0.004839449410809493,0.06593799591064453,1.2128667988579488e-19
0.08912047601887702,0.08715229293261695,0.09998745313816258,0.09944891022086472,0.12389516830444336,0.00483944941650562,0.004839207764995024,0.06591129302978516,1.2128837508894722e-19
0.08911977938444975,0.08715219477292066,0.09998745784772856,0.09944921917365084,0.12393569946289062,0.004839207770549797,0.004838966131259781,0.06551218032836914,1.2129006970587596e-19
0.08911908276588953,0.08715209661758357,0.09998746255710098,0.09944952810648468,0.12447524070739746,0.004838966136681322,0.004838724509426129,0.06606650352478027,1.212917644387369e-19
0.08911838616319784,0.08715199846660539,0.09998746726627983,0.09944983701936788,0.12390732765197754,0.004838724514900931,0.004838482899849339,0.06603884696960449,1.2129345975239105e-19
0.08911768957637606,0.08715190031998588,0.09998747197526513,0.0994501459123021,0.1242072582244873,0.0048384829052062935,0.004838241301996504,0.0661768913269043,1.2129515432220423e-19
0.08911699300542561,0.08715180217772475,0.09998747668405687,0.09945045478528898,0.12441515922546387,0.004838241307597897,0.004837999716400532,0.06618976593017578,1.2129684906320192e-19
0.089116296450348,0.08715170403982177,0.09998748139265506,0.09945076363833019,0.12475156784057617,0.004837999722073742,0.004837758143061421,0.06644439697265625,1.2129854389654064e-19
0.08911559991114462,0.08715160590627662,0.09998748610105972,0.09945107247142734,0.12473773956298828,0.004837758148635555,0.004837516580913359,0.06658720970153809,1.2130023872396746e-19
0.08911490338781687,0.08715150777708905,0.0999874908092708,0.09945137899743313,0.12377500534057617,0.004837516587282806,0.0048372750324432445,0.0663907527923584,1.2130193287149557e-19
0.08911420688036621,0.08715140965225879,0.09998749551728835,0.09945168349859645,0.14413142204284668,0.0048372750380117424,0.004837033495341814,0.08000969886779785,1.2130362786262588e-19
0.08911351038879413,0.08715131153178557,0.09998750022511234,0.09945198798015686,0.1267380714416504,0.004837033500822821,0.004836791970319609,0.06787776947021484,1.2130532218452273e-19
0.08911281391310202,0.08715121341566913,0.09998750493274278,0.09945229244211595,0.1211390495300293,0.004836791975716116,0.004836550457198996,0.06778073310852051,1.2130701623402948e-19
0.08911211745329126,0.08715111530390919,0.09998750964017968,0.09945259688447533,0.12188100814819336,0.004836550462691043,0.004836308956335245,0.06795477867126465,1.213087110554603e-19
0.08911142100936331,0.08715101719650549,0.09998751434742303,0.0994529013072366,0.12180662155151367,0.004836308961746988,0.004836067467373084,0.06782150268554688,1.21310405046112e-19
0.08911072458131962,0.08715091909345776,0.09998751905447284,0.09945320571040135,0.1221158504486084,0.004836067472882949,0.004835825990134879,0.06760454177856445,1.2131209916180671e-19
0.08911002816916168,0.08715082099476575,0.0999875237613291,0.09945351009397121,0.12180233001708984,0.004835825996100087,0.004835584525864078,0.06759977340698242,1.2131379275357315e-19
0.08910933177289078,0.08715072290042915,0.09998752846799183,0.09945381445794779,0.12065434455871582,0.0048355845313963535,0.004835343073317233,0.06708741188049316,1.2131548749863129e-19
0.08910863539250842,0.08715062481044772,0.09998753317446102,0.09945411880233268,0.12147808074951172,0.004835343078770903,0.004835101632671979,0.0668489933013916,1.2131718126668863e-19
0.08910793902801589,0.0871505267248212,0.09998753788073667,0.09945442312712748,0.12147808074951172,0.0048351016382240045,0.004834860204105951,0.06718969345092773,1.21318874745974e-19
0.08910724267941479,0.0871504286435493,0.09998754258681879,0.09945472743233381,0.12179279327392578,0.004834860209754893,0.004834618787263878,0.06676268577575684,1.213205685615879e-19
0.08910654634670649,0.08715033056663175,0.09998754729270737,0.09945503171795328,0.1213681697845459,0.00483461879336319,0.004834377383566846,0.06639623641967773,1.213222628266235e-19
0.08910585002989249,0.0871502324940683,0.09998755199840241,0.09945533598398748,0.12237882614135742,0.0048343773890463,0.004834135991416133,0.06654977798461914,1.2132395617581058e-19
0.08910515372897426,0.08715013442585866,0.09998755670390393,0.09945564023043801,0.12280726432800293,0.004834135996804591,0.004833894611344647,0.06656908988952637,1.2132565039853603e-19
0.0891044574439532,0.08715003636200258,0.09998756140921192,0.09945594445730649,0.1238555908203125,0.004833894616637483,0.00483365324281948,0.0666205883026123,1.2132734399243762e-19
0.08910376117483076,0.08714993830249979,0.09998756611432637,0.09945624866459452,0.12289094924926758,0.004833653248545776,0.0048334118870840825,0.06657290458679199,1.2132903776659256e-19
0.08910306492160831,0.08714984024735,0.09998757081924729,0.09945655285230369,0.1227867603302002,0.004833411892527384,0.00483317054307264,0.06669449806213379,1.2133073131439377e-19
0.0891023686842873,0.08714974219655296,0.0999875755239747,0.09945685702043562,0.12284970283508301,0.004833170548582793,0.00483292921131806,0.0666341781616211,1.2133242412084493e-19
0.08910167246286908,0.08714964415010841,0.09998758022850858,0.0994571611689919,0.12392425537109375,0.0048329292167107055,0.004832687891642706,0.06714034080505371,1.2133411768984346e-19
0.08910097625735527,0.08714954610801606,0.09998758493284893,0.09945746529797417,0.12271547317504883,0.004832687896909842,0.0048324465838689434,0.06708884239196777,1.2133581129724363e-19
0.0891002800677471,0.08714944807027564,0.09998758963699576,0.09945776940738399,0.12306976318359375,0.004832446589180274,0.004832205288174407,0.0673677921295166,1.2133750437610878e-19
0.08909958389404608,0.0871493500368869,0.09998759434094906,0.09945807349722297,0.1230926513671875,0.004832205293521408,0.0048319640043814616,0.06707525253295898,1.213391971549227e-19
0.08909888773625362,0.08714925200784955,0.09998759904470884,0.09945837756749273,0.12358903884887695,0.004831964009933983,0.004831722733378285,0.06727862358093262,1.2134089020699246e-19
0.08909819159437116,0.08714915398316334,0.0999876037482751,0.09945868161819485,0.12357497215270996,0.004831722738414639,0.004831481473388521,0.06745743751525879,1.2134258325164474e-19
0.08909749546840025,0.087149055962828,0.09998760845164785,0.09945898564933095,0.12244057655334473,0.004831481478965264,0.00483124022565562,0.0669252872467041,1.2134427594131726e-19
0.08909679935834222,0.08714895794684326,0.09998761315482707,0.09945928966090263,0.12323737144470215,0.004831240231585482,0.004830998990712487,0.06632184982299805,1.2134596899645885e-19
0.08909610326419845,0.08714885993520885,0.09998761785781278,0.09945959365291149,0.12369132041931152,0.004830998996272386,0.004830757767670946,0.06659293174743652,1.2134766177825963e-19
0.08909540718597041,0.0871487619279245,0.09998762256060498,0.09945989762535912,0.12108898162841797,0.004830757773025652,0.0048305165561757235,0.06386446952819824,1.2134935459308219e-19
0.0890947111236596,0.08714866392498995,0.09998762726320366,0.09946020157824714,0.1236271858215332,0.0048305165618460315,0.004830275357292635,0.06617474555969238,1.2135104778533282e-19
0.08909401507726741,0.08714856592640492,0.09998763196560884,0.09946050551157715,0.12327361106872559,0.004830275362732272,0.0048300341701335014,0.06622934341430664,1.2135273967835943e-19
0.08909331904679525,0.08714846793216915,0.0999876366678205,0.09946080942535071,0.1235661506652832,0.004830034175683738,0.004829792994875959,0.06652545928955078,1.2135443270344007e-19
0.0890926230322446,0.08714836994228237,0.09998764136983865,0.09946111331956947,0.12364768981933594,0.00482979300070022,0.00482955183223055,0.06686949729919434,1.2135612547290442e-19
0.08909192703361683,0.08714827195674431,0.09998764607166329,0.09946141719423504,0.1241769790649414,0.004829551837780357,0.0048293106814867315,0.0671999454498291,1.2135781768016067e-19
0.08909123105091338,0.08714817397555472,0.09998765077329441,0.09946172104934897,0.12370634078979492,0.004829310686924597,0.004829069542644504,0.06705522537231445,1.213595099033516e-19
0.0890905350841357,0.0871480759987133,0.09998765547473204,0.09946202488491289,0.12328362464904785,0.0048290695481315975,0.004828828415526232,0.0669708251953125,1.213612022861133e-19
0.0890898391332852,0.08714797802621979,0.09998766017597617,0.0994623287009284,0.12369847297668457,0.004828828421401239,0.004828587301375364,0.06729388236999512,1.213628937213483e-19
0.08908914319836331,0.08714788005807395,0.09998766487702679,0.09946263249739712,0.12340950965881348,0.004828587306731788,0.004828346198593181,0.0676109790802002,1.2136458643942438e-19
0.08908844727937149,0.08714778209427546,0.09998766957788391,0.09946293627432061,0.12377381324768066,0.004828346204123326,0.004828105108423131,0.0672762393951416,1.2136627862627174e-19
0.08908775137631106,0.08714768413482409,0.09998767427854753,0.0994632400317005,0.1232759952545166,0.004828105113574583,0.004827864029977036,0.06757736206054688,1.2136797094384252e-19
0.08908705548918366,0.08714758617971956,0.09998767897901764,0.09946354376953837,0.12239265441894531,0.004827864035085299,0.004827622963432532,0.06752347946166992,1.213696626216192e-19
0.08908636772501209,0.08714748822896161,0.09998768367929425,0.09946384748783581,0.12314319610595703,0.004827622968655536,0.004827381908789619,0.06780123710632324,1.2137135525445028e-19
0.08908568196432519,0.08714739028254996,0.09998768837937738,0.09946415118659443,0.12205910682678223,0.0048273819142853796,0.0048271408664035675,0.06674790382385254,1.213730462067912e-19
0.08908499621978738,0.08714729234048435,0.09998769307926701,0.09946445486581582,0.12067270278930664,0.004827140871974155,0.004826899836096743,0.06625485420227051,1.2137473845954448e-19
0.08908431049140009,0.08714719440276451,0.09998769777896314,0.09946475852550159,0.12116003036499023,0.004826899841719669,0.004826658818046781,0.06713294982910156,1.213764298317728e-19
0.08908362477916464,0.08714709646939019,0.09998770247846578,0.09946506216565333,0.12097454071044922,0.004826658823522253,0.004826417811365502,0.06670212745666504,1.2137812138128378e-19
0.08908293908308237,0.08714699854036109,0.09998770717777491,0.09946536578627264,0.1199493408203125,0.004826417817382095,0.004826176817829264,0.06631278991699219,1.2137981340191484e-19
0.08908225340315468,0.08714690061567695,0.09998771187689055,0.09946566938736115,0.12014436721801758,0.004826176823295433,0.004825935835484074,0.06615781784057617,1.2138150443083876e-19
0.08908156773938293,0.0871468026953375,0.09998771657581272,0.09946597296892042,0.11896824836730957,0.004825935841265393,0.004825694865751018,0.0655517578125,1.2138319605275608e-19
0.0890808820917685,0.0871467047793425,0.09998772127454139,0.09946627653095205,0.11796450614929199,0.0048256948712886915,0.004825453907741917,0.06431126594543457,1.2138488795408104e-19
0.08908019646031277,0.08714660686769166,0.09998772597307658,0.09946658007345766,0.11928582191467285,0.004825453913366073,0.004825212961812042,0.06409430503845215,1.2138657907634178e-19
0.08907951084501708,0.0871465089603847,0.09998773067141827,0.09946688359643882,0.1190330982208252,0.004825212967496255,0.004824972028316665,0.06406283378601074,1.213882700615016e-19
0.0890788252458828,0.08714641105742138,0.09998773536956647,0.09946718709989714,0.1197059154510498,0.004824972033678909,0.004824731106367608,0.06401777267456055,1.213899619825533e-19
0.08907813966291131,0.08714631315880142,0.0999877400675212,0.09946749058383425,0.12093949317932129,0.0048247311119141885,0.004824490197030684,0.06496477127075195,1.2139165241666362e-19
0.08907745409610399,0.08714621526452457,0.09998774476528245,0.09946779404825169,0.12040853500366211,0.004824490202200079,0.0048242492988848085,0.0649874210357666,1.2139334344914354e-19
0.08907676854546218,0.08714611737459053,0.09998774946285023,0.0994680974931511,0.11957740783691406,0.004824249304537741,0.004824008413351066,0.06467652320861816,1.2139503485159418e-19
0.0890760830109872,0.08714601948899905,0.09998775416022453,0.09946840091853407,0.11920046806335449,0.004824008418926807,0.004823767539896551,0.06457304954528809,1.2139672570881803e-19
0.0890753974926805,0.08714592160774987,0.09998775885740535,0.09946870432440218,0.11970400810241699,0.004823767545364751,0.0048235266779883545,0.06598091125488281,1.2139841694843192e-19
0.0890747119905434,0.0871458237308427,0.09998776355439269,0.09946900771075705,0.11828875541687012,0.004823526683850911,0.004823285829047563,0.06505012512207031,1.214001075690874e-19
0.08907402650457726,0.0871457258582773,0.09998776825118656,0.09946931107760026,0.12038755416870117,0.00482328583438471,0.0048230449916530915,0.06517267227172852,1.2140179841638632e-19
0.08907334103478347,0.08714562799005338,0.09998777294778696,0.09946961442493342,0.12047553062438965,0.00482304499696618,0.0048228041656273035,0.06540751457214355,1.2140348885047354e-19
0.08907265558116338,0.08714553012617068,0.09998777764419388,0.09946991775275811,0.11809539794921875,0.004822804171596131,0.0048225633525689204,0.06487822532653809,1.2140517936526847e-19
0.08907197014371841,0.08714543226662896,0.09998778234040732,0.0994702210610759,0.1188209056854248,0.004822563358272863,0.004822322551412128,0.0652768611907959,1.2140687045713087e-19
0.08907128472244988,0.08714533441142791,0.0999877870364273,0.09947052434988843,0.11778402328491211,0.0048223225569947945,0.004822081762156927,0.06526541709899902,1.2140856067254571e-19
0.08907059931735921,0.08714523656056729,0.09998779173225382,0.0994708276191973,0.11993598937988281,0.004822081767762017,0.004821840984980952,0.06537079811096191,1.2141025073792619e-19
0.08906991392844776,0.08714513871404682,0.09998779642788687,0.0994711308690041,0.11922335624694824,0.00482184099057387,0.004821600219706568,0.0646677017211914,1.214119416648524e-19
0.08906922855571692,0.08714504087186623,0.09998780112332645,0.09947143409931039,0.11792421340942383,0.004821600225429788,0.004821359466689046,0.06424593925476074,1.2141363162572385e-19
0.08906854319916802,0.08714494303402526,0.09998780581857256,0.09947173731011781,0.11760401725769043,0.004821359472329861,0.004821118725217843,0.06434154510498047,1.2141532192180868e-19
0.0890678578588024,0.08714484520052364,0.09998781051362521,0.09947204050142792,0.1193997859954834,0.004821118731273447,0.0048208779963587745,0.06456136703491211,1.2141701176938667e-19
0.08906717253462143,0.0871447473713611,0.09998781520848439,0.09947234367324233,0.11945247650146484,0.0048208780022592915,0.004820637279578932,0.0644235610961914,1.2141870216077362e-19
0.08906648722662647,0.08714464954653738,0.09998781990315012,0.09947264682556263,0.11909723281860352,0.004820637285286445,0.0048203965747006805,0.06470680236816406,1.2142039234497032e-19
0.08906580193481893,0.0871445517260522,0.09998782459762239,0.0994729499583904,0.11960315704345703,0.004820396580354298,0.004820155882079291,0.06476044654846191,1.2142208232974181e-19
0.08906511665920018,0.08714445390990531,0.0999878292919012,0.09947325307172726,0.11936569213867188,0.004820155887462199,0.004819915201004221,0.06481575965881348,1.2142377207292215e-19
0.08906443139977153,0.08714435609809644,0.09998783398598655,0.0994735561655748,0.12119674682617188,0.004819915206610281,0.004819674532008378,0.06451082229614258,1.2142546229944487e-19
0.0890637461565344,0.08714425829062532,0.09998783867987845,0.09947385923993458,0.12051773071289062,0.004819674537798635,0.004819433875269397,0.0661323070526123,1.2142715173030184e-19
0.08906306092949015,0.08714416048749168,0.0999878433735769,0.09947416229480821,0.12079834938049316,0.004819433881025245,0.004819193230609642,0.06639337539672852,1.214288418642432e-19
0.0890623757186401,0.08714406268869525,0.09998784806708189,0.09947446299883758,0.12016701698303223,0.004819193236289845,0.004818952598384385,0.0656745433807373,1.214305313356541e-19
0.08906169052398566,0.08714396489423576,0.09998785276039343,0.09947476174921197,0.11998295783996582,0.004818952603591513,0.004818711976994905,0.06626677513122559,1.2143222097794954e-19
0.08906100534552816,0.08714386710411297,0.09998785745351152,0.09947506048043767,0.1204230785369873,0.004818711982931347,0.004818471368928101,0.06495475769042969,1.2143391071633575e-19
0.089060320183269,0.08714376931832658,0.09998786214643617,0.09947535919251625,0.11903810501098633,0.004818471374306728,0.00481823077187471,0.06569361686706543,1.2143560001628363e-19
0.08905963503720953,0.08714367153687634,0.09998786683916737,0.09947565788544929,0.11935758590698242,0.004818230777718381,0.004817990186900545,0.06537413597106934,1.2143728964995776e-19
0.0890589499073511,0.08714357375976199,0.09998787153170512,0.09947595655923833,0.11726760864257812,0.004817990193166729,0.004817749615249056,0.06450152397155762,1.214389785717382e-19
0.08905826479369505,0.08714347598698326,0.09998787622404942,0.09947625521388491,0.11784553527832031,0.004817749620647722,0.004817509054788616,0.06449747085571289,1.2144066810528309e-19
0.0890575796962428,0.08714337821853986,0.09998788091620028,0.0994765538493906,0.11734724044799805,0.004817509060162143,0.00481726850605213,0.06473779678344727,1.214423570160609e-19
0.08905689461499569,0.08714328045443154,0.0999878856081577,0.09947685246575692,0.11636543273925781,0.004817268511709522,0.004817027969750143,0.06432032585144043,1.214440463762103e-19
0.08905620954995508,0.08714318269465803,0.09998789029992168,0.09947715106298545,0.11636018753051758,0.004817027975290065,0.004816787444816839,0.063873291015625,1.2144573569117754e-19
0.08905552450112232,0.08714308493921906,0.09998789499149222,0.09947744964107776,0.1175236701965332,0.004816787450903291,0.004816546933028576,0.06433749198913574,1.214474241478545e-19
0.08905483946849882,0.08714298718811436,0.09998789968286931,0.09947774820003535,0.1172783374786377,0.004816546938547856,0.004816306432786632,0.06427955627441406,1.214491135128354e-19
0.0890541544520859,0.08714288944134368,0.09998790437405297,0.0994780467398598,0.1174616813659668,0.004816306438221849,0.004816065943913372,0.0648038387298584,1.2145080200057667e-19
0.08905346945188493,0.08714279169890676,0.09998790906504319,0.09947834526055266,0.11677837371826172,0.004816065949927708,0.004815825468007517,0.06357026100158691,1.2145249094588377e-19
0.08905278446789729,0.0871426939608033,0.09998791375583997,0.09947864376211547,0.11763834953308105,0.004815825473662444,0.004815585004003253,0.0637671947479248,1.2145418001110913e-19
0.08905209950012435,0.08714259622703305,0.09998791844644334,0.0994789422445498,0.11874938011169434,0.00481558500942609,0.004815344551367673,0.06415653228759766,1.214558685875417e-19
0.08905141454856748,0.08714249849759573,0.09998792313685326,0.09947924070785719,0.11681199073791504,0.004815344557218821,0.0048151041116994975,0.06288290023803711,1.214575570810589e-19
0.08905072961322803,0.08714240077249108,0.09998792782706974,0.09947953915203918,0.11878156661987305,0.004815104117037928,0.004814863683932913,0.0641169548034668,1.2145924577156057e-19
0.08905004469410736,0.08714230305171886,0.0999879325170928,0.09947983757709733,0.11825418472290039,0.004814863688882807,0.004814623267890283,0.06289935111999512,1.2146093458023285e-19
0.08904935979120678,0.08714220533527878,0.09998793720692242,0.0994801359830332,0.11948585510253906,0.00481462327275553,0.004814382863393973,0.06362700462341309,1.2146262269195854e-19
0.08904867490452767,0.08714210762317058,0.09998794189655863,0.09948043436984831,0.12004995346069336,0.004814382868655252,0.00481414247097689,0.06395602226257324,1.2146431174213273e-19
0.08904799003407143,0.08714200991539399,0.09998794658600141,0.09948073273754424,0.11973237991333008,0.004814142476580993,0.004813902090639033,0.0637674331665039,1.214659995412406e-19
0.0890473051798394,0.08714191221194872,0.09998795127525076,0.09948103108612252,0.11912894248962402,0.004813902096532164,0.004813661722913309,0.06337904930114746,1.2146768738097223e-19
0.0890466203418329,0.08714181451283454,0.09998795596430668,0.0994813294155847,0.11809396743774414,0.0048136617285070744,0.004813421367089177,0.06322479248046875,1.2146937636282194e-19
0.08904593552005337,0.08714171681805116,0.09998796065316919,0.09948162772593233,0.1197500228881836,0.0048134213725055126,0.004813181023166635,0.0638284683227539,1.2147106403236935e-19
0.08904525071450217,0.08714161912759834,0.09998796534183828,0.09948192601716696,0.11852025985717773,0.004813181028526499,0.004812940690968048,0.06335735321044922,1.2147275219981943e-19
0.08904456592518069,0.08714152144147579,0.09998797003031394,0.09948222428929016,0.11853528022766113,0.004812940696570192,0.004812700370848688,0.06355071067810059,1.2147444010678785e-19
0.08904388115209025,0.08714142375968326,0.09998797471859619,0.09948252254230346,0.1186375617980957,0.004812700376635547,0.004812460063163826,0.06347918510437012,1.2147612786145604e-19
0.08904319639523224,0.08714132608222044,0.09998797940668502,0.0994828207762084,0.11847448348999023,0.004812460068721701,0.004812219766492376,0.06363272666931152,1.2147781632040814e-19
0.08904251165460796,0.08714122840908713,0.09998798409458044,0.09948311899100655,0.11862611770629883,0.00481221977283043,0.004811979483498874,0.06314611434936523,1.2147950370302535e-19
0.08904182693021882,0.08714113074028301,0.09998798878228245,0.09948341718669944,0.11977458000183105,0.004811979488956976,0.004811739211341148,0.06278061866760254,1.2148119154765616e-19
0.08904114222206615,0.08714103307580785,0.09998799346979104,0.09948371536328862,0.12084341049194336,0.004811739217103835,0.004811498951440285,0.06322741508483887,1.2148287920584788e-19
0.08904045753015126,0.08714093541566138,0.09998799815710621,0.09948401352077565,0.11926865577697754,0.004811498957269703,0.004811258703618648,0.0629262924194336,1.2148456676143057e-19
0.08903977285447556,0.08714083775984333,0.09998800284422799,0.09948431165916208,0.12031054496765137,0.004811258709453706,0.004811018468231509,0.06363081932067871,1.2148625434973648e-19
0.08903908819504046,0.0871407401083534,0.09998800753115634,0.09948460977844943,0.11930966377258301,0.0048110184736548395,0.004810778244213054,0.06366753578186035,1.2148794164625502e-19
0.08903840355184729,0.08714064246119135,0.09998801221789129,0.09948490787863927,0.12188172340393066,0.0048107782498731854,0.004810538032629097,0.06387925148010254,1.2148962945239183e-19
0.08903771892489738,0.08714054481835692,0.09998801690443283,0.09948520595973315,0.12273740768432617,0.0048105380381071455,0.004810297832769095,0.06485724449157715,1.2149131732189632e-19
0.08903703431419208,0.08714044717984984,0.09998802159078096,0.09948550402173259,0.11946582794189453,0.004810297838357428,0.004810057644988319,0.0643761157989502,1.2149300365303997e-19
0.08903634971973275,0.08714034954566982,0.0999880262769357,0.09948580206463917,0.1198878288269043,0.00481005765062247,0.004809817469464406,0.06473135948181152,1.2149469082595798e-19
0.08903566514152075,0.08714025191581662,0.09998803096289703,0.09948610008845442,0.11988568305969238,0.004809817474902301,0.004809577305486812,0.06514310836791992,1.2149637820088644e-19
0.08903498057955751,0.08714015429028997,0.09998803564866496,0.0994863980931799,0.11891889572143555,0.004809577311196702,0.004809337153588444,0.06460928916931152,1.2149806525556136e-19
0.08903429603384441,0.0871400566690896,0.09998804033423948,0.09948669607881715,0.11896634101867676,0.004809337159505051,0.004809097014124575,0.06493806838989258,1.2149975209332228e-19
0.08903361150438276,0.08713995905221525,0.09998804501962061,0.0994869940453677,0.11985969543457031,0.004809097019826014,0.004808856886207025,0.0649559497833252,1.2150143956083258e-19
0.08903292699117393,0.08713986143966665,0.09998804970480833,0.09948729199283313,0.11920905113220215,0.0048088568921586744,0.004808616770723972,0.06485748291015625,1.2150312598290418e-19
0.08903224249421933,0.08713976383144353,0.09998805438980266,0.09948758992121495,0.1201479434967041,0.0048086167765028,0.004808376667497782,0.06424927711486816,1.2150481329210133e-19
0.08903155801352025,0.08713966622754565,0.09998805907460359,0.09948788783051472,0.12030625343322754,0.004808376672856435,0.004808136575285005,0.06574296951293945,1.2150650015972815e-19
0.08903087354907811,0.08713956862797272,0.09998806375921113,0.099488185720734,0.1202538013458252,0.004808136581222382,0.004807896496217268,0.06557416915893555,1.215081861584208e-19
0.0890301891008942,0.08713947103272447,0.09998806844362529,0.0994884835918743,0.11917567253112793,0.004807896501596606,0.004807656428340579,0.06486392021179199,1.2150987360744163e-19
0.08902950466896989,0.08713937344180066,0.09998807312784605,0.09948878144393718,0.11810684204101562,0.0048076564339805195,0.004807416372010209,0.0651388168334961,1.2151156009951006e-19
0.08902882025330652,0.087139275855201,0.09998807781187342,0.09948907927692419,0.11939072608947754,0.004807416378375311,0.004807176329180152,0.0641789436340332,1.2151324638534614e-19
0.0890281358539055,0.08713917827292522,0.09998808249570741,0.09948937709083686,0.11839938163757324,0.0048071763347751996,0.004806936297541142,0.06481528282165527,1.2151493308962868e-19
0.08902745147076817,0.08713908069497306,0.09998808717934801,0.09948967488567674,0.11855053901672363,0.004806936303183338,0.004806696278158995,0.0650320053100586,1.215166195499663e-19
0.08902676710389588,0.08713898312134426,0.09998809186279524,0.09948997266144538,0.11685037612915039,0.004806696283596707,0.004806456270678439,0.0640263557434082,1.215183053078439e-19
0.08902608275329002,0.08713888555203855,0.09998809654604907,0.09949027041814436,0.11743903160095215,0.004806456276017072,0.004806216274921837,0.06403112411499023,1.2151999192594173e-19
0.08902539841895195,0.08713878798705567,0.09998810122910952,0.0994905681557752,0.11691927909851074,0.004806216280443267,0.004805976291244463,0.06395339965820312,1.2152167808608033e-19
0.08902471410088303,0.08713869042639535,0.09998810591197659,0.09949086587433946,0.11659598350524902,0.004805976296874972,0.00480573631982395,0.0638115406036377,1.215233643507794e-19
0.0890240297990846,0.08713859287005735,0.09998811059465026,0.09949116357383866,0.1164553165435791,0.00480573632530986,0.004805496360482664,0.06355905532836914,1.2152505057021386e-19
0.08902334551355799,0.08713849531804137,0.09998811527713057,0.09949146125427434,0.1168820858001709,0.004805496365749689,0.004805256411977155,0.06363511085510254,1.2152673650561603e-19
0.08902266124430461,0.08713839777034714,0.0999881199594175,0.09949175891564806,0.11760425567626953,0.004805256418192898,0.0048050164767943215,0.0640413761138916,1.2152842211533882e-19
0.08902197699132575,0.08713830022697441,0.09998812464151105,0.09949205655796135,0.11780261993408203,0.004805016482638856,0.004804776552980172,0.06444001197814941,1.2153010796090828e-19
0.08902129275462278,0.08713820268792292,0.09998812932341122,0.09949235418121576,0.11799263954162598,0.004804776559087344,0.004804536641600521,0.0631721019744873,1.2153179381210116e-19
0.0890206085341971,0.0871381051531924,0.09998813400511802,0.09949265178541282,0.1178743839263916,0.0048045366475359605,0.004804296742655367,0.0634145736694336,1.2153347960236493e-19
0.08901992433005008,0.08713800762278257,0.09998813868663145,0.09949294937055408,0.11944413185119629,0.0048042967479841854,0.004804056854368355,0.0635979175567627,1.2153516548460657e-19
0.08901924014218308,0.08713791009669317,0.0999881433679515,0.09949324693664109,0.11787772178649902,0.004804056860433134,0.004803816979226383,0.06297683715820312,1.2153685141899585e-19
0.08901855597059742,0.08713781257492395,0.09998814804907818,0.09949354448367542,0.12031269073486328,0.004803816984881089,0.004803577115808366,0.06452345848083496,1.2153853695788674e-19
0.0890178718152945,0.08713771505747464,0.09998815273001149,0.09949384201165858,0.12024283409118652,0.004803577121327184,0.00480333726429194,0.06390738487243652,1.2154022221002046e-19
0.08901718767627562,0.08713761754434496,0.09998815741075143,0.0994941395205921,0.12077999114990234,0.004803337269772471,0.004803097424321834,0.06432652473449707,1.2154190721056993e-19
0.0890165035535422,0.08713752003553467,0.099988162091298,0.09949443701047755,0.11782121658325195,0.004803097430216431,0.004802857597496768,0.06346869468688965,1.2154359262373862e-19
0.08901581944709554,0.08713742253104349,0.09998816677165122,0.09949473448131645,0.11870336532592773,0.0048028576026552606,0.0048026177816851146,0.0635828971862793,1.2154527785792168e-19
0.08901513535693703,0.08713732503087115,0.09998817145181108,0.09949503193311031,0.11892032623291016,0.0048026177870912085,0.004802377977952688,0.06321978569030762,1.215469635677311e-19
0.08901445128306802,0.08713722753501742,0.09998817613177756,0.09949532936586071,0.11856269836425781,0.0048023779835232846,0.0048021381861218515,0.06345796585083008,1.2154864871625764e-19
0.08901376722548988,0.087137130043482,0.09998818081155068,0.09949562677956919,0.11860942840576172,0.004802138191951887,0.004801898406370242,0.06322526931762695,1.2155033365380626e-19
0.08901308318420394,0.08713703255626462,0.09998818549113045,0.0994959241742373,0.11890316009521484,0.004801898412376097,0.0048016586388754945,0.0631566047668457,1.2155201875763459e-19
0.08901239915921148,0.08713693507336503,0.09998819017051686,0.09949622154986656,0.11829352378845215,0.004801658644793614,0.004801418883815245,0.06312346458435059,1.2155370385226807e-19
0.08901171515051395,0.08713683759478297,0.0999881948497099,0.09949651890645853,0.11810088157653809,0.004801418889203781,0.0048011791399460435,0.06339478492736816,1.2155538831708463e-19
0.08901103115811267,0.08713674012051816,0.09998819952870959,0.09949681328728968,0.11707901954650879,0.004801179145607386,0.004800939408688976,0.06329655647277832,1.2155707374383238e-19
0.08901034718200902,0.08713664265057033,0.09998820420751593,0.09949710636581767,0.1168050765991211,0.004800939414002172,0.004800699688978227,0.06259512901306152,1.2155875840877584e-19
0.08900966322220438,0.08713654518493924,0.09998820888612892,0.09949739942564227,0.1176154613494873,0.004800699694389223,0.004800459980991434,0.06290817260742188,1.2156044308254635e-19
0.08900897927870006,0.08713644772362461,0.09998821356454854,0.09949769246676499,0.11789131164550781,0.004800459986767935,0.0048002202854391385,0.06235766410827637,1.2156212770503136e-19
0.08900829535149743,0.08713635026662618,0.09998821824277482,0.09949798548918733,0.11765456199645996,0.004800220291136981,0.004799980601788434,0.062122344970703125,1.2156381232294884e-19
0.08900761144059786,0.08713625281394369,0.09998822292080775,0.09949827849291079,0.1187751293182373,0.004799980607495502,0.00479974093003932,0.06281161308288574,1.215654968303379e-19
0.08900692754600269,0.08713615536557685,0.09998822759864734,0.09949857147793688,0.11811542510986328,0.004799740935844484,0.004799501270191797,0.06255841255187988,1.2156718094063169e-19
0.08900624366771329,0.08713605792152541,0.09998823227629358,0.09949886444426706,0.1199946403503418,0.004799501276182054,0.004799261623489315,0.06265497207641602,1.215688661154202e-19
0.08900555980573102,0.08713596048178911,0.09998823695374648,0.09949915739190288,0.12087631225585938,0.004799261628505815,0.004799021987089702,0.0637674331665039,1.2157054992644465e-19
0.08900487596005725,0.08713586304636768,0.09998824163100603,0.09949945032084584,0.11835312843322754,0.004799021992817701,0.004798782363302223,0.06359267234802246,1.2157223458622063e-19
0.0890041921306933,0.08713576561526086,0.09998824630807225,0.09949974323109742,0.11804795265197754,0.004798782369117661,0.004798542751949242,0.06381726264953613,1.2157391893296306e-19
0.08900350831764053,0.08713566818846838,0.09998825098494513,0.09950003612265912,0.11885261535644531,0.004798542757402425,0.00479830315214258,0.06424593925476074,1.2157560259819389e-19
0.08900282452090033,0.08713557076598999,0.09998825566162466,0.09950032899553242,0.11881375312805176,0.0047983031576734085,0.0047980635640598734,0.06406331062316895,1.215772869555126e-19
0.08900214074047404,0.0871354733478254,0.09998826033811084,0.09950062184971883,0.11853981018066406,0.004798063569930692,0.004797823989122207,0.06387519836425781,1.21578971129276e-19
0.08900145697636302,0.08713537593397437,0.09998826501440371,0.09950091468521988,0.11824560165405273,0.0047978239941695935,0.004797584424665047,0.06351208686828613,1.21580655072794e-19
0.08900077322856864,0.08713527852443663,0.09998826969050323,0.09950120750203702,0.11805462837219238,0.004797584430394309,0.00479734487282002,0.06292176246643066,1.215823387453142e-19
0.08900008949709225,0.08713518111921191,0.0999882743664094,0.09950150030017177,0.11933088302612305,0.004797344878602208,0.004797105333231855,0.06346249580383301,1.215840225050918e-19
0.08899940578193513,0.08713508371829994,0.09998827904212225,0.09950179307962563,0.11765146255493164,0.004797105338792225,0.004796865805012374,0.06315112113952637,1.2158570591979214e-19
0.08899872208309868,0.08713498632170044,0.09998828371764175,0.09950208584040011,0.12136578559875488,0.004796865810965243,0.004796626290115569,0.06349658966064453,1.2158739013664629e-19
0.08899803840058425,0.08713488892941319,0.09998828839296793,0.0995023785824967,0.11990594863891602,0.00479662629511754,0.004796386785166362,0.06282734870910645,1.2158907385403759e-19
0.08899735473439316,0.0871347915414379,0.09998829306810078,0.09950267130591689,0.1186673641204834,0.004796386791253347,0.004796147293895103,0.0629274845123291,1.2159075724590142e-19
0.0889966710845268,0.0871346941577743,0.0999882977430403,0.09950296401066219,0.12050771713256836,0.004796147299368225,0.0047959078138148925,0.06254720687866211,1.2159244067239031e-19
0.08899598745098654,0.08713459677842214,0.0999883024177865,0.0995032566967341,0.11958575248718262,0.0047959078194629925,0.0047956683456362725,0.06386184692382812,1.2159412453655993e-19
0.08899530383377367,0.08713449940338115,0.09998830709233937,0.0995035493641341,0.1217503547668457,0.004795668351537747,0.004795428889536879,0.06421303749084473,1.2159580738611329e-19
0.08899462023288962,0.08713440203265106,0.09998831176669891,0.09950384201286368,0.11995553970336914,0.0047954288955904915,0.0047951894464048905,0.06348824501037598,1.2159749128782776e-19
0.08899393664833576,0.08713430466623161,0.09998831644086513,0.09950413464292436,0.1185450553894043,0.004795189451619908,0.004794950014108679,0.06365823745727539,1.2159917405230498e-19
0.08899325308011341,0.08713420730412254,0.09998832111483802,0.09950442725431764,0.11868834495544434,0.0047949500196268185,0.004794710594246965,0.06391000747680664,1.2160085699174716e-19
0.08899256952822393,0.08713410994632358,0.09998832578861759,0.09950471984704501,0.11962628364562988,0.004794710599610575,0.004794471185576299,0.06378555297851562,1.2160254024522794e-19
0.08899188599266868,0.08713401259283446,0.09998833046220386,0.09950501242110797,0.11896753311157227,0.004794471191571642,0.004794231789873038,0.06391596794128418,1.216042237940089e-19
0.08899120247344898,0.08713391524365494,0.09998833513559681,0.09950530497650804,0.11915755271911621,0.004794231795506991,0.004793992406071368,0.0641481876373291,1.2160590675274425e-19
0.0889905189705662,0.08713381789878472,0.09998833980879643,0.09950559751324671,0.12057709693908691,0.004793992411416413,0.004793753033993653,0.06448197364807129,1.2160758978355873e-19
0.08898983548402171,0.08713372055822355,0.09998834448180274,0.09950589003132546,0.11954116821289062,0.004793753039300608,0.004793513673817529,0.0650169849395752,1.2160927259223393e-19
0.08898915201381688,0.08713362322197116,0.09998834915461574,0.09950618253074575,0.12055182456970215,0.004793513679158951,0.00479327432536536,0.06405401229858398,1.2161095528203527e-19
0.08898846855995297,0.0871335258900273,0.09998835382723542,0.09950647501150912,0.11963105201721191,0.0047932743309909735,0.004793034989170053,0.06564736366271973,1.2161263803625696e-19
0.0889877851224314,0.08713342856239172,0.0999883584996618,0.09950676747361709,0.12019991874694824,0.0047930349947946345,0.004792795664521066,0.06567859649658203,1.2161432067763236e-19
0.08898710170125347,0.08713333123906412,0.09998836317189486,0.09950705991707111,0.11933088302612305,0.004792795670571387,0.0047925563526618475,0.06464910507202148,1.216160031305318e-19
0.0889864182964206,0.08713323392004425,0.0999883678439346,0.0995073523418727,0.11936831474304199,0.004792556358318209,0.004792317052348949,0.06543993949890137,1.2161768559234554e-19
0.0889857349079341,0.08713313660533185,0.09998837251578105,0.09950764474802336,0.1191258430480957,0.0047923170580362225,0.004792077763937641,0.06430268287658691,1.2161936843247655e-19
0.0889850515357953,0.08713303929492666,0.09998837718743418,0.09950793713552457,0.11909604072570801,0.004792077769723857,0.004791838487783195,0.06490325927734375,1.2162105045369756e-19
0.08898436818000559,0.08713294198882841,0.09998838185889401,0.09950822950437785,0.1195225715637207,0.004791838493380389,0.004791599223530341,0.06484699249267578,1.2162273263047185e-19
0.08898368484056628,0.08713284468703683,0.09998838653016053,0.09950852185458466,0.1172645092010498,0.004791599229006012,0.004791359971179077,0.06375622749328613,1.2162441537450087e-19
0.08898300151747875,0.08713274738955165,0.09998839120123375,0.0995088141861465,0.11759614944458008,0.004791359976599731,0.004791120730374132,0.06363940238952637,1.2162609725867356e-19
0.08898231821074437,0.08713265009637264,0.09998839587211367,0.09950910649906489,0.1176304817199707,0.004791120736161352,0.00479088150182605,0.06396889686584473,1.2162777917623012e-19
0.08898163492036446,0.08713255280749951,0.0999884005428003,0.0995093987933413,0.11737227439880371,0.004790881507689555,0.004790642285357194,0.06363511085510254,1.2162946167604658e-19
0.0889809516463404,0.087132455522932,0.09998840521329362,0.09950969106897722,0.11741328239440918,0.004790642291184398,0.004790403080967565,0.06381797790527344,1.2163114361731868e-19
0.08898026838867357,0.08713235824266985,0.09998840988359364,0.09950998332597416,0.11816859245300293,0.004790403086644642,0.004790163888657162,0.06435728073120117,1.2163282545486696e-19
0.08897958514736527,0.0871322609667128,0.09998841455370037,0.09951027556433362,0.11651968955993652,0.0047901638940703135,0.004789924708070714,0.06385588645935059,1.2163450733023685e-19
0.0889789019224169,0.08713216369506058,0.09998841922361382,0.09951056778405708,0.11804986000061035,0.004789924713460116,0.00478968553885295,0.06524515151977539,1.2163618924678632e-19
0.08897821871382976,0.08713206642771293,0.09998842389333396,0.09951085998514603,0.1166844367980957,0.004789685544815608,0.00478944638224732,0.06400704383850098,1.2163787122036994e-19
0.0889775355216052,0.08713196916466957,0.0999884285628608,0.09951115216760197,0.11652040481567383,0.004789446388134674,0.004789207237720916,0.06456828117370605,1.216395530017013e-19
0.0889768523457446,0.08713187190593026,0.09998843323219438,0.0995114443314264,0.1166539192199707,0.004789207243416092,0.004788968104918467,0.06449270248413086,1.2164123443399334e-19
0.08897616918624932,0.08713177465149474,0.09998843790133465,0.09951173647662083,0.11528682708740234,0.004788968110659993,0.0047887289845505165,0.06343793869018555,1.2164291629141922e-19
0.0889754860431207,0.08713167740136274,0.09998844257028164,0.09951202860318673,0.11617517471313477,0.004788728989864344,0.004788489875728885,0.06463336944580078,1.2164459791728182e-19
0.08897480291636009,0.08713158015553397,0.09998844723903534,0.09951232071112556,0.11619234085083008,0.004788489881029949,0.004788250778453573,0.06337714195251465,1.2164627936274574e-19
0.08897411980596882,0.0871314829140082,0.09998845190759575,0.09951261280043887,0.11649370193481445,0.004788250784156922,0.004788011693257488,0.06355023384094238,1.2164796093249132e-19
0.08897343671194832,0.08713138567678515,0.09998845657596289,0.09951290487112813,0.11593008041381836,0.004788011699243928,0.004787772620851172,0.06279754638671875,1.2164964187238773e-19
0.08897275363429989,0.08713128844386454,0.09998846124413674,0.09951319692319484,0.11514687538146973,0.004787772626288998,0.004787533559813539,0.06265926361083984,1.2165132278337032e-19
0.08897207057302484,0.08713119121524615,0.09998846591211731,0.09951348895664047,0.11669230461120605,0.0047875335652932385,0.0047872945108551335,0.0627126693725586,1.216530045524022e-19
0.08897138752812449,0.08713109399092969,0.0999884705799046,0.09951378097146654,0.11684751510620117,0.004787294516255726,0.004787055473798318,0.062337398529052734,1.2165468544312492e-19
0.08897070449960025,0.08713099677091489,0.09998847524749863,0.09951407296767452,0.11651778221130371,0.004787055479175496,0.004786816448287823,0.06273388862609863,1.2165636688156485e-19
0.08897002148745344,0.0871308995552015,0.09998847991489937,0.09951436494526592,0.11608004570007324,0.004786816454051691,0.0047865774355670965,0.06219792366027832,1.216580480011027e-19
0.0889693384916854,0.08713080234378924,0.09998848458210682,0.09951465690424222,0.11657547950744629,0.00478657744088332,0.004786338434037418,0.06226825714111328,1.2165972866389172e-19
0.08896865551229748,0.08713070513667785,0.09998848924912102,0.09951494884460492,0.11594009399414062,0.004786338439671805,0.004786099444764602,0.06131792068481445,1.2166140976533032e-19
0.08896797254929104,0.08713060793386707,0.09998849391594193,0.09951524076635551,0.11580848693847656,0.004786099450415212,0.004785860467393377,0.06164050102233887,1.216630905720104e-19
0.08896728960266742,0.08713051073535664,0.09998849858256957,0.09951553266949549,0.11711955070495605,0.00478586047311289,0.004785621501568471,0.06201887130737305,1.2166477076887657e-19
0.08896660667242799,0.0871304135411463,0.09998850324900393,0.09951582455402634,0.11754059791564941,0.004785621507765318,0.004785382548888606,0.06178164482116699,1.2166645149926955e-19
0.08896592375857411,0.08713031635123576,0.09998850791524504,0.09951611641994954,0.11792564392089844,0.004785382554370144,0.004785143607399789,0.06258034706115723,1.2166813227910661e-19
0.08896524086110709,0.08713021916562477,0.09998851258129288,0.09951640826726657,0.11814188957214355,0.004785143612927788,0.004784904677990198,0.06231951713562012,1.2166981329956963e-19
0.08896455798002831,0.0871301219843131,0.09998851724714744,0.09951670009597897,0.11789751052856445,0.004784904683437642,0.004784665760304563,0.061882972717285156,1.2167149338116455e-19
0.08896387511533908,0.08713002480730045,0.09998852191280873,0.09951699190608822,0.11806058883666992,0.004784665765898509,0.004784426854520518,0.06194949150085449,1.2167317404701935e-19
0.08896319226704079,0.08712992763458657,0.09998852657827677,0.09951728369759578,0.11838865280151367,0.004784426860310064,0.0047841879611709714,0.06189703941345215,1.216748543306216e-19
0.08896250943513476,0.0871298304661712,0.09998853124355155,0.09951757547050316,0.11929869651794434,0.00478418796667107,0.004783949079012473,0.062315940856933594,1.2167653445548038e-19
0.08896182661962235,0.08712973330205409,0.09998853590863305,0.09951786722481185,0.1189870834350586,0.004783949084983959,0.004783710209288472,0.06189298629760742,1.2167821493021593e-19
0.08896114382050489,0.08712963614223494,0.0999885405735213,0.09951815896052331,0.11887717247009277,0.00478371021524512,0.0047834713523542405,0.06247138977050781,1.2167989477320903e-19
0.08896046103778377,0.08712953898671351,0.0999885452382163,0.09951844659519574,0.11948204040527344,0.004783471357453495,0.004783232505900514,0.062460899353027344,1.2168157533397818e-19
0.08895977827146026,0.08712944183548954,0.09998854990271805,0.09951873407830054,0.11852025985717773,0.004783232511610613,0.004782993672236557,0.062132835388183594,1.2168325497683013e-19
0.08895909552153576,0.08712934468856276,0.09998855456702653,0.09951902154313857,0.11876296997070312,0.004782993677713834,0.00478275485011892,0.06258273124694824,1.216849355739532e-19
0.08895841278801161,0.0871292475459329,0.09998855923114176,0.09951930898971127,0.11825060844421387,0.004782754855764548,0.004782516040258145,0.06152677536010742,1.216866154105445e-19
0.08895773007088918,0.08712915040759972,0.09998856389506375,0.09951959641802008,0.11922240257263184,0.0047825160457608306,0.0047822772421213244,0.06207871437072754,1.2168829479977257e-19
0.08895704737016981,0.08712905327356293,0.09998856855879247,0.09951988382806645,0.11821436882019043,0.004782277247703444,0.004782038455708459,0.06192755699157715,1.2168997458814425e-19
0.08895636468585483,0.0871289561438223,0.09998857322232796,0.09952017121985184,0.1160440444946289,0.004782038461591796,0.004781799681552457,0.06152606010437012,1.216916550835384e-19
0.08895568201794557,0.08712885901837752,0.09998857788567019,0.09952045859337769,0.11789441108703613,0.004781799687423959,0.004781560920186223,0.06299924850463867,1.2169333453194659e-19
0.08895499936644341,0.08712876189722836,0.09998858254881918,0.09952074594864545,0.11854910850524902,0.004781560925198145,0.0047813221694781305,0.06199908256530762,1.216950140226546e-19
0.08895431673134965,0.08712866478037455,0.09998858721177492,0.09952103328565659,0.11821413040161133,0.004781322174915343,0.004781083430671629,0.061986684799194336,1.21696693789688e-19
0.08895363411266567,0.08712856766781582,0.09998859187453743,0.09952132060441253,0.11914300918579102,0.004781083436576519,0.004780844704654896,0.06283402442932129,1.2169837289213749e-19
0.08895295151039283,0.08712847055955192,0.0999885965371067,0.09952160790491475,0.11878681182861328,0.0047808447101786965,0.004780605990539755,0.06295323371887207,1.217000521195979e-19
0.08895226892453248,0.08712837345558257,0.09998860119948272,0.09952189518716467,0.11826229095458984,0.0047806059957219635,0.0047803672879709325,0.06321310997009277,1.2170173172636736e-19
0.08895158635508595,0.08712827635590752,0.0999886058616655,0.09952218245116375,0.11729907989501953,0.004780367293206074,0.00478012859694843,0.06255078315734863,1.2170341102884333e-19
0.08895090380205466,0.08712817926052649,0.09998861052365504,0.09952246969691343,0.11803317070007324,0.0047801286026307585,0.004779889918360425,0.06243181228637695,1.2170509019955071e-19
0.08895022126543987,0.08712808216943925,0.09998861518545134,0.09952275692441519,0.1192471981048584,0.004779889923994762,0.004779651252029282,0.06299686431884766,1.217067692785588e-19
0.08894953874524295,0.08712798508264552,0.0999886198470544,0.09952304413367044,0.11731958389282227,0.004779651257297486,0.004779412597066823,0.06264734268188477,1.217084483185557e-19
0.08894885624146522,0.08712788800014504,0.09998862450846423,0.09952333132468065,0.12049174308776855,0.004779412602538958,0.004779173954361227,0.06332778930664062,1.2171012726158204e-19
0.08894817375410802,0.08712779092193754,0.09998862916968082,0.09952361849744729,0.12057805061340332,0.004779173959716954,0.004778935323201949,0.06330585479736328,1.2171180634793872e-19
0.08894749128317272,0.08712769384802277,0.09998863383070418,0.09952390565197178,0.11745071411132812,0.004778935328833241,0.004778696704299534,0.06273126602172852,1.2171348539256315e-19
0.0889468088286607,0.08712759677840046,0.0999886384915343,0.09952419278825558,0.11932039260864258,0.004778696709885153,0.004778458096943439,0.06247544288635254,1.2171516441880558e-19
0.08894612639057325,0.08712749971307034,0.0999886431521712,0.09952447990630015,0.11838936805725098,0.004778458102873499,0.004778219502199477,0.06320405006408691,1.2171684263863274e-19
0.08894544396891173,0.08712740265203214,0.09998864781261486,0.0995247670061069,0.1188802719116211,0.004778219507797255,0.00477798091917947,0.06302547454833984,1.2171852182084204e-19
0.08894476156367752,0.08712730559528563,0.0999886524728653,0.09952505408767733,0.1182548999786377,0.004777980924654844,0.004777742348061054,0.062101125717163086,1.2172020019812166e-19
0.08894407917487196,0.08712720854283051,0.09998865713292251,0.09952534115101284,0.11710286140441895,0.004777742353446367,0.004777503788666593,0.06273341178894043,1.2172187890097099e-19
0.08894339680249637,0.08712711149466654,0.0999886617927865,0.0995256281961149,0.11846709251403809,0.004777503794171165,0.004777265241528994,0.06264209747314453,1.2172355756999196e-19
0.0889427144465521,0.08712701445079345,0.09998866645245727,0.09952591522298494,0.11795783042907715,0.0047772652468287225,0.004777026705937715,0.06238555908203125,1.2172523608395709e-19
0.08894203210704048,0.08712691741121098,0.09998867111193481,0.09952620223162444,0.11844491958618164,0.004777026711420108,0.004776788182780933,0.06310749053955078,1.2172691437049035e-19
0.08894134978396287,0.08712682037591886,0.09998867577121913,0.0995264892220348,0.11681008338928223,0.0047767881879419325,0.004776549670637564,0.06270718574523926,1.2172859259129006e-19
0.08894066747732057,0.08712672334491685,0.09998868043031023,0.09952677619421751,0.1179189682006836,0.004776549676395397,0.0047763111712839645,0.06299376487731934,1.2173027102432346e-19
0.08893998518711498,0.08712662631820467,0.0999886850892081,0.099527063148174,0.1178743839263916,0.004776311176778854,0.00477607268365432,0.06386375427246094,1.2173194892046627e-19
0.08893930291334742,0.08712652929578206,0.09998868974791277,0.0995273500839057,0.11531400680541992,0.004776072689092721,0.0047758342082815375,0.06314468383789062,1.2173362651020624e-19
0.08893862065601925,0.08712643227764877,0.09998869440642422,0.0995276370014141,0.11670970916748047,0.004775834213334982,0.0047755957439221675,0.06407546997070312,1.2173530524407886e-19
0.08893793841513178,0.08712633526380453,0.09998869906474245,0.09952792390070059,0.11564397811889648,0.004775595749506806,0.004775357292352567,0.06260538101196289,1.2173698331592197e-19
0.08893725619068639,0.08712623825424907,0.09998870372286747,0.09952821078176664,0.11627078056335449,0.0047753572976055505,0.004775118851974014,0.06339621543884277,1.2173866112088216e-19
0.08893657398268442,0.08712614124898214,0.09998870838079929,0.0995284976446137,0.11722087860107422,0.0047751188576333516,0.004774880424207595,0.06327605247497559,1.2174033962743546e-19
0.0889358917911272,0.08712604424800346,0.09998871303853789,0.09952878448924322,0.1157071590423584,0.004774880429587784,0.0047746420078098595,0.06270241737365723,1.2174201658377306e-19
0.08893520961601603,0.08712594725131279,0.09998871769608328,0.09952907131565662,0.11538457870483398,0.004774642013468052,0.004774403604201893,0.06308531761169434,1.2174369444001857e-19
0.08893452745735231,0.08712585025890984,0.09998872235343545,0.09952935812385535,0.11575055122375488,0.004774403609273812,0.00477416521160734,0.06229233741760254,1.2174537214665098e-19
0.08893384531513739,0.08712575327079437,0.09998872701059441,0.09952964491384088,0.11757087707519531,0.004774165217004914,0.0047739268310920124,0.06269550323486328,1.2174705006829555e-19
0.08893316318937262,0.08712565628696613,0.09998873166756017,0.09952993168561464,0.1159214973449707,0.004773926836661057,0.004773688462478276,0.06234288215637207,1.2174872800261908e-19
0.0889324810800593,0.08712555930742483,0.09998873632433274,0.09953021843917807,0.11464762687683105,0.004773688468240259,0.004773450105943766,0.06147956848144531,1.217504051309163e-19
0.0889317989871988,0.08712546233217021,0.0999887409809121,0.09953050517453266,0.11565685272216797,0.004773450111743593,0.0047732117616661185,0.06192135810852051,1.217520822070427e-19
0.08893111691079243,0.08712536536120201,0.09998874563729826,0.0995307918916798,0.11693286895751953,0.004773211767168453,0.004772973429467697,0.06190609931945801,1.2175375963664963e-19
0.08893043485084155,0.08712526839451999,0.09998875029349122,0.09953107859062095,0.11703014373779297,0.0047729734345149195,0.004772735108105053,0.061670541763305664,1.2175543689763528e-19
0.08892975280734751,0.08712517143212388,0.09998875494949097,0.09953136527135757,0.11749410629272461,0.004772735113784724,0.004772496799709813,0.0616908073425293,1.2175711403783032e-19
0.08892907078031159,0.08712507447401341,0.09998875960529754,0.0995316519338911,0.11716365814208984,0.0047724968049742775,0.004772258502860893,0.061363935470581055,1.2175879164307937e-19
0.08892838876973518,0.08712497752018832,0.09998876426091091,0.09953193857822298,0.11760735511779785,0.004772258508083926,0.004772020217380657,0.061669349670410156,1.2176046876631866e-19
0.08892770677561956,0.08712488057064834,0.09998876891633109,0.09953222520435467,0.11801266670227051,0.004772020223114233,0.0047717819443349185,0.062125205993652344,1.2176214559038934e-19
0.0889270247979661,0.0871247836253932,0.09998877357155807,0.09953251181228759,0.1184844970703125,0.004771781950063759,0.004771543683901314,0.062070369720458984,1.2176382278138906e-19
0.08892634283677615,0.08712468668442265,0.09998877822659186,0.09953279840202318,0.11777544021606445,0.0047715436889305745,0.004771305433948214,0.0626225471496582,1.2176549950866743e-19
0.08892566089205106,0.08712458974773643,0.09998878288143245,0.09953308497356289,0.11668705940246582,0.004771305439716876,0.00477106719696252,0.06204366683959961,1.2176717660042174e-19
0.08892497896379216,0.08712449281533428,0.09998878753607987,0.09953337152690818,0.11899948120117188,0.004771067202418689,0.00477082897170078,0.06220388412475586,1.217688531867598e-19
0.08892429705200083,0.08712439588721595,0.09998879219053411,0.09953365806206046,0.11880159378051758,0.004770828977037311,0.0047705907583406315,0.06271171569824219,1.2177052993802223e-19
0.08892361515667838,0.08712429896338116,0.09998879684479516,0.0995339445790212,0.11691164970397949,0.004770590763571931,0.004770352556526802,0.06185126304626465,1.2177220657115296e-19
0.08892293327782617,0.08712420204382965,0.09998880149886301,0.09953423107779183,0.11716055870056152,0.004770352562022881,0.004770114366969835,0.06278705596923828,1.2177388306943658e-19
0.08892225141544555,0.08712410512856117,0.09998880615273768,0.0995345175583738,0.11458158493041992,0.004770114372388629,0.004769876188781552,0.06257414817810059,1.2177555959806405e-19
0.08892156956953783,0.08712400821757545,0.09998881080641918,0.09953480402076853,0.11634492874145508,0.0047698761946692765,0.0047696380232054025,0.06249499320983887,1.2177723599797704e-19
0.08892088774010437,0.08712391131087223,0.0999888154599075,0.0995350904649775,0.11522269248962402,0.004769638028863409,0.004769399869708479,0.06262063980102539,1.2177891308185427e-19
0.08892020592714647,0.08712381440845125,0.09998882011320263,0.09953537689100213,0.11277079582214355,0.004769399874969544,0.004769161727402604,0.06263422966003418,1.2178058910381887e-19
0.0889195241306655,0.08712371751031224,0.0999888247663046,0.09953566329884386,0.11430549621582031,0.00476916173298937,0.004768923597531227,0.06376338005065918,1.217822656512695e-19
0.08891884235066282,0.08712362061645494,0.09998882941921339,0.09953594968850414,0.11384725570678711,0.004768923602920655,0.0047686854792061695,0.06430315971374512,1.2178394188398234e-19
0.08891816058713975,0.08712352372687909,0.09998883407192899,0.09953623605998442,0.11342978477478027,0.004768685484764752,0.004768447373137974,0.06440258026123047,1.217856178494045e-19
0.08891747884009764,0.08712342684158444,0.09998883872445143,0.09953652241328613,0.11378073692321777,0.004768447378518443,0.004768209278793734,0.0645134449005127,1.2178729365598802e-19
0.08891679710953782,0.08712332996057073,0.09998884337678068,0.09953680874841071,0.1141810417175293,0.0047682092841824335,0.004767971196351084,0.06517910957336426,1.2178896996695868e-19
0.08891611539546165,0.0871232330838377,0.09998884802891678,0.09953709506535961,0.1139383316040039,0.004767971201755151,0.004767733125810025,0.06531548500061035,1.2179064572687636e-19
0.08891543369787046,0.08712313621138505,0.09998885268085969,0.09953738136413426,0.11349010467529297,0.004767733131237635,0.004767495066815286,0.06471633911132812,1.2179232150079315e-19
0.08891475201676559,0.08712303934321258,0.09998885733260944,0.09953766764473611,0.11398935317993164,0.0047674950726300175,0.004767257020610316,0.06457233428955078,1.217939975940286e-19
0.08891407035214836,0.08712294247932,0.09998886198416602,0.0995379539071666,0.11474823951721191,0.00476725702592761,0.004767018985951665,0.0649254322052002,1.2179567355434042e-19
0.08891338870402014,0.08712284561970703,0.09998886663552943,0.09953824015142719,0.11442255973815918,0.0047670189911328525,0.004766780962839334,0.06506156921386719,1.2179734870657684e-19
0.08891270707238223,0.0871227487643734,0.09998887128669967,0.09953852637751928,0.11531186103820801,0.004766780968243836,0.004766542951450958,0.06463027000427246,1.217990249528371e-19
0.08891202545723602,0.08712265191331887,0.09998887593767675,0.09953881258544434,0.11500096321105957,0.004766542957262917,0.0047663049523194445,0.06439518928527832,1.2180070057241792e-19
0.08891134385858279,0.08712255506654319,0.09998888058846066,0.09953909733237386,0.11464285850524902,0.004766304958186896,0.00476606696473425,0.06398773193359375,1.218023754402617e-19
0.0889106622764239,0.08712245822404607,0.0999888852390514,0.09953937931186611,0.11581730842590332,0.004766066971016512,0.004765828990116461,0.06421375274658203,1.2180405095837116e-19
0.08890998071076066,0.08712236138582728,0.09998888988944898,0.09953966127351838,0.11521530151367188,0.004765828995749094,0.0047655910266897195,0.06427979469299316,1.2180572629542093e-19
0.08890929916159444,0.08712226455188656,0.09998889453965341,0.09953994321733205,0.11813759803771973,0.004765591032385398,0.004765353075164569,0.06370091438293457,1.2180740187736316e-19
0.08890861762892659,0.08712216772222363,0.09998889918966469,0.09954022514330853,0.11671686172485352,0.004765353080924859,0.004765115135718645,0.06280255317687988,1.218090771737771e-19
0.08890793611275843,0.08712207089683824,0.09998890383948282,0.09954050705144923,0.11487126350402832,0.004765115141366167,0.004764877207641405,0.06283760070800781,1.2181075230678808e-19
0.08890725461309126,0.08712197407573011,0.0999889084891078,0.09954078894175555,0.11757278442382812,0.004764877213710148,0.004764639292353934,0.06362271308898926,1.2181242761626132e-19
0.08890657312992642,0.087121877258899,0.09998891313853962,0.09954107081422889,0.11748027801513672,0.004764639297955115,0.004764401388435147,0.06382369995117188,1.2181410238852438e-19
0.08890589166326529,0.08712178044634464,0.09998891778777828,0.09954135266887064,0.11752939224243164,0.004764401394100163,0.004764163497128493,0.0641319751739502,1.2181577769773257e-19
0.08890521021310915,0.08712168363806677,0.09998892243682381,0.09954163450568221,0.11847519874572754,0.004764163502143608,0.00476392561647998,0.06445908546447754,1.2181745265128359e-19
0.08890452877945942,0.08712158683406514,0.09998892708567617,0.09954191632466503,0.11815953254699707,0.00476392562208737,0.004763687748621237,0.06484055519104004,1.2181912747162202e-19
0.0889038473623174,0.08712149003433946,0.09998893173433539,0.09954219812582044,0.11875271797180176,0.004763687753930011,0.004763449892131177,0.06490206718444824,1.2182080271320766e-19
0.08890316596168443,0.08712139323888948,0.09998893638280146,0.09954247990914987,0.12109589576721191,0.004763449897671048,0.004763212047542709,0.06534266471862793,1.218224772926898e-19
0.08890248457756189,0.08712129644771495,0.09998894103107438,0.09954276167465471,0.11972165107727051,0.00476321205331019,0.004762974215744009,0.06541585922241211,1.2182415125943348e-19
0.08890180320995111,0.08712119966081562,0.09998894567915417,0.0995430434223364,0.12062382698059082,0.004762974220844123,0.004762736394958722,0.0646207332611084,1.2182582633005378e-19
0.0889011218588534,0.08712110287819122,0.0999889503270408,0.09954332515219629,0.12073516845703125,0.004762736400276272,0.004762498586075026,0.06669783592224121,1.2182750104903575e-19
0.08890044052427007,0.0871210060998415,0.09998895497473431,0.09954360686423577,0.12141203880310059,0.004762498591603466,0.004762260789270556,0.0668783187866211,1.2182917531657237e-19
0.08889975920620248,0.08712090932576617,0.09998895962223468,0.09954388855845626,0.11848115921020508,0.00476226079482669,0.00476202300507822,0.06581258773803711,1.2183085008856422e-19
0.08889907790465196,0.08712081255596499,0.0999889642695419,0.09954417023485918,0.12045526504516602,0.0047620230099422334,0.0047617852315440246,0.06677436828613281,1.218325245409561e-19
0.0888983966196198,0.08712071579043769,0.09998896891665598,0.09954445189344592,0.1206521987915039,0.004761785236953401,0.004761547470444327,0.06547856330871582,1.2183419824262405e-19
0.08889771535110742,0.08712061902918403,0.09998897356357694,0.09954473353421787,0.1204979419708252,0.00476154747585817,0.004761309721246221,0.06617140769958496,1.2183587284377475e-19
0.08889703409911609,0.08712052227220371,0.09998897821030475,0.09954501515717645,0.12076807022094727,0.004761309726656221,0.004761071983949705,0.06617045402526855,1.2183754685576972e-19
0.08889635286364715,0.0871204255194965,0.09998898285683944,0.09954529676232306,0.11745309829711914,0.004761071989346017,0.00476083425855478,0.06505513191223145,1.218392209211658e-19
0.08889567164470198,0.08712032877106214,0.099988987503181,0.09954557834965908,0.11779594421386719,0.004760834263927611,0.004760596545061446,0.0649261474609375,1.2184089527614053e-19
0.08889499044228186,0.08712023202690036,0.09998899214932944,0.09954585991918594,0.12036538124084473,0.004760596550399695,0.004760358843469703,0.0658869743347168,1.2184256913515144e-19
0.08889430925638811,0.08712013528701092,0.09998899679528474,0.09954614147090501,0.12048125267028809,0.004760358848763079,0.004760121153424279,0.06597661972045898,1.2184424276440898e-19
0.08889362808702213,0.08712003855139351,0.0999890014410469,0.09954642300481771,0.11979341506958008,0.004760121159016761,0.004759883475458082,0.06530189514160156,1.2184591716103098e-19
0.08889294693418524,0.0871199418200479,0.09998900608661594,0.09954670452092541,0.12005352973937988,0.004759883481159558,0.004759645809748747,0.06572890281677246,1.2184759073537195e-19
0.0888922657978788,0.08711984509297382,0.09998901073199187,0.09954698601922952,0.12066173553466797,0.004759645815191132,0.0047594081555857315,0.06603121757507324,1.2184926476928486e-19
0.08889158467810412,0.08711974837017104,0.09998901537717468,0.09954726749973146,0.12047958374023438,0.004759408161110547,0.004759170513679578,0.06559062004089355,1.2185093808834634e-19
0.08889090357486257,0.08711965165163928,0.09998902002216437,0.09954754896243259,0.11925554275512695,0.004759170518916277,0.0047589328831421085,0.06535720825195312,1.218526114447526e-19
0.08889022248815547,0.08711955493737826,0.09998902466696093,0.09954783040733432,0.12028789520263672,0.0047589328886097175,0.00475869526450623,0.06620621681213379,1.2185428512066884e-19
0.08888954141798415,0.08711945822738773,0.09998902931156436,0.09954811183443807,0.11864805221557617,0.004758695270189261,0.0047584576584824845,0.06583881378173828,1.2185595879149555e-19
0.08888886036434997,0.08711936152166744,0.0999890339559747,0.09954839324374523,0.12007832527160645,0.004758457663653509,0.004758220063294516,0.06538057327270508,1.2185763182271219e-19
0.08888817932725422,0.08711926482021712,0.0999890386001919,0.09954867463525718,0.12050509452819824,0.004758220069004044,0.004757982480718681,0.06576180458068848,1.218593057669846e-19
0.08888749830669825,0.08711916812303651,0.099989043244216,0.09954895600897533,0.11909174919128418,0.004757982486238236,0.004757744909866801,0.06541085243225098,1.218609787134448e-19
0.08888681730268337,0.08711907143012534,0.09998904788804697,0.09954923736490108,0.11902379989624023,0.0047577449153564716,0.004757507351271784,0.06545090675354004,1.2186265142713865e-19
0.08888613631521092,0.08711897474148339,0.09998905253168484,0.09954951870303581,0.11897659301757812,0.004757507356357371,0.004757269803512543,0.06665301322937012,1.218643255271534e-19
0.08888545534428229,0.08711887805711035,0.0999890571751296,0.09954980002338094,0.11907362937927246,0.004757269809241865,0.004757032268543071,0.06626057624816895,1.218659981051181e-19
0.08888477438989877,0.087118781377006,0.09998906181838126,0.09955008132593786,0.11746764183044434,0.004757032274008917,0.0047567947452975545,0.06455135345458984,1.2186767154679315e-19
0.0888840934520617,0.08711868470117004,0.09998906646143979,0.09955036261070795,0.11674284934997559,0.004756794750655659,0.004756557233775993,0.06552624702453613,1.218693442611286e-19
0.08888341253077242,0.08711858802960226,0.09998907110430522,0.0995506438776926,0.11710119247436523,0.004756557239184103,0.004756319733978387,0.06497597694396973,1.21871017394573e-19
0.08888273162603225,0.08711849136230236,0.09998907574697753,0.0995509251268932,0.11631226539611816,0.004756319739593681,0.004756082246437643,0.06485271453857422,1.2187268964223593e-19
0.08888205073784249,0.08711839469927009,0.09998908038945675,0.09955120635831119,0.11696290969848633,0.004756082251883096,0.004755844770087947,0.06524229049682617,1.2187436260250232e-19
0.08888136986620455,0.08711829804050518,0.09998908503174288,0.09955148757194793,0.11602020263671875,0.004755844776052472,0.00475560730652802,0.06455540657043457,1.2187603569389625e-19
0.08888068901111974,0.08711820138600739,0.0999890896738359,0.09955176876780485,0.11652398109436035,0.004755607312099778,0.00475536985504732,0.06479072570800781,1.2187770801155444e-19
0.08888000817258934,0.08711810473577644,0.09998909431573581,0.0995520499458833,0.1158442497253418,0.00475536986002317,0.004755132414580032,0.06420421600341797,1.218793805914061e-19
0.0888793273506147,0.08711800808981209,0.09998909895744264,0.09955233110618472,0.1168675422668457,0.004755132419824043,0.0047548949858366996,0.06435012817382812,1.218810535421332e-19
0.08887864654519718,0.08711791144811405,0.09998910359895637,0.0995526122487105,0.11729979515075684,0.0047548949915031165,0.0047546575697055005,0.06454682350158691,1.218827259175907e-19
0.08887796575633812,0.08711781481068209,0.09998910824027699,0.09955289337346203,0.11724472045898438,0.004754657575057802,0.004754420164942985,0.06344246864318848,1.2188439805999233e-19
0.08887728498403888,0.08711771817751594,0.09998911288140451,0.09955317448044068,0.11690783500671387,0.004754420170487544,0.004754182772437332,0.06381821632385254,1.2188607067662934e-19
0.08887660422830072,0.08711762154861535,0.09998911752233895,0.09955345556964787,0.11876678466796875,0.004754182777792351,0.004753945391122727,0.06398272514343262,1.218877426569e-19
0.08887592348912504,0.08711752492398005,0.0999891221630803,0.09955373664108498,0.11776542663574219,0.004753945396973005,0.004753708022597891,0.06347775459289551,1.218894152919035e-19
0.08887524276651314,0.08711742830360979,0.09998912680362856,0.09955401769475342,0.11984038352966309,0.004753708028026182,0.004753470666152282,0.06499791145324707,1.2189108738061675e-19
0.08887456206046636,0.0871173316875043,0.09998913144398373,0.09955429873065458,0.11990690231323242,0.004753470670951272,0.004753233320364814,0.0636754035949707,1.2189275939253958e-19
0.08887388137098598,0.0871172350756633,0.09998913608414582,0.09955457974878984,0.12156057357788086,0.00475323332575044,0.004752995986656572,0.06472182273864746,1.2189443141008076e-19
0.08887320069807339,0.08711713846808657,0.09998914072411481,0.09955486074916063,0.11957216262817383,0.004752995992421058,0.004752758664672285,0.06411242485046387,1.218961030034734e-19
0.08887252004172985,0.08711704186477381,0.09998914536389072,0.09955514173176833,0.11791443824768066,0.004752758670965926,0.004752521355833039,0.0638425350189209,1.2189777477350736e-19
0.08887183940195673,0.0871169452657248,0.09998915000347357,0.09955542269661431,0.12080025672912598,0.004752521361378983,0.004752284058007206,0.0658869743347168,1.2189944673167085e-19
0.08887115877875533,0.08711684867093927,0.09998915464286333,0.09955570364369999,0.1201317310333252,0.0047522840636623764,0.00475204677261587,0.06548070907592773,1.2190111837188971e-19
0.08887047817212701,0.08711675208041693,0.09998915928206001,0.09955598457302675,0.12155723571777344,0.004752046777814457,0.004751809498237947,0.06542801856994629,1.2190278996271223e-19
0.08886979758207314,0.08711665549415754,0.0999891639210636,0.09955626548459598,0.12209033966064453,0.0047518095038370164,0.004751572236472157,0.06597638130187988,1.219044617580562e-19
0.08886911700859501,0.08711655891216084,0.09998916855987412,0.09955654637840909,0.12076544761657715,0.004751572241726744,0.004751334986430322,0.06588411331176758,1.219061332702344e-19
0.08886843645169398,0.08711646233442659,0.09998917319849157,0.09955682725446746,0.12156319618225098,0.004751334991483724,0.004751097747579536,0.06624126434326172,1.2190780472857802e-19
0.08886775591137136,0.0871163657609545,0.09998917783691594,0.09955710811277249,0.12070274353027344,0.004751097753109436,0.004750860521340883,0.06580042839050293,1.219094764700571e-19
0.08886707538762845,0.08711626919174431,0.09998918247514725,0.09955738895332558,0.12067842483520508,0.0047508605266018454,0.004750623306826185,0.06536602973937988,1.2191114822886308e-19
0.08886639488046659,0.08711617262679579,0.09998918711318548,0.09955766977612811,0.1207125186920166,0.004750623311958691,0.004750386103680171,0.06522083282470703,1.2191281924491516e-19
0.08886571438988711,0.08711607606610865,0.09998919175103065,0.09955795058118146,0.11978030204772949,0.004750386109182474,0.00475014891314629,0.06588172912597656,1.2191449058821078e-19
0.08886503391589137,0.08711597950968263,0.09998919638868274,0.09955823136848706,0.12104415893554688,0.00475014891826987,0.004749911734336365,0.06579327583312988,1.2191616171841977e-19
0.0888643534584807,0.08711588295751747,0.09998920102614176,0.09955851213804627,0.12101554870605469,0.004749911739220269,0.004749674566184581,0.06557917594909668,1.2191783298722093e-19
0.08886367301765642,0.08711578640961296,0.09998920566340772,0.09955879288986051,0.11921811103820801,0.004749674572036892,0.004749437411355473,0.06555581092834473,1.2191950378202345e-19
0.08886299259341986,0.08711568986596879,0.09998921030048061,0.09955907362393115,0.1211240291595459,0.004749437416714964,0.004749200268072684,0.06467485427856445,1.2192117535214558e-19
0.08886231218577233,0.08711559332658474,0.09998921493736045,0.09955935096218806,0.11976265907287598,0.00474920027325559,0.004748963135625672,0.06663823127746582,1.21922845846402e-19
0.08886163179471512,0.08711549679146051,0.09998921957404722,0.09955962749139208,0.12098431587219238,0.004748963141659949,0.004748726016146065,0.06643199920654297,1.2192451665156594e-19
0.0888609514202496,0.08711540026059587,0.0999892242105409,0.09955990400317621,0.11745548248291016,0.004748726021924984,0.004748488908390414,0.06443214416503906,1.2192618752182774e-19
0.08886027106237711,0.08711530373399054,0.09998922884684153,0.09956018049754181,0.11843204498291016,0.004748488914050418,0.00474825181306926,0.06543278694152832,1.2192785790661208e-19
0.08885959072109899,0.08711520721164427,0.09998923348294911,0.09956045697449023,0.11902928352355957,0.004748251818034011,0.004748014728228611,0.06478691101074219,1.2192952876291797e-19
0.08885891039641655,0.0871151106935568,0.09998923811886362,0.09956073343402283,0.11959552764892578,0.0047480147338786055,0.004747777655644825,0.0648031234741211,1.2193119927254221e-19
0.08885823008833112,0.08711501417972788,0.09998924275458508,0.09956100987614097,0.11940693855285645,0.0047477776615839394,0.004747540595850808,0.06498312950134277,1.2193287000334338e-19
0.08885754979684403,0.08711491767015721,0.09998924739011349,0.09956128630084599,0.11881446838378906,0.004747540601145944,0.004747303547425474,0.06467556953430176,1.2193454061293485e-19
0.08885686952195662,0.08711482116484456,0.09998925202544884,0.09956156270813923,0.11876940727233887,0.004747303552565387,0.0047470665105464604,0.06465387344360352,1.2193621069459671e-19
0.08885618926367018,0.0871147246637897,0.09998925666059115,0.09956183909802206,0.11856460571289062,0.004747066515842359,0.004746829485746673,0.0650331974029541,1.2193788124536265e-19
0.08885550902198601,0.08711462816699232,0.09998926129554041,0.09956211547049582,0.11763238906860352,0.004746829490975653,0.0047465924723155695,0.06487679481506348,1.2193955132425298e-19
0.0888548287969055,0.08711453167445221,0.09998926593029661,0.09956239182556188,0.11809563636779785,0.0047465924779646895,0.004746355471141328,0.06566596031188965,1.2194122171775976e-19
0.08885414858843006,0.08711443518616908,0.09998927056485976,0.09956266816322161,0.11794185638427734,0.004746355476809085,0.004746118481513406,0.06480646133422852,1.2194289150743653e-19
0.08885346839656093,0.08711433870214268,0.09998927519922987,0.0995629444834763,0.11851215362548828,0.004746118487509375,0.004745881504852889,0.06497359275817871,1.2194456192966737e-19
0.08885278822129943,0.08711424222237274,0.09998927983340693,0.09956322078632736,0.11925983428955078,0.004745881510061865,0.004745644538850513,0.06478214263916016,1.219462325338189e-19
0.08885210806264689,0.08711414574685901,0.09998928446739094,0.09956349707177613,0.11681842803955078,0.004745644544468338,0.004745407584749728,0.06420278549194336,1.2194790214161413e-19
0.08885142792060462,0.08711404927560122,0.09998928910118192,0.09956377333982395,0.11813831329345703,0.00474540759072822,0.004745170643261076,0.06479454040527344,1.2194957182259984e-19
0.08885074779517395,0.08711395280859911,0.09998929373477985,0.09956404959047219,0.11750006675720215,0.004745170648839878,0.0047449337131411085,0.06467771530151367,1.2195124173307008e-19
0.08885006768635625,0.08711385634585246,0.09998929836818475,0.09956432582372218,0.11964631080627441,0.004744933718803712,0.0047446967954556385,0.0637366771697998,1.219529113374714e-19
0.08884938759415285,0.08711375988736098,0.0999893030013966,0.09956460203957529,0.1192619800567627,0.004744696800616817,0.004744459888605945,0.06342458724975586,1.2195458113384037e-19
0.08884870751856504,0.0871136634331244,0.09998930763441544,0.09956487823803287,0.1168515682220459,0.004744459894282625,0.004744222994013114,0.06338739395141602,1.219562510763134e-19
0.08884802745959415,0.08711356698314247,0.09998931226724123,0.09956515441909627,0.11864781379699707,0.00474422299979747,0.004743986111677145,0.06447458267211914,1.2195792062027079e-19
0.08884734741724157,0.08711347053741494,0.09998931689987399,0.09956543058276687,0.11733460426330566,0.00474398611716219,0.004743749240532225,0.06473374366760254,1.2195958982877704e-19
0.08884666739150858,0.08711337409594157,0.09998932153231373,0.09956570672904598,0.11760926246643066,0.00474374924637577,0.004743512381644166,0.06489849090576172,1.219612594171798e-19
0.0888459873823965,0.08711327765872207,0.09998932616456041,0.09956598285793497,0.11827349662780762,0.004743512387437329,0.004743275534835334,0.06488943099975586,1.2196292856662925e-19
0.08884530738990665,0.0871131812257562,0.09998933079661408,0.09956625896943519,0.11785006523132324,0.004743275540346212,0.004743038699395186,0.06535124778747559,1.2196459803584235e-19
0.08884462741404037,0.08711308479704369,0.09998933542847471,0.09956653506354798,0.11735320091247559,0.0047430387051025195,0.0047428018762118995,0.06500029563903809,1.2196626750246708e-19
0.08884394745479893,0.08711298837258429,0.09998934006014232,0.0995668111402747,0.11908650398254395,0.004742801881705042,0.00474256506510784,0.06463241577148438,1.219679370492534e-19
0.08884326751218369,0.08711289195237772,0.09998934469161691,0.09956708719961668,0.11747455596923828,0.004742565070152043,0.004742328264661921,0.06461572647094727,1.2196960558762493e-19
0.088842587586196,0.08711279553642373,0.09998934932289846,0.09956736324157531,0.11937594413757324,0.004742328270446435,0.004742091477716315,0.06362032890319824,1.2197127557379367e-19
0.08884190767683722,0.08711269912472207,0.099989353953987,0.09956763926615192,0.1179208755493164,0.004742091482582814,0.0047418547012512136,0.06480264663696289,1.2197294415603194e-19
0.08884122778410865,0.08711260271727247,0.09998935858488252,0.09956791527334788,0.11977458000183105,0.0047418547065636975,0.0047416179370429745,0.06464529037475586,1.2197461293116563e-19
0.08884054790801164,0.08711250631407469,0.09998936321558502,0.09956819126316452,0.11722540855407715,0.00474161794238848,0.004741381184913962,0.06381988525390625,1.2197628168260364e-19
0.08883986804854752,0.08711240991512846,0.0999893678460945,0.09956846723560321,0.11994194984436035,0.004741381190055853,0.004741144443798362,0.0648183822631836,1.2197795052660396e-19
0.08883918820571754,0.08711231352043353,0.09998937247641096,0.09956874319066529,0.11974382400512695,0.0047411444495665984,0.004740907715294895,0.06406092643737793,1.2197961959482516e-19
0.08883850837952309,0.08711221712998962,0.09998937710653441,0.0995690191283521,0.12044763565063477,0.00474090772091814,0.004740670998515384,0.06455111503601074,1.219812885857012e-19
0.08883782856996542,0.08711212074379651,0.09998938173646485,0.09956929504866502,0.11983108520507812,0.004740671004110456,0.004740434293815099,0.06434750556945801,1.219829566229345e-19
0.08883714877704586,0.08711202436185392,0.09998938636620228,0.09956957095160536,0.1172792911529541,0.004740434299143344,0.004740197600483498,0.0634450912475586,1.2198462513775255e-19
0.08883646900076576,0.08711192798416158,0.09998939099574669,0.0995698468371745,0.11812400817871094,0.004740197606016522,0.004739960919231123,0.06389474868774414,1.219862936437608e-19
0.08883578924112642,0.08711183161071924,0.0999893956250981,0.09957012270537376,0.12090945243835449,0.004739960924728714,0.004739724249702704,0.06503415107727051,1.2198796207000213e-19
0.0888351094981292,0.08711173524152666,0.0999894002542565,0.09957039855620452,0.11977505683898926,0.00473972425528004,0.004739487592253511,0.06473493576049805,1.2198963085149386e-19
0.0888344297717754,0.08711163887658356,0.09998940488322189,0.0995706743896681,0.11970090866088867,0.0047394875976695255,0.0047392509461730015,0.06435012817382812,1.2199129903754634e-19
0.0888337500620663,0.08711154251588969,0.09998940951199428,0.09957095020576587,0.12032461166381836,0.004739250951895985,0.0047390143123493544,0.06473565101623535,1.2199296707939102e-19
0.08883307036900323,0.08711144615944479,0.09998941414057366,0.09957122600449915,0.12115597724914551,0.004739014317959435,0.004738777690427298,0.0652003288269043,1.2199463527955077e-19
0.08883239069258757,0.08711134980724859,0.09998941876896003,0.09957150178586932,0.11882567405700684,0.004738777695858207,0.0047385410800515615,0.0644524097442627,1.219963038055723e-19
0.0888317110328206,0.08711125345930086,0.0999894233971534,0.09957177754987771,0.11811184883117676,0.004738541085593511,0.00473830448139978,0.06384634971618652,1.2199797151247636e-19
0.0888310313897037,0.08711115711560131,0.09998942802515377,0.09957205329652567,0.11765670776367188,0.004738304487163684,0.004738067895360132,0.06452202796936035,1.2199963945941303e-19
0.08883035176323818,0.0871110607761497,0.09998943265296115,0.09957232902581457,0.11656594276428223,0.004738067900567138,0.0047378313201562605,0.06397294998168945,1.2200130776493603e-19
0.0888296721534254,0.08711096444094578,0.09998943728057552,0.09957260473774573,0.1183164119720459,0.004737831325806291,0.0047375947577421584,0.06384396553039551,1.220029754187481e-19
0.08882899256026668,0.08711086810998926,0.0999894419079969,0.09957288043232052,0.11903786659240723,0.004737594762877201,0.0047373582065191044,0.06401896476745605,1.2200464323012833e-19
0.0888283129837633,0.08711077178327992,0.09998944653522529,0.09957315610954029,0.11703252792358398,0.004737358211781607,0.004737121667020006,0.06357598304748535,1.2200631120453592e-19
0.0888276334239166,0.08711067546081747,0.09998945116226068,0.09957343176940636,0.11754941940307617,0.0047371216725182845,0.004736885139244862,0.06355643272399902,1.2200797888487013e-19
0.0888269538807279,0.08711057914260167,0.09998945578910308,0.0995737074119201,0.11653017997741699,0.004736885145086608,0.004736648624081852,0.0635526180267334,1.2200964637989844e-19
0.08882627435419851,0.08711048282863225,0.09998946041575248,0.09957398303708286,0.1186075210571289,0.004736648629485302,0.004736412120642797,0.06328248977661133,1.2201131359879476e-19
0.0888255948443298,0.08711038651890897,0.09998946504220889,0.09957425864489597,0.11878228187561035,0.004736412125714437,0.00473617562839479,0.062215566635131836,1.220129810096266e-19
0.08882491535112305,0.08711029021343154,0.09998946966847233,0.09957453423536079,0.11705875396728516,0.004736175633773456,0.004735939147870738,0.06282258033752441,1.2201464900911725e-19
0.08882423587457958,0.08711019391219973,0.09998947429454277,0.09957480980847867,0.11809158325195312,0.004735939153661451,0.00473570267995882,0.06290411949157715,1.2201631611882806e-19
0.08882355641470073,0.08711009761521328,0.09998947892042023,0.09957508536425097,0.1181328296661377,0.004735702685378725,0.004735466223770857,0.06300091743469238,1.2201798337170183e-19
0.08882287697148782,0.08711000132247192,0.09998948354610471,0.09957536090267903,0.1185770034790039,0.004735466228922432,0.004735229778951577,0.06345891952514648,1.2201965064924234e-19
0.08882219754494217,0.08710990503397541,0.09998948817159621,0.0995756364237642,0.11776924133300781,0.004735229784293623,0.004734993345856253,0.06353974342346191,1.220213175063273e-19
0.08882151813506514,0.08710980874972346,0.09998949279689473,0.09957591192750782,0.11768651008605957,0.004734993351492443,0.004734756925195427,0.06353116035461426,1.22022984630166e-19
0.08882083874185803,0.08710971246971583,0.09998949742200026,0.09957618741391122,0.11884951591491699,0.00473475693051751,0.004734520515370377,0.06418800354003906,1.220246519663254e-19
0.08882015936532213,0.08710961619395227,0.09998950204691281,0.09957646288297575,0.11899399757385254,0.004734520521370366,0.004734284118690368,0.06467795372009277,1.2202631912066762e-19
0.08881948000545879,0.08710951992243252,0.0999895066716324,0.09957673833470278,0.11910295486450195,0.00473428412404628,0.004734047732846136,0.06531977653503418,1.2202798562113105e-19
0.08881880066226934,0.08710942365515631,0.09998951129615899,0.09957701376909363,0.11901545524597168,0.004734047738546401,0.00473381135908113,0.06432747840881348,1.2202965283193972e-19
0.08881812133575505,0.08710932739212338,0.09998951592049261,0.09957728918614964,0.1183164119720459,0.004733811364871108,0.0047335749972177155,0.06492280960083008,1.2203131999272874e-19
0.0888174420259173,0.08710923113333349,0.09998952054463327,0.09957756458587215,0.11895537376403809,0.004733575003019519,0.004733338647433527,0.06506872177124023,1.2203298630715665e-19
0.08881676273275743,0.08710913487878638,0.09998952516858095,0.09957783996826254,0.11729216575622559,0.004733338652989941,0.004733102309195658,0.06425786018371582,1.2203465295829925e-19
0.08881608345627674,0.08710903862848181,0.09998952979233566,0.09957811533332214,0.11849164962768555,0.004733102314782537,0.004732865982504109,0.06570553779602051,1.2203631951703858e-19
0.0888154041964765,0.0871089423824195,0.0999895344158974,0.09957839068105229,0.11704301834106445,0.004732865988396365,0.004732629668247057,0.06427931785583496,1.2203798647610841e-19
0.0888147249533581,0.08710884614059919,0.09998953903926618,0.09957866454855925,0.11858034133911133,0.0047326296738304996,0.004732393365536325,0.06497359275817871,1.220396528518052e-19
0.08881404572692284,0.08710874990302063,0.09998954366244198,0.09957893571375204,0.11632251739501953,0.0047323933710859975,0.004732157074371912,0.06387996673583984,1.2204131900545563e-19
0.088813366517172,0.08710865366968355,0.09998954828542482,0.09957920686193585,0.11586141586303711,0.004732157080160617,0.004731920795819633,0.06342673301696777,1.2204298506035969e-19
0.08881268732410698,0.0871085574405877,0.0999895529082147,0.099579477993112,0.11613059043884277,0.004731920801053042,0.0047316845281031306,0.06380367279052734,1.2204465180122515e-19
0.08881200814772904,0.0871084612157328,0.09998955753081161,0.0995797491072818,0.11820244789123535,0.004731684533764053,0.00473144827264349,0.06430530548095703,1.220463181735011e-19
0.08881132898803953,0.08710836499511863,0.09998956215321557,0.09958002020444656,0.11851668357849121,0.004731448278293121,0.004731212028907805,0.06397247314453125,1.220479838129315e-19
0.08881064984503982,0.08710826877874492,0.09998956677542656,0.09958029128460759,0.11845803260803223,0.0047312120346408625,0.004730975797606618,0.06348347663879395,1.2204965032890693e-19
0.08880997071873117,0.08710817256661141,0.09998957139744459,0.09958056234776619,0.11946487426757812,0.004730975802804034,0.004730739577318843,0.06375885009765625,1.2205131643368566e-19
0.08880929160911487,0.08710807635871785,0.09998957601926968,0.09958083339392367,0.11943221092224121,0.004730739582784485,0.004730503368932659,0.06396889686584473,1.2205298196519975e-19
0.08880861251619224,0.08710798015506396,0.09998958064090181,0.09958110442308134,0.11948108673095703,0.0047305033745795805,0.00473026717227043,0.06352901458740234,1.220546478460727e-19
0.0888079334399646,0.08710788395564953,0.09998958526234097,0.09958137543524047,0.11956787109375,0.004730267178190364,0.004730030988397971,0.06424403190612793,1.2205631413041627e-19
0.08880725438043324,0.08710778776047426,0.0999895898835872,0.09958164643040242,0.11893343925476074,0.004730030993613888,0.004729794815183652,0.06447100639343262,1.2205797972992577e-19
0.08880657533759953,0.0871076915695379,0.09998959450464047,0.09958191740856846,0.11827611923217773,0.004729794820852962,0.0047295586544038315,0.0645606517791748,1.2205964517887187e-19
0.08880589631146477,0.0871075953828402,0.09998959912550079,0.09958218836973992,0.11946725845336914,0.0047295586599042936,0.004729322505703237,0.06395292282104492,1.2206131100418507e-19
0.08880521730203031,0.0871074992003809,0.09998960374616817,0.09958245931391811,0.1196136474609375,0.0047293225107668865,0.004729086368371327,0.06468391418457031,1.2206297701415553e-19
0.08880453830929746,0.08710740302215973,0.0999896083666426,0.09958273024110431,0.11809587478637695,0.004729086373441544,0.004728850242585736,0.06424689292907715,1.2206464222015555e-19
0.08880385933326752,0.08710730684817646,0.09998961298692408,0.09958300115129985,0.12014555931091309,0.00472885024792802,0.004728614129057007,0.06488347053527832,1.2206630798617727e-19
0.08880318037394183,0.0871072106784308,0.09998961760701261,0.09958327204450602,0.11966657638549805,0.004728614134224726,0.004728378027074598,0.0657050609588623,1.2206797334611452e-19
0.08880250143132172,0.08710711451292254,0.0999896222269082,0.09958354292072415,0.12072157859802246,0.004728378032331679,0.004728141936993779,0.06560087203979492,1.22069638190326e-19
0.08880182250540848,0.08710701835165138,0.09998962684661085,0.09958381377995551,0.11831092834472656,0.004728141942248691,0.004727905858814552,0.06424856185913086,1.2207130342603468e-19
0.08880114359620345,0.08710692219461709,0.09998963146612057,0.09958408462220145,0.11660122871398926,0.0047279058639747564,0.004727669792004008,0.06485819816589355,1.2207296900353673e-19
0.08880046470370788,0.0871068260418194,0.09998963608543734,0.09958435544746325,0.11690521240234375,0.004727669797509058,0.004727433737627962,0.06450819969177246,1.2207463405948478e-19
0.0887997858279232,0.08710672989325803,0.09998964070456119,0.09958462625574221,0.11721467971801758,0.0047274337428509575,0.004727197694442964,0.06449413299560547,1.2207629927225452e-19
0.08879910696885067,0.08710663374893275,0.0999896453234921,0.09958489704703966,0.11715865135192871,0.004727197700001453,0.004726961663514828,0.06445193290710449,1.220779640749697e-19
0.08879842812649158,0.0871065376088433,0.09998964994223007,0.09958516782135689,0.11534476280212402,0.004726961668957717,0.004726725643955376,0.06362581253051758,1.220796288920055e-19
0.08879774930084722,0.08710644147298942,0.0999896545607751,0.09958543857869522,0.11702489852905273,0.004726725649721456,0.004726489637008058,0.06351518630981445,1.2208129348204585e-19
0.08879707049191891,0.08710634534137085,0.09998965917912721,0.09958570931905594,0.11672210693359375,0.004726489642289044,0.004726253640896516,0.06379079818725586,1.220829589077464e-19
0.08879639169970804,0.08710624921398735,0.09998966379728638,0.09958598004244038,0.11792731285095215,0.004726253646662589,0.004726017656864201,0.06385636329650879,1.220846235233568e-19
0.08879571292421588,0.08710615309083866,0.09998966841525263,0.0995862507488498,0.1178429126739502,0.004726017662840531,0.004725781685444019,0.06409311294555664,1.2208628844608946e-19
0.08879503416544375,0.08710605697192451,0.09998967303302594,0.09958652143828554,0.11900472640991211,0.004725781690820534,0.004725545724149072,0.0631411075592041,1.2208795285362057e-19
0.08879435542339295,0.08710596085724465,0.09998967765060633,0.0995867921107489,0.11828756332397461,0.004725545730605459,0.004725309776887343,0.06353616714477539,1.2208961756598396e-19
0.0887936766980648,0.08710586474679881,0.0999896822679938,0.0995870627662412,0.11970734596252441,0.004725309782191155,0.0047250738397508485,0.06367659568786621,1.2209128212940294e-19
0.08879299798946064,0.08710576864058676,0.09998968688518835,0.09958733340476371,0.11800861358642578,0.004725073845579245,0.004724837915581759,0.06309127807617188,1.2209294663479985e-19
0.08879231929758183,0.08710567253860824,0.09998969150218998,0.09958760402631774,0.12064003944396973,0.0047248379207680494,0.00472460200207081,0.06507635116577148,1.2209461069171886e-19
0.08879164062242968,0.08710557644086295,0.09998969611899869,0.0995878746309046,0.11930727958679199,0.004724602007758336,0.004724366101171995,0.06369948387145996,1.2209627522283919e-19
0.08879096196400549,0.08710548034735066,0.09998970073561449,0.0995881452185256,0.12025189399719238,0.004724366106548174,0.0047241302118194994,0.0643467903137207,1.220979396840306e-19
0.08879028332231058,0.08710538425807111,0.09998970535203737,0.09958841578918204,0.11897540092468262,0.004724130217138589,0.004723894333835688,0.06359386444091797,1.220996040161423e-19
0.08878960469734629,0.08710528817302407,0.09998970996826732,0.09958868634287522,0.1176905632019043,0.004723894339528086,0.004723658467931102,0.06383252143859863,1.221012676847617e-19
0.08878892608911389,0.08710519209220927,0.09998971458430438,0.09958895687960646,0.11861705780029297,0.0047236584737150745,0.004723422614283379,0.06471872329711914,1.2210293180977912e-19
0.0887882474976147,0.08710509601562642,0.09998971920014851,0.09958922739937703,0.12038993835449219,0.004723422619699484,0.004723186772181975,0.06519293785095215,1.2210459574353216e-19
0.08878756892285006,0.08710499994327531,0.09998972381579974,0.09958949790218825,0.11991024017333984,0.004723186777480515,0.004722950941804527,0.06519126892089844,1.2210625978319104e-19
0.08878689036482126,0.08710490387515568,0.09998972843125804,0.09958976838804144,0.12058687210083008,0.004722950947058465,0.004722715123151033,0.06512951850891113,1.221079237396603e-19
0.08878621182352964,0.08710480781126725,0.09998973304652345,0.0995900388569379,0.12004375457763672,0.004722715128431868,0.004722479316221495,0.06553936004638672,1.2210958753842716e-19
0.08878553329897654,0.08710471175160979,0.09998973766159594,0.09959030930887892,0.1210775375366211,0.004722479321602013,0.004722243520838276,0.06556153297424316,1.2211125144029786e-19
0.08878485479116327,0.087104615696183,0.09998974227647553,0.09959057974386583,0.11983966827392578,0.004722243526566764,0.00472200773771192,0.0650644302368164,1.2211291481590032e-19
0.08878417630009112,0.08710451964498665,0.09998974689116222,0.09959085016189989,0.11956644058227539,0.0047220077433254804,0.004721771966309518,0.06457638740539551,1.2211457902904485e-19
0.0887834978257614,0.08710442359802048,0.099989751505656,0.09959112056298244,0.12060070037841797,0.004721771971878223,0.0047215362068087074,0.06538701057434082,1.2211624186938966e-19
0.08878281936817538,0.08710432755528424,0.09998975611995689,0.09959139094711478,0.11865782737731934,0.004721536212223369,0.004721300459031852,0.06526637077331543,1.2211790554548564e-19
0.08878214092733439,0.08710423151677767,0.09998976073406489,0.0995916613142982,0.12080812454223633,0.004721300464360681,0.00472106472262368,0.06469535827636719,1.2211956924599407e-19
0.08878146250323977,0.08710413548250051,0.09998976534797999,0.09959193166453399,0.12114930152893066,0.004721064728290642,0.004720828999005278,0.06532764434814453,1.221212322927146e-19
0.08878078409589284,0.0871040394524525,0.09998976996170218,0.09959220199782347,0.1185767650604248,0.004720829004010864,0.0047205932864002875,0.06463289260864258,1.2212289595129126e-19
0.08878010570529489,0.0871039434266334,0.09998977457523149,0.09959247231416793,0.11989498138427734,0.004720593291520477,0.004720357585163981,0.06435656547546387,1.2212455882096693e-19
0.08877942733144727,0.08710384740504294,0.0999897791885679,0.0995927426135687,0.11930394172668457,0.00472035759082232,0.004720121896717444,0.0657660961151123,1.221262218394667e-19
0.08877874897435124,0.08710375138768088,0.09998978380171143,0.09959301289602704,0.12099838256835938,0.004720121901912344,0.004719886219284319,0.0657804012298584,1.2212788575929524e-19
0.08877807063400812,0.08710365537454695,0.09998978841466206,0.0995932831615443,0.11907482147216797,0.004719886224792326,0.0047196505537527855,0.0643770694732666,1.2212954810826568e-19
0.08877739231041924,0.0871035593656409,0.09998979302741981,0.09959355341012176,0.11853671073913574,0.004719650559460366,0.004719414900478114,0.06578350067138672,1.2213121108214266e-19
0.08877671400358593,0.08710346336096246,0.09998979763998467,0.09959382364176073,0.11773180961608887,0.004719414905915166,0.004719179258749762,0.06476521492004395,1.2213287390287166e-19
0.08877603571350946,0.08710336736051137,0.09998980225235664,0.09959409385646249,0.118133544921875,0.004719179264156837,0.004718943628390093,0.06456589698791504,1.2213453686030076e-19
0.08877535744019119,0.0871032713642874,0.09998980686453572,0.09959436405422838,0.11830329895019531,0.004718943634185738,0.004718708010464923,0.06518959999084473,1.221361996862187e-19
0.08877467918363242,0.08710317537229027,0.09998981147652192,0.09959463423505965,0.1179494857788086,0.004718708016000984,0.0047184724037308,0.06471085548400879,1.2213786264200284e-19
0.08877400094383446,0.08710307938451972,0.09998981608831523,0.09959490439895766,0.11767125129699707,0.004718472409601995,0.0047182368094311755,0.06443047523498535,1.2213952531923925e-19
0.08877332272079862,0.08710298340097551,0.09998982069991565,0.09959517454592368,0.1191096305847168,0.004718236814987804,0.00471800122667787,0.06541895866394043,1.2214118790666762e-19
0.08877264451452621,0.0871028874216574,0.0999898253113232,0.099595444675959,0.11761975288391113,0.004718001232157202,0.004717765656003792,0.06494140625,1.2214285022075909e-19
0.08877196632501855,0.08710279144656509,0.09998982992253787,0.09959571478906491,0.11853528022766113,0.004717765661109511,0.004717530095987854,0.06631779670715332,1.2214451292455525e-19
0.088771288152277,0.08710269547569838,0.09998983453355965,0.09959598488524272,0.11816191673278809,0.0047175301018465956,0.004717294548761686,0.06475448608398438,1.2214617510617682e-19
0.08877060999630279,0.08710259950905698,0.09998983914438855,0.09959625496449377,0.11857962608337402,0.004717294554364803,0.004717059013081837,0.06568384170532227,1.2214783767754705e-19
0.08876993185709729,0.08710250354664065,0.09998984375502458,0.09959652502681932,0.11748981475830078,0.004717059018664848,0.004716823488948307,0.06515288352966309,1.2214950042042465e-19
0.0887692537346618,0.0871024075884491,0.09998984836546773,0.09959679507222066,0.11673879623413086,0.00471682349474617,0.004716587977249276,0.06449174880981445,1.2215116214165748e-19
0.08876857562899752,0.08710231163448211,0.09998985297571802,0.0995970651006991,0.13715481758117676,0.004716587982607464,0.004716352476563657,0.07714366912841797,1.2215282404185321e-19
0.08876789754010586,0.08710221568473939,0.09998985758577544,0.09959733511225594,0.1187889575958252,0.004716352482249535,0.004716116988312535,0.06495141983032227,1.2215448677726243e-19
0.08876721946798817,0.0871021197392207,0.09998986219563999,0.0995976011495971,0.11552143096923828,0.004716116993670765,0.004715881511785369,0.06465935707092285,1.221561486803857e-19
0.08876654141264574,0.0871020237979258,0.09998986680531166,0.09959786700036959,0.1146230697631836,0.0047158815168695176,0.0047156460468045225,0.06397438049316406,1.2215781064931681e-19
0.08876586337407982,0.08710192786085441,0.09998987141479046,0.09959813283453775,0.1135704517364502,0.004715646051846267,0.004715410593369995,0.06398463249206543,1.221594725383538e-19
0.08876518535229179,0.08710183192800629,0.0999898760240764,0.09959839865210285,0.11588549613952637,0.004715410598601105,0.004715175151837059,0.0660710334777832,1.221611339875316e-19
0.08876450734728296,0.08710173599938116,0.09998988063316946,0.09959866445306614,0.1156923770904541,0.004715175157132715,0.0047149397220280775,0.06567668914794922,1.2216279583017484e-19
0.08876382935905461,0.0871016400749788,0.09998988524206967,0.0995989302374289,0.11569571495056152,0.004714939727441559,0.0047147043044759585,0.06511330604553223,1.2216445769728592e-19
0.08876315138760811,0.08710154415479893,0.09998988985077702,0.09959919600519238,0.11547136306762695,0.004714704309525627,0.004714468897404345,0.06466221809387207,1.2216611940269764e-19
0.08876247343294472,0.0871014482388413,0.09998989445929149,0.09959946175635782,0.11606407165527344,0.004714468903387135,0.004714233504010679,0.06459498405456543,1.2216778110753036e-19
0.08876179549506573,0.08710135232710567,0.09998989906761312,0.0995997274909265,0.11760139465332031,0.004714233509021657,0.004713998121452789,0.06449103355407715,1.2216944264383158e-19
0.08876111757397248,0.08710125641959175,0.09998990367574188,0.0995999932088997,0.11695337295532227,0.004713998126429016,0.004713762750263584,0.06366705894470215,1.2217110411145403e-19
0.08876043966966626,0.08710116051629932,0.09998990828367778,0.0996002589102787,0.11768436431884766,0.004713762755611368,0.004713527390798333,0.06353521347045898,1.2217276525191263e-19
0.08875976178214838,0.08710106461722811,0.09998991289142083,0.09960052459506472,0.11895084381103516,0.00471352739656803,0.004713292043945216,0.06365656852722168,1.2217442698395448e-19
0.08875908391142016,0.08710096872237785,0.09998991749897103,0.09960079026325905,0.11893558502197266,0.004713292049295418,0.004713056708460783,0.06436634063720703,1.221760879350233e-19
0.08875840605748297,0.0871008728317483,0.09998992210632837,0.09960105591486292,0.12083315849304199,0.004713056713793935,0.00471282138452267,0.0645608901977539,1.2217774893063572e-19
0.08875772822033812,0.08710077694533921,0.09998992671349288,0.09960132154987761,0.1217195987701416,0.004712821390064046,0.0047125860726637825,0.06520485877990723,1.2217941003582572e-19
0.08875705039998684,0.08710068106315033,0.09998993132046453,0.09960158716830439,0.11919617652893066,0.004712586078105444,0.004712350772173579,0.06470870971679688,1.2218107126361956e-19
0.08875637259643045,0.08710058518518138,0.09998993592724334,0.09960185277014452,0.12141799926757812,0.0047123507779172,0.004712115484117874,0.06461310386657715,1.221827322967262e-19
0.08875569480967029,0.08710048931143212,0.0999899405338293,0.09960211835539924,0.11995100975036621,0.004712115489496773,0.0047118802070755805,0.06613969802856445,1.221843931668372e-19
0.08875501703970763,0.08710039344190229,0.09998994514022241,0.09960238392406984,0.1203150749206543,0.004711880212845858,0.00471164494229015,0.06606245040893555,1.2218605459908606e-19
0.0887543392865438,0.08710029757659164,0.0999899497464227,0.09960264947615756,0.11922240257263184,0.004711644947963266,0.004711409689583945,0.06431436538696289,1.2218771539853844e-19
0.08875366155018015,0.08710020171549991,0.09998995435243013,0.09960291501166368,0.1188349723815918,0.0047114096948472775,0.0047111744477135176,0.06570935249328613,1.2218937644442456e-19
0.08875298383061798,0.08710010585862685,0.09998995895824472,0.09960318053058945,0.11942410469055176,0.004711174453499376,0.0047109392189881305,0.06496572494506836,1.2219103669679396e-19
0.08875230612785856,0.0871000100059722,0.09998996356386648,0.09960344603293614,0.12035489082336426,0.0047109392239159205,0.004710704000743249,0.06495165824890137,1.2219269749685527e-19
0.08875162844190325,0.08709991415753571,0.0999899681692954,0.099603711518705,0.12029218673706055,0.0047107040060997574,0.0047104687940446865,0.0652005672454834,1.2219435804778086e-19
0.08875095077275333,0.08709981831331712,0.09998997277453148,0.09960397698789727,0.12051010131835938,0.004710468800051231,0.0047102336001358935,0.06523275375366211,1.221960183826756e-19
0.08875027312041012,0.08709972247331617,0.09998997737957473,0.09960424244051426,0.12024426460266113,0.004710233605765402,0.004709998417418149,0.06498479843139648,1.2219767909434632e-19
0.0887495954848749,0.08709962663753261,0.09998998198442514,0.09960450787655718,0.12070727348327637,0.004709998423244395,0.004709763247312537,0.06569504737854004,1.2219933937962557e-19
0.08874891786614901,0.08709953080596618,0.09998998658908273,0.09960477329602732,0.11940383911132812,0.004709763252485257,0.004709528088042703,0.06503558158874512,1.2220099968237672e-19
0.08874824026423368,0.08709943497861662,0.09998999119354748,0.09960503869892594,0.11966300010681152,0.004709528093489416,0.004709292940496823,0.06590914726257324,1.2220265960305479e-19
0.0887475626791303,0.0870993391554837,0.09998999579781942,0.0996053040852543,0.11904287338256836,0.004709292946257212,0.004709057805207806,0.06520414352416992,1.2220431993801815e-19
0.08874688511084014,0.08709924333656714,0.09999000040189852,0.09960556945501367,0.11992359161376953,0.004709057810785503,0.004708822681642744,0.06533288955688477,1.2220598039044614e-19
0.08874620755936459,0.0870991475218667,0.0999900050057848,0.09960583480820531,0.12102174758911133,0.0047088226870749626,0.004708587569624001,0.06559038162231445,1.22207640137005e-19
0.08874553002470487,0.08709905171138213,0.09999000960947824,0.09960610014483046,0.12016844749450684,0.004708587575124697,0.004708352469329213,0.06530213356018066,1.22209300592233e-19
0.08874485250686227,0.08709895590511317,0.09999001421297884,0.09960636546489039,0.12100625038146973,0.004708352474934415,0.004708117380580745,0.06598901748657227,1.2221095999741675e-19
0.08874417500583817,0.08709886010305955,0.09999001881628665,0.09960663076838637,0.11958765983581543,0.004708117386504547,0.004707882305154953,0.06639242172241211,1.2221262004673866e-19
0.08874349752163382,0.08709876430522102,0.09999002341940162,0.09960689605531967,0.12154793739318848,0.00470788230983106,0.00470764723967676,0.06595754623413086,1.2221427974135398e-19
0.0887428200542506,0.08709866851159734,0.09999002802232378,0.09960716132569153,0.12008357048034668,0.004707647244916553,0.004707412186277793,0.06490778923034668,1.2221593982465915e-19
0.08874214260368979,0.08709857272218824,0.09999003262505313,0.09960742657950321,0.11779427528381348,0.004707412191760002,0.004707177144780417,0.06543612480163574,1.2221759907867575e-19
0.08874146516995265,0.08709847693699346,0.09999003722758966,0.09960769181675597,0.11860966682434082,0.004707177150360832,0.00470694211482936,0.06544160842895508,1.2221925931369805e-19
0.08874078775304053,0.08709838115601275,0.09999004182993337,0.09960795703745108,0.1186060905456543,0.004706942120718508,0.004706707097490437,0.06548690795898438,1.222209181810171e-19
0.08874011035295463,0.08709828537924587,0.09999004643208427,0.0996082222415898,0.1183633804321289,0.004706707102830617,0.004706472091342562,0.06583452224731445,1.2222257794217883e-19
0.0887394329696963,0.08709818960669254,0.09999005103404236,0.09960848742917336,0.11781525611877441,0.004706472096697758,0.004706237096741006,0.06557130813598633,1.2222423803215013e-19
0.08873875560326688,0.0870980938383525,0.09999005563580764,0.09960875260020303,0.11821937561035156,0.004706237102320226,0.004706002114218677,0.06560850143432617,1.2222589673043365e-19
0.08873807825366765,0.08709799807422552,0.09999006023738011,0.09960901775468009,0.11722302436828613,0.004706002119696408,0.004705767143420303,0.06573915481567383,1.222275561676885e-19
0.08873740092089996,0.08709790231431136,0.09999006483875976,0.09960928289260577,0.11804032325744629,0.004705767148826474,0.00470553218452352,0.06585836410522461,1.222292154148311e-19
0.08873672360496512,0.08709780655860973,0.09999006943994662,0.09960954801398134,0.11794424057006836,0.004705532189708409,0.004705297236640149,0.0662994384765625,1.2223087475122807e-19
0.08873604630586439,0.0870977108071204,0.09999007404094067,0.09960981311880805,0.11710405349731445,0.004705297242343762,0.004705062301546548,0.06487846374511719,1.2223253383178615e-19
0.08873536902359912,0.08709761505984308,0.09999007864174192,0.09961007820708717,0.11745834350585938,0.004705062306729736,0.004704827377643994,0.06564450263977051,1.2223419284362502e-19
0.08873469175817059,0.08709751931677756,0.09999008324235037,0.09961034327881994,0.11779141426086426,0.0047048273828668614,0.0047045924651101245,0.0657045841217041,1.2223585185545884e-19
0.0887340145095801,0.08709742357792356,0.09999008784276602,0.09961060833400764,0.11649346351623535,0.004704592470755617,0.004704357565010753,0.06476688385009766,1.2223751048225347e-19
0.08873333727782899,0.08709732784328086,0.09999009244298886,0.09961087337265152,0.11689352989196777,0.004704357570393991,0.0047041226764577004,0.06529545783996582,1.2223916955992874e-19
0.08873266006291854,0.08709723211284918,0.09999009704301891,0.09961113839475283,0.11638116836547852,0.004704122681780404,0.004703887798740425,0.0639333724975586,1.2224082797982544e-19
0.08873198286485012,0.08709713638662828,0.09999010164285617,0.09961140340031284,0.11828899383544922,0.004703887804918319,0.004703652934523461,0.06460309028625488,1.2224248673135415e-19
0.08873130568362496,0.08709704066461786,0.09999010624250064,0.0996116683893328,0.11717414855957031,0.004703652939802041,0.004703418080964639,0.06402111053466797,1.2224414600521083e-19
0.08873062851924439,0.0870969449468177,0.0999901108419523,0.09961193336181398,0.11625790596008301,0.004703418086432708,0.004703183239307407,0.06296443939208984,1.2224580492129622e-19
0.08872995137170976,0.08709684923322754,0.09999011544121118,0.09961219831775762,0.11796903610229492,0.004703183244812075,0.004702948409729402,0.06299734115600586,1.2224746299500906e-19
0.08872927424102235,0.08709675352384712,0.09999012004027727,0.099612463257165,0.11895513534545898,0.0047029484149361655,0.00470271359152008,0.0632929801940918,1.2224912114540617e-19
0.08872859712718346,0.0870966578186762,0.09999012463915057,0.09961272818003736,0.1184077262878418,0.004702713596806097,0.004702478785389985,0.0630197525024414,1.2225078004518697e-19
0.08872792003019442,0.08709656211771453,0.09999012923783107,0.09961299308637596,0.11943554878234863,0.0047024787904215975,0.004702243990628574,0.06341791152954102,1.2225243830510256e-19
0.08872724295005649,0.08709646642096183,0.0999901338363188,0.09961325797618206,0.12119054794311523,0.004702243995782106,0.004702009207058211,0.06477928161621094,1.22254097168946e-19
0.08872656588677104,0.08709637072841787,0.09999013843461374,0.09961352284945692,0.11879730224609375,0.00470200921288774,0.00470177443574471,0.06363058090209961,1.222557549353444e-19
0.08872588884033933,0.0870962750400824,0.09999014303271589,0.0996137877062018,0.12186121940612793,0.00470177444173653,0.004701539677220978,0.0644536018371582,1.2225741268666403e-19
0.08872521181076262,0.08709617935595512,0.09999014763062526,0.09961405254641793,0.12196612358093262,0.0047015396823274856,0.004701304929710659,0.06484317779541016,1.2225907085471722e-19
0.08872453479804222,0.08709608367603582,0.09999015222834186,0.09961431737010659,0.12174344062805176,0.004701304934660065,0.004701070192858481,0.06466221809387207,1.2226072877610922e-19
0.0887238578021795,0.08709598800032421,0.09999015682586568,0.09961458217726904,0.12256240844726562,0.0047010701987354265,0.004700835469151343,0.06568360328674316,1.2226238710489727e-19
0.08872318082317568,0.08709589232882008,0.09999016142319671,0.09961484696790653,0.12177538871765137,0.004700835474550507,0.004700600756102347,0.06573224067687988,1.2226404476034158e-19
0.08872250386103207,0.08709579666152314,0.09999016602033498,0.0996151117420203,0.12003040313720703,0.004700600762108878,0.004700366056376026,0.06511259078979492,1.2226570275060019e-19
0.08872182691574998,0.08709570099843315,0.09999017061728047,0.09961537649961161,0.1201779842376709,0.004700366061404758,0.004700131367307847,0.0664510726928711,1.2226736090308512e-19
0.08872114998733072,0.08709560533954985,0.09999017521403318,0.09961563870841864,0.12086200714111328,0.004700131372438965,0.00469989668925308,0.0663454532623291,1.2226901867312303e-19
0.08872047307577562,0.08709550968487301,0.09999017981059313,0.0996158993257864,0.12057900428771973,0.004699896695213067,0.004699662024165718,0.06631803512573242,1.2227067633326013e-19
0.088719796181086,0.08709541403440234,0.09999018440696031,0.09961615992694588,0.12056636810302734,0.004699662029724272,0.0046994273708023115,0.0663602352142334,1.2227233386774787e-19
0.08871911930326315,0.08709531838813761,0.09999018900313471,0.09961642051189826,0.11926913261413574,0.00469942737597268,0.004699192728985224,0.0656435489654541,1.2227399114003607e-19
0.08871844244230837,0.08709522274607853,0.09999019359911634,0.09961668108064478,0.11920452117919922,0.004699192733958419,0.004698958098536821,0.06577825546264648,1.2227564890871518e-19
0.08871776559822293,0.0870951271082249,0.0999901981949052,0.09961694163318667,0.11960744857788086,0.004698958103680221,0.004698723479990008,0.0657815933227539,1.222773063083026e-19
0.0887170887710082,0.08709503147457644,0.09999020279050132,0.09961720216952513,0.11975574493408203,0.004698723485137874,0.004698488873344786,0.06554818153381348,1.222789641072157e-19
0.08871641196066536,0.08709493584513288,0.09999020738590467,0.0996174626896614,0.12112188339233398,0.004698488878330408,0.0046982542777129765,0.06487464904785156,1.2228062079748929e-19
0.08871573516719579,0.08709484021989398,0.09999021198111524,0.0996177231935967,0.11976432800292969,0.004698254283259287,0.004698019694338029,0.0663304328918457,1.2228227807958887e-19
0.08871505839060077,0.0870947445988595,0.09999021657613305,0.09961798368133223,0.12139463424682617,0.0046980196999225265,0.004697785123219944,0.06656241416931152,1.22283935227837e-19
0.0887143816308816,0.08709464898202919,0.09999022117095811,0.09961824415286923,0.11889147758483887,0.004697785128318229,0.004697550563115271,0.0653069019317627,1.2228559218807977e-19
0.08871370488803963,0.08709455336940278,0.09999022576559041,0.0996185046082089,0.12016105651855469,0.004697550568447138,0.004697316015089825,0.06631946563720703,1.2228724926019097e-19
0.0887130281620761,0.08709445776098002,0.09999023036002996,0.09961876504735245,0.11907267570495605,0.004697316020307022,0.0046970814786106985,0.06466555595397949,1.2228890634060447e-19
0.08871235145299235,0.08709436215676063,0.09999023495427675,0.09961902547030113,0.12101912498474121,0.004697081483898556,0.004696846953677891,0.06592631340026855,1.2229056282981107e-19
0.08871167476078967,0.08709426655674439,0.09999023954833079,0.09961928587705615,0.11944818496704102,0.004696846959221911,0.00469661244082431,0.06508207321166992,1.2229222051030386e-19
0.0887109980854694,0.08709417096093104,0.09999024414219208,0.09961954626761874,0.11963248252868652,0.004696612446276082,0.0046963779398723204,0.06527447700500488,1.222938767260186e-19
0.08871032142703279,0.08709407536932033,0.09999024873586063,0.09961980664199008,0.1196439266204834,0.004696377945059835,0.00469614345046665,0.06637239456176758,1.2229553352515534e-19
0.08870964478548113,0.087093979781912,0.09999025332933642,0.09962006700017141,0.1198124885559082,0.00469614345557196,0.004695908972607299,0.06466269493103027,1.222971901990902e-19
0.0887089681608157,0.08709388419870577,0.09999025792261945,0.09962032734216394,0.12013912200927734,0.004695908977812766,0.004695674506471903,0.06570053100585938,1.222988467891527e-19
0.08870829155303782,0.08709378861970143,0.09999026251570975,0.09962058766796893,0.11829090118408203,0.004695674511782449,0.004695440052415734,0.06506705284118652,1.2230050360219238e-19
0.08870761496214885,0.08709369304489872,0.0999902671086073,0.09962084797758755,0.11825180053710938,0.004695440057479047,0.004695205609550612,0.0647742748260498,1.2230215986080696e-19
0.08870693838815007,0.08709359747429737,0.0999902717013121,0.09962110827102104,0.11860251426696777,0.0046952056149039125,0.004694971178409446,0.06573987007141113,1.2230381640759925e-19
0.08870626183104283,0.08709350190789714,0.09999027629382416,0.0996213685482706,0.11807560920715332,0.004694971184055272,0.0046947367598804135,0.06545734405517578,1.2230547245355107e-19
0.08870558529082839,0.08709340634569775,0.09999028088614349,0.09962162880933748,0.11884880065917969,0.004694736764930688,0.004694502351831886,0.06484293937683105,1.2230712840434234e-19
0.08870490876750803,0.08709331078769897,0.09999028547827007,0.09962188905422288,0.1202239990234375,0.004694502357532065,0.004694267956573128,0.06658601760864258,1.2230878491053285e-19
0.08870423226108305,0.08709321523390053,0.09999029007020392,0.09962214928292802,0.11705970764160156,0.004694267961857688,0.004694033572150147,0.06468844413757324,1.2231044111545336e-19
0.08870355577155477,0.08709311968430218,0.09999029466194503,0.09962240949545412,0.11862635612487793,0.0046940335779084,0.0046937992001616635,0.06608414649963379,1.2231209709030994e-19
0.08870287929892444,0.08709302413890367,0.09999029925349341,0.09962266969180238,0.11655139923095703,0.0046937992056819,0.004693564840074771,0.06425666809082031,1.2231375359389024e-19
0.08870220284319338,0.08709292859770475,0.09999030384484905,0.09962292987197402,0.11789727210998535,0.004693564845176866,0.004693330490823655,0.06502532958984375,1.2231540932466957e-19
0.0887015264043629,0.08709283306070516,0.09999030843601198,0.0996231900359703,0.11809825897216797,0.004693330496395837,0.004693096153829401,0.06582832336425781,1.2231706543371623e-19
0.08870084998243426,0.08709273752790464,0.09999031302698216,0.09962345018379237,0.11601758003234863,0.004693096159335806,0.0046928618282038315,0.06410813331604004,1.2231872071283921e-19
0.08870017357740877,0.08709264199930296,0.09999031761775963,0.0996237103154415,0.11786556243896484,0.004692861833996919,0.004692627515012759,0.06548428535461426,1.223203769130927e-19
0.08869949718928775,0.08709254647489985,0.09999032220834436,0.09962397043091888,0.11743807792663574,0.004692627520378134,0.004692393212657464,0.06374263763427734,1.2232203199155838e-19
0.08869882081807248,0.08709245095469506,0.09999032679873637,0.09962423053022572,0.1178288459777832,0.004692393218479677,0.004692158922914302,0.06417226791381836,1.2232368797223312e-19
0.08869814446376428,0.08709235543868833,0.09999033138893566,0.09962449061336326,0.11918854713439941,0.004692158928299814,0.004691924644184553,0.06486868858337402,1.2232534358590722e-19
0.08869746812636442,0.08709225992687941,0.09999033597894222,0.09962475068033272,0.12419986724853516,0.0046919246498394055,0.0046916903773563945,0.06595587730407715,1.2232699925508398e-19
0.08869679180587425,0.08709216441926805,0.09999034056875605,0.09962501073113529,0.12374210357666016,0.004691690383097163,0.004691456122785098,0.06564998626708984,1.2232865461776683e-19
0.08869611550229504,0.08709206891585401,0.09999034515837717,0.0996252707657722,0.12376832962036133,0.004691456128072804,0.004691221878871943,0.0657341480255127,1.2233031017765433e-19
0.0886954392156281,0.08709197341663702,0.09999034974780556,0.09962553078424467,0.12410402297973633,0.004691221884765788,0.004690987647570921,0.0653223991394043,1.2233196529759275e-19
0.08869476294587476,0.08709187792161682,0.09999035433704123,0.09962579078655391,0.12463831901550293,0.004690987653174446,0.00469075342817149,0.06565618515014648,1.2233362063735214e-19
0.08869408669303624,0.08709178243079317,0.0999903589260842,0.09962605077270113,0.12524700164794922,0.004690753433297568,0.004690519219607836,0.06590890884399414,1.2233527632339333e-19
0.08869341045711392,0.0870916869441658,0.09999036351493444,0.09962631074268755,0.1254892349243164,0.004690519225136302,0.004690285023301044,0.0658259391784668,1.2233693113231472e-19
0.08869273423810906,0.08709159146173448,0.09999036810359198,0.09962657069651439,0.12511253356933594,0.004690285028689952,0.004690050838362936,0.06586670875549316,1.2233858608449308e-19
0.08869205803602297,0.08709149598349894,0.0999903726920568,0.09962683063418284,0.12549638748168945,0.004690050843957349,0.00468981666568169,0.0661475658416748,1.2234024104775864e-19
0.08869138185085694,0.08709140050945893,0.0999903772803289,0.09962709055569414,0.12643146514892578,0.004689816670937494,0.004689582504013856,0.06661105155944824,1.2234189593303196e-19
0.0886907056826123,0.08709130503961422,0.0999903818684083,0.09962735046104952,0.12751007080078125,0.00468958250963152,0.004689348354602885,0.06711649894714355,1.2234355063019502e-19
0.08869002953129028,0.08709120957396456,0.099990386456295,0.09962761035025018,0.12618136405944824,0.004689348360037799,0.004689114216382961,0.06702375411987305,1.2234520563614477e-19
0.08868935339689223,0.08709111411250967,0.099990391043989,0.09962787022329732,0.12597417831420898,0.004689114222155828,0.004688880090597536,0.06719207763671875,1.2234686035940277e-19
0.08868867727941948,0.08709101865524929,0.0999903956314903,0.09962813008019217,0.12541556358337402,0.004688880095984246,0.0046886459760031585,0.06711506843566895,1.223485151276989e-19
0.08868800117887332,0.08709092320218319,0.09999040021879889,0.09962838992093594,0.1254110336303711,0.004688645981524549,0.0046884118729551005,0.06719660758972168,1.2235016989345508e-19
0.08868732509525497,0.0870908277533111,0.09999040480591478,0.09962864974552985,0.1251974105834961,0.004688411878774802,0.0046881777823415405,0.06704497337341309,1.2235182437420795e-19
0.08868664902856574,0.08709073230863278,0.09999040939283799,0.0996289095539751,0.12598705291748047,0.00468817778773331,0.004687943703096664,0.06729292869567871,1.2235347885436091e-19
0.08868597297880695,0.08709063686814796,0.09999041397956848,0.09962916934627293,0.12560319900512695,0.0046879437084002525,0.004687709635042836,0.06701421737670898,1.2235513356095704e-19
0.08868529694597993,0.0870905414318564,0.09999041856610627,0.09962942912242455,0.12555503845214844,0.004687709640775749,0.004687475579778777,0.06730413436889648,1.2235678767329123e-19
0.08868462093008597,0.08709044599975786,0.09999042315245138,0.09962968888243116,0.12582135200500488,0.004687475584857686,0.004687241535172859,0.06761384010314941,1.2235844214268562e-19
0.08868394493112632,0.08709035057185208,0.0999904277386038,0.099629948626294,0.1251378059387207,0.004687241540646972,0.004687007502290896,0.0675044059753418,1.223600961111682e-19
0.0886832689491023,0.0870902551481388,0.09999043232456352,0.09963020835401423,0.12500524520874023,0.004687007508144077,0.004686773482021067,0.0676274299621582,1.22361750618741e-19
0.08868259298401525,0.08709015972861775,0.09999043691033054,0.0996304680655931,0.12474727630615234,0.004686773487344916,0.004686539472942286,0.06757164001464844,1.223634043912734e-19
0.08868191703586642,0.08709006431328871,0.09999044149590487,0.09963072776103181,0.1244654655456543,0.004686539478251678,0.004686305475232189,0.06751751899719238,1.2236505864264183e-19
0.0886812411046571,0.08708996890215141,0.09999044608128652,0.09963098744033157,0.12513518333435059,0.004686305480863442,0.004686071489956589,0.06779718399047852,1.2236671289265524e-19
0.08868056519038857,0.0870898734952056,0.09999045066647548,0.0996312471034936,0.12453746795654297,0.004686071495178202,0.004685837515694402,0.06795954704284668,1.2236836645773283e-19
0.08867988929306213,0.08708977809245103,0.09999045525147175,0.09963150675051913,0.1241455078125,0.004685837521196776,0.00468560355315617,0.06736516952514648,1.2237002035250895e-19
0.08867921341267909,0.08708968269388745,0.09999045983627534,0.09963176638140935,0.12375283241271973,0.0046856035589192685,0.004685369602697165,0.06750106811523438,1.2237167443589841e-19
0.08867853754924074,0.08708958729951459,0.09999046442088626,0.09963202599616548,0.12386131286621094,0.004685369608344332,0.004685135663784479,0.06748795509338379,1.2237332776265074e-19
0.0886778617027484,0.08708949190933221,0.09999046900530449,0.09963228559478873,0.12394070625305176,0.004685135669470442,0.004684901737128655,0.06752681732177734,1.223749817971692e-19
0.08867718587320335,0.08708939652334007,0.09999047358953006,0.09963254517728032,0.12385296821594238,0.004684901742296941,0.004684667821486244,0.06748199462890625,1.2237663513787013e-19
0.08867651006060692,0.08708930114153789,0.09999047817356294,0.09963280474364146,0.12381100654602051,0.004684667826824334,0.004684433917745423,0.06768536567687988,1.2237828913428563e-19
0.08867583426496037,0.08708920576392543,0.09999048275740315,0.09963306300962778,0.12350916862487793,0.004684433923051314,0.004684200025728558,0.06731343269348145,1.223799426238481e-19
0.08867515848626503,0.08708911039050243,0.09999048734105068,0.09963331845547048,0.12337112426757812,0.00468420003097696,0.004683966144725105,0.06742691993713379,1.223815959406462e-19
0.08867448272452216,0.08708901502126865,0.09999049192450553,0.09963357388549385,0.1238856315612793,0.0046839661506030686,0.004683732276333785,0.06767702102661133,1.223832496317944e-19
0.08867380697973304,0.08708891965622383,0.0999904965077677,0.09963382929969906,0.12197136878967285,0.004683732281927677,0.004683498419488785,0.06725358963012695,1.2238490286922823e-19
0.08867313125189898,0.08708882429536773,0.09999050109083721,0.09963408469808732,0.12266159057617188,0.004683498424948198,0.004683264574012469,0.06728029251098633,1.2238655606729707e-19
0.08867245554102128,0.0870887289387001,0.09999050567371404,0.09963434008065979,0.12202954292297363,0.004683264579666421,0.004683030740260108,0.06731724739074707,1.2238820885357968e-19
0.08867177984710121,0.08708863358622067,0.09999051025639821,0.09963459544741765,0.12200164794921875,0.0046830307460810384,0.004682796918764609,0.0670325756072998,1.2238986252008073e-19
0.08867110417014008,0.0870885382379292,0.09999051483888972,0.09963485079836207,0.12213706970214844,0.004682796924191775,0.004682563108460158,0.06701993942260742,1.223915153792105e-19
0.08867042851013919,0.08708844289382543,0.09999051942118857,0.09963510613349422,0.12191414833068848,0.004682563113997146,0.004682329309524391,0.06673264503479004,1.2239316808743202e-19
0.08866975286709979,0.08708834755390911,0.09999052400329475,0.09963536145281529,0.12194466590881348,0.004682329315497825,0.004682095523200758,0.06684184074401855,1.2239482148071218e-19
0.08866907724102319,0.08708825221817999,0.09999052858520827,0.09963561675632646,0.12228941917419434,0.004682095528691528,0.004681861748068172,0.06681299209594727,1.2239647394883551e-19
0.08866840163191066,0.08708815688663783,0.09999053316692913,0.09963587204402889,0.12154674530029297,0.004681861753579376,0.0046816279850148135,0.06648039817810059,1.2239812720932832e-19
0.08866772603976354,0.08708806155928234,0.09999053774845733,0.09963612731592378,0.12086796760559082,0.004681627990159762,0.004681394232619596,0.06514215469360352,1.2239977944826645e-19
0.08866705046458315,0.08708796623611328,0.09999054232979288,0.0996363825720123,0.12165713310241699,0.004681394238432818,0.004681160493191783,0.06559133529663086,1.224014323291251e-19
0.08866637490637076,0.08708787091713042,0.09999054691093577,0.09963663781229562,0.12224030494689941,0.004681160498396535,0.004680926764422111,0.06578207015991211,1.2240308475638636e-19
0.08866569936512765,0.0870877756023335,0.09999055149188601,0.09963689303677492,0.1225736141204834,0.0046809267700521,0.004680693047909301,0.06566858291625977,1.2240473760910144e-19
0.0886650238408551,0.08708768029172224,0.09999055607264362,0.09963714824545136,0.12297749519348145,0.0046806930533975465,0.004680459343120447,0.0653841495513916,1.2240638981364315e-19
0.08866434833355444,0.08708758498529642,0.09999056065320856,0.09963740343832614,0.12225580215454102,0.004680459348432253,0.004680225649700276,0.06575202941894531,1.2240804242596715e-19
0.08866367284322697,0.08708748968305578,0.09999056523358085,0.09963765861540042,0.1227407455444336,0.004680225655157008,0.004679991968181696,0.06605696678161621,1.22409694958344e-19
0.08866299736987393,0.08708739438500007,0.09999056981376049,0.09963791377667536,0.12365841865539551,0.004679991973570197,0.0046797582982094355,0.06659293174743652,1.2241134664366508e-19
0.0886623219134967,0.08708729909112904,0.09999057439374749,0.09963816892215215,0.12293505668640137,0.004679758303671606,0.004679524640138766,0.06648921966552734,1.224129994270661e-19
0.0886616464740965,0.08708720380144243,0.09999057897354185,0.09963842405183196,0.12259745597839355,0.0046795246454605826,0.00467929099343678,0.06618118286132812,1.2241465133116297e-19
0.08866097105167457,0.08708710851594,0.09999058355314357,0.09963867916571599,0.12232351303100586,0.0046792909989365646,0.004679057358103478,0.06613683700561523,1.2241630343786177e-19
0.08866029564623232,0.08708701323462148,0.09999058813255263,0.09963893426380539,0.1222994327545166,0.004679057364099736,0.004678823735737581,0.06601214408874512,1.224179554487859e-19
0.08865962025777098,0.08708691795748665,0.09999059271176905,0.09963918934610137,0.12311553955078125,0.004678823740948348,0.004678590123496917,0.06586790084838867,1.2241960760404013e-19
0.08865894488629184,0.08708682268453521,0.09999059729079283,0.09963944441260507,0.12389373779296875,0.004678590129483284,0.004678356524046023,0.0662684440612793,1.2242125916968798e-19
0.08865826953179617,0.08708672741576697,0.09999060186962398,0.09963969946331766,0.12436604499816895,0.004678356529702212,0.004678122936141449,0.06605291366577148,1.2242291173642023e-19
0.08865759419428529,0.08708663215118163,0.09999060644826249,0.09963995449824035,0.1239471435546875,0.004678122941604854,0.004677889359605558,0.06629633903503418,1.2242456337064416e-19
0.08865691887376047,0.08708653689077896,0.09999061102670836,0.09964020951737429,0.12489962577819824,0.004677889365191393,0.00467765579532653,0.0663900375366211,1.2242621403230405e-19
0.08865624357022305,0.08708644163455868,0.0999906156049616,0.09964046452072065,0.12391519546508789,0.004677655800459436,0.004677422241883278,0.06607365608215332,1.2242786631483264e-19
0.08865556828367428,0.08708634638252057,0.09999062018302221,0.09964071950828061,0.12430620193481445,0.004677422247409848,0.0046771887010521596,0.06635546684265137,1.224295177706813e-19
0.08865489301411544,0.08708625113466437,0.09999062476089018,0.09964097448005536,0.12473416328430176,0.0046771887060419685,0.004676955170879182,0.0665125846862793,1.2243116961436381e-19
0.08865421776154792,0.08708615589098982,0.09999062933856552,0.09964122943604607,0.12460756301879883,0.004676955176355943,0.004676721653140703,0.06678199768066406,1.2243282138582362e-19
0.0886535425259729,0.08708606065149667,0.09999063391604825,0.0996414843762539,0.12459301948547363,0.004676721658349438,0.004676488146593272,0.06690740585327148,1.2243447263344634e-19
0.08865286730739172,0.08708596541618464,0.09999063849333834,0.09964173930068007,0.12502074241638184,0.004676488152023936,0.004676254651947431,0.06734967231750488,1.2243612380795893e-19
0.08865219210580562,0.08708587018505354,0.0999906430704358,0.09964199420932571,0.12438201904296875,0.004676254657377162,0.004676021169025546,0.06729745864868164,1.2243777523295816e-19
0.08865151692121592,0.08708577495810309,0.09999064764734064,0.099642249102192,0.12437605857849121,0.004676021174409875,0.00467578769764998,0.06715679168701172,1.2243942633067517e-19
0.08865084175362394,0.087085679735333,0.09999065222405286,0.09964250397928011,0.1243734359741211,0.004675787703121812,0.004675554238353641,0.06730103492736816,1.2244107707820808e-19
0.08865016660303092,0.08708558451674306,0.09999065680057245,0.09964275884059122,0.12432193756103516,0.004675554243510363,0.004675320790781257,0.06722378730773926,1.2244272890710087e-19
0.08864949146943814,0.08708548930233301,0.09999066137689942,0.0996430136861265,0.12360405921936035,0.004675320795573921,0.0046750873538670135,0.06718254089355469,1.2244438003867079e-19
0.08864881635284691,0.0870853940921026,0.09999066595303377,0.09964326851588713,0.12386488914489746,0.0046750873593153905,0.004674853929564904,0.06727910041809082,1.2244603085868412e-19
0.08864814125325853,0.08708529888605157,0.0999906705289755,0.09964352332987426,0.12281680107116699,0.0046748539347323355,0.004674620515920935,0.06712079048156738,1.224476814937708e-19
0.08864746617067429,0.08708520368417969,0.09999067510472463,0.0996437781280891,0.1214599609375,0.004674620521826274,0.004674387115066736,0.06690549850463867,1.2244933239877992e-19
0.08864679110509549,0.0870851084864867,0.09999067968028114,0.09964403291053281,0.12223529815673828,0.004674387120592963,0.004674153725403585,0.0666649341583252,1.2245098350643374e-19
0.08864611605652338,0.08708501329297237,0.09999068425564503,0.09964428767720657,0.12279438972473145,0.004674153731034427,0.004673920347109117,0.06675601005554199,1.2245263378557199e-19
0.08864544102495929,0.08708491810363642,0.0999906888308163,0.09964454242811156,0.12285351753234863,0.004673920353151437,0.004673686981604419,0.06676864624023438,1.2245428467474306e-19
0.08864476601040451,0.0870848229184786,0.09999069340579497,0.09964479716324894,0.12265586853027344,0.004673686986939357,0.004673453627113133,0.06682586669921875,1.2245593570080206e-19
0.08864409101286035,0.08708472773749867,0.09999069798058104,0.09964505188261989,0.12265491485595703,0.004673453632399288,0.004673220284168167,0.0670630931854248,1.2245758552866134e-19
0.08864341603232802,0.08708463256069637,0.09999070255517449,0.09964530658622557,0.12239909172058105,0.004673220289531996,0.004672986952947156,0.0665900707244873,1.2245923602786964e-19
0.08864274106880886,0.08708453738807147,0.09999070712957535,0.09964556127406714,0.12230086326599121,0.004672986958335249,0.0046727536334501,0.06676173210144043,1.2246088578538113e-19
0.08864206612230406,0.08708444221962368,0.09999071170378361,0.09964581594614579,0.1217641830444336,0.004672753638808734,0.004672520325676999,0.06673455238342285,1.2246253694980242e-19
0.08864139119281496,0.08708434705535277,0.09999071627779925,0.09964607060246268,0.12180280685424805,0.004672520330952566,0.00467228702891731,0.06663393974304199,1.2246418730046413e-19
0.0886407162803429,0.08708425189525848,0.0999907208516223,0.09964632524301899,0.12196159362792969,0.00467228703476756,0.004672053744769755,0.06668615341186523,1.224658372627395e-19
0.08864004138488918,0.08708415673934056,0.09999072542525275,0.0996465798678159,0.12161636352539062,0.004672053750250349,0.004671820471990884,0.06664872169494629,1.2246748774324521e-19
0.08863936650645511,0.08708406158759877,0.0999907299986906,0.09964683447685457,0.12147021293640137,0.004671820477400432,0.004671587210580697,0.06646966934204102,1.2246913781152425e-19
0.0886386916450419,0.08708396644003284,0.09999073457193584,0.09964708907013618,0.12062764167785645,0.00467158721621854,0.004671353961427371,0.06558394432067871,1.224707878287107e-19
0.0886380168006509,0.08708387129664255,0.09999073914498849,0.0996473436476619,0.11965298652648926,0.004671353966703729,0.004671120723109823,0.0652768611907959,1.2247243800822568e-19
0.08863734197328342,0.08708377615742763,0.09999074371784855,0.09964759820943288,0.11958861351013184,0.004671120728855749,0.004670887497582044,0.06601262092590332,1.2247408760995033e-19
0.08863666716294069,0.08708368102238781,0.09999074829051602,0.09964785275545032,0.11933517456054688,0.004670887502673327,0.00467065428253477,0.06533384323120117,1.2247573708801346e-19
0.08863599236962404,0.08708358589152287,0.0999907528629909,0.09964810728571541,0.11934900283813477,0.004670654288156289,0.004670421079744358,0.06560826301574707,1.2247738697573303e-19
0.08863531759333472,0.08708349076483256,0.09999075743527319,0.09964836180022928,0.12037968635559082,0.004670421085303629,0.004670187888677901,0.06492209434509277,1.224790369393243e-19
0.088634642834074,0.0870833956423166,0.0999907620073629,0.09964861629899312,0.11986947059631348,0.0046701878941151865,0.004669954709157764,0.0650641918182373,1.22480686848906e-19
0.08863396809184318,0.08708330052397474,0.09999076657926002,0.0996488707820081,0.11896514892578125,0.00466995471458962,0.004669721540828675,0.06382274627685547,1.224823363557493e-19
0.08863329336664352,0.08708320540980675,0.09999077115096455,0.0996491252492754,0.11967015266418457,0.00466972154672877,0.004669488384934084,0.06419968605041504,1.2248398546304249e-19
0.08863261865847633,0.08708311029981239,0.0999907757224765,0.09964937970079617,0.12011933326721191,0.004669488390529936,0.004669255240585812,0.06440424919128418,1.224856350612119e-19
0.08863194396734289,0.08708301519399136,0.09999078029379586,0.0996496341365716,0.11951804161071777,0.004669255245991591,0.004669022107606224,0.06443119049072266,1.224872845505515e-19
0.0886312692932445,0.08708292009234346,0.09999078486492266,0.09964988839151043,0.11956429481506348,0.004669022113115443,0.004668788986705863,0.06454324722290039,1.224889339365863e-19
0.08863059463618245,0.08708282499486841,0.09999078943585689,0.09965013872563454,0.11912083625793457,0.004668788991899907,0.00466855587699655,0.06477570533752441,1.22490583514291e-19
0.08862991999615803,0.08708272990156597,0.09999079400659854,0.09965038904432143,0.11883091926574707,0.004668555882345143,0.00466832277865592,0.06458210945129395,1.224922322988975e-19
0.08862924537317254,0.08708263481243589,0.09999079857714761,0.09965063934757223,0.11859869956970215,0.004668322784449258,0.004668089692749788,0.06429553031921387,1.224938817915136e-19
0.08862857076722724,0.08708253972747791,0.09999080314750411,0.09965088963538812,0.11896586418151855,0.004668089698211558,0.004667856618389976,0.06519317626953125,1.2249553072799298e-19
0.08862789617832345,0.08708244464669179,0.09999080771766805,0.09965113990777022,0.11764025688171387,0.004667856623632168,0.004667623555576483,0.0645751953125,1.224971799125532e-19
0.08862722160646247,0.08708234957007728,0.09999081228763941,0.09965139016471966,0.11962485313415527,0.00466762356070979,0.004667390503954039,0.06430172920227051,1.2249882827478221e-19
0.08862654705164554,0.08708225449763411,0.0999908168574182,0.09965164040623756,0.11908102035522461,0.004667390509445947,0.0046671574644108205,0.06387519836425781,1.225004773342991e-19
0.088625872513874,0.08708215942936205,0.09999082142700443,0.09965189063232507,0.11793947219848633,0.004667157469838981,0.004666924436591557,0.06359291076660156,1.225021260039349e-19
0.08862519799314908,0.08708206436526085,0.09999082599639808,0.09965214084298335,0.11953043937683105,0.004666924441885588,0.004666691419785707,0.06418704986572266,1.2250377490408027e-19
0.0886245234894721,0.08708196930533026,0.09999083056559917,0.0996523910382135,0.11812710762023926,0.004666691425589988,0.004666458415414354,0.0642709732055664,1.2250542380766983e-19
0.0886238490028443,0.08708187424957001,0.0999908351346077,0.09965264121801667,0.12112855911254883,0.004666458420948142,0.004666225422944592,0.06432127952575684,1.2250707290023769e-19
0.08862317453326696,0.08708177919797987,0.09999083970342366,0.09965289138239398,0.12104296684265137,0.004666225427959449,0.004665992441132971,0.06453919410705566,1.2250872093226188e-19
0.08862250008074139,0.08708168415055956,0.09999084427204707,0.0996531415313466,0.11934876441955566,0.0046659924466244795,0.004665759471400577,0.06472635269165039,1.2251036967519242e-19
0.08862182564526885,0.08708158910730886,0.09999084884047793,0.09965339166487566,0.12001466751098633,0.004665759476943234,0.004665526513214502,0.06496357917785645,1.2251201792948265e-19
0.08862115122685064,0.08708149406822752,0.09999085340871623,0.09965364178298228,0.11971426010131836,0.004665526518914725,0.004665293567285289,0.06519913673400879,1.2251366643940448e-19
0.08862047682548801,0.08708139903331527,0.09999085797676198,0.09965389188566759,0.11931109428405762,0.004665293572536762,0.004665060632014217,0.06526470184326172,1.2251531442463161e-19
0.08861980244118232,0.08708130400257187,0.09999086254461516,0.09965414197293272,0.11921977996826172,0.004665060637811136,0.004664827709355279,0.0653693675994873,1.2251696285141622e-19
0.0886191280739348,0.08708120897599707,0.09999086711227578,0.09965439204477883,0.12077927589416504,0.004664827714736518,0.0046645947982426605,0.06598591804504395,1.2251861191302605e-19
0.08861845372374673,0.08708111395359061,0.09999087167974387,0.09965464210120703,0.11936330795288086,0.004664594803311292,0.00466436189832109,0.06547713279724121,1.2252025972621773e-19
0.08861777939061945,0.08708101893535225,0.0999908762470194,0.09965489214221848,0.12023591995239258,0.004664361903535969,0.004664129009590567,0.06521749496459961,1.2252190695855207e-19
0.08861710507455417,0.08708092392128175,0.09999088081410239,0.0996551421678143,0.12033247947692871,0.004664129015410618,0.0046638961334721785,0.06693768501281738,1.225235554744632e-19
0.08861643077555223,0.08708082891137885,0.09999088538099282,0.09965539217799563,0.12052178382873535,0.0046638961389326135,0.004663663268544838,0.06670880317687988,1.225252030425545e-19
0.08861575649361492,0.08708073390564329,0.09999088994769072,0.0996556421727636,0.11907696723937988,0.004663663274102728,0.0046634304155190875,0.06569361686706543,1.2252685148356631e-19
0.08861508222874348,0.08708063890407484,0.09999089451419607,0.09965589215211935,0.11944985389709473,0.004663430420919682,0.004663197573862021,0.06667661666870117,1.225284988958732e-19
0.0886144079809392,0.08708054390667325,0.09999089908050889,0.09965614211606401,0.11910748481750488,0.004663197579383926,0.004662964744461817,0.0653831958770752,1.2253014689643162e-19
0.08861373375020339,0.08708044891343823,0.09999090364662916,0.09965639206459873,0.1185922622680664,0.004662964749492833,0.0046627319260750255,0.06568455696105957,1.2253179459155576e-19
0.08861305953653731,0.08708035392436957,0.09999090821255689,0.09965664199772462,0.11868596076965332,0.00466273193124721,0.004662499119412189,0.06560802459716797,1.2253344234987206e-19
0.0886123853399422,0.08708025893946698,0.09999091277829208,0.09965689191544282,0.11718082427978516,0.004662499124647044,0.004662266324473308,0.06472992897033691,1.2253508975568558e-19
0.08861171116041942,0.08708016395873026,0.09999091734383475,0.09965714181775445,0.11591792106628418,0.00466226632969116,0.00466203354090311,0.06366443634033203,1.225367374491036e-19
0.08861103699797021,0.08708006898215913,0.09999092190918489,0.09965739170466066,0.11675906181335449,0.0046620335463786865,0.004661800769234503,0.06397438049316406,1.2253838473285905e-19
0.08861036285259583,0.08707997400975336,0.09999092647434249,0.0996576415761626,0.11585593223571777,0.004661800774709338,0.00466156800893458,0.06346940994262695,1.225400316338851e-19
0.08860968872429756,0.08707987904151267,0.09999093103930756,0.09965789143226139,0.1159358024597168,0.004661568014683828,0.004661335261246791,0.06332564353942871,1.2254167964869244e-19
0.0886090146130767,0.08707978407743683,0.0999909356040801,0.09965814127295816,0.11678719520568848,0.004661335266298525,0.0046611025235065995,0.0637059211730957,1.225433268465362e-19
0.08860834051893449,0.08707968911752559,0.0999909401686601,0.09965839109825404,0.11670422554016113,0.004661102529556712,0.004660869799444356,0.06371402740478516,1.2254497362737098e-19
0.08860766644187232,0.0870795941617787,0.09999094473304757,0.09965864090815017,0.11724567413330078,0.004660869804453151,0.004660637085684982,0.06444239616394043,1.2254662095572157e-19
0.08860699238189142,0.08707949921019591,0.0999909492972425,0.09965889070264769,0.11604547500610352,0.004660637090991148,0.004660404383471928,0.06291890144348145,1.2254826787920348e-19
0.08860631833899307,0.08707940426277695,0.09999095386124492,0.09965914048174772,0.11727213859558105,0.004660404389168786,0.0046601716933381,0.06374669075012207,1.225499149379778e-19
0.08860564431317858,0.0870793093195216,0.09999095842505482,0.0996593902454514,0.11745882034301758,0.004660171698986083,0.004659939015105863,0.06342434883117676,1.225515623126271e-19
0.08860497030444921,0.08707921438042959,0.09999096298867219,0.09965963999375983,0.11590385437011719,0.004659939020440828,0.004659706348419945,0.06252837181091309,1.2255320921999851e-19
0.08860429631280622,0.08707911944550069,0.09999096755209703,0.09965988972667418,0.11780929565429688,0.004659706353532711,0.004659473693280347,0.06394290924072266,1.225548556242215e-19
0.08860362233825089,0.08707902451473462,0.09999097211532937,0.09966013944419556,0.11785697937011719,0.004659473698261479,0.004659241049154161,0.06288361549377441,1.2255650256923701e-19
0.08860294838078445,0.08707892958813115,0.09999097667836919,0.0996603891463251,0.1185455322265625,0.004659241054628344,0.004659008417640109,0.06348562240600586,1.2255814919955124e-19
0.08860227444040825,0.08707883466569004,0.09999098124121648,0.09966063883306396,0.11718344688415527,0.004659008422629912,0.004658775796784198,0.06299972534179688,1.225597958648702e-19
0.08860160051712355,0.08707873974741101,0.09999098580387127,0.09966088850441325,0.11937069892883301,0.004658775802268336,0.0046585431880075134,0.06345295906066895,1.2256144195000346e-19
0.08860092661093169,0.08707864483329382,0.09999099036633353,0.09966113816037411,0.11793947219848633,0.004658543193541351,0.00465831059113242,0.06283688545227051,1.2256308853714013e-19
0.08860025272183389,0.08707854533848122,0.09999099492860329,0.09966138780094767,0.11856293678283691,0.0046583105964480434,0.004658078005270738,0.06287240982055664,1.2256473513260945e-19
0.08859957884983144,0.08707844333274342,0.09999099949068053,0.09966163742613507,0.11756134033203125,0.00465807801098984,0.004657845431843555,0.06297063827514648,1.2256638176554504e-19
0.08859890499492565,0.08707834133145065,0.09999100405256527,0.09966188703593744,0.11829972267150879,0.0046578454371638016,0.004657612869429784,0.06289434432983398,1.225680278740432e-19
0.08859823115711778,0.08707823933460265,0.0999910086142575,0.0996621366303559,0.11878633499145508,0.004657612874971315,0.004657380319095239,0.06289052963256836,1.225696740504233e-19
0.08859755733640913,0.08707813734219916,0.09999101317575722,0.0996623862093916,0.11908125877380371,0.004657380324410184,0.0046571477799517425,0.0627899169921875,1.2257132039378132e-19
0.08859688353280099,0.0870780353542399,0.09999101773706444,0.09966263577304565,0.11997413635253906,0.004657147785480848,0.004656915252709837,0.06397247314453125,1.2257296604057477e-19
0.08859620974629456,0.08707793337072461,0.09999102229817915,0.0996628853213192,0.11960983276367188,0.004656915258181974,0.004656682737191886,0.06338381767272949,1.2257461274643428e-19
0.08859553597689115,0.08707783139165305,0.09999102685910136,0.09966313485421337,0.12142324447631836,0.00465668274251336,0.004656450233397891,0.06350374221801758,1.22576258706263e-19
0.08859486222459206,0.08707772941702495,0.09999103141983108,0.0996633843717293,0.12274289131164551,0.004656450238473705,0.004656217740262036,0.06453227996826172,1.2257790446374926e-19
0.08859418848939857,0.08707762744684003,0.0999910359803683,0.09966363387386812,0.11991143226623535,0.004656217746064887,0.004655985259915951,0.0641944408416748,1.2257955032911315e-19
0.08859351477131193,0.08707752548109803,0.09999104054071303,0.09966388336063096,0.12098169326782227,0.0046559852652838,0.004655752790760914,0.0643148422241211,1.2258119615729573e-19
0.08859284107033341,0.0870774235197987,0.09999104510086526,0.09966413283201896,0.11988496780395508,0.004655752796130685,0.004655520332974561,0.06502127647399902,1.2258284198286584e-19
0.08859216738646432,0.08707732156294176,0.099991049660825,0.09966438228803322,0.12172269821166992,0.004655520338604916,0.004655287887800341,0.06552910804748535,1.225844876368376e-19
0.08859149371970591,0.08707721961052696,0.09999105422059225,0.0996646317286749,0.1203455924987793,0.004655287892704462,0.0046550554532842625,0.06445693969726562,1.2258613336465092e-19
0.08859082007005951,0.08707711766255403,0.09999105878016701,0.09966488115394512,0.11852526664733887,0.004655055458430554,0.004654823030492139,0.06483650207519531,1.2258777872369558e-19
0.0885901464375264,0.08707701571902272,0.09999106333954928,0.099665130563845,0.11876177787780762,0.004654823035782572,0.0046545906194239706,0.06466197967529297,1.2258942457068665e-19
0.08858947282210783,0.08707691377993276,0.09999106789873906,0.0996653799583757,0.12011933326721191,0.004654590624759903,0.004654358219724486,0.0650792121887207,1.2259106998813718e-19
0.08858879922380504,0.08707681184528389,0.09999107245773635,0.09966562933753834,0.11899232864379883,0.004654358225361359,0.004654125832104228,0.06491374969482422,1.2259271569155839e-19
0.08858812564261935,0.08707670991507582,0.09999107701654115,0.09966587870133403,0.11974143981933594,0.00465412583758693,0.004653893456207925,0.06564593315124512,1.225943609843146e-19
0.08858745207855202,0.08707660798930832,0.09999108157515348,0.09966612804976392,0.1195676326751709,0.004653893461435725,0.004653661091325034,0.06534337997436523,1.2259600610087903e-19
0.08858677853160433,0.0870765060679811,0.09999108613357331,0.09966637420050548,0.11863183975219727,0.004653661096907207,0.00465342873852137,0.06465625762939453,1.2259765080088493e-19
0.08858610500177758,0.08707640415109393,0.09999109069180068,0.09966661946563445,0.11961150169372559,0.004653428744000151,0.00465319639708639,0.06482100486755371,1.225992961447406e-19
0.08858543148907301,0.08707630223864653,0.09999109524983557,0.0996668647157028,0.12024855613708496,0.0046531964027152544,0.004652964067375365,0.06629610061645508,1.2260094094942879e-19
0.08858475799349193,0.08707620033063863,0.099991099807678,0.09966710995071164,0.12128758430480957,0.004652964073051576,0.004652731749743566,0.06651592254638672,1.2260258646600522e-19
0.08858408451503562,0.08707609842707,0.09999110436532795,0.09966735517066207,0.1207282543182373,0.004652731755007201,0.004652499442592273,0.06524395942687988,1.226042306892078e-19
0.08858341105370539,0.08707599652794035,0.09999110892278543,0.09966760037555517,0.11903548240661621,0.004652499448583659,0.004652267148230749,0.06574440002441406,1.2260587581741912e-19
0.08858273760950243,0.0870758946332494,0.09999111348005042,0.09966784556539204,0.12078571319580078,0.004652267153778924,0.0046520348652379084,0.06537795066833496,1.2260752100004068e-19
0.08858206418242803,0.08707579274299693,0.09999111803712296,0.0996680907401738,0.11951518058776855,0.00465203487059243,0.004651802593436116,0.06614279747009277,1.2260916554586335e-19
0.08858139077248352,0.08707569085718264,0.09999112259400303,0.09966833589990153,0.11925363540649414,0.004651802599024891,0.004651570334424093,0.06562232971191406,1.2261080964544942e-19
0.08858071737967015,0.08707558897580629,0.09999112715069063,0.0996685810445763,0.11705827713012695,0.004651570339073404,0.004651338085537304,0.06442689895629883,1.2261245438369225e-19
0.08858004400398913,0.0870754870988676,0.09999113170718575,0.09966882617419923,0.11728501319885254,0.0046513380907394035,0.0046511058483744705,0.06467938423156738,1.2261409922998645e-19
0.0885793706454418,0.08707538522636633,0.09999113626348842,0.09966907128877142,0.1176614761352539,0.0046511058540223945,0.004650873623468499,0.06486105918884277,1.2261574398501207e-19
0.08857869730402948,0.08707528335830221,0.09999114081959863,0.09966931638829395,0.11688971519470215,0.004650873628921026,0.004650641409931211,0.06461358070373535,1.2261738780946297e-19
0.08857802397975341,0.08707518149467497,0.09999114537551637,0.09966956147276794,0.11761164665222168,0.00465064141543403,0.004650409208295514,0.06467795372009277,1.2261903276877172e-19
0.08857735067261485,0.08707507963548436,0.09999114993124167,0.09966980654219448,0.1175992488861084,0.004650409213560557,0.004650177017673229,0.06476616859436035,1.2262067693698376e-19
0.08857667738261513,0.0870749777807301,0.09999115448677451,0.09967005159657466,0.1185765266418457,0.004650177023301667,0.004649944839663078,0.06496143341064453,1.2262232127619755e-19
0.08857600410975551,0.08707487593041195,0.09999115904211488,0.09967029663590955,0.1185457706451416,0.004649944844656083,0.00464971267266634,0.06576752662658691,1.226239655484474e-19
0.08857533085403728,0.08707477408452964,0.09999116359726279,0.09967054166020028,0.11770272254943848,0.004649712677623245,0.004649480516860649,0.06438660621643066,1.2262560943348452e-19
0.08857465761546164,0.0870746722430829,0.09999116815221824,0.09967078666944792,0.11750030517578125,0.0046494805222033015,0.004649248373311821,0.06511116027832031,1.2262725352714912e-19
0.0885739843940299,0.08707457040607149,0.09999117270698124,0.0996710316636536,0.11806321144104004,0.004649248378394557,0.004649016241131676,0.06495356559753418,1.2262889761893291e-19
0.08857331118974333,0.08707446857349513,0.0999911772615518,0.09967127664281837,0.11619448661804199,0.004649016246196465,0.004648784120320215,0.06365609169006348,1.226305415869989e-19
0.08857263800260326,0.08707436674535356,0.09999118181592989,0.09967152160694334,0.11862039566040039,0.004648784125608854,0.004648552011055074,0.06545543670654297,1.2263218498168935e-19
0.08857196483261089,0.08707426492164651,0.09999118637011555,0.09967176655602962,0.11823797225952148,0.004648552016632427,0.004648319914579702,0.06373047828674316,1.2263382914820407e-19
0.08857129167976754,0.08707416310237373,0.09999119092410876,0.09967201149007827,0.11858010292053223,0.004648319919263481,0.004648087828407199,0.06403779983520508,1.2263547322275237e-19
0.08857061854407451,0.08707406128753495,0.09999119547790952,0.09967225640909042,0.11863875389099121,0.0046480878335039,0.004647855753781016,0.06369662284851074,1.2263711597245037e-19
0.088569945425533,0.08707395947712991,0.09999120003151785,0.09967250131306714,0.11960649490356445,0.004647855759353427,0.004647623691589331,0.06385397911071777,1.226387601116869e-19
0.08856927232414431,0.08707385767115834,0.09999120458493373,0.09967274620200954,0.11889958381652832,0.004647623696808785,0.0046473916402334225,0.06394076347351074,1.2264040406546342e-19
0.0885685992399097,0.08707375586962,0.09999120913815716,0.0996729910759187,0.1184239387512207,0.0046473916458723945,0.004647159601134376,0.06397199630737305,1.2264204687553816e-19
0.0885679261728305,0.0870736540725146,0.09999121369118817,0.09967323593479573,0.11966705322265625,0.004647159606541682,0.004646927573759285,0.0642235279083252,1.226436907099232e-19
0.08856725312290797,0.08707355227984191,0.09999121824402674,0.0996734807786417,0.11927151679992676,0.0046469275788160345,0.0046466955573976065,0.06427311897277832,1.2264533406867083e-19
0.08856658009014338,0.08707345049160164,0.09999122279667287,0.09967372560745771,0.11840462684631348,0.004646695562696225,0.004646463552937519,0.06390237808227539,1.22646977276183e-19
0.08856590707453796,0.08707334870779355,0.09999122734912658,0.09967397042124489,0.11907029151916504,0.004646463558181003,0.00464623156002375,0.06404924392700195,1.2264862040916204e-19
0.08856523407609303,0.08707324692841736,0.09999123190138784,0.09967421522000429,0.11841678619384766,0.004646231565269127,0.00464599957830103,0.06459569931030273,1.2265026346462053e-19
0.08856456109480988,0.08707314515347282,0.09999123645345667,0.09967446000373703,0.11699771881103516,0.004645999583962031,0.004645767608657536,0.063262939453125,1.2265190701110771e-19
0.08856388813068974,0.08707304338295967,0.09999124100533308,0.0996747047724442,0.11889100074768066,0.004645767614258105,0.004645535650382726,0.06367921829223633,1.2265354966551758e-19
0.08856321518373393,0.08707294161687762,0.09999124555701705,0.09967494952612688,0.11904716491699219,0.004645535656157158,0.004645303704364778,0.06320691108703613,1.2265519268035765e-19
0.08856254225394372,0.08707283985522643,0.0999912501085086,0.09967519426478619,0.11880302429199219,0.004645303709657157,0.004645071769182607,0.06318926811218262,1.2265683611227246e-19
0.08856186934132033,0.08707273809800585,0.09999125465980771,0.0996754389884232,0.11978363990783691,0.004645071774757571,0.0046448398466125695,0.06386256217956543,1.2265847872832916e-19
0.08856119644586508,0.0870726363452156,0.0999912592109144,0.09967568369703901,0.11950135231018066,0.004644839851457803,0.00464460793399013,0.06420016288757324,1.2266012140252435e-19
0.0885605235675792,0.08707253459685543,0.09999126376182868,0.0996759283906347,0.12134718894958496,0.0046446079397597225,0.004644376034512732,0.06384634971618652,1.2266176425018084e-19
0.08855985070646395,0.08707243285292507,0.09999126831255054,0.09967617306921137,0.12212491035461426,0.0046443760396592555,0.00464414414587111,0.06492829322814941,1.226634062445677e-19
0.08855917786252059,0.08707233111342426,0.09999127286307996,0.09967641773277013,0.11980628967285156,0.004644144151157908,0.0046439122685981715,0.06503748893737793,1.2266504938718723e-19
0.08855850503575041,0.08707222937835273,0.09999127741341697,0.09967666238131205,0.11986613273620605,0.004643912274257126,0.00464368040340446,0.06516003608703613,1.22666692037987e-19
0.08855783222615472,0.08707212764771023,0.09999128196356157,0.09967690701483821,0.12005496025085449,0.004643680408952538,0.004643448549579432,0.06582045555114746,1.2266833472750367e-19
0.08855715943373481,0.0870720259214965,0.09999128651351373,0.09967715163334971,0.11950016021728516,0.004643448555245336,0.004643216708011266,0.06533217430114746,1.2266997721499056e-19
0.08855648665849185,0.08707192419971127,0.0999912910632735,0.09967739623684765,0.11960673332214355,0.00464321671313391,0.004642984877278877,0.06561875343322754,1.2267161934504046e-19
0.08855581390042719,0.08707182248235429,0.09999129561284084,0.09967764082533315,0.12001228332519531,0.004642984882618317,0.0046427530582704435,0.0657801628112793,1.226732618634005e-19
0.0885551411595421,0.08707172076942529,0.09999130016221579,0.09967788539880727,0.11934351921081543,0.004642753063697348,0.004642521251518872,0.06510329246520996,1.2267490384898125e-19
0.08855446843583785,0.08707161906092402,0.09999130471139832,0.09967812995727111,0.1203467845916748,0.004642521256370354,0.004642289455603077,0.0647282600402832,1.2267654605718476e-19
0.0885537957293157,0.0870715173568502,0.09999130926038845,0.09967837450072578,0.11936593055725098,0.0046422894606391076,0.004642057671055966,0.06611394882202148,1.22678188385351e-19
0.08855312303997692,0.08707141565720358,0.09999131380918617,0.09967861902917236,0.12080955505371094,0.004642057676502121,0.004641825898765717,0.06625103950500488,1.2267983046166675e-19
0.08855245036782276,0.0870713139619839,0.0999913183577915,0.09967886354261192,0.12006235122680664,0.004641825903956729,0.00464159413748888,0.06554198265075684,1.2268147224458888e-19
0.08855177771285454,0.0870712122711909,0.09999132290620441,0.09967910804104557,0.11810135841369629,0.004641594143005012,0.004641362388646542,0.06537485122680664,1.226831140580436e-19
0.08855110507507351,0.08707111058482431,0.09999132745442493,0.09967935252447442,0.11974215507507324,0.004641362393643123,0.004641130650107073,0.06441855430603027,1.226847556563066e-19
0.08855043245448094,0.08707100890288387,0.09999133200245305,0.09967959699289955,0.1184086799621582,0.0046411306558738,0.004640898924712644,0.06597208976745605,1.226863975851616e-19
0.08854975985107809,0.08707090722536934,0.09999133655028877,0.09967984144632203,0.11946892738342285,0.004640898929694363,0.00464066720944345,0.06583499908447266,1.2268803970479798e-19
0.08854908726486622,0.08707080555228042,0.09999134109793209,0.09968008588474295,0.11714386940002441,0.0046406672151049645,0.004640435506964025,0.0649111270904541,1.2268968106651312e-19
0.0885484146958466,0.08707070388361687,0.09999134564538302,0.09968033030816341,0.11668682098388672,0.004640435512104733,0.0046402038156756475,0.06424403190612793,1.2269132290859804e-19
0.08854774214402056,0.08707060221937843,0.09999135019264156,0.09968057471658451,0.11757755279541016,0.004640203820693297,0.004639972135223047,0.06464672088623047,1.2269296427157137e-19
0.08854706960938932,0.08707050055956485,0.09999135473970772,0.09968081911000734,0.11680889129638672,0.004639972140871865,0.00463974046738258,0.06406283378601074,1.2269460558103875e-19
0.0885463970919542,0.08707039890417584,0.09999135928658147,0.09968106348843297,0.11634325981140137,0.004639740472637733,0.004639508811088433,0.06393885612487793,1.2269624662214838e-19
0.08854572459171642,0.08707029725321115,0.09999136383326285,0.09968130785186251,0.11673712730407715,0.004639508815989748,0.004639277165452427,0.06404972076416016,1.226978881541814e-19
0.08854505210867725,0.08707019560667054,0.09999136837975182,0.09968155220029704,0.11814427375793457,0.00463927717092968,0.004639045532250918,0.06401634216308594,1.2269952986729046e-19
0.08854437964283796,0.08707009396455373,0.09999137292604841,0.09968179653373764,0.1181032657623291,0.004639045537454231,0.004638813910773365,0.06505179405212402,1.2270117087478197e-19
0.08854370719419982,0.08706999232686045,0.09999137747215261,0.09968203868154259,0.11899495124816895,0.004638813915562444,0.004638582299776317,0.06391716003417969,1.2270281234852003e-19
0.08854303476276416,0.08706989069359046,0.09999138201806443,0.09968227894892061,0.11858963966369629,0.004638582305257524,0.004638350701391403,0.06425333023071289,1.2270445313679714e-19
0.08854236234853222,0.08706978906474347,0.09999138656378387,0.09968251920160703,0.1197052001953125,0.004638350706536833,0.004638119114019901,0.06455349922180176,1.2270609422723123e-19
0.08854168995150524,0.08706968744031923,0.09999139110931092,0.09968275943960293,0.11811542510986328,0.004638119119400771,0.004637887538727625,0.06385660171508789,1.227077350404565e-19
0.08854101757168449,0.08706958582031751,0.0999913956546456,0.09968299966290937,0.11901712417602539,0.004637887543847022,0.004637655974981669,0.06509280204772949,1.2270937628138882e-19
0.08854034520907124,0.08706948420473803,0.0999914001997879,0.09968323987152741,0.11901092529296875,0.004637655979874805,0.004637424422249126,0.06370425224304199,1.227110169061615e-19
0.0885396728636668,0.08706938259358053,0.09999140474473782,0.09968348006545809,0.11998724937438965,0.004637424427485142,0.0046371928810629015,0.06508016586303711,1.22712657697041e-19
0.08853900053547244,0.08706928098684476,0.09999140928949536,0.09968372024470248,0.11788344383239746,0.004637192886677829,0.004636961351778268,0.06418490409851074,1.2271429867798328e-19
0.0885383282244894,0.08706917938453042,0.09999141383406053,0.09968396040926164,0.11970257759094238,0.004636961357451232,0.004636729834039954,0.0647885799407959,1.2271593905275519e-19
0.08853765593071894,0.08706907778663728,0.09999141837843332,0.09968420055913664,0.11975407600402832,0.004636729839805182,0.004636498328203231,0.06485104560852051,1.2271758002885828e-19
0.08853698365416234,0.08706897619316507,0.09999142292261376,0.09968444069432851,0.1193380355834961,0.004636498333737982,0.004636266834090463,0.06409239768981934,1.2271922035661445e-19
0.08853631139482089,0.08706887460411353,0.09999142746660182,0.09968468081483832,0.11909723281860352,0.004636266839249417,0.004636035350991108,0.06461763381958008,1.227208607181093e-19
0.08853563915269583,0.0870687730194824,0.09999143201039751,0.09968492092066711,0.11755728721618652,0.004636035356339269,0.0046358038796157075,0.06436920166015625,1.2272250089220445e-19
0.08853496692778844,0.08706867143927143,0.09999143655400083,0.09968516101181596,0.11802816390991211,0.004635803885007902,0.004635572419608991,0.06386375427246094,1.2272414136944238e-19
0.08853429472010002,0.08706856986348034,0.0999914410974118,0.0996854010882859,0.1185770034790039,0.004635572425254522,0.004635340972036772,0.06363177299499512,1.2272578182358244e-19
0.0885336225296318,0.08706846829210889,0.09999144564063041,0.099685641150078,0.11927914619445801,0.00463534097707637,0.004635109534945059,0.06444382667541504,1.2272742215543505e-19
0.08853295035638506,0.08706836672515679,0.09999145018365665,0.09968588119719332,0.11836600303649902,0.004635109540475048,0.004634878110643115,0.0637204647064209,1.2272906217027179e-19
0.08853227820036105,0.08706826516262381,0.09999145472649053,0.09968612122963293,0.12145566940307617,0.0046348781154474895,0.00463464669664404,0.0638127326965332,1.2273070205057312e-19
0.0885316060615611,0.08706816360450967,0.09999145926913204,0.09968636124739785,0.12146353721618652,0.0046346467019961965,0.004634415294368921,0.06372284889221191,1.2273234246775764e-19
0.08853093393998646,0.08706806205081412,0.0999914638115812,0.09968660125048916,0.11924338340759277,0.004634415300120299,0.0046341839039953925,0.06374216079711914,1.2273398192287836e-19
0.08853026183563836,0.0870679605015369,0.099991468353838,0.09968684123890789,0.11983728408813477,0.0046341839098184515,0.004633952525523455,0.0634012222290039,1.2273562245910504e-19
0.08852958974851807,0.08706785895667774,0.09999147289590245,0.09968708121265514,0.11949658393859863,0.0046339525310887895,0.004633721158953108,0.06473755836486816,1.2273726197280282e-19
0.0885289176786268,0.08706775741623637,0.09999147743777453,0.09968732117173196,0.12073969841003418,0.004633721163929674,0.004633489802685631,0.06461882591247559,1.2273890214240238e-19
0.0885282456259658,0.08706765588021255,0.09999148197945427,0.09968756111613937,0.11909341812133789,0.004633489808344265,0.004633258459030287,0.0644218921661377,1.2274054175381373e-19
0.08852757359053641,0.08706755434860601,0.09999148652094167,0.09968780104587845,0.11753726005554199,0.004633258464329927,0.004633027126388356,0.06413865089416504,1.2274218101990695e-19
0.08852690157233983,0.08706745282141651,0.09999149106223672,0.09968804096095026,0.11744332313537598,0.00463302713188683,0.00463279580547038,0.064239501953125,1.2274382114941223e-19
0.08852622957137736,0.08706735129864376,0.09999149560333942,0.09968828086135584,0.11906981468200684,0.004632795811014657,0.004632564496809266,0.06528830528259277,1.2274545960772794e-19
0.08852555758765025,0.0870672497802875,0.09999150014424979,0.09968852074709625,0.11878681182861328,0.004632564501711129,0.004632333198983929,0.0647735595703125,1.2274709972827674e-19
0.08852488562115979,0.0870671482663475,0.0999915046849678,0.09968876061817256,0.11854910850524902,0.0046323332039760814,0.0046321019125272755,0.06454777717590332,1.227487394543148e-19
0.0885242136719072,0.08706704675682346,0.09999150922549348,0.09968900047458579,0.11681318283081055,0.004632101917811193,0.004631870637794577,0.06319975852966309,1.227503785420113e-19
0.08852354173989381,0.08706694525171516,0.09999151376582681,0.09968924031633702,0.11605978012084961,0.004631870643214303,0.00463163937496347,0.0633840560913086,1.2275201813600345e-19
0.08852286982512088,0.0870668437510223,0.09999151830596781,0.09968948014342732,0.11801576614379883,0.004631639380184721,0.0046314081233234106,0.0644993782043457,1.2275365732693946e-19
0.08852219792758967,0.08706674225474466,0.09999152284591648,0.09968971995585774,0.11877584457397461,0.004631408128722617,0.004631176883584942,0.06418776512145996,1.2275529685039766e-19
0.08852152604730142,0.08706664076288194,0.09999152738567281,0.0996899597536293,0.11973881721496582,0.004631176888826037,0.004630945655037522,0.0644681453704834,1.227569355020535e-19
0.08852085418425744,0.0870665392754339,0.0999915319252368,0.0996901995367431,0.12045526504516602,0.004630945660494427,0.004630714438391692,0.0650026798248291,1.2275857427890915e-19
0.08852018233845897,0.08706643779240027,0.09999153646460845,0.09969043930520019,0.11992526054382324,0.004630714443728575,0.004630483233469818,0.06497454643249512,1.227602135235938e-19
0.08851951050990728,0.08706633631378081,0.09999154100378779,0.0996906790590016,0.12035799026489258,0.004630483238526458,0.004630252040094263,0.06531810760498047,1.2276185254044621e-19
0.08851883869860366,0.08706623483957526,0.09999154554277478,0.09969091879814837,0.12007737159729004,0.004630252044888533,0.004630020858087391,0.06501173973083496,1.22763491193575e-19
0.08851816690454932,0.08706613336978335,0.09999155008156946,0.09969115852264158,0.11932897567749023,0.004630020862813226,0.004629789687449204,0.06437230110168457,1.2276513019837368e-19
0.08851749512774555,0.0870660319044048,0.0999915546201718,0.0996913982324823,0.12133598327636719,0.004629789692300338,0.004629558527824429,0.06465005874633789,1.227667689412359e-19
0.0885168233681936,0.0870659304434394,0.09999155915858182,0.09969163792767156,0.12117457389831543,0.004629558533350983,0.00462932738027888,0.06622743606567383,1.2276840733841025e-19
0.08851615162589471,0.08706582898688683,0.09999156369679951,0.09969187760821042,0.12247538566589355,0.004629327385964189,0.004629096244812558,0.06646180152893066,1.22770045872364e-19
0.0885154799008502,0.08706572753474687,0.0999915682348249,0.09969211727409993,0.12086153030395508,0.004629096250138639,0.004628865120537284,0.06556510925292969,1.2277168482760723e-19
0.08851480819306125,0.08706562608701925,0.09999157277265795,0.09969235692534116,0.11908483505249023,0.004628865125873176,0.0046286340074530585,0.06572937965393066,1.2277332312988487e-19
0.08851413650252916,0.0870655246437037,0.09999157731029869,0.09969259656193515,0.12087392807006836,0.004628634013167567,0.0046284029068033306,0.06466221809387207,1.2277496108403976e-19
0.08851346482925528,0.08706542320479999,0.0999915818477471,0.09969283618388294,0.1202702522277832,0.004628402912020155,0.004628171816989379,0.06602263450622559,1.2277659953032578e-19
0.08851279317324082,0.08706532177030783,0.09999158638500322,0.09969307579118562,0.12055444717407227,0.00462817182243145,0.0046279407392546545,0.0661921501159668,1.2277823755616034e-19
0.08851212153448704,0.08706522034022697,0.09999159092206701,0.09969331538384422,0.1174306869506836,0.004627940744400441,0.004627709672710978,0.06433296203613281,1.227798760588623e-19
0.0885114499129952,0.08706511891455715,0.0999915954589385,0.0996935549618598,0.11750578880310059,0.00462770967792728,0.004627478617535985,0.06460189819335938,1.2278151438984501e-19
0.08851077830876655,0.08706501749329812,0.09999159999561767,0.0996937945252334,0.1198735237121582,0.004627478623011719,0.004627247574440219,0.06473326683044434,1.227831527600631e-19
0.08851010672180235,0.0870649160764496,0.09999160453210454,0.09969403407396608,0.1197352409362793,0.0046272475796531685,0.004627016542713136,0.06477165222167969,1.2278479021159532e-19
0.08850943515210388,0.08706481466401136,0.0999916090683991,0.0996942736080589,0.11963605880737305,0.004627016547849643,0.0046267855221771015,0.06494998931884766,1.2278642819684809e-19
0.08850876359967239,0.08706471325598311,0.09999161360450136,0.09969451312751289,0.11977481842041016,0.004626785527602005,0.004626554513365022,0.06488442420959473,1.2278806642906935e-19
0.08850809206450913,0.0870646118523646,0.09999161814041131,0.09969475263232912,0.11943626403808594,0.004626554518909302,0.004626323516276898,0.06497764587402344,1.2278970412459816e-19
0.08850742054661538,0.08706451045315557,0.09999162267612897,0.09969499212250865,0.11877632141113281,0.004626323521770606,0.004626092531445636,0.06483912467956543,1.2279134221444187e-19
0.08850674904599237,0.08706440905835576,0.09999162721165433,0.09969523159805253,0.1183919906616211,0.004626092536183633,0.004625861557094879,0.06470370292663574,1.2279297982670657e-19
0.08850607756264141,0.08706430766796491,0.0999916317469874,0.09969547105896182,0.11872434616088867,0.004625861562150202,0.0046256305944680776,0.06547808647155762,1.227946170778165e-19
0.08850540609656372,0.08706420628198278,0.09999163628212816,0.09969571050523753,0.11731624603271484,0.004625630599669708,0.004625399643565231,0.06493949890136719,1.227962545396244e-19
0.08850473464776058,0.08706410490040907,0.09999164081707664,0.09969594993688075,0.1186370849609375,0.004625399648739957,0.004625168703675797,0.06481313705444336,1.227978927492135e-19
0.08850406321623328,0.08706400352324356,0.09999164535183282,0.09969618935389252,0.11863541603088379,0.004625168709362682,0.004624937776398497,0.06550145149230957,1.2279952984055964e-19
0.08850339180198305,0.08706390215048598,0.0999916498863967,0.09969642875627391,0.11626291275024414,0.004624937781534588,0.004624706860134609,0.0644228458404541,1.228011671094156e-19
0.08850272040501116,0.08706380078213606,0.09999165442076828,0.09969666814402595,0.11841511726379395,0.00462470686525709,0.004624475955594676,0.06552410125732422,1.228028050128726e-19
0.08850204902531886,0.08706369941819354,0.09999165895494758,0.09969690751714969,0.1168050765991211,0.0046244759605282865,0.004624245062245791,0.06526684761047363,1.2280444217617556e-19
0.08850137766290743,0.08706359805865817,0.0999916634889346,0.09969714571633938,0.11780834197998047,0.004624245067348319,0.004624014180087954,0.06482291221618652,1.2280607938106672e-19
0.08850070631777816,0.08706349670352967,0.09999166802272932,0.09969738103985062,0.11658239364624023,0.004624014185718306,0.004623783310009344,0.06347489356994629,1.2280771662409162e-19
0.08850003498993231,0.0870633953528078,0.09999167255633178,0.09969761634903314,0.11411213874816895,0.004623783315635253,0.004623552452187596,0.06310868263244629,1.228093532111368e-19
0.08849936367937114,0.0870632940064923,0.09999167708974194,0.09969785164388792,0.11583328247070312,0.004623552457099203,0.0046233216046687176,0.06382536888122559,1.2281099041232927e-19
0.08849869238609591,0.08706319266458291,0.09999168162295982,0.09969808692441601,0.11535382270812988,0.004623321610110018,0.004623090769406701,0.06363964080810547,1.2281262708396724e-19
0.08849802111010784,0.08706309132707937,0.09999168615598542,0.09969832219061839,0.11594080924987793,0.004623090774666708,0.004622859945158098,0.06363654136657715,1.2281426461810933e-19
0.08849734985140822,0.08706298999398142,0.09999169068881873,0.09969855744249607,0.11653923988342285,0.004622859950769385,0.004622629132811085,0.063079833984375,1.2281590080542936e-19
0.08849667860999828,0.0870628886652888,0.09999169522145977,0.09969879268005011,0.11586213111877441,0.004622629138417196,0.004622398332543298,0.06287693977355957,1.228175377078449e-19
0.08849600738587932,0.08706278734100124,0.09999169975390854,0.0996990279032815,0.11693811416625977,0.004622398337608051,0.004622167542933653,0.06275057792663574,1.228191747321511e-19
0.08849533617905257,0.0870626860211185,0.09999170428616502,0.09969926311219128,0.11893320083618164,0.004622167548343575,0.004621936765403234,0.06284308433532715,1.2282081066288203e-19
0.08849466498951929,0.0870625847056403,0.09999170881822925,0.09969949830678046,0.11832308769226074,0.004621936770620704,0.004621705999063863,0.06291484832763672,1.2282244768869247e-19
0.08849399381728074,0.08706248339456639,0.0999917133501012,0.09969973348705005,0.12115097045898438,0.004621706004440943,0.004621475244626083,0.0624537467956543,1.22824084185535e-19
0.08849332266233816,0.08706238208789652,0.09999171788178086,0.09969996865300108,0.11928987503051758,0.00462147524980271,0.004621244501556987,0.0634768009185791,1.2282572044567404e-19
0.08849265152469282,0.08706228078563043,0.09999172241326826,0.09970020380463458,0.1213383674621582,0.004621244506705716,0.0046210137698565745,0.0638895034790039,1.2282735732350425e-19
0.088491980404346,0.08706217948776784,0.0999917269445634,0.09970043894195155,0.11840581893920898,0.004621013775150065,0.004620783050057753,0.06283140182495117,1.228289934095895e-19
0.08849130930129896,0.08706207819430851,0.09999173147566628,0.099700674064953,0.1204385757446289,0.004620783055134562,0.004620552341094708,0.06404781341552734,1.2283063000190024e-19
0.08849063821555292,0.08706197690525219,0.09999173600657689,0.09970090917363998,0.12057995796203613,0.004620552346659245,0.004620321644388525,0.06321454048156738,1.2283226593537543e-19
0.0884899671471092,0.0870618756205986,0.09999174053729523,0.09970114426801349,0.12021684646606445,0.004620321649721531,0.004620090959051026,0.06390237808227539,1.2283390260315708e-19
0.08848929609596899,0.08706177434034748,0.09999174506782131,0.09970137934807455,0.11965441703796387,0.004620090964323191,0.004619860285082211,0.06347298622131348,1.2283553839168597e-19
0.08848862506213362,0.08706167306449858,0.09999174959815514,0.09970161441382418,0.11766529083251953,0.004619860290462984,0.00461962962248208,0.06313371658325195,1.2283717406566728e-19
0.0884879540456043,0.08706157179305164,0.09999175412829671,0.09970184946526338,0.11905217170715332,0.004619629628140321,0.004619398971961175,0.06413555145263672,1.2283881024284466e-19
0.08848728304638234,0.0870614705260064,0.09999175865824601,0.0997020845023932,0.12192773818969727,0.004619398977353626,0.004619168332276047,0.06529474258422852,1.2284044652504936e-19
0.08848661206446894,0.0870613692633626,0.09999176318800307,0.09970231952521466,0.12190723419189453,0.0046191683381043335,0.0046189377050254166,0.06535840034484863,1.2284208203578882e-19
0.08848594109986534,0.08706126800511997,0.09999176771756786,0.09970255453372875,0.1207582950592041,0.004618937710389126,0.004618707088965834,0.0654153823852539,1.2284371798798725e-19
0.08848527015257283,0.08706116675127828,0.09999177224694042,0.09970278952793651,0.12171268463134766,0.004618707094209489,0.004618476484452572,0.06605815887451172,1.228453534481919e-19
0.08848459922259276,0.08706106550183726,0.09999177677612071,0.09970302450783895,0.12153196334838867,0.0046184764895631095,0.004618245891130357,0.06635737419128418,1.228469893019686e-19
0.08848392830992632,0.08706096425679664,0.09999178130510876,0.0997032594734371,0.12012410163879395,0.00461824589645158,0.004618015309354462,0.06524896621704102,1.2284862494464558e-19
0.0884832574145747,0.08706086301615618,0.09999178583390456,0.09970349442473196,0.11979389190673828,0.004618015314873474,0.004617784739302522,0.06483840942382812,1.2285025994135155e-19
0.08848258653653923,0.0870607617799156,0.0999917903625081,0.09970372936172454,0.1211843490600586,0.004617784744827613,0.004617554180974537,0.06557130813598633,1.228518958233697e-19
0.08848191567582114,0.08706066054807465,0.09999179489091942,0.09970396428441586,0.12021517753601074,0.004617554186313782,0.004617323634015236,0.06599235534667969,1.2285353133605452e-19
0.08848124483242172,0.08706055932063309,0.0999917994191385,0.09970419919280693,0.12181520462036133,0.004617323639331696,0.004617093099135161,0.06572437286376953,1.2285516655609797e-19
0.08848057400634214,0.08706045809759062,0.09999180394716532,0.09970443408689879,0.12148284912109375,0.004617093103879077,0.0046168625743803204,0.06556129455566406,1.2285680187436522e-19
0.08847990319758375,0.08706035687894702,0.09999180847499992,0.09970466896669243,0.11908626556396484,0.0046168625799587895,0.004616632061882342,0.06524658203125,1.2285843700526852e-19
0.0884792324061478,0.08706025566470202,0.09999181300264227,0.09970490383218888,0.12093162536621094,0.004616632067568136,0.004616401561641226,0.06475639343261719,1.228600718198079e-19
0.0884785616320355,0.08706015445485535,0.0999918175300924,0.09970513868338916,0.12037086486816406,0.004616401566705553,0.004616171072235886,0.06627845764160156,1.2286170722093453e-19
0.08847789087524817,0.08706005324940676,0.09999182205735029,0.09970537352029428,0.12093925476074219,0.004616171077371885,0.00461594059419923,0.06661272048950195,1.2286334173872925e-19
0.08847722013578699,0.08705995204835598,0.09999182658441594,0.09970560834290526,0.11776161193847656,0.004615940599566179,0.004615710127531258,0.06440615653991699,1.2286497707165736e-19
0.08847654941365322,0.08705985085170277,0.09999183111128936,0.09970584315122312,0.1187293529510498,0.00461571013328856,0.004615479673120149,0.06561398506164551,1.228666121543599e-19
0.08847587870884814,0.08705974965944686,0.09999183563797054,0.09970607794524886,0.11929035186767578,0.004615479678538018,0.004615249230077723,0.06496357917785645,1.2286824720590295e-19
0.08847520802137306,0.08705964847158801,0.09999184016445949,0.09970631272498351,0.12027168273925781,0.004615249235312307,0.004615018798048709,0.06524252891540527,1.2286988182255936e-19
0.08847453735122923,0.08705954728812593,0.09999184469075621,0.09970654749042808,0.11892390251159668,0.0046150188036135865,0.0046147883777436505,0.06482386589050293,1.2287151663858657e-19
0.08847386669841792,0.08705944610906037,0.09999184921686072,0.09970678224158361,0.11875128746032715,0.004614788383439634,0.004614557969340183,0.06496024131774902,1.2287315143556013e-19
0.08847319606294032,0.08705934493439109,0.099991853742773,0.0997070169784511,0.1190958023071289,0.0046145579747904454,0.004614327572483035,0.06491804122924805,1.2287478555642533e-19
0.0884725254447977,0.08705924376411782,0.09999185826849306,0.09970725170103155,0.11955022811889648,0.004614327577664098,0.004614097186639299,0.06564211845397949,1.2287642020026362e-19
0.08847185484399134,0.0870591425982403,0.09999186279402089,0.099707486409326,0.11871528625488281,0.004614097192061119,0.004613866812164247,0.06531167030334473,1.2287805471659134e-19
0.08847118426052246,0.08705904143675827,0.0999918673193565,0.09970772110333545,0.11882162094116211,0.0046138668179825995,0.004613636450301328,0.06604456901550293,1.2287968938983514e-19
0.08847051369439236,0.08705894027967148,0.09999187184449988,0.09970795578306092,0.11852359771728516,0.004613636455425463,0.004613406098918915,0.0656423568725586,1.2288132303266551e-19
0.08846984314560222,0.08705883912697966,0.09999187636945106,0.09970819044850343,0.11928153038024902,0.0046134061043902885,0.004613175759971,0.06521964073181152,1.2288295786490198e-19
0.08846917261415331,0.08705873797868256,0.09999188089421002,0.09970842509966397,0.12017083168029785,0.004613175764874699,0.004612945431858861,0.0659341812133789,1.2288459197154636e-19
0.08846850210004695,0.08705863683477993,0.09999188541877677,0.09970865973654358,0.1183774471282959,0.0046129454368802605,0.004612715115293042,0.06543397903442383,1.2288622629377471e-19
0.08846783160328432,0.0870585356952715,0.09999188994315131,0.09970889435914328,0.11931943893432617,0.004612715120405682,0.004612484810451178,0.06603193283081055,1.2288786021559903e-19
0.08846716112386674,0.087058434560157,0.09999189446733363,0.09970912896746408,0.11756110191345215,0.004612484815449707,0.004612254516977998,0.06642532348632812,1.228894941708698e-19
0.08846649066179539,0.08705833342943618,0.09999189899132374,0.09970936356150698,0.11897087097167969,0.004612254522012408,0.004612024234695866,0.06560492515563965,1.2289112822735242e-19
0.08846582021707157,0.0870582323031088,0.09999190351512165,0.09970959814127302,0.11879324913024902,0.004612024240094609,0.004611793964492961,0.06451106071472168,1.2289276196548734e-19
0.08846514978969654,0.08705813118117459,0.09999190803872735,0.0997098327067632,0.1177678108215332,0.0046117939696936425,0.004611563705658739,0.06498885154724121,1.2289439608226606e-19
0.08846447937967156,0.08705803006363327,0.09999191256214085,0.09971006725797854,0.11782383918762207,0.00461156371080929,0.004611333458193201,0.06515884399414062,1.2289602954025333e-19
0.08846380898699786,0.08705792895048461,0.09999191708536215,0.09971030179492005,0.11762118339538574,0.00461133346344299,0.004611103221918711,0.06510019302368164,1.2289766316457817e-19
0.0884631386116767,0.08705782784172834,0.09999192160839124,0.09971053631758875,0.1182563304901123,0.004611103227593187,0.0046108729982563545,0.06543755531311035,1.2289929722587713e-19
0.08846246825370929,0.08705772673736421,0.09999192613122812,0.09971077082598566,0.1173861026763916,0.004610873003256564,0.004610642785429775,0.06505084037780762,1.2290093079117354e-19
0.08846179791309697,0.08705762563739196,0.09999193065387281,0.09971100532011178,0.11714482307434082,0.004610642790434913,0.004610412584149515,0.0648491382598877,1.229025644481856e-19
0.08846112758984098,0.08705752454181132,0.0999919351763253,0.09971123979996814,0.11710143089294434,0.004610412589127322,0.004610182394237938,0.06469225883483887,1.2290419752830414e-19
0.08846045728394258,0.08705742345062203,0.09999193969858561,0.09971147426555574,0.1184229850769043,0.004610182399334238,0.004609952215695046,0.06454920768737793,1.229058308016264e-19
0.08845978699540301,0.08705732236382385,0.0999919442206537,0.09971170860814743,0.11748671531677246,0.004609952221053769,0.0046097220492313795,0.06528067588806152,1.2290746439613913e-19
0.08845911672422353,0.08705722128141652,0.0999919487425296,0.0997119390397993,0.11746644973754883,0.00460972205428591,0.004609491893781126,0.06434154510498047,1.2290909784909407e-19
0.08845844647040535,0.08705712020339977,0.09999195326421331,0.09971216945747922,0.11703157424926758,0.00460949189903014,0.004609261749699556,0.06497025489807129,1.229107308247775e-19
0.08845777623394974,0.08705701912977336,0.09999195778570484,0.09971239986118817,0.11773085594177246,0.00460926175528596,0.004609031617519577,0.06508016586303711,1.229123638132324e-19
0.08845710601485794,0.08705691806053702,0.09999196230700418,0.09971263025092714,0.11672496795654297,0.004609031623052021,0.004608801497063553,0.0641164779663086,1.2291399707275682e-19
0.08845643581313124,0.08705681699569048,0.09999196682811132,0.0997128606266971,0.1189572811126709,0.004608801502327739,0.004608571387798577,0.06540417671203613,1.2291563044061522e-19
0.0884557656287709,0.08705671593523352,0.09999197134902629,0.09971309098849904,0.1180262565612793,0.0046085713931132465,0.004608341289902285,0.06399798393249512,1.2291726279804911e-19
0.08845509546177814,0.08705661487916586,0.09999197586974909,0.09971332133633393,0.11942768096923828,0.004608341295407959,0.004608111203907583,0.06457781791687012,1.22918896338987e-19
0.0884544253121542,0.08705651382748722,0.0999919803902797,0.09971355167020274,0.1178584098815918,0.004608111209210643,0.00460788112910393,0.06390833854675293,1.2292052877446353e-19
0.08845375517990034,0.08705641278019736,0.09999198491061813,0.09971378199010648,0.11678886413574219,0.004607881134521999,0.004607651066024232,0.06356143951416016,1.2292216169844335e-19
0.08845308506501783,0.08705631173729604,0.09999198943076437,0.09971401229604612,0.1179356575012207,0.004607651071339851,0.004607421014135582,0.06371569633483887,1.2292379425297912e-19
0.0884524149675079,0.08705621069878298,0.09999199395071845,0.09971424258802267,0.12037467956542969,0.004607421019664904,0.0046071909743261585,0.06420087814331055,1.2292542678840602e-19
0.08845174488737183,0.08705610966465795,0.09999199847048035,0.09971447286603707,0.12136054039001465,0.004607190979494593,0.004606960945352512,0.06454944610595703,1.2292705970411473e-19
0.0884510748246109,0.08705600863492065,0.09999200299005008,0.09971470313009033,0.12164497375488281,0.0046069609508314026,0.00460673092810282,0.06493544578552246,1.2292869176938183e-19
0.08845040477922633,0.08705590760957085,0.09999200750942763,0.09971493338018342,0.12153983116149902,0.004606730933673308,0.004606500922754719,0.06550049781799316,1.229303244507094e-19
0.08844973475121942,0.0870558065886083,0.09999201202861302,0.09971516361631731,0.12210583686828613,0.004606500928018468,0.004606270928775302,0.06612396240234375,1.2293195665907956e-19
0.08844906474059133,0.08705570557203271,0.09999201654760624,0.099715393838493,0.1212458610534668,0.0046062709338672465,0.004606040945986933,0.0657966136932373,1.2293358977485373e-19
0.08844839474734334,0.08705560455984385,0.0999920210664073,0.09971562404671146,0.12053155899047852,0.004606040951219487,0.004605810974211977,0.06533241271972656,1.2293522124960095e-19
0.08844772477147662,0.08705550355204146,0.09999202558501619,0.09971585424097366,0.12215852737426758,0.004605810980075617,0.004605581015049154,0.06615948677062988,1.229368536502433e-19
0.0884470548129925,0.08705540254862527,0.09999203010343291,0.0997160844212806,0.12085676193237305,0.004605581020432982,0.004605351066899743,0.06652283668518066,1.2293848577969188e-19
0.08844638487189223,0.08705530154959505,0.09999203462165748,0.09971631458763326,0.12183165550231934,0.004605351072291363,0.0046051211301190165,0.06635665893554688,1.2294011775024807e-19
0.08844571494817705,0.0870552005549505,0.09999203913968989,0.09971654474003262,0.12199640274047852,0.0046051211356509004,0.004604891205595152,0.06601762771606445,1.2294175002441491e-19
0.0884450450418482,0.0870550995646914,0.09999204365753013,0.09971677487847966,0.12011480331420898,0.004604891210509903,0.004604661291551793,0.0660097599029541,1.229433819339279e-19
0.08844437515290694,0.08705499857881747,0.09999204817517823,0.09971700500297535,0.12170648574829102,0.004604661296869231,0.00460443138958766,0.06527900695800781,1.2294501399007043e-19
0.08844370528135452,0.08705489759732847,0.09999205269263416,0.09971723511352068,0.12046360969543457,0.004604431394727247,0.0046042014991698466,0.06665825843811035,1.2294664594024407e-19
0.08844303542719215,0.08705479662022413,0.09999205720989793,0.09971746521011664,0.12212395668029785,0.004604201504083401,0.00460397161958781,0.06688332557678223,1.2294827734174222e-19
0.08844236559042105,0.08705469564750419,0.09999206172696955,0.09971769529276418,0.11760735511779785,0.004603971624938787,0.004603741752085,0.06463003158569336,1.2294990895270534e-19
0.08844169577104255,0.0870545946791684,0.09999206624384901,0.09971792536146433,0.11829519271850586,0.004603741757290537,0.004603511895773238,0.06490874290466309,1.2295154049630534e-19
0.08844102596905788,0.08705449371521651,0.09999207076053633,0.09971815541621804,0.12113285064697266,0.004603511901139681,0.004603282051363067,0.06496071815490723,1.2295317229453852e-19
0.08844035618446831,0.08705439275564825,0.09999207527703151,0.09971838545702628,0.12026810646057129,0.004603282056484627,0.004603052218143944,0.06509041786193848,1.2295480407328899e-19
0.08843968641727512,0.08705429180046335,0.09999207979333453,0.09971861548389006,0.12015509605407715,0.004603052223325187,0.00460282239647114,0.0650629997253418,1.2295643563415353e-19
0.08843901666747955,0.08705419084966158,0.09999208430944541,0.09971884549681034,0.12183356285095215,0.004602822401660764,0.004602592586522292,0.06576371192932129,1.2295806695791102e-19
0.0884383469350828,0.08705408990324268,0.09999208882536414,0.09971907549578811,0.12057733535766602,0.0046025925914907105,0.004602362787942127,0.06574535369873047,1.229596979178364e-19
0.08843767722008619,0.08705398896120638,0.09999209334109073,0.09971930548082433,0.1201777458190918,0.004602362792815499,0.004602133000375375,0.06535649299621582,1.2296132901439654e-19
0.08843700752249094,0.08705388802355243,0.09999209785662518,0.09971953545192001,0.12000870704650879,0.004602133005633309,0.0046019032250654845,0.06549477577209473,1.2296296057377891e-19
0.08843633784229825,0.08705378709028057,0.09999210237196748,0.09971976540907612,0.12030386924743652,0.004601903229943084,0.004601673460769007,0.06654524803161621,1.2296459195129967e-19
0.08843566817950936,0.08705368616139054,0.09999210688711765,0.09971999535229363,0.11905169486999512,0.004601673465745333,0.0046014437074859416,0.06590032577514648,1.229662230760917e-19
0.08843499853412551,0.08705358523688209,0.09999211140207569,0.09972022528157354,0.12098574638366699,0.004601443713040526,0.004601213966637374,0.06563067436218262,1.229678538916319e-19
0.08843432890614797,0.08705348431675494,0.0999921159168416,0.09972045519691682,0.12088322639465332,0.004601213971825668,0.0046009842366245834,0.06639552116394043,1.2296948510087186e-19
0.08843365929557799,0.08705338340100886,0.09999212043141537,0.09972068509832444,0.11876749992370605,0.004600984242101831,0.004600754518691019,0.06577801704406738,1.2297111588211527e-19
0.08843298970241682,0.08705328248964359,0.099992124945797,0.09972091498579737,0.1196591854095459,0.004600754523867468,0.0046005248117708675,0.06550788879394531,1.229727470135007e-19
0.08843232012666574,0.08705318158265886,0.0999921294599865,0.0997211448593366,0.11940407752990723,0.004600524817122335,0.004600295116574671,0.0667719841003418,1.22974377532846e-19
0.088431650568326,0.08705308068005442,0.09999213397398389,0.09972137471894311,0.11979269981384277,0.004600295121866565,0.004600065432747158,0.0667870044708252,1.2297600868653515e-19
0.08843098102739883,0.08705297978183,0.09999213848778914,0.0997216045646179,0.13304781913757324,0.004600065438098884,0.004599835760288329,0.07635998725891113,1.229776384448211e-19
0.0884303115038855,0.08705287888798538,0.09999214300140226,0.09972183439636191,0.12314653396606445,0.0045998357658187106,0.004599606099553455,0.06745314598083496,1.229792693921709e-19
0.08842964199778724,0.08705277799852028,0.09999214751482327,0.09972206421417613,0.1146540641784668,0.004599606105025824,0.004599376451075443,0.06456422805786133,1.2298089998019619e-19
0.08842897250910531,0.08705267711343444,0.09999215202805214,0.09972229401806157,0.11526250839233398,0.004599376455717547,0.004599146812900301,0.06443595886230469,1.2298253048884985e-19
0.0884283030378409,0.08705257623272762,0.0999921565410889,0.09972252380801917,0.11564445495605469,0.004599146817896047,0.004598917186449114,0.06476926803588867,1.2298416068918732e-19
0.0884276335839953,0.08705247535639955,0.09999216105393352,0.09972275358404993,0.11519742012023926,0.0045989171915598,0.0045986875710113395,0.06439352035522461,1.2298579103063772e-19
0.08842696414756976,0.08705237448444997,0.09999216556658605,0.09972298334615481,0.11544060707092285,0.004598687576710208,0.00459845796854097,0.06439375877380371,1.2298742154803499e-19
0.08842629472856547,0.08705227361687862,0.09999217007904646,0.09972321309433482,0.11546134948730469,0.004598457973342922,0.00459822837637347,0.06473159790039062,1.2298905181071646e-19
0.08842562532698368,0.08705217275368525,0.09999217459131474,0.09972344282859093,0.11401915550231934,0.004598228381459172,0.004597998795752289,0.0641012191772461,1.229906818701051e-19
0.0884249559428257,0.0870520718948696,0.09999217910339091,0.09972367254892409,0.11482095718383789,0.004597998801059625,0.0045977692270327,0.06508588790893555,1.2299231135785302e-19
0.08842428657609273,0.08705197104043141,0.09999218361527497,0.09972390225533531,0.11518502235412598,0.004597769232142371,0.0045975396693265225,0.06353306770324707,1.2299394172366309e-19
0.08842361722678609,0.08705187019037043,0.09999218812696692,0.09972413194782558,0.1162862777709961,0.0045975396747072175,0.004597310123166665,0.06401228904724121,1.2299557183329626e-19
0.08842294789490694,0.0870517693446864,0.09999219263846676,0.09972436162639584,0.11597943305969238,0.004597310128754261,0.004597080589086033,0.06347966194152832,1.2299720237868672e-19
0.08842227858045659,0.08705166850337907,0.0999921971497745,0.09972459129104709,0.11673665046691895,0.004597080594280541,0.0045968510660188144,0.06293749809265137,1.2299883194177465e-19
0.08842160928343627,0.08705156766644818,0.09999220166089014,0.09972482094178031,0.11711382865905762,0.004596851071286847,0.004596621554675551,0.06349849700927734,1.230004613646158e-19
0.08842094000384722,0.08705146683389348,0.09999220617181367,0.0997250505785965,0.1176605224609375,0.004596621559772221,0.004596392054345699,0.06300020217895508,1.2300209112460654e-19
0.08842027074169063,0.0870513660057147,0.09999221068254512,0.09972528020149658,0.12006235122680664,0.004596392059737484,0.0045961625660950745,0.06337714195251465,1.2300372113848586e-19
0.0884196014969678,0.0870512651819116,0.09999221519308446,0.0997255098104816,0.11952972412109375,0.0045961625711806765,0.004595933089213133,0.06321096420288086,1.230053505519179e-19
0.08841893226967999,0.0870511643624839,0.09999221970343171,0.09972573940555249,0.11694598197937012,0.004595933094101558,0.004595703623877512,0.06308650970458984,1.230069800219057e-19
0.08841826305982842,0.08705106354743138,0.09999222421358686,0.09972596601465229,0.11852908134460449,0.0045957036284982305,0.004595474169377667,0.06432247161865234,1.2300860907434158e-19
0.08841759386741434,0.08705096273675375,0.0999922287235499,0.09972619159099946,0.11905574798583984,0.004595474174372513,0.004595244726601777,0.06441736221313477,1.23010238652448e-19
0.08841692469243898,0.08705086193045075,0.09999223323332086,0.0997264171537266,0.1193845272064209,0.004595244731722769,0.0045950152955498424,0.06513547897338867,1.2301186779904327e-19
0.08841625553490359,0.08705076112852214,0.09999223774289974,0.09972664270283466,0.1199045181274414,0.004595015300549452,0.00459478587551132,0.06535124778747559,1.2301349737993014e-19
0.08841558639480943,0.08705066033096767,0.09999224225228652,0.09972686823832455,0.1194915771484375,0.004594785880850609,0.00459455646772966,0.06574797630310059,1.2301512640482915e-19
0.0884149172721577,0.08705055953778708,0.09999224676148122,0.09972709376019726,0.11999750137329102,0.004594556472625676,0.004594327070073234,0.0660097599029541,1.2301675562393685e-19
0.08841424816694965,0.0870504587489801,0.09999225127048382,0.0997273192684537,0.1209878921508789,0.004594327075875796,0.004594097685384213,0.06610870361328125,1.2301838506326637e-19
0.0884135790791866,0.0870503579645465,0.09999225577929434,0.09972754476309485,0.12000107765197754,0.0045940976905986634,0.00459386831188624,0.0656743049621582,1.2302001369396773e-19
0.08841291000886971,0.087050257184486,0.09999226028791278,0.09972777024412165,0.1211707592010498,0.00459386831679305,0.004593638949046408,0.06516194343566895,1.230216433791904e-19
0.08841224095600024,0.08705015640879835,0.09999226479633913,0.09972799571153504,0.12041926383972168,0.004593638954461004,0.0045934095982858025,0.06669116020202637,1.230232717890433e-19
0.08841157192057945,0.08705005563748329,0.09999226930457339,0.09972822116533595,0.12137007713317871,0.004593409603600362,0.004593180258893881,0.0668785572052002,1.2302490033448325e-19
0.08841090290260861,0.08704995487054057,0.09999227381261558,0.09972844660552532,0.1197052001953125,0.004593180264210882,0.004592950931225914,0.0658566951751709,1.2302652926379564e-19
0.08841023390208892,0.08704985410796993,0.09999227832046569,0.09972867203210412,0.12108874320983887,0.004592950936290938,0.004592721614393724,0.06657958030700684,1.2302815813979677e-19
0.08840956491902167,0.08704975334977112,0.09999228282812372,0.0997288974450733,0.12088489532470703,0.004592721619841643,0.004592492309640761,0.06533002853393555,1.2302978714578782e-19
0.08840889595340812,0.08704965259594388,0.09999228733558968,0.09972912284443379,0.12003064155578613,0.004592492314861071,0.004592263015723574,0.06608128547668457,1.2303141562297458e-19
0.08840822700524952,0.08704955184648797,0.09999229184286357,0.09972934823018655,0.1205596923828125,0.00459226302134938,0.004592033734240886,0.06608843803405762,1.2303304381508738e-19
0.08840755807454707,0.08704945110140311,0.09999229634994539,0.0997295736023325,0.11822128295898438,0.004592033739305567,0.004591804463949245,0.0648186206817627,1.2303467248575677e-19
0.08840688916130206,0.08704935036068905,0.09999230085683512,0.09972979896087264,0.11883115768432617,0.004591804468727395,0.004591575204315745,0.06514763832092285,1.2303630081868413e-19
0.08840622026551566,0.08704924962434554,0.09999230536353279,0.09973002430580788,0.12137007713317871,0.004591575209618003,0.004591345956761472,0.06584835052490234,1.2303792889174925e-19
0.08840555138718914,0.08704914889237232,0.0999923098700384,0.09973024963713915,0.1207742691040039,0.004591345961975173,0.004591116720575883,0.06636714935302734,1.2303955759365452e-19
0.08840488252632374,0.08704904816476913,0.09999231437635195,0.0997304749548674,0.12011337280273438,0.004591116725797947,0.004590887495936613,0.06586861610412598,1.2304118599028392e-19
0.08840421368292065,0.08704894744153573,0.09999231888247344,0.0997307002589936,0.12090373039245605,0.004590887501085457,0.004590658282666027,0.06648659706115723,1.2304281352615246e-19
0.0884035448569811,0.08704884672267184,0.09999232338840286,0.09973092554951866,0.12039518356323242,0.004590658287836402,0.00459042908094176,0.06615495681762695,1.2304444188836308e-19
0.0884028760485064,0.08704874600817722,0.09999232789414023,0.09973115082644354,0.1194009780883789,0.004590429086051894,0.004590199890586177,0.0655667781829834,1.230460700340784e-19
0.08840220725749778,0.08704864529805162,0.09999233239968554,0.09973137608976919,0.11884546279907227,0.004590199895731403,0.004589970711776914,0.06536459922790527,1.2304769790295187e-19
0.08840153848395645,0.08704854459229477,0.0999923369050388,0.09973160133949653,0.12033605575561523,0.0045899707168742705,0.004589741544336334,0.06643033027648926,1.2304932591869913e-19
0.08840086972788368,0.08704844389090644,0.0999923414102,0.09973182657562654,0.11882805824279785,0.004589741549478309,0.004589512388264438,0.06625103950500488,1.230509535163946e-19
0.08840020098928075,0.08704834319388634,0.09999234591516916,0.09973205179816017,0.11962413787841797,0.004589512393544626,0.004589283243916498,0.06562066078186035,1.230525813881242e-19
0.08839953226814888,0.08704824250123423,0.09999235041994625,0.09973227700709833,0.1197047233581543,0.004589283249072598,0.004589054111114876,0.06606912612915039,1.23054209484999e-19
0.0883988635644893,0.08704814181294984,0.0999923549245313,0.09973250220244201,0.11748123168945312,0.004589054116059986,0.004588824988971396,0.06581330299377441,1.2305583675488737e-19
0.08839819487830329,0.08704804112903292,0.09999235942892432,0.09973272738419209,0.11852073669433594,0.004588824994507295,0.004588595879084778,0.06508064270019531,1.2305746425341138e-19
0.08839752620959203,0.08704794044948322,0.09999236393312527,0.09973295255234954,0.11836695671081543,0.004588595884414233,0.004588366780389208,0.06667661666870117,1.2305909197833512e-19
0.08839685755835677,0.08704783977430049,0.09999236843713419,0.09973317770691531,0.11917304992675781,0.0045883667857801675,0.004588137693062322,0.06630539894104004,1.2306071903920174e-19
0.08839618892459877,0.08704773910348446,0.09999237294095105,0.09973340284789035,0.11723780632019043,0.004588137698605296,0.004587908617281755,0.06436848640441895,1.2306234687032914e-19
0.08839552030831926,0.08704763843703488,0.09999237744457587,0.0997336279752756,0.11567854881286621,0.004587908622887947,0.0045876795532251435,0.06508016586303711,1.2306397425643753e-19
0.08839485170951954,0.0870475377749515,0.09999238194800864,0.099733853089072,0.1161649227142334,0.0045876795586269285,0.004587450500537216,0.06436848640441895,1.230656014398173e-19
0.08839418312820081,0.08704743711723407,0.09999238645124937,0.09973407818928048,0.11684489250183105,0.00458745050582328,0.004587221459395607,0.06400918960571289,1.2306722896313217e-19
0.08839351456436434,0.08704733646388232,0.09999239095429807,0.09973430327590202,0.11765766143798828,0.004587221464474144,0.00458699242891214,0.06453609466552734,1.2306885579544287e-19
0.0883928460180113,0.08704723581489601,0.09999239545715474,0.09973452834893753,0.11667037010192871,0.004586992434580998,0.0045867634108631705,0.06366539001464844,1.230704829217316e-19
0.08839217748914295,0.08704713517027488,0.09999239995981937,0.09973475340838799,0.11629962921142578,0.004586763416142811,0.004586534404538156,0.06335949897766113,1.2307210955486896e-19
0.08839150897776053,0.08704703453001865,0.09999240446229196,0.0997349784542543,0.11739516258239746,0.004586534409158022,0.00458630540816074,0.06336760520935059,1.2307373685881632e-19
0.08839084048386527,0.0870469338941271,0.09999240896457252,0.09973520348653743,0.11900544166564941,0.004586305413628196,0.004586076424040186,0.0634908676147461,1.2307536383083714e-19
0.0883901720074584,0.08704683326259996,0.09999241346666106,0.09973542850523832,0.11969161033630371,0.004586076429551633,0.004585847451288316,0.06466913223266602,1.2307699094108443e-19
0.0883895035485412,0.08704673263543697,0.09999241796855755,0.09973565351035792,0.12064766883850098,0.004585847456927814,0.004585618490438037,0.06377792358398438,1.2307861723346275e-19
0.08838883510711494,0.08704663201263788,0.09999242247026202,0.09973587850189716,0.12111568450927734,0.004585618495755412,0.004585389540778806,0.06456613540649414,1.2308024413716443e-19
0.08838816668318075,0.08704653139420242,0.09999242697177446,0.099736103479857,0.12037396430969238,0.0045853895460349105,0.004585160602310623,0.06472015380859375,1.230818705054947e-19
0.08838749827673996,0.08704643078013036,0.09999243147309489,0.09973632844423834,0.12105774879455566,0.004585160607765436,0.004584931675921666,0.06482720375061035,1.230834973314665e-19
0.08838682988779377,0.08704633017042143,0.09999243597422329,0.09973655339504217,0.12106943130493164,0.0045849316809443005,0.004584702760190851,0.06547689437866211,1.2308512404179372e-19
0.08838616151634346,0.08704622956507538,0.09999244047515968,0.09973677833226942,0.12101984024047852,0.004584702765574394,0.0045844738567168974,0.0653531551361084,1.2308675035507144e-19
0.08838549316239026,0.08704612896409196,0.09999244497590402,0.09973700325592103,0.12274861335754395,0.004584473861652125,0.004584244963901085,0.06550383567810059,1.2308837693605818e-19
0.0883848248259354,0.08704602836747091,0.09999244947645636,0.09973722816599793,0.12029004096984863,0.004584244969179159,0.004584016082631592,0.06457257270812988,1.2309000261776244e-19
0.08838415650698013,0.08704592777521197,0.09999245397681668,0.09973745306250109,0.11786532402038574,0.004584016088154693,0.004583787213086055,0.06470561027526855,1.2309162912622516e-19
0.08838348820552566,0.08704582718731489,0.099992458476985,0.09973767794543144,0.11952924728393555,0.004583787218577441,0.004583558354909201,0.06541252136230469,1.230932557394807e-19
0.08838281992157326,0.0870457266037794,0.0999924629769613,0.09973790281478992,0.11879229545593262,0.004583558360446527,0.004583329508633938,0.06529760360717773,1.2309488163632953e-19
0.08838215165512421,0.08704562602460526,0.09999246747674559,0.09973812767057749,0.1185762882232666,0.004583329513760984,0.004583100673372087,0.06516432762145996,1.2309650805701323e-19
0.0883814834061797,0.08704552544979222,0.09999247197633787,0.09973835251279506,0.12022972106933594,0.0045831006785212085,0.004582871849834191,0.06540632247924805,1.230981336312075e-19
0.08838081517474093,0.08704542487934001,0.09999247647573815,0.09973857734144359,0.11885738372802734,0.004582871854726362,0.0045826430371320725,0.06554198265075684,1.2309975993972682e-19
0.08838014696080919,0.08704532431324839,0.09999248097494642,0.09973880215652402,0.11829900741577148,0.004582643042376906,0.0045824142363315445,0.06540703773498535,1.2310138596774244e-19
0.08837947876438566,0.08704522375151709,0.09999248547396268,0.0997390269580373,0.12047457695007324,0.004582414241470516,0.004582185446722065,0.0654447078704834,1.2310301179039179e-19
0.08837881058547163,0.08704512319414585,0.09999248997278694,0.09973925174598436,0.11948084831237793,0.004582185452007667,0.0045819566690141755,0.06554460525512695,1.2310463777472582e-19
0.08837814242406833,0.08704502264113445,0.0999924944714192,0.09973947480357559,0.12085962295532227,0.004581956673987387,0.004581727902142063,0.06444883346557617,1.2310626332021791e-19
0.08837747428017696,0.08704492209248259,0.09999249896985946,0.0997396955869714,0.12021017074584961,0.004581727907409565,0.004581499146993906,0.06613779067993164,1.2310788897276205e-19
0.08837680615379881,0.08704482154819004,0.09999250346810772,0.09973991635709245,0.12120223045349121,0.0045814991522734804,0.004581270403392068,0.0663604736328125,1.2310951434520065e-19
0.08837613804493503,0.08704472100825655,0.09999250796616398,0.09974013711393967,0.11840009689331055,0.00458127040857861,0.004581041671158914,0.06540989875793457,1.231111400883018e-19
0.08837546995358687,0.08704462047268187,0.09999251246402824,0.09974035785751395,0.11925077438354492,0.004581041676323433,0.004580812950294444,0.0661165714263916,1.231127655144561e-19
0.0883748018797556,0.08704451994146573,0.0999925169617005,0.09974057858781621,0.1200871467590332,0.004580812955507967,0.004580584240621022,0.06501173973083496,1.2311439111661926e-19
0.08837413382344243,0.08704441941460787,0.09999252145918078,0.09974079930484735,0.11950945854187012,0.004580584246133067,0.004580355543026826,0.06548404693603516,1.2311601635365258e-19
0.0883734657846486,0.08704431889210804,0.09999252595646907,0.09974102000860827,0.11872577667236328,0.004580355548195733,0.004580126856446043,0.06508135795593262,1.2311764215467496e-19
0.08837279776337531,0.08704421837396598,0.09999253045356536,0.0997412406990999,0.11733889579772949,0.004580126861697407,0.004579898181233943,0.06445002555847168,1.2311926705539506e-19
0.08837212975962387,0.08704411786018144,0.09999253495046967,0.09974146137632314,0.11718249320983887,0.004579898186636183,0.004579669517745799,0.06470680236816406,1.231208920809129e-19
0.08837146177339548,0.08704401735075418,0.099992539447182,0.0997416820402789,0.12018036842346191,0.004579669523011823,0.004579440865803974,0.06492018699645996,1.231225170460257e-19
0.08837079380469139,0.08704391684568392,0.09999254394370234,0.09974190269096808,0.11937928199768066,0.004579440870823419,0.004579212224697926,0.06497406959533691,1.2312414256040187e-19
0.08837012585351284,0.08704381634497044,0.09999254844003069,0.09974212332839162,0.1179356575012207,0.004579212230072095,0.004578983595493469,0.06443977355957031,1.2312576762129074e-19
0.08836945791986102,0.08704371584861345,0.09999255293616707,0.09974234395255041,0.11920833587646484,0.004578983600755621,0.0045787549774800596,0.06486368179321289,1.2312739226533553e-19
0.0883687900037372,0.0870436153566127,0.09999255743211147,0.09974256456344538,0.11791610717773438,0.004578754982874394,0.0045785263717235125,0.06461954116821289,1.2312901704746095e-19
0.08836812210514261,0.08704351486896796,0.09999256192786389,0.09974278516107743,0.11839532852172852,0.004578526376426063,0.004578297775914564,0.06432723999023438,1.2313064233787554e-19
0.08836745422407855,0.08704341438567895,0.09999256642342433,0.09974300574544746,0.11773848533630371,0.004578297781412266,0.004578069192895384,0.06408381462097168,1.2313226660200501e-19
0.08836678636054619,0.08704331390674541,0.09999257091879281,0.09974322631655641,0.11864304542541504,0.004578069197830941,0.0045778406207119815,0.06496429443359375,1.231338905950089e-19
0.0883661185145468,0.0870432134321671,0.09999257541396932,0.09974344687440517,0.11742877960205078,0.00457784062568189,0.004577612060252534,0.06483721733093262,1.2313551567931894e-19
0.08836545068608159,0.08704311296194377,0.09999257990895384,0.09974366741899465,0.11802101135253906,0.0045776120649635346,0.004577383510628863,0.06382465362548828,1.2313714011046879e-19
0.08836478287515183,0.08704301249607516,0.0999925844037464,0.09974388795032578,0.1191396713256836,0.004577383515678321,0.004577154972729147,0.06413650512695312,1.2313876478515404e-19
0.08836411508175868,0.08704291203456102,0.099992588898347,0.09974410846839946,0.11800289154052734,0.004577154977823039,0.004576926446731022,0.0637366771697998,1.231403895324937e-19
0.0883634473059034,0.0870428115774011,0.09999259339275562,0.09974432897321658,0.11894011497497559,0.004576926451398032,0.004576697930680496,0.06395673751831055,1.2314201342389665e-19
0.08836277954758723,0.08704271112459513,0.09999259788697228,0.09974454946477808,0.11839866638183594,0.004576697936403236,0.004576469427419738,0.06452083587646484,1.2314363774818003e-19
0.08836211180681139,0.08704261067614286,0.09999260238099697,0.09974476994308484,0.1194758415222168,0.0045764694328375485,0.0045762409349947575,0.06432890892028809,1.2314526216734342e-19
0.08836144408357717,0.08704251023204404,0.0999926068748297,0.09974499040813778,0.11859512329101562,0.0045762409407004755,0.004576012454826639,0.0633704662322998,1.2314688601321416e-19
0.08836077637788581,0.08704240979229842,0.09999261136847047,0.09974521085993782,0.11692357063293457,0.004576012459990372,0.00457578398496139,0.06386685371398926,1.2314851036150655e-19
0.08836010868973847,0.08704230935690574,0.09999261586191928,0.09974543129848586,0.11729764938354492,0.004575783990708414,0.004575555527708275,0.06401205062866211,1.2315013385265527e-19
0.08835944101913645,0.08704220892586574,0.09999262035517614,0.0997456517237828,0.11716866493225098,0.0045755555328523025,0.004575327081290936,0.06396746635437012,1.2315175877235175e-19
0.08835877336608093,0.08704210849917816,0.09999262484824105,0.09974587213582958,0.1178286075592041,0.004575327086421497,0.004575098646597553,0.06435465812683105,1.231533823057748e-19
0.08835810573057316,0.08704200807684277,0.099992629341114,0.0997460925346271,0.11655449867248535,0.004575098651416074,0.004574870222917582,0.06381726264953613,1.231550061578652e-19
0.08835743811261436,0.0870419076588593,0.09999263383379499,0.09974631292017624,0.11718034744262695,0.004574870227835833,0.004574641810428659,0.0639035701751709,1.2315662984955387e-19
0.0883567705122058,0.0870418072452275,0.09999263832628404,0.09974653329247796,0.11757016181945801,0.004574641815680865,0.004574413409663691,0.06382870674133301,1.2315825379849046e-19
0.08835610292934869,0.08704170683594711,0.09999264281858113,0.09974675365153314,0.11882877349853516,0.0045744134149492055,0.004574185020622679,0.064239501953125,1.231598779074907e-19
0.08835543536404425,0.08704160643101788,0.09999264731068629,0.09974697399734271,0.11844563484191895,0.00457418502564096,0.004573956642239807,0.06447672843933105,1.2316150108957762e-19
0.08835476781629371,0.08704150603043954,0.09999265180259949,0.09974719432990757,0.11998653411865234,0.004573956647755289,0.004573728276113798,0.06377410888671875,1.2316312454592315e-19
0.08835410028609829,0.08704140563421187,0.09999265629432075,0.09974741464922862,0.11910510063171387,0.004573728281291248,0.004573499921178836,0.06426072120666504,1.2316474807618718e-19
0.08835343277345921,0.0870413052423346,0.09999266078585006,0.09974763495530678,0.11950182914733887,0.0045734999262492075,0.004573271577434923,0.06422114372253418,1.2316637186176107e-19
0.08835276527837775,0.08704120485480746,0.09999266527718745,0.09974785524814293,0.1180112361907959,0.004573271582627998,0.004573043245237329,0.06369352340698242,1.231679950946135e-19
0.08835209780085511,0.08704110447163022,0.09999266976833289,0.09974807552773803,0.12000679969787598,0.004573043250427716,0.004572814924763691,0.06509733200073242,1.2316961859113425e-19
0.08835143034089252,0.0870410040928026,0.09999267425928639,0.09974829579409293,0.1198723316192627,0.004572814929647415,0.004572586615125829,0.06409978866577148,1.231712413631095e-19
0.08835076289849123,0.08704090371832438,0.09999267875004796,0.09974851604720857,0.12076449394226074,0.0045725866202862165,0.004572358317211922,0.0650947093963623,1.2317286518015593e-19
0.08835009547365241,0.08704080334819528,0.09999268324061758,0.09974873628708585,0.11907196044921875,0.004572358322342848,0.004572130030133792,0.06425285339355469,1.23174487513382e-19
0.08834942806637731,0.08704070298241506,0.09999268773099527,0.09974895651372569,0.11724996566772461,0.004572130035819792,0.004571901755845431,0.06384658813476562,1.2317611048452986e-19
0.08834876067666717,0.08704060262098345,0.09999269222118103,0.099749176727129,0.11886000633239746,0.00457190176071236,0.004571673491682304,0.06560945510864258,1.2317773369046849e-19
0.08834809330452323,0.08704050226390023,0.09999269671117485,0.09974939692729669,0.12065696716308594,0.004571673497022791,0.004571445239598404,0.06575846672058105,1.2317935674199862e-19
0.08834742594994674,0.08704040191116512,0.09999270120097675,0.09974961711422965,0.12120389938354492,0.00457144524474943,0.0045712169988831874,0.06621241569519043,1.231809796074359e-19
0.08834675861293892,0.08704030156277787,0.09999270569058671,0.09974983728792877,0.12041258811950684,0.004571217003891027,0.004570988769181383,0.06622076034545898,1.2318260243102845e-19
0.08834609129350104,0.08704020121873822,0.09999271018000475,0.09975005744839499,0.1191873550415039,0.004570988774448059,0.004570760550848263,0.06612348556518555,1.2318422532269587e-19
0.08834542399163435,0.08704010087904591,0.09999271466923086,0.09975027759562921,0.11927485466003418,0.004570760556420944,0.004570532344239098,0.06600618362426758,1.231858477870175e-19
0.08834475670734003,0.0870400005437007,0.09999271915826506,0.09975049772963233,0.11804080009460449,0.004570532349807091,0.004570304149176252,0.0651702880859375,1.2318747037794099e-19
0.08834408944061933,0.08703990021270235,0.09999272364710735,0.09975071785040526,0.11807870864868164,0.004570304154607268,0.004570075965126819,0.06449508666992188,1.2318909280585746e-19
0.08834342219147345,0.08703979988605057,0.09999272813575771,0.09975093795794891,0.11911940574645996,0.004570075970820934,0.004569847793511883,0.06522560119628906,1.2319071511148267e-19
0.08834275495990367,0.08703969956374512,0.09999273262421615,0.0997511580522642,0.11765646934509277,0.004569847798444753,0.004569619632022182,0.06534767150878906,1.2319233803439563e-19
0.0883420877459112,0.08703959924578576,0.09999273711248269,0.09975137813335203,0.11939740180969238,0.004569619637481893,0.004569391482434071,0.06502771377563477,1.2319396033810125e-19
0.08834142054949726,0.08703949893217224,0.0999927416005573,0.0997515982012133,0.11958503723144531,0.004569391487931112,0.004569163344214644,0.06487464904785156,1.2319558261945168e-19
0.08834075337066308,0.08703939862290427,0.09999274608844,0.09975181825584893,0.11693501472473145,0.0045691633497901805,0.0045689352175415365,0.06452584266662598,1.2319720472732597e-19
0.08834008620940983,0.08703929831798164,0.0999927505761308,0.09975203829725983,0.11886954307556152,0.004568935223058815,0.004568707102592384,0.06377387046813965,1.2319882657631846e-19
0.08833941906573878,0.08703919801740408,0.09999275506362969,0.0997522583254469,0.11774325370788574,0.004568707107737424,0.004568478998479009,0.06496906280517578,1.2320044917281418e-19
0.08833875193965121,0.08703909772117131,0.09999275955093667,0.09975247802837235,0.11871147155761719,0.004568479003824515,0.004568250906089588,0.06500768661499023,1.2320207114528702e-19
0.08833808483114827,0.0870389974292831,0.09999276403805174,0.09975269406545095,0.11747241020202637,0.004568250911319837,0.004568022824891216,0.06308245658874512,1.232036932636729e-19
0.08833741774023122,0.0870388971417392,0.0999927685249749,0.09975291008959458,0.11687850952148438,0.004568022830222714,0.004567794755061527,0.06374216079711914,1.2320531476140005e-19
0.08833675066690129,0.08703879685853935,0.09999277301170617,0.09975312610080413,0.1175987720489502,0.004567794760533331,0.004567566696778158,0.06328797340393066,1.2320693697841973e-19
0.08833608361115967,0.0870386965796833,0.09999277749824553,0.09975334209908047,0.11924266815185547,0.004567566702251105,0.004567338649863473,0.06357550621032715,1.2320855888680935e-19
0.08833541657300763,0.0870385963051708,0.09999278198459301,0.0997535580844245,0.11932539939880371,0.0045673386553741905,0.0045671106146727425,0.064056396484375,1.2321018012519498e-19
0.0883347495524464,0.08703849603500159,0.09999278647074859,0.09975377405683707,0.1185767650604248,0.004567110619902219,0.004566882590140153,0.06360244750976562,1.2321180231837412e-19
0.08833408254947721,0.08703839576917541,0.09999279095671228,0.09975399001631906,0.11944031715393066,0.0045668825958374,0.004566654577686791,0.06392812728881836,1.2321342404009445e-19
0.08833341556410132,0.08703829550769202,0.09999279544248406,0.09975420596287136,0.12012958526611328,0.004566654583174781,0.00456642657624684,0.06491494178771973,1.2321504523789134e-19
0.08833274859631994,0.08703819525055116,0.09999279992806395,0.09975442189649486,0.11838912963867188,0.004566426581917436,0.004566198586708481,0.06474566459655762,1.23216667003759e-19
0.08833208164613428,0.08703809499775259,0.09999280441345196,0.09975463781719042,0.11884236335754395,0.004566198592062437,0.004565970608538805,0.06531834602355957,1.232182881314011e-19
0.08833141471354555,0.08703799474929604,0.09999280889864808,0.09975485372495893,0.11818480491638184,0.004565970613609906,0.0045657426410272706,0.06457376480102539,1.232199097246895e-19
0.08833074779855495,0.08703789450518126,0.09999281338365232,0.09975506961980124,0.11966872215270996,0.004565742646559966,0.004565514686483141,0.06509709358215332,1.2322153065907385e-19
0.08833008090116379,0.087037794265408,0.09999281786846466,0.09975528550171826,0.11745262145996094,0.0045655146909089825,0.0045652867418866094,0.06409788131713867,1.2322315205998467e-19
0.08832941402137327,0.08703769402997602,0.09999282235308513,0.09975550137071086,0.1173543930053711,0.004565286746660388,0.004565058809014033,0.06342339515686035,1.232247732921698e-19
0.08832874715918462,0.08703759379888505,0.0999928268375137,0.0997557172267799,0.11661553382873535,0.004565058813812354,0.004564830887154869,0.06447958946228027,1.232263948133389e-19
0.08832808031459903,0.08703749357213483,0.0999928313217504,0.09975593306992626,0.11550188064575195,0.004564830892364612,0.004564602976664389,0.06371474266052246,1.2322801556036571e-19
0.0883274134876178,0.08703739334972513,0.09999283580579521,0.09975614890015083,0.11746072769165039,0.004564602982317658,0.004564375078430771,0.06320500373840332,1.2322963673835384e-19
0.08832674667824206,0.08703729313165567,0.09999284028964814,0.09975636471745446,0.11773037910461426,0.0045643750836671295,0.004564147191210566,0.06278467178344727,1.2323125757684195e-19
0.08832607988647306,0.08703719291792622,0.09999284477330919,0.09975658052183804,0.11497092247009277,0.004564147196415483,0.004563919315714315,0.062177181243896484,1.2323287845304655e-19
0.08832541311231207,0.0870370927085365,0.09999284925677837,0.09975679631330245,0.11742234230041504,0.0045639193205604745,0.004563691450520935,0.06360912322998047,1.232344992275624e-19
0.08832474635576029,0.08703699250348629,0.09999285374005569,0.09975701209184855,0.11723804473876953,0.004563691456104305,0.004563463597939688,0.06341958045959473,1.232361199717571e-19
0.08832407961681896,0.08703689230277531,0.09999285822314113,0.09975722785747723,0.1181948184967041,0.004563463603043566,0.004563235756194217,0.06370377540588379,1.2323774083604775e-19
0.08832341289548931,0.08703679210640333,0.0999928627060347,0.09975744361018936,0.11826920509338379,0.0045632357613777765,0.004563007925639795,0.06387042999267578,1.2323936154652002e-19
0.08832274619177258,0.08703669191437008,0.0999928671887364,0.0997576593499858,0.11859369277954102,0.0045630079311077395,0.004562780107164599,0.06381559371948242,1.232409819724089e-19
0.08832207950566996,0.08703659172667531,0.09999287167124624,0.09975787507686748,0.11871194839477539,0.004562780112231806,0.0045625522991699086,0.06420230865478516,1.2324260236492274e-19
0.0883214128371827,0.08703649154331879,0.09999287615356421,0.09975809079083525,0.11853599548339844,0.00456255230475082,0.004562324503787352,0.06406664848327637,1.2324422336484102e-19
0.08832074618631197,0.08703639136430023,0.09999288063569031,0.09975830649188996,0.11810874938964844,0.004562324508661401,0.004562096718530029,0.06390976905822754,1.2324584293849257e-19
0.08832007955305904,0.0870362911896194,0.09999288511762455,0.09975852218003249,0.11874055862426758,0.004562096723966166,0.004561868944996661,0.0634772777557373,1.2324746416580456e-19
0.08831941293742517,0.08703619101927607,0.09999288959936693,0.09975873785526372,0.11835408210754395,0.004561868950663117,0.004561641183720155,0.0649416446685791,1.232490836541558e-19
0.08831874633941153,0.08703609085326992,0.09999289408091745,0.09975895351758454,0.11947035789489746,0.004561641188751965,0.0045614134332794265,0.06461501121520996,1.2325070392291624e-19
0.08831807975901938,0.08703599069160074,0.09999289856227613,0.09975916916699583,0.11900925636291504,0.0045614134382311365,0.00456118569385211,0.06455636024475098,1.2325232407392937e-19
0.08831741319624999,0.08703589053426829,0.09999290304344294,0.09975938480349844,0.11715865135192871,0.0045611856991024675,0.004560957965971113,0.06395769119262695,1.2325394405199624e-19
0.08831674665110453,0.0870357903812723,0.09999290752441789,0.09975960042709325,0.11861300468444824,0.004560957971363002,0.004560730249814071,0.06308555603027344,1.2325556436451633e-19
0.08831608012358425,0.0870356902326125,0.099992912005201,0.09975981603778117,0.11794757843017578,0.004560730255012557,0.004560502545025713,0.06430506706237793,1.2325718410488752e-19
0.0883154136136903,0.08703559008828868,0.09999291648579225,0.09976003163556305,0.12058496475219727,0.004560502550051513,0.004560274850895496,0.06465530395507812,1.2325880412950797e-19
0.088314747121424,0.08703548994830056,0.09999292096619167,0.09976024722043976,0.11694478988647461,0.004560274856479055,0.004560047169022141,0.06273436546325684,1.232604238686116e-19
0.08831408064678656,0.08703538981264788,0.09999292544639923,0.0997604627924122,0.11807894706726074,0.004560047174294462,0.00455981949851747,0.06360030174255371,1.2326204369141914e-19
0.08831341418977917,0.0870352896813304,0.09999292992641495,0.09976067835148122,0.11941003799438477,0.004559819503497177,0.004559591838848576,0.06353044509887695,1.232636633209649e-19
0.088312747750403,0.08703518955434786,0.09999293440623883,0.09976089389764772,0.1207420825958252,0.004559591844086385,0.004559364190548365,0.06391119956970215,1.2326528308370585e-19
0.08831208132865932,0.0870350894317,0.09999293888587085,0.09976110943091254,0.12011051177978516,0.004559364196062507,0.004559136554327381,0.06375455856323242,1.2326690243446676e-19
0.08831141492454934,0.0870349893133866,0.09999294336531105,0.09976132495127658,0.12054324150085449,0.004559136559424251,0.004558908928764538,0.06416535377502441,1.232685220641873e-19
0.08831074853807427,0.08703488919940738,0.0999929478445594,0.09976154045874071,0.12095212936401367,0.004558908934170439,0.004558681314748014,0.06445574760437012,1.2327014130909322e-19
0.08831008216923539,0.08703478908976209,0.09999295232361591,0.09976175595330582,0.12083601951599121,0.004558681320300834,0.00455845371227781,0.06482291221618652,1.2327176077002936e-19
0.08830941581803392,0.08703468898445048,0.09999295680248059,0.09976197143497274,0.1203911304473877,0.004558453717815148,0.0045582261213539255,0.0647735595703125,1.2327338003490164e-19
0.0883087494844711,0.0870345888834723,0.09999296128115344,0.09976218690374239,0.12055444717407227,0.0045582261267128376,0.004557998542153996,0.06547427177429199,1.232749996675999e-19
0.08830808316854807,0.0870344887868273,0.09999296575963446,0.0997624023596156,0.11927914619445801,0.004557998546992288,0.004557770973256936,0.06495499610900879,1.2327661857190512e-19
0.08830741687026604,0.08703438869451523,0.09999297023792364,0.09976261780259328,0.12032604217529297,0.004557770978654984,0.004557543416439103,0.06484866142272949,1.2327823833385036e-19
0.08830675058962624,0.08703428860653582,0.09999297471602099,0.09976283323267629,0.1209251880645752,0.004557543421698642,0.004557315870989953,0.0653681755065918,1.2327985683774329e-19
0.08830608432662992,0.08703418852288883,0.09999297919392652,0.09976304864986549,0.11954069137573242,0.004557315876123031,0.004557088337087123,0.06509017944335938,1.232814763749532e-19
0.08830541808127831,0.087034088443574,0.09999298367164022,0.09976326405416179,0.11988568305969238,0.004557088341927247,0.004556860814375341,0.06502962112426758,1.2328309464521292e-19
0.08830475185357264,0.0870339883685911,0.0999929881491621,0.09976347944556603,0.1188805103302002,0.0045568608191110735,0.004556633302676971,0.06567811965942383,1.2328471375788062e-19
0.08830408564351415,0.08703388829793984,0.09999299262649217,0.09976369482407908,0.12018156051635742,0.004556633307674256,0.004556405802524921,0.06554484367370605,1.2328633280190021e-19
0.08830341945110405,0.08703378823161999,0.0999929971036304,0.09976391018970183,0.11865901947021484,0.00455640580761632,0.004556178313031012,0.06405162811279297,1.232879516428653e-19
0.08830275327634353,0.08703368816963131,0.0999930015805768,0.09976412554243518,0.11739015579223633,0.004556178318938307,0.004555950836504508,0.06519269943237305,1.2328957005117276e-19
0.08830208711923386,0.08703358811197351,0.09999300605733141,0.09976434088227995,0.11787557601928711,0.004555950841636176,0.00455572337081378,0.06465768814086914,1.2329118862199943e-19
0.0883014209797762,0.08703348805864637,0.0999930105338942,0.09976455620923705,0.1174311637878418,0.004555723375709816,0.004555495916136465,0.06464862823486328,1.2329280723598416e-19
0.08830075485797186,0.08703338800964963,0.09999301501026515,0.09976477152330734,0.11806225776672363,0.004555495921159286,0.004555268473005469,0.06538677215576172,1.2329442616369066e-19
0.088300088753822,0.08703328796498304,0.0999930194864443,0.09976498682449171,0.11753463745117188,0.004555268477984686,0.004555041041065522,0.06509852409362793,1.232960442010911e-19
0.08829942266732785,0.08703318792464636,0.09999302396243163,0.09976519943700608,0.11681771278381348,0.004555041046187436,0.004554813620494258,0.06480169296264648,1.2329766259493416e-19
0.08829875659849061,0.08703308788863931,0.09999302843822716,0.09976541076009458,0.11707305908203125,0.0045548136257643765,0.004554586211469314,0.0648796558380127,1.2329928138865847e-19
0.08829809054731155,0.08703298785696166,0.09999303291383088,0.09976562207058348,0.1179499626159668,0.004554586216715201,0.004554358813635417,0.06516027450561523,1.2330089946764556e-19
0.08829742451379193,0.08703288782961315,0.0999930373892428,0.09976583336847361,0.11759090423583984,0.004554358819039,0.004554131427347841,0.06566047668457031,1.2330251758059153e-19
0.08829675849793296,0.08703278780659351,0.09999304186446291,0.09976604465376582,0.1179814338684082,0.004554131432736905,0.004553904052606583,0.06455254554748535,1.2330413561514878e-19
0.08829609249973584,0.08703268778790252,0.09999304633949122,0.09976625592646096,0.11730527877807617,0.0045539040578053405,0.004553676688878738,0.06519317626953125,1.233057536413198e-19
0.08829542651920176,0.0870325877735399,0.09999305081432772,0.09976646718655985,0.1181178092956543,0.004553676694247056,0.004553449336697213,0.06528997421264648,1.2330737216635572e-19
0.08829476055633191,0.0870324877635054,0.09999305528897243,0.09976667843406335,0.11643481254577637,0.004553449342059131,0.004553221996062007,0.06419563293457031,1.23308989893068e-19
0.08829409461112754,0.0870323877577988,0.09999305976342535,0.0997668896689723,0.11788797378540039,0.004553222001241648,0.004552994666795485,0.06557965278625488,1.233106076278671e-19
0.08829342868358989,0.08703228775641982,0.09999306423768646,0.09976710089128756,0.11649060249328613,0.004552994671794032,0.004552767348187103,0.06410360336303711,1.2331222511863293e-19
0.08829276277372014,0.0870321877593682,0.09999306871175578,0.09976731210100995,0.1176595687866211,0.004552767353717154,0.004552540041835584,0.06447958946228027,1.2331384283630194e-19
0.08829209688151957,0.08703208776664373,0.0999930731856333,0.09976752329814033,0.11691808700561523,0.004552540047008634,0.004552312746142206,0.06391477584838867,1.2331546066397168e-19
0.08829143100698936,0.08703198777824611,0.09999307765931903,0.09976773448267953,0.11645793914794922,0.0045523127516686815,0.0045520854616398765,0.06371116638183594,1.2331707853876185e-19
0.08829076515013075,0.08703188779417512,0.09999308213281298,0.09976794565462842,0.11696147918701172,0.004552085467698053,0.004551858189927316,0.06354689598083496,1.233186958949809e-19
0.08829009931094497,0.08703178781443048,0.09999308660611514,0.09976815681398783,0.11738157272338867,0.004551858195092727,0.004551630928872896,0.06389808654785156,1.2332031363856063e-19
0.0882894334894332,0.08703168783901197,0.09999309107922551,0.09976836796075861,0.11642026901245117,0.004551630933853869,0.004551403678831889,0.06296467781066895,1.2332193174408132e-19
0.08828876768559665,0.08703158786791931,0.0999930955521441,0.09976857909494158,0.11692094802856445,0.004551403683981297,0.004551176440692473,0.0628364086151123,1.2332354902440228e-19
0.08828810189943659,0.08703148790115227,0.0999931000248709,0.0997687902165376,0.11880946159362793,0.004551176445474623,0.004550949212855926,0.0640559196472168,1.2332516606458076e-19
0.08828743613095422,0.08703138793871058,0.09999310449740594,0.09976900132554753,0.11591005325317383,0.0045509492183337845,0.004550721997098606,0.06285619735717773,1.2332678347663237e-19
0.08828677038015073,0.08703128798059401,0.09999310896974918,0.09976921242197218,0.11885952949523926,0.004550722002556506,0.004550494793242876,0.06288003921508789,1.2332840038326776e-19
0.08828610464702737,0.08703118802680229,0.09999311344190065,0.09976942350581242,0.11949610710144043,0.004550494798141782,0.004550267599867652,0.06279897689819336,1.2333001778871535e-19
0.0882854389315853,0.08703108807733519,0.09999311791386033,0.09976963457706906,0.11978721618652344,0.004550267605092143,0.004550040418038748,0.06278061866760254,1.2333163468660469e-19
0.08828477323382578,0.08703098813219243,0.09999312238562823,0.09976984563574295,0.12146711349487305,0.004550040423403979,0.004549813247756163,0.06372833251953125,1.233332517634456e-19
0.08828410755375,0.08703088819137378,0.09999312685720435,0.09977005668183495,0.12139415740966797,0.004549813253079112,0.004549586089197533,0.06426525115966797,1.2333486841887149e-19
0.08828344189135923,0.08703078825487896,0.09999313132858871,0.09977026771534588,0.11936187744140625,0.004549586094114202,0.004549358941297044,0.0633547306060791,1.233364856224152e-19
0.08828277624665463,0.08703068832270774,0.0999931357997813,0.09977047873627659,0.11943697929382324,0.004549358946510034,0.0045491318052981455,0.0650482177734375,1.233381025194964e-19
0.08828211061963745,0.08703058839485987,0.09999314027078211,0.09977068974462794,0.12090802192687988,0.004549131810266102,0.0045489046804902955,0.06517481803894043,1.23339719169306e-19
0.0882814450103089,0.0870304884713351,0.09999314474159116,0.09977090074040076,0.1208944320678711,0.004548904685382116,0.004548677566518222,0.06538224220275879,1.2334133558803785e-19
0.08828077941867023,0.08703038855213317,0.09999314921220843,0.09977111172359591,0.12097811698913574,0.0045486775718582,0.004548450464625375,0.0654599666595459,1.2334295275567137e-19
0.0882801138447226,0.08703028863725383,0.09999315368263396,0.09977132269421422,0.12017154693603516,0.004548450469693726,0.004548223373745941,0.06547045707702637,1.2334456951879123e-19
0.08827944828846729,0.08703018872669682,0.09999315815286772,0.09977153365225654,0.12008500099182129,0.004548223378886181,0.00454799629423519,0.06542778015136719,1.2334618549696257e-19
0.08827878274990547,0.0870300888204619,0.09999316262290972,0.09977174459772367,0.12021493911743164,0.004547996299436688,0.004547769226270759,0.06510472297668457,1.2334780214640223e-19
0.08827811722903839,0.08702998891854882,0.09999316709275995,0.09977195553061649,0.12044382095336914,0.004547769231343602,0.00454754216931974,0.06521058082580566,1.2334941873574863e-19
0.08827745172586729,0.08702988902095733,0.09999317156241842,0.09977216645093585,0.12149572372436523,0.004547542174607416,0.0045473151242703125,0.06495380401611328,1.2335103467278444e-19
0.08827678624039333,0.08702978912768718,0.09999317603188515,0.09977237735868258,0.12073874473571777,0.004547315129225801,0.004547088090056661,0.06638884544372559,1.2335265132276446e-19
0.0882761207726177,0.0870296892387381,0.09999349025339228,0.09977258825385751,0.12192082405090332,0.004547088095201643,0.0045468610673893295,0.06690549850463867,1.2335426725255647e-19
0.08827545532254169,0.08702958935410987,0.09999383814971376,0.0997727991364615,0.12008380889892578,0.004546861072531304,0.004546634056268317,0.06555771827697754,1.2335588322570712e-19
0.08827478989016647,0.08702948947380222,0.09999418602367642,0.09977301000649541,0.12052464485168457,0.004546634061214885,0.004546407055983082,0.06663203239440918,1.2335749980232327e-19
0.08827412447549328,0.08702938959781488,0.09999453387528225,0.09977322086396005,0.11988663673400879,0.004546407061253147,0.004546180067599437,0.06483173370361328,1.2335911608624716e-19
0.08827345907852333,0.08702928972614762,0.0999948817045332,0.09977343170885627,0.11962008476257324,0.004546180072642857,0.0045459530902292045,0.06529378890991211,1.2336073178932322e-19
0.08827279369925783,0.0870291898588002,0.09999522951143126,0.09977364254118491,0.11804318428039551,0.004545953095385791,0.00454572612405002,0.06422758102416992,1.2336234775195497e-19
0.08827212833769799,0.08702908999577236,0.0999955772959784,0.0997738533609468,0.12032771110534668,0.004545726129481419,0.004545499169594791,0.06470823287963867,1.2336396376012715e-19
0.08827146299384499,0.08702899013706383,0.09999592505817659,0.0997740641681428,0.11879324913024902,0.004545499174927431,0.004545272226508246,0.06485295295715332,1.233655795964893e-19
0.08827079766770012,0.08702889028267437,0.0999962727980278,0.09977427496277376,0.11976194381713867,0.004545272231723954,0.004545045294790384,0.06402087211608887,1.233671950400767e-19
0.08827013235926456,0.08702879043260373,0.09999662051553397,0.0997744857448405,0.11958622932434082,0.004545045299870086,0.004544818374085935,0.06491899490356445,1.233688106122173e-19
0.08826946706853961,0.08702869058685166,0.0999969682106971,0.09977469651434388,0.11826395988464355,0.004544818379366273,0.004544591464572534,0.06513309478759766,1.233704265145734e-19
0.08826880179552639,0.08702859074541791,0.09999731588351915,0.09977490727128474,0.11722087860107422,0.004544591470212288,0.004544364567315995,0.06385993957519531,1.2337204163866484e-19
0.08826813654022611,0.08702849090830223,0.0999976635340021,0.09977511801566388,0.1185142993927002,0.004544364572406449,0.004544137680895233,0.06516838073730469,1.233736572485807e-19
0.08826747130264004,0.08702839107550436,0.09999801116214789,0.09977532874748218,0.11877083778381348,0.004544137685947347,0.004543910805665519,0.06457901000976562,1.2337527259729556e-19
0.08826680608276934,0.08702829124702406,0.09999835876795853,0.09977553946674048,0.11867523193359375,0.0045439108108369175,0.00454368394215976,0.06466484069824219,1.233768881340044e-19
0.08826614088061521,0.08702819142286108,0.09999870635143596,0.09977575017343962,0.11801695823669434,0.004543683947072327,0.0045434570894897774,0.06480526924133301,1.2337850379810208e-19
0.0882654756961789,0.08702809160301518,0.09999905391258213,0.09977596086758043,0.11753726005554199,0.004543457094653787,0.004543230248366115,0.06478142738342285,1.2338011850275119e-19
0.08826481052946165,0.08702799178748609,0.09999940145139903,0.09977617154916375,0.11739301681518555,0.004543230253580922,0.004543003419144043,0.0656747817993164,1.2338173379349253e-19
0.08826414538046466,0.08702789197627356,0.09999974896788867,0.09977638221819043,0.11784744262695312,0.00454300342385213,0.004542776600580112,0.06418514251708984,1.2338334869469602e-19
0.08826348024918917,0.08702779216937732,0.10000009646205298,0.09977659287466133,0.11781597137451172,0.004542776605468295,0.004542549793207229,0.06528472900390625,1.2338496374942543e-19
0.08826281513563637,0.08702769236679715,0.10000044393389391,0.09977680351857726,0.1188054084777832,0.004542549798429128,0.004542322997735937,0.06555008888244629,1.2338657900921021e-19
0.08826215003980747,0.08702759256853279,0.10000079138341343,0.09977701414993909,0.11714792251586914,0.004542323002732428,0.004542096213100422,0.06476140022277832,1.23388193694786e-19
0.08826148496170369,0.08702749277458399,0.10000113881061352,0.09977722391229939,0.1174623966217041,0.004542096218378939,0.004541869440544133,0.06532573699951172,1.2338980919864142e-19
0.08826081990132621,0.0870273929849505,0.10000148621549615,0.09977743057758709,0.11683821678161621,0.004541869445366395,0.004541642678645985,0.06385302543640137,1.2339142378123965e-19
0.0882601548586763,0.08702729319963207,0.10000183359806328,0.09977763723060452,0.11632776260375977,0.004541642683696241,0.004541415928116521,0.06443285942077637,1.233930383080005e-19
0.08825948983375512,0.08702719341862844,0.10000218095831688,0.09977784387135248,0.11723184585571289,0.0045414159333679,0.004541189189133377,0.06430768966674805,1.2339465324115406e-19
0.0882588248265639,0.08702709364193936,0.10000252829625891,0.0997780504998318,0.12299871444702148,0.00454118919437917,0.0045409624611636445,0.06546974182128906,1.2339626751822794e-19
0.08825815983710388,0.0870269938695646,0.10000287561189133,0.09977825711604325,0.12379026412963867,0.004540962466731488,0.004540735745450775,0.06497836112976074,1.2339788217252122e-19
0.08825749486537623,0.08702689410150388,0.10000322290521613,0.09977846371998768,0.12480401992797852,0.004540735750422205,0.004540509040040774,0.06543350219726562,1.2339949634058816e-19
0.08825682991138223,0.08702679433775697,0.10000357017623525,0.09977867031166589,0.12508821487426758,0.0045405090454531515,0.004540282346177094,0.06509208679199219,1.2340111081259514e-19
0.08825616497512301,0.0870266945783236,0.10000391742495066,0.09977887689107869,0.12709808349609375,0.004540282351821489,0.004540055664037368,0.06577014923095703,1.2340272556547463e-19
0.08825550005659981,0.08702659482320353,0.10000426465136432,0.09977908345822688,0.12732601165771484,0.004540055669528168,0.004539828993266326,0.06581664085388184,1.2340433980353598e-19
0.08825483515581384,0.08702649507239651,0.1000046118554782,0.09977929001311127,0.12677478790283203,0.004539828998571348,0.004539602333686332,0.06662750244140625,1.234059541963648e-19
0.08825417027276632,0.08702639532590231,0.10000495903729426,0.09977949655573268,0.1268937587738037,0.004539602338949832,0.0045393756852973866,0.06653213500976562,1.2340756831824984e-19
0.08825350540745841,0.08702629558372063,0.10000530619681446,0.09977970308609192,0.12765717506408691,0.004539375690664989,0.004539149048632396,0.06743359565734863,1.234091824451124e-19
0.08825284055989138,0.08702619584585126,0.10000565333404075,0.09977990960418981,0.12713360786437988,0.00453914905371495,0.004538922422803182,0.06707000732421875,1.234107963811155e-19
0.0882521757300665,0.08702609611229395,0.10000600044897512,0.09978011611002717,0.12667179107666016,0.004538922428100144,0.004538695808520288,0.06786465644836426,1.234124101334228e-19
0.0882515109179849,0.08702599638304843,0.10000634754161952,0.0997803226036048,0.12717175483703613,0.004538695813819991,0.004538469205783713,0.06804180145263672,1.2341402421084906e-19
0.08825084612364782,0.08702589665811448,0.1000066946119759,0.0997805290849235,0.12783098220825195,0.00453846921087325,0.004538242613705279,0.0680849552154541,1.2341563833522975e-19
0.08825018134705648,0.08702579693749182,0.10000704166004622,0.0997807355539841,0.12702155113220215,0.0045382426192600795,0.004538016034061343,0.06847214698791504,1.234172520552649e-19
0.08824951658821205,0.0870256972211802,0.10000738868583246,0.0997809420107874,0.12646722793579102,0.00453801603897852,0.004537789464897912,0.06838607788085938,1.2341886582163296e-19
0.08824885184711577,0.08702559750917938,0.1000077356893366,0.0997811484553342,0.12572550773620605,0.0045377894700289936,0.00453756290692553,0.06785869598388672,1.234204793256504e-19
0.08824818712376879,0.08702549780148909,0.10000808267056059,0.09978135488762534,0.1261138916015625,0.004537562912411693,0.004537336360677102,0.06834912300109863,1.2342209309074215e-19
0.0882475224181724,0.08702539809810911,0.10000842962950639,0.0997815613076616,0.1264643669128418,0.0045373363661249284,0.004537109825442087,0.06804847717285156,1.2342370665268908e-19
0.08824685773032773,0.08702529839903916,0.10000877656617595,0.0997817677154438,0.12546324729919434,0.00453710983116952,0.00453688330264157,0.06770849227905273,1.2342531996089634e-19
0.08824619306023601,0.08702519870427901,0.10000912348057123,0.09978197411097275,0.12514948844909668,0.004536883307540882,0.0045366567901439225,0.0679008960723877,1.2342693372008895e-19
0.08824552840789848,0.0870250990138284,0.10000947037269421,0.09978218049424926,0.12585139274597168,0.00453665679524177,0.004536430289014959,0.0680398941040039,1.2342854671710394e-19
0.08824486377331638,0.08702499932768709,0.10000981724254684,0.09978238686527417,0.12567543983459473,0.004536430294272608,0.004536203799254679,0.06766963005065918,1.2343016033477633e-19
0.08824419915649089,0.08702489964585483,0.10001016409013108,0.09978259322404828,0.1250147819519043,0.004536203804631583,0.004535977321218354,0.06830191612243652,1.23431773594714e-19
0.08824353455742326,0.08702479996833137,0.10001051091544888,0.0997827995705724,0.12539982795715332,0.004535977326316671,0.004535750854195442,0.06801009178161621,1.2343338674792644e-19
0.08824286997611465,0.08702470029511646,0.1000108577185022,0.09978300590484733,0.12587475776672363,0.004535750859329035,0.004535524398541213,0.06820368766784668,1.2343499977098299e-19
0.08824220541256628,0.08702460062620984,0.10001120449929302,0.09978321222687388,0.1251058578491211,0.0045355244036684545,0.0045352979540780325,0.06778740882873535,1.2343661273934962e-19
0.08824154086677939,0.08702450096161127,0.10001155125782328,0.09978341853665283,0.12601876258850098,0.004535297959333317,0.004535071521161171,0.0683293342590332,1.2343822605878254e-19
0.08824087633875514,0.08702440130132048,0.10001189799409495,0.09978362483418501,0.12524747848510742,0.004535071526322759,0.004534845099435358,0.06787443161010742,1.2343983873786603e-19
0.08824021182849477,0.08702430164533725,0.10001224470810997,0.09978383111947124,0.12556242942810059,0.004534845104636503,0.0045346186889005935,0.0683600902557373,1.2344145211022023e-19
0.08823954733599941,0.0870242019936613,0.10001259139987032,0.09978403739251233,0.12445569038391113,0.0045346186942743704,0.004534392289912148,0.06788182258605957,1.2344306473457237e-19
0.08823888286127034,0.0870241023462924,0.10001293806937794,0.09978424365330908,0.12509894371032715,0.004534392295236114,0.004534165902470022,0.06817126274108887,1.2344467748073747e-19
0.08823821840430875,0.0870240027032303,0.10001328471663481,0.09978444990186232,0.12429189682006836,0.0045341659075200606,0.004533939525508401,0.06801581382751465,1.2344629011601885e-19
0.08823755396511587,0.08702390306447473,0.10001363134164287,0.09978465613817283,0.12477254867553711,0.004533939531127145,0.004533713160626007,0.06822943687438965,1.234479028512766e-19
0.08823688954369295,0.08702380343002546,0.1000139779444041,0.09978486236224146,0.12394380569458008,0.004533713166055378,0.004533486806934661,0.0680091381072998,1.2344951499683457e-19
0.08823622514004109,0.08702370379988224,0.10001432452492043,0.09978506857406899,0.12456488609313965,0.004533486812305209,0.00453326046496727,0.0682516098022461,1.2345112786025264e-19
0.08823556075416153,0.08702360417404481,0.10001467108319381,0.09978527477365626,0.12369298934936523,0.004533260469874685,0.004533034133835656,0.06810331344604492,1.2345273975547662e-19
0.08823489638605551,0.08702350455251293,0.10001501761922624,0.09978548096100404,0.1237633228302002,0.004533034138764239,0.004532807813362183,0.0679314136505127,1.2345435315086535e-19
0.08823423203572422,0.08702340493528633,0.10001536413301965,0.09978568713611315,0.12349748611450195,0.004532807818974776,0.004532581505323208,0.06789994239807129,1.2345596517496852e-19
0.08823356770316884,0.0870233053223648,0.100015710624576,0.09978589329898438,0.12366819381713867,0.0045325815105022255,0.004532355208120009,0.06836986541748047,1.2345757716498523e-19
0.0882329033883906,0.08702320571374805,0.10001605709389724,0.09978609944961858,0.1236276626586914,0.004532355213349094,0.004532128921930223,0.0680842399597168,1.2345918915180184e-19
0.08823223909139072,0.08702310610943584,0.10001640354098537,0.09978630558801653,0.12367939949035645,0.004532128927513469,0.004531902647819663,0.06827139854431152,1.2346080074521967e-19
0.08823157481217046,0.08702300650942793,0.1000167499658423,0.09978651171417904,0.12329912185668945,0.004531902652994742,0.00453167638454488,0.06813979148864746,1.234624135918317e-19
0.08823091055073094,0.08702290691372407,0.10001709636846998,0.09978671782810694,0.12285757064819336,0.004531676389792415,0.004531450132816417,0.06802797317504883,1.234640254724247e-19
0.08823024630707339,0.087022807322324,0.10001744274887038,0.09978692392980103,0.12259578704833984,0.004531450137907188,0.004531223892101366,0.06805682182312012,1.2346563744453448e-19
0.08822958208119908,0.08702270773522748,0.10001778910704545,0.09978713001926212,0.12227249145507812,0.004531223897336613,0.004530997662754999,0.06791257858276367,1.2346724925421556e-19
0.08822891787310916,0.08702260815243426,0.10001813544299715,0.099787336096491,0.12222671508789062,0.004530997668081354,0.004530771445487858,0.06778979301452637,1.2346886095221086e-19
0.08822825368280483,0.08702250857394409,0.10001848175672742,0.0997875421614885,0.12212300300598145,0.004530771450138083,0.004530545238345951,0.06760525703430176,1.2347047279716294e-19
0.08822758951028731,0.08702240899975672,0.10001882804823822,0.09978774821425541,0.12178730964660645,0.004530545243511449,0.004530319042572728,0.06762194633483887,1.2347208473622914e-19
0.0882269253555578,0.0870223094298719,0.10001917431753153,0.09978795425479256,0.12166285514831543,0.004530319048198072,0.00453009285852346,0.06710004806518555,1.234736959424337e-19
0.08822626121861749,0.08702220986428938,0.10001952056460928,0.09978816028310075,0.12142395973205566,0.004530092864196505,0.00452986668690869,0.06663250923156738,1.234753077732169e-19
0.08822559709946763,0.08702211030300891,0.1000198667894734,0.0997883662991808,0.12093687057495117,0.00452986669150563,0.004529640524708611,0.0665891170501709,1.2347691979216816e-19
0.08822493299810943,0.08702201074603025,0.10002021299212586,0.09978857230303352,0.12014126777648926,0.0045296405301274295,0.0045294143749430305,0.06544804573059082,1.2347853088226346e-19
0.08822426891454412,0.08702191119335313,0.10002055917256865,0.09978877829465972,0.12194681167602539,0.0045294143800595965,0.004529188236368498,0.06568169593811035,1.2348014274735881e-19
0.08822360484877285,0.08702181164497731,0.10002090533080368,0.09978898155918285,0.12239336967468262,0.004529188241301858,0.004528962108452106,0.06535816192626953,1.2348175348323416e-19
0.08822294080079689,0.08702171210090254,0.10002125146683295,0.09978918359634745,0.1234738826751709,0.004528962113855052,0.004528735992259669,0.06536149978637695,1.2348336490017612e-19
0.0882222767706174,0.08702161256112857,0.10002159758065837,0.09978938562156688,0.12406349182128906,0.004528735997717275,0.0045285098879688235,0.06545758247375488,1.234849759959277e-19
0.08822161275823569,0.08702151302565517,0.10002194367228191,0.0997895876348419,0.12503361701965332,0.004528509892886798,0.004528283794158483,0.06582808494567871,1.2348658702188067e-19
0.08822094876365287,0.08702141349448206,0.10002228974170552,0.09978978963617335,0.12520933151245117,0.004528283799365247,0.004528057711361555,0.0659329891204834,1.2348819826072276e-19
0.08822028478687016,0.08702131396760901,0.10002263578893113,0.099789991625562,0.12587451934814453,0.004528057717152323,0.004527831640999125,0.06634855270385742,1.2348980933653738e-19
0.0882196208278888,0.08702121444503576,0.1000229818139607,0.09979019360300861,0.12543654441833496,0.004527831646245434,0.0045276055811172,0.06649422645568848,1.234914200827119e-19
0.08821895688670997,0.08702111492676207,0.10002332781679621,0.09979039556851396,0.12627339363098145,0.004527605586645067,0.004527379533136866,0.0671987533569336,1.234930316252979e-19
0.08821829296333486,0.08702101541278769,0.1000236737974396,0.09979059752207885,0.12582755088806152,0.004527379538349575,0.004527153496525216,0.0669398307800293,1.2349464226431187e-19
0.08821762905776465,0.08702091590311234,0.10002401975589281,0.09979079946370403,0.12692666053771973,0.004527153501359382,0.004526927470571707,0.0675961971282959,1.2349625223741287e-19
0.08821696517000058,0.0870208163977358,0.1000243656921578,0.0997910013933903,0.12610125541687012,0.004526927475674995,0.004526701456697424,0.06743502616882324,1.2349786337328196e-19
0.08821630130004379,0.08702071689665782,0.10002471160623651,0.09979120331113842,0.1263103485107422,0.004526701461292439,0.004526475453126011,0.06785941123962402,1.234994741955173e-19
0.08821563744789555,0.08702061739987815,0.1000250574981309,0.09979140521694918,0.12589025497436523,0.004526475458215609,0.004526249461278553,0.06792664527893066,1.2350108470919128e-19
0.08821497361355701,0.08702051790739655,0.1000254033678429,0.09979160711082338,0.1254281997680664,0.004526249466441868,0.004526023480799779,0.06780886650085449,1.2350269553582362e-19
0.08821430979702939,0.08702041841921275,0.10002574921537447,0.09979180899276177,0.12515735626220703,0.004526023485969942,0.004525797511334417,0.06769609451293945,1.2350430519642454e-19
0.0882136459983139,0.08702031893532651,0.10002609504072756,0.09979201086276518,0.12573480606079102,0.004525797516800383,0.004525571554125918,0.06786632537841797,1.2350591639659572e-19
0.08821298221741175,0.08702021945573758,0.10002644084390411,0.09979221272083434,0.12488865852355957,0.00452557155893077,0.004525345607220288,0.06749463081359863,1.2350752667603239e-19
0.0882123184543241,0.08702011998044572,0.10002678662490609,0.09979241456697004,0.12490153312683105,0.0045253456123633485,0.004525119672216249,0.06765103340148926,1.23509136797716e-19
0.0882116547090522,0.08702002050945067,0.10002713238373544,0.09979261640117305,0.12439894676208496,0.004525119677095139,0.004524893748047987,0.06749510765075684,1.2351074711637687e-19
0.08821099098159728,0.08701992104275218,0.1000274781203941,0.09979281822344417,0.12455630302429199,0.004524893753126615,0.004524667835426044,0.06727075576782227,1.2351235720289195e-19
0.08821032727196043,0.08701982158035,0.10002782383488402,0.09979302003378418,0.1232144832611084,0.004524667840457224,0.0045244419338175135,0.06714296340942383,1.235139675015249e-19
0.08820966358014289,0.0870197221222439,0.10002816952720717,0.09979322183219386,0.12360930442810059,0.00452444193908699,0.0045242160437553025,0.06732535362243652,1.235155770758284e-19
0.08820899990614586,0.08701962266843362,0.10002851519736547,0.09979342361867398,0.12302732467651367,0.00452421604901476,0.004523990165061775,0.06700587272644043,1.2351718754363353e-19
0.08820833624997057,0.0870195232189189,0.1000288608453609,0.09979362539322532,0.12314224243164062,0.004523990170239638,0.004523764297559296,0.06672883033752441,1.235187977756723e-19
0.08820767261161822,0.08701942377369949,0.1000292064711954,0.09979382715584868,0.12365269660949707,0.00452376430276166,0.004523538441247865,0.06714749336242676,1.2352040722030648e-19
0.08820700899109002,0.08701932433277516,0.1000295520748709,0.09979402890654482,0.12289571762084961,0.004523538446579957,0.004523312596482754,0.06686139106750488,1.2352201668758073e-19
0.08820634538838722,0.08701922489614565,0.10002989765638932,0.09979423064531451,0.12233662605285645,0.00452331260169329,0.0045230867632639615,0.06658577919006348,1.235236265913621e-19
0.08820568180351099,0.08701912546381071,0.10003024321575267,0.09979443237215851,0.12351608276367188,0.0045230867681007305,0.004522860941058582,0.06679129600524902,1.2352523612726272e-19
0.08820501823646255,0.0870190260357701,0.10003058875296286,0.09979463408707764,0.12279033660888672,0.004522860945802746,0.004522635129688979,0.066619873046875,1.2352684544207956e-19
0.08820435468724308,0.08701892661202355,0.10003093426802186,0.09979483579007267,0.12260699272155762,0.004522635134799122,0.004522409330043331,0.06664204597473145,1.2352845545659703e-19
0.08820369115585375,0.08701882719257084,0.10003127976093158,0.09979503748114436,0.12278962135314941,0.0045224093350882425,0.004522183541411096,0.06666707992553711,1.2353006522773706e-19
0.08820302764229578,0.08701872777741171,0.100031625231694,0.09979523916029351,0.12268328666687012,0.004522183546670258,0.004521957764680451,0.06664419174194336,1.235316746027392e-19
0.08820236414657033,0.08701862836654589,0.10003197068031106,0.09979544082752088,0.12148261070251465,0.004521957769543861,0.004521731998252676,0.06633377075195312,1.2353328388961683e-19
0.08820170066867869,0.08701852895997317,0.10003231610678469,0.09979564248282727,0.12023258209228516,0.004521732003710642,0.004521506243548856,0.06529045104980469,1.2353489293483533e-19
0.08820103720862202,0.08701842955769327,0.10003266151111684,0.09979584412621344,0.11957645416259766,0.004521506249168896,0.004521280500746627,0.06684684753417969,1.2353650231902783e-19
0.08820037376640148,0.08701833015970598,0.10003300689330946,0.09979604575768018,0.12023258209228516,0.00452128050591706,0.004521054768602539,0.0660552978515625,1.2353811161266584e-19
0.08819971034201829,0.087018230766011,0.1000333522533645,0.09979624737722827,0.1214437484741211,0.004521054773954922,0.004520829047827135,0.06687641143798828,1.2353972067428517e-19
0.08819904693547369,0.0870181313766081,0.10003369759128389,0.09979644898485848,0.12125444412231445,0.004520829053282283,0.004520603338420415,0.0660400390625,1.2354132953915723e-19
0.08819838354676889,0.08701803199149703,0.10003404290706958,0.09979665058057159,0.12000584602355957,0.004520603343898233,0.004520377640560014,0.06683826446533203,1.235429385661132e-19
0.088197720175905,0.08701793261067756,0.10003438820072351,0.0997968521643684,0.11883807182312012,0.004520377645801839,0.004520151953890661,0.06720995903015137,1.2354454726070924e-19
0.08819705682288333,0.08701783323414942,0.10003473347224763,0.09979705373624968,0.11838579177856445,0.004520151958993886,0.0045199262782347205,0.06596207618713379,1.2354615610933928e-19
0.08819639348770504,0.08701773386191239,0.10003507872164387,0.09979725529621619,0.11798739433288574,0.00451992628347248,0.004519700613769828,0.06535053253173828,1.2354776559421304e-19
0.08819573017037134,0.0870176344939662,0.10003542394891418,0.0997974568442687,0.11831045150756836,0.004519700619238378,0.004519474961206527,0.06580138206481934,1.235493742820984e-19
0.08819506687088341,0.0870175351303106,0.10003576915406051,0.09979765838040801,0.11795496940612793,0.004519474966289637,0.004519249319479002,0.06580233573913574,1.2355098223872876e-19
0.08819440358924246,0.08701743577094535,0.1000361143370848,0.09979785990463488,0.1185004711151123,0.004519249324627078,0.004519023689120161,0.06567263603210449,1.2355259112368877e-19
0.0881937403254497,0.0870173364158702,0.100036459497989,0.0997980614169501,0.1182861328125,0.004519023694249055,0.004518798070485275,0.06548213958740234,1.2355419997945198e-19
0.08819307707950634,0.0870172370650849,0.10003680463677504,0.09979826291735445,0.11792945861816406,0.004518798075154756,0.004518572462330894,0.06500673294067383,1.235558083239883e-19
0.08819241385141352,0.08701713771858918,0.10003714975344487,0.09979846440584869,0.11838841438293457,0.004518572467344661,0.004518346865189926,0.06505179405212402,1.2355741640767087e-19
0.08819175064117249,0.08701703837638282,0.10003749484800041,0.09979866588243361,0.11844325065612793,0.004518346870818812,0.00451812128030582,0.06624913215637207,1.2355902488678828e-19
0.0881910874487844,0.08701693903846555,0.10003783992044361,0.09979886734710997,0.11893248558044434,0.004518121285574981,0.004517895706790398,0.06624960899353027,1.2356063397195581e-19
0.0881904242742505,0.08701683970483715,0.10003818497077643,0.09979906879987857,0.1182701587677002,0.004517895711611846,0.0045176701435778455,0.06540489196777344,1.235622411977651e-19
0.08818976111757201,0.08701674037549734,0.1000385299990008,0.09979927024074019,0.11682415008544922,0.0045176701489312845,0.004517444591911612,0.06553292274475098,1.23563849985222e-19
0.08818909797875008,0.08701664105044589,0.10003887500511865,0.09979947166969558,0.11759519577026367,0.004517444597531411,0.00451721905214697,0.06466293334960938,1.2356545783222672e-19
0.08818843485778595,0.08701654172968255,0.10003921998913193,0.09979967308674555,0.11781740188598633,0.004517219057410948,0.004516993523218105,0.06624364852905273,1.235670657241128e-19
0.08818777175468082,0.08701644241320709,0.10003956495104258,0.09979987449189086,0.11693191528320312,0.004516993528571277,0.004516768005657923,0.0655820369720459,1.2356867400738e-19
0.08818710866943583,0.08701634310101924,0.10003990989085251,0.0998000755381413,0.11561727523803711,0.004516768011010896,0.004516542499644061,0.0647439956665039,1.2357028175929154e-19
0.08818644560205224,0.08701624379311876,0.1000402548085637,0.09980027299947673,0.11597418785095215,0.004516542504728566,0.004516317004643611,0.06487011909484863,1.2357188981124923e-19
0.08818578255253123,0.08701614448950538,0.10004059970417807,0.09980047044918652,0.11580848693847656,0.004516317009724322,0.004516091520656573,0.06446170806884766,1.235734978826833e-19
0.08818511952087403,0.0870160451901789,0.10004094457769758,0.0998006678872714,0.11564493179321289,0.0045160915259977044,0.004515866048393491,0.06378436088562012,1.2357510508171555e-19
0.08818445650708179,0.08701594589513903,0.10004128942912416,0.09980086531373213,0.11524105072021484,0.004515866053548732,0.004515640587499092,0.06400299072265625,1.2357671316392124e-19
0.0881837935111557,0.08701584660438554,0.10004163425845976,0.09980106272856942,0.11507034301757812,0.004515640592374902,0.004515415137262835,0.06365799903869629,1.2357832101436594e-19
0.088183130533097,0.08701574731791817,0.10004197906570629,0.09980126013178406,0.11641383171081543,0.004515415142476953,0.004515189698928168,0.06359434127807617,1.235799281393151e-19
0.08818246757290686,0.08701564803573668,0.10004232385086571,0.09980145752337678,0.11602783203125,0.004515189703854247,0.004514964270896371,0.06373834609985352,1.2358153581173983e-19
0.08818180463058649,0.0870155487578408,0.10004266861393997,0.09980165490334833,0.1178886890411377,0.0045149642765073585,0.004514738855476708,0.06278395652770996,1.2358314343841227e-19
0.08818114170613706,0.08701544948423032,0.10004301335493099,0.09980185227169946,0.11769938468933105,0.004514738860433562,0.004514513450359914,0.06304740905761719,1.2358475060162887e-19
0.08818047879955974,0.08701535021490497,0.1000433580738407,0.09980204962843092,0.11929059028625488,0.004514513455633784,0.0045142880567894395,0.06360769271850586,1.2358635834119815e-19
0.08817981591085573,0.08701525094986451,0.10004370277067105,0.09980224697354347,0.11823773384094238,0.004514288062106396,0.0045140626747652846,0.0626678466796875,1.2358796530352596e-19
0.08817915304002627,0.08701515168910867,0.10004404744542399,0.09980244430703783,0.11957931518554688,0.00451406267985148,0.004513837303399271,0.06357860565185547,1.2358957217887698e-19
0.08817849018707255,0.08701505243263723,0.10004439209810143,0.09980264162891479,0.11942458152770996,0.004513837308869462,0.004513611943934848,0.06267905235290527,1.235911797194278e-19
0.08817782735199572,0.08701495318044994,0.10004473672870533,0.09980283893917509,0.12111735343933105,0.004513611949157493,0.004513386595483837,0.06381440162658691,1.2359278675475334e-19
0.08817716453479707,0.08701485393254654,0.10004508133723759,0.09980303623781946,0.11891865730285645,0.00451338660071659,0.0045131612582238745,0.0628046989440918,1.2359439356117429e-19
0.08817650173547774,0.0870147546889268,0.10004542592370018,0.09980323352484866,0.12215232849121094,0.004513161263546571,0.004512935932332596,0.06389141082763672,1.235960007775465e-19
0.0881758389540389,0.08701465544959046,0.10004577048809501,0.09980343080026344,0.1203925609588623,0.0045129359376462445,0.004512710617987636,0.06372499465942383,1.23597607184669e-19
0.08817517619048176,0.08701455621453727,0.10004611503042406,0.09980362806406455,0.12073540687561035,0.004512710623013676,0.004512485314833725,0.06377959251403809,1.235992144430075e-19
0.0881745134448075,0.08701445698376699,0.10004645955068922,0.09980382531625272,0.12182927131652832,0.004512485319649236,0.004512260022515591,0.06474828720092773,1.2360082084883565e-19
0.08817385071701735,0.08701435775727936,0.10004680404889245,0.0998040225568287,0.12104940414428711,0.004512260027553478,0.00451203474156614,0.06510519981384277,1.236024273884812e-19
0.08817318800711248,0.08701425853507415,0.10004714852503567,0.09980421978579326,0.12188982963562012,0.004512034746725071,0.004511809472340644,0.06517648696899414,1.236040342711845e-19
0.08817252531509406,0.08701415931715109,0.10004749297912083,0.09980441700314716,0.12154841423034668,0.004511809477163137,0.004511584213595654,0.06492376327514648,1.236056410378914e-19
0.08817186264096331,0.08701406010350994,0.10004783741114986,0.09980461420889111,0.12201094627380371,0.004511584218868502,0.004511358966574619,0.0661473274230957,1.236072472043113e-19
0.08817119998472146,0.08701396089415045,0.10004818182112472,0.0998048114030259,0.12059235572814941,0.0045113589718392315,0.004511133730744632,0.06606817245483398,1.2360885431331362e-19
0.08817053734636968,0.08701386168907238,0.10004852620904733,0.09980500858555223,0.12246489524841309,0.004511133736075419,0.004510908506460964,0.06604194641113281,1.236104601721743e-19
0.08816987472590915,0.08701376248827548,0.10004887057491962,0.09980520575647088,0.12245488166809082,0.004510908511574528,0.004510683293368345,0.0658411979675293,1.2361206677336417e-19
0.0881692121233411,0.08701366329175951,0.10004921491874352,0.0998054029157826,0.11969304084777832,0.004510683298337964,0.004510458091289138,0.06554055213928223,1.2361367283900898e-19
0.08816854953866676,0.0870135640995242,0.10004955924052097,0.09980560006348814,0.12079429626464844,0.004510458096364493,0.004510232900933886,0.06503796577453613,1.236152795542242e-19
0.08816788697188727,0.0870134649115693,0.1000499035402539,0.09980579719958822,0.12066006660461426,0.004510232905653491,0.0045100077215920464,0.06654143333435059,1.2361688514558351e-19
0.08816722442300384,0.08701336572789459,0.10005024781794425,0.09980599432408362,0.12151432037353516,0.004510007726203804,0.004509782552730712,0.06651663780212402,1.2361849172058185e-19
0.0881665618920177,0.0870132665484998,0.10005059207359393,0.09980619143697506,0.1185610294342041,0.004509782558017293,0.004509557396303876,0.06522274017333984,1.2362009749808178e-19
0.08816589937893,0.08701316737338471,0.10005093630720488,0.0998063885382633,0.11914801597595215,0.004509557401090828,0.004509332250535181,0.06518149375915527,1.2362170359734786e-19
0.08816523688374192,0.08701306820254906,0.10005128051877905,0.09980658562794911,0.11913537979125977,0.004509332255425379,0.004509107116135169,0.06537985801696777,1.2362330931672627e-19
0.08816457440645464,0.0870129690359926,0.10005162470831837,0.09980678270603321,0.11922740936279297,0.004509107121019913,0.00450888199274857,0.06535911560058594,1.236249156493692e-19
0.08816391194706936,0.08701286987371507,0.10005196887582475,0.09980697977251637,0.11980938911437988,0.004508881997874309,0.004508656881263562,0.06563782691955566,1.236265209236166e-19
0.0881632495055873,0.08701277071571623,0.10005231302130016,0.09980717682739934,0.11924195289611816,0.0045086568859865695,0.004508431780259059,0.0655064582824707,1.23628126646202e-19
0.08816258708200961,0.08701267156199584,0.1000526571447465,0.09980737387068286,0.11956310272216797,0.004508431785358223,0.00450820669062324,0.06556200981140137,1.236297317762942e-19
0.08816192467633753,0.08701257241255365,0.1000530012461657,0.09980757090236768,0.12022161483764648,0.004508206695988355,0.00450798161253374,0.06683540344238281,1.236313380351359e-19
0.08816126228857221,0.08701247326738942,0.10005334532555969,0.09980776792245452,0.11972522735595703,0.00450798161787465,0.00450775654599056,0.06522846221923828,1.2363294356241701e-19
0.08816059991871487,0.0870123741265029,0.10005368938293044,0.09980796493094417,0.11999869346618652,0.004507756551017267,0.004507531490105521,0.06602287292480469,1.2363454870053485e-19
0.08815993756676672,0.08701227498989382,0.10005403341827984,0.09980816192783734,0.11859011650085449,0.004507531495416619,0.004507306445766801,0.06550312042236328,1.2363615473001955e-19
0.08815927523272898,0.08701217585756195,0.10005437743160986,0.0998083589131348,0.11867856979370117,0.00450730645107221,0.004507081412619129,0.06509900093078613,1.236377595913581e-19
0.08815861291660282,0.08701207672950705,0.10005472142292239,0.09980855588683728,0.11834096908569336,0.004507081417982383,0.0045068563908401416,0.06556296348571777,1.236393649916314e-19
0.08815795061838941,0.08701197760572886,0.10005506539221938,0.09980875284894553,0.11752843856811523,0.004506856396146299,0.004506631380252202,0.06417536735534668,1.2364097042904758e-19
0.08815728833808997,0.08701187848622714,0.10005540933950277,0.09980894979946028,0.1187741756439209,0.004506631385563997,0.004506406381032946,0.06515622138977051,1.2364257567174057e-19
0.08815662607570571,0.08701177937100164,0.10005575326477445,0.09980914673838231,0.1188812255859375,0.004506406386234648,0.004506181392827102,0.06465888023376465,1.2364418047541653e-19
0.0881559638312378,0.08701168026005211,0.10005609716803639,0.09980934366571234,0.11818289756774902,0.004506181398159033,0.004505956416345214,0.06492733955383301,1.2364578567618315e-19
0.0881553016046874,0.08701158115337831,0.10005644104929048,0.09980954058145114,0.11825037002563477,0.004505956421334787,0.004505731451054373,0.06530117988586426,1.2364739023704213e-19
0.08815463939605575,0.08701148205097999,0.10005678490853868,0.09980973748559946,0.11718583106994629,0.004505731455761745,0.004505506496421674,0.0647432804107666,1.2364899528409304e-19
0.08815397720534403,0.08701138295285689,0.10005712874578292,0.09980993437815805,0.11755943298339844,0.004505506501438437,0.00450528155351293,0.0652778148651123,1.2365060043227345e-19
0.08815331503255343,0.08701128385900878,0.1000574725610251,0.09981013125912762,0.11679458618164062,0.0045052815583662325,0.004505056621795234,0.06492137908935547,1.2365220467863625e-19
0.08815265287768513,0.0870111847694354,0.10005781635426718,0.09981032812850894,0.11664009094238281,0.00450505662654325,0.004504831700735679,0.06434416770935059,1.2365381014857643e-19
0.08815199074074033,0.0870110856841365,0.10005816012551108,0.09981052498630279,0.11691021919250488,0.0045048317059712545,0.004504606791577714,0.06426620483398438,1.2365541423029176e-19
0.08815132862172018,0.08701098660311186,0.10005850387475873,0.09981072183250989,0.11705589294433594,0.004504606796646994,0.004504381893610798,0.0645298957824707,1.2365701880579967e-19
0.08815066652062589,0.08701088752636123,0.10005884760201203,0.09981091709665142,0.11670947074890137,0.004504381898570897,0.0045041570071902015,0.06450271606445312,1.2365862344674543e-19
0.08815000443745866,0.08701078845388434,0.10005919130727293,0.0998111100093107,0.11834406852722168,0.004504157011742053,0.0045039321310724745,0.06394386291503906,1.2366022855419096e-19
0.08814934237221968,0.08701068938568095,0.10005953499054336,0.09981130291065984,0.11751437187194824,0.00450393213616062,0.004503707266501067,0.06415796279907227,1.2366183218749614e-19
0.08814868032491013,0.08701059032175082,0.10005987865182524,0.09981149580069956,0.11532902717590332,0.0045037072718257356,0.00450348241383125,0.06326103210449219,1.2366343659747478e-19
0.08814801829553122,0.08701049126209369,0.1000602222911205,0.09981168867943059,0.11676979064941406,0.004503482418736003,0.004503257571464303,0.06311821937561035,1.2366504080154656e-19
0.08814735628408413,0.08701039220670934,0.10006056590843108,0.09981188154685366,0.1161341667175293,0.004503257576892694,0.0045030327411765825,0.06329965591430664,1.2366664486101813e-19
0.08814669429057001,0.08701029315559748,0.10006090950375891,0.09981207440296948,0.11817383766174316,0.004503032746293131,0.004502807921902274,0.06291413307189941,1.2366824951017844e-19
0.08814603231499007,0.0870101941087579,0.1000612530771059,0.09981226724777875,0.11938142776489258,0.004502807926937792,0.004502583113463743,0.06275796890258789,1.2366985353522168e-19
0.08814537035734549,0.08701009506619035,0.10006159662847396,0.09981246008128222,0.11768436431884766,0.004502583118826818,0.004502358317104438,0.06267738342285156,1.2367145792085302e-19
0.0881447084176375,0.08700999602789458,0.10006194015786503,0.0998126529034806,0.11790299415588379,0.004502358321957877,0.00450213353158091,0.06260943412780762,1.236730617700682e-19
0.0881440464958673,0.08700989699387034,0.10006228366528104,0.09981284571437461,0.11985635757446289,0.004502133536331795,0.004501908756893158,0.063079833984375,1.2367466584341045e-19
0.08814338459203606,0.08700979796411738,0.1000626271507239,0.09981303851396496,0.1189274787902832,0.004501908761947416,0.0045016839935740904,0.06324315071105957,1.236762696922908e-19
0.08814272270614498,0.08700969893863546,0.10006297061419556,0.09981323130225236,0.11896347999572754,0.004501683998805026,0.004501459241978978,0.06334924697875977,1.2367787311800943e-19
0.08814206083819524,0.08700959991742432,0.10006331405569792,0.09981342407923756,0.12095189094543457,0.0045014592469032055,0.004501234501042006,0.06380796432495117,1.236794769203086e-19
0.08814139898818807,0.08700950090048375,0.10006365747523291,0.09981361684492125,0.11973953247070312,0.004501234506241632,0.0045010097714737185,0.06399774551391602,1.2368108084022792e-19
0.08814073715612465,0.08700940188781346,0.10006400087280246,0.09981380959930417,0.122772216796875,0.0045010097768200955,0.004500785052918843,0.0639491081237793,1.2368268437479364e-19
0.08814007534200613,0.08700930287941323,0.10006434424840849,0.09981400234238702,0.1210167407989502,0.004500785058638085,0.004500560346443194,0.06530427932739258,1.236842880797891e-19
0.08813941354583366,0.08700920387528281,0.10006468760205293,0.09981419507417054,0.12124991416931152,0.00450056035169399,0.0045003356511585935,0.06511330604553223,1.2368589150522124e-19
0.08813875176760844,0.08700910487542195,0.1000650309337377,0.09981438779465543,0.11913490295410156,0.004500335655987206,0.004500110966176862,0.06465816497802734,1.236874947923677e-19
0.08813809000733167,0.08700900587983039,0.10006537424346472,0.09981458050384241,0.12112236022949219,0.004500110971519157,0.004499886293096722,0.06612086296081543,1.2368909815112506e-19
0.08813742826500456,0.08700890688850789,0.10006571753123591,0.09981477320173221,0.11956357955932617,0.004499886298287746,0.0044996616313852655,0.06463503837585449,1.2369070163100217e-19
0.08813676654062827,0.08700880790145421,0.1000660607970532,0.09981496588832553,0.12047576904296875,0.004499661636291623,0.004499436980154314,0.06539177894592285,1.236923051469138e-19
0.08813610483420399,0.08700870891866912,0.1000664040409185,0.09981515856362311,0.11864089965820312,0.004499436985531321,0.00449921234100259,0.06443953514099121,1.2369390794173766e-19
0.08813544314573293,0.08700860994015233,0.10006674726283375,0.09981535122762565,0.11967277526855469,0.004499212346006842,0.004498987712509006,0.06433844566345215,1.2369551076845727e-19
0.08813478147521629,0.08700851096590363,0.10006709046280088,0.0998155438803339,0.11993217468261719,0.004498987717715975,0.004498763095561742,0.06435418128967285,1.2369711438862412e-19
0.08813411982265522,0.08700841199592277,0.10006743364082178,0.09981573652174855,0.11928963661193848,0.004498763100660518,0.004498538489272619,0.06417250633239746,1.236987170875159e-19
0.0881334581880509,0.08700831303020949,0.10006777679689839,0.09981592915187032,0.11997342109680176,0.0044985384948393,0.004498313895240358,0.06460690498352051,1.237003202912774e-19
0.08813279657140455,0.08700821406876355,0.10006811993103264,0.09981612177069996,0.11922669410705566,0.004498313900248949,0.004498089312043874,0.06421780586242676,1.237019233582732e-19
0.08813213497271732,0.08700811511158471,0.10006846304322642,0.09981631437823815,0.11968564987182617,0.004498089316890655,0.004497864739683166,0.06435608863830566,1.2370352627882198e-19
0.0881314733919905,0.08700801615867272,0.10006880613348167,0.09981650697448564,0.12002992630004883,0.004497864744764136,0.004497640178868778,0.06440401077270508,1.2370512835244463e-19
0.08813081182922522,0.08700791721002732,0.10006914920180031,0.09981669955944314,0.12085747718811035,0.004497640183870188,0.004497415629423074,0.06518316268920898,1.237067312941797e-19
0.08813015028442263,0.08700781826564827,0.10006949224818426,0.09981689213311136,0.11972355842590332,0.0044974156342052745,0.004497191090813146,0.06510448455810547,1.2370833430993948e-19
0.08812948875758393,0.08700771932553535,0.10006983527263545,0.09981708469549101,0.12163162231445312,0.00449719109577119,0.0044969665635719025,0.06485700607299805,1.2370993597674782e-19
0.08812882724871036,0.08700762038968828,0.10007017827515578,0.09981727724658282,0.12163138389587402,0.004496966568566316,0.004496742047344071,0.06524014472961426,1.2371153877510356e-19
0.0881281657578031,0.0870075214581068,0.1000705212557472,0.0998174697863875,0.11921095848083496,0.004496742052590161,0.004496517542662559,0.06457042694091797,1.237131417306584e-19
0.08812750428486336,0.0870074225307907,0.10007086421441161,0.09981766231490578,0.12035894393920898,0.004496517547843696,0.004496293049349731,0.06493425369262695,1.2371474360566386e-19
0.08812684282989222,0.08700732360773973,0.10007120715115093,0.09981785483213838,0.11934852600097656,0.004496293054324457,0.004496068566517408,0.06577229499816895,1.2371634663773674e-19
0.08812618139289091,0.08700722468895362,0.10007155006596709,0.09981804733808602,0.12183690071105957,0.004496068572032895,0.004495844095941948,0.06659150123596191,1.2371794894259532e-19
0.08812551997386063,0.08700712577443216,0.10007189295886199,0.09981823983274941,0.12019181251525879,0.0044958441009670495,0.004495619635846992,0.06573772430419922,1.2371955065789456e-19
0.08812485857280256,0.08700702686417508,0.10007223582983756,0.09981843231612927,0.11895489692687988,0.004495619641127427,0.004495395187298357,0.06531190872192383,1.2372115281250655e-19
0.08812419718971788,0.08700692795818213,0.10007257867889571,0.0998186247882263,0.11922502517700195,0.0044953951925131045,0.004495170749940769,0.06580257415771484,1.2372275526838825e-19
0.08812353582460784,0.08700682905645307,0.1000729215060384,0.09981881724904122,0.11961174011230469,0.004495170755124789,0.004494946323241322,0.06559062004089355,1.2372435691262263e-19
0.08812287447747355,0.08700673015898767,0.10007326431126749,0.09981900969857477,0.11873173713684082,0.004494946328960927,0.004494721908265831,0.06547260284423828,1.2372595935908918e-19
0.08812221314831624,0.08700663126578567,0.10007360709458493,0.09981920213682766,0.11905670166015625,0.0044947219140213535,0.00449449750519193,0.06525349617004395,1.2372756116063929e-19
0.0881215518371371,0.08700653237684682,0.10007394985599263,0.09981939456380058,0.1205892562866211,0.004494497510304797,0.004494273112243263,0.0657033920288086,1.2372916249703324e-19
0.08812089054393726,0.08700643349217087,0.10007429259549253,0.09981958697949429,0.11978292465209961,0.00449427311781139,0.004494048731018552,0.06636905670166016,1.23730764252305e-19
0.08812022926871796,0.08700633461175758,0.10007463531308651,0.0998197793839095,0.12019014358520508,0.004494048736539169,0.004493824360984888,0.06496405601501465,1.2373236584845016e-19
0.08811956801148038,0.08700623573560672,0.1000749780087765,0.0998199717770469,0.1195068359375,0.004493824366490338,0.004493600002142273,0.06571412086486816,1.2373396762448969e-19
0.08811890677222564,0.08700613686371803,0.10007532068256442,0.09982016415890724,0.11953520774841309,0.004493600007661605,0.004493375654845977,0.06590795516967773,1.237355693412e-19
0.08811824555095496,0.08700603799609126,0.10007566333445217,0.09982035652949121,0.11765360832214355,0.004493375660052703,0.004493151318563093,0.06470775604248047,1.2373717148772076e-19
0.08811758434766948,0.08700593913272618,0.10007600596444167,0.09982054888879953,0.1196892261505127,0.004493151323663797,0.004492926993648894,0.06621122360229492,1.2373877206094212e-19
0.08811692316237046,0.08700584027362254,0.10007634857253486,0.09982074123683293,0.11884546279907227,0.004492926998493322,0.004492702679215199,0.06491422653198242,1.2374037385089158e-19
0.08811626199505906,0.08700574141878009,0.10007669115873365,0.09982093357359213,0.11954355239868164,0.004492702684543049,0.004492478376683096,0.06556153297424316,1.2374197540531736e-19
0.08811560084573647,0.08700564256819858,0.10007703372303994,0.09982112589907785,0.11810779571533203,0.004492478381811058,0.004492254085164404,0.0646657943725586,1.2374357634147464e-19
0.08811493971440384,0.08700554372187776,0.10007737626545567,0.0998213157898465,0.11874675750732422,0.004492254090295447,0.004492029804659126,0.06488704681396484,1.23745177451545e-19
0.08811427860106237,0.08700544487981739,0.10007771878598272,0.09982150419138759,0.11865472793579102,0.004492029809998385,0.004491805535700166,0.06448841094970703,1.2374677887262584e-19
0.0881136175057132,0.08700534604201722,0.10007806128462304,0.09982169258192951,0.1182858943939209,0.0044918055409171745,0.004491581277754619,0.0646824836730957,1.2374838017703854e-19
0.08811295642835752,0.08700524720847701,0.10007840376137851,0.09982188096147294,0.11851787567138672,0.004491581283052055,0.004491357031355392,0.06452298164367676,1.2374998051264593e-19
0.08811229536899655,0.08700514837919653,0.10007874621625105,0.09982206933001857,0.11888265609741211,0.004491357036402346,0.004491132795791941,0.06458830833435059,1.2375158213777662e-19
0.08811163432763146,0.08700504955417551,0.10007908864924259,0.09982225768756706,0.11727452278137207,0.004491132800966938,0.00449090857177481,0.0639958381652832,1.2375318293323439e-19
0.08811097330426337,0.08700495073341372,0.10007943106035502,0.09982244603411912,0.11776304244995117,0.004490908576747531,0.004490684358593455,0.06452798843383789,1.237547837927033e-19
0.08811031229889352,0.0870048519169109,0.10007977344959028,0.09982263436967545,0.11784553527832031,0.004490684363741227,0.004490460156603149,0.06460714340209961,1.2375638477849133e-19
0.08810965131152308,0.08700475310466682,0.10008011581695028,0.09982282269423673,0.11803817749023438,0.004490460161948194,0.004490235966159162,0.06437039375305176,1.237579851574501e-19
0.08810899034215326,0.08700465429668124,0.10008045816243695,0.09982301100780365,0.12003707885742188,0.00449023597136713,0.0044900117870838585,0.06379818916320801,1.2375958588659059e-19
0.08810832939078524,0.08700455549295388,0.10008080048605218,0.09982319931037689,0.12014126777648926,0.004490011791998488,0.004489787618844332,0.06441879272460938,1.2376118676112513e-19
0.0881076684574202,0.08700445669348453,0.1000811427877979,0.09982338760195715,0.11795735359191895,0.004489787623840374,0.004489563462151125,0.06391787528991699,1.2376278707377072e-19
0.08810700754205932,0.08700435789827292,0.10008148506767597,0.09982357588254512,0.12004876136779785,0.004489563466893521,0.004489339315583152,0.06463813781738281,1.237643874515643e-19
0.08810634664470375,0.08700425910731882,0.10008182732568835,0.09982376415214149,0.11798095703125,0.004489339321157883,0.004489115181449677,0.06477856636047363,1.2376598784064607e-19
0.08810568576535471,0.087004160320622,0.10008216956183695,0.09982395241074697,0.11997628211975098,0.0044891151866313685,0.004488891058862521,0.06528329849243164,1.2376758802820954e-19
0.08810502490401337,0.08700406153818217,0.10008251177612366,0.09982414065836225,0.11845922470092773,0.004488891063313413,0.004488666946222963,0.06435108184814453,1.2376918873481722e-19
0.08810436406068092,0.08700396275999912,0.10008285396855043,0.099824328894988,0.11741137504577637,0.004488666951204525,0.00448844284495209,0.06441307067871094,1.2377078889232044e-19
0.08810370323535854,0.0870038639860726,0.10008319613911916,0.09982451712062494,0.11776423454284668,0.004488442850304841,0.004488218755405171,0.06445860862731934,1.2377238917507796e-19
0.08810304242804741,0.08700376521640234,0.10008353828783174,0.09982470533527373,0.11874508857727051,0.004488218760612065,0.004487994677582208,0.06421780586242676,1.237739888724933e-19
0.08810238163874877,0.08700366645098812,0.10008388041469009,0.09982489353893505,0.11776256561279297,0.004487994682125949,0.004487770609351571,0.06396842002868652,1.2377558957767444e-19
0.08810172086746376,0.08700356768982968,0.1000842225196961,0.09982508173160962,0.1179971694946289,0.004487770614848043,0.004487546553377797,0.06389999389648438,1.237771890355141e-19
0.08810106011419355,0.08700346893292679,0.1000845646028517,0.09982526991329811,0.11989903450012207,0.004487546558775369,0.004487322508239799,0.06412172317504883,1.2377878939114563e-19
0.08810039937893938,0.0870033701802792,0.10008490666415881,0.09982545808400123,0.11915993690490723,0.004487322513908084,0.004487098475358664,0.06445646286010742,1.2378038942136578e-19
0.08809973866170234,0.08700327143188666,0.10008524870361935,0.09982564624371966,0.12048768997192383,0.004487098480243519,0.004486874452958034,0.06372499465942383,1.2378198889283026e-19
0.08809907796248365,0.08700317268774892,0.10008559072123521,0.09982583439245407,0.1204986572265625,0.004486874457784153,0.004486650441393181,0.06537485122680664,1.2378358849421216e-19
0.08809841728128444,0.08700307394786574,0.1000859327170083,0.09982602253020519,0.12095999717712402,0.004486650446528438,0.004486426441374647,0.06512165069580078,1.2378518853902727e-19
0.08809775661810594,0.08700297521223689,0.10008627469094053,0.09982621065697365,0.11940383911132812,0.004486426446476179,0.004486202452724797,0.06455826759338379,1.237867878437821e-19
0.08809709597294932,0.08700287648086212,0.1000866166430338,0.09982639877276021,0.14034414291381836,0.004486202457625428,0.004485978474733088,0.07903146743774414,1.2378838773460623e-19
0.08809643534581575,0.08700277775374117,0.10008695857329004,0.09982658687756552,0.12172532081604004,0.00448597847997766,0.004485754508465334,0.06539130210876465,1.2378998687292767e-19
0.08809577473670636,0.08700267903087379,0.10008730048171116,0.09982677497139025,0.11864638328552246,0.004485754513530968,0.004485530553033357,0.06623101234436035,1.2379158663746941e-19
0.08809511414562236,0.08700258031225976,0.10008764236829903,0.09982696305423513,0.11691641807556152,0.0044855305582848495,0.004485306608792428,0.06517624855041504,1.23793185966607e-19
0.08809445357256494,0.0870024815978988,0.1000879842330556,0.09982715112610083,0.11879301071166992,0.004485306614240013,0.004485082676453089,0.06580567359924316,1.2379478528875282e-19
0.08809379301753532,0.0870023828877907,0.10008832607598275,0.09982733918698805,0.11798310279846191,0.004485082681393811,0.004484858754594256,0.06568217277526855,1.2379638405271936e-19
0.08809313248053467,0.08700228418193519,0.10008866789708241,0.09982752723689747,0.11740541458129883,0.004484858759746775,0.004484634844281743,0.0651397705078125,1.2379798357991532e-19
0.08809247196156413,0.08700218548033203,0.10008900969635648,0.09982771527582977,0.1171426773071289,0.004484634849297731,0.004484410944805006,0.06499552726745605,1.237995824739238e-19
0.08809181146062489,0.087002086782981,0.10008935147380686,0.09982790330378566,0.1174459457397461,0.004484410950048377,0.004484187057407496,0.06513047218322754,1.238011820600048e-19
0.08809115097771814,0.08700198808988184,0.10008969322943546,0.09982809132076581,0.11748361587524414,0.0044841870619944215,0.004483963179957584,0.06515669822692871,1.2380278080946075e-19
0.08809049051284507,0.08700188940103429,0.10009003496324419,0.09982827932677094,0.11539816856384277,0.004483963185138853,0.004483739314586899,0.0641627311706543,1.2380437948350846e-19
0.08808983006600682,0.08700179071643813,0.10009037667523495,0.09982846732180169,0.11621499061584473,0.004483739319478225,0.00448351546005199,0.06488323211669922,1.2380597857227836e-19
0.08808916963720459,0.0870016920360931,0.10009071836540964,0.09982865530585877,0.11753726005554199,0.004483515465014066,0.004483291616885765,0.06467032432556152,1.238075771198437e-19
0.0880885092264396,0.08700159335999896,0.10009106003377019,0.0998288432789429,0.11691808700561523,0.00448329162174446,0.0044830677847329525,0.06420159339904785,1.2380917603539603e-19
0.088087848833713,0.08700149468815548,0.10009140168031848,0.09982903124105472,0.11794662475585938,0.004483067789670157,0.004482843963238281,0.06439924240112305,1.2381077460453698e-19
0.08808718845902598,0.08700139602056238,0.10009174330505642,0.09982921919219492,0.11757755279541016,0.004482843968791389,0.0044826201536452,0.06416940689086914,1.2381237364493745e-19
0.08808652810237967,0.08700129735721943,0.10009208490798595,0.09982940713236421,0.11813497543334961,0.0044826201591054715,0.0044823963559537106,0.06420731544494629,1.2381397210368482e-19
0.08808586776377529,0.08700119869812638,0.10009242648910895,0.09982959506156328,0.11858582496643066,0.004482396360611146,0.004482172568209819,0.06453418731689453,1.2381557075511285e-19
0.08808520744321399,0.08700110004328299,0.1000927680484273,0.09982978297979281,0.11808347702026367,0.004482172573310272,0.004481948792189883,0.06438183784484863,1.2381716882701233e-19
0.088084547140697,0.08700100139268903,0.10009310958594295,0.09982997088705349,0.11803865432739258,0.004481948797201244,0.00448172502753863,0.06510424613952637,1.2381876775626075e-19
0.0880838868562254,0.08700090274634424,0.10009345110165777,0.09983015878334602,0.11809730529785156,0.004481725032283124,0.004481501273723154,0.06454658508300781,1.238203658970907e-19
0.08808322658980045,0.08700080410424837,0.10009379259557369,0.09983034666867108,0.11923027038574219,0.004481501278556056,0.004481277531098726,0.06499719619750977,1.238219643810972e-19
0.08808256634142331,0.08700070546640121,0.1000941340676926,0.09983053454302933,0.11996054649353027,0.004481277536017848,0.004481053799487711,0.06490850448608398,1.2382356228138174e-19
0.0880819061110951,0.08700060683280249,0.10009447551801641,0.09983072240642149,0.11835050582885742,0.004481053804670595,0.004480830079600651,0.0644381046295166,1.2382516043229825e-19
0.08808124589881702,0.08700050820345197,0.10009481694654701,0.09983091025884824,0.1195216178894043,0.004480830084512048,0.004480606370194096,0.0655972957611084,1.2382675822108824e-19
0.08808058570459026,0.08700040957834938,0.10009515835328632,0.09983109810031028,0.11859345436096191,0.004480606375543324,0.00448038267233386,0.06541895866394043,1.238283562503945e-19
0.08807992552841602,0.08700031095749451,0.10009549973823624,0.0998312830567122,0.11965394020080566,0.004480382677761221,0.004480158986375216,0.06507658958435059,1.238299543095577e-19
0.08807926537029545,0.08700021234088712,0.10009584110139866,0.09983146698318529,0.12025022506713867,0.0044801589911657785,0.004479935310719441,0.06422996520996094,1.2383155266405758e-19
0.08807860523022977,0.08700011372852692,0.10009618244277549,0.09983165089896566,0.11710286140441895,0.004479935315757855,0.004479711646432349,0.06405329704284668,1.2383315076407766e-19
0.08807794510822013,0.0870000151204137,0.10009652376236863,0.09983183480405401,0.11811280250549316,0.0044797116515358035,0.004479487993691578,0.06446623802185059,1.2383474808284885e-19
0.08807728500426772,0.08699991651654723,0.10009686506017998,0.099832018698451,0.11860036849975586,0.004479487998498701,0.004479264351431311,0.0644686222076416,1.238363460813905e-19
0.08807662491837372,0.08699981791692725,0.10009720633621143,0.09983220258215728,0.11952042579650879,0.004479264356647157,0.004479040721250271,0.06454324722290039,1.238379434976419e-19
0.0880759648505392,0.08699971932155351,0.10009754759046491,0.09983238645517349,0.11957025527954102,0.004479040725979743,0.004478817101549737,0.06481099128723145,1.2383954104091853e-19
0.0880753048007654,0.08699962073042575,0.10009788882294232,0.09983257031750033,0.11928176879882812,0.004478817106497335,0.0044785934930402505,0.0646822452545166,1.2384113893806752e-19
0.0880746447690535,0.08699952214354374,0.10009823003364554,0.09983275416913844,0.11974716186523438,0.004478593498198722,0.004478369895544176,0.06499266624450684,1.2384273569340093e-19
0.08807398475540465,0.08699942356090726,0.10009857122257648,0.09983293801008848,0.11992979049682617,0.004478369901084674,0.004478146309949693,0.06528973579406738,1.2384433317611751e-19
0.08807332475982005,0.08699932498251603,0.10009891238973706,0.09983312184035113,0.1205606460571289,0.00447814631515057,0.004477922735368622,0.0662689208984375,1.2384593099937681e-19
0.08807266478230086,0.08699922640836981,0.10009925353512916,0.09983330565992704,0.12023377418518066,0.004477922740398851,0.004477699171800964,0.06523466110229492,1.238475280479591e-19
0.08807200482284831,0.08699912783846837,0.1000995946587547,0.09983348946881686,0.12055754661560059,0.004477699176829009,0.004477475619424354,0.0660703182220459,1.2384912554879433e-19
0.08807134488146355,0.08699902927281146,0.10009993576061559,0.09983367326702126,0.11973094940185547,0.004477475624439097,0.004477252078061156,0.06562280654907227,1.2385072285853354e-19
0.08807068495814777,0.08699893071139884,0.10010027684071368,0.0998338570545409,0.11950469017028809,0.004477252083228951,0.004477028548244277,0.0652151107788086,1.238523193343697e-19
0.08807002505290215,0.08699883215423027,0.10010061789905092,0.09983404083137644,0.11957120895385742,0.004477028553197928,0.004476805029263176,0.06623721122741699,1.2385391650804729e-19
0.08806936516572778,0.08699873360130549,0.10010095893562918,0.09983422459752855,0.11921858787536621,0.004476805034345586,0.004476581521117851,0.06537604331970215,1.2385551413280474e-19
0.08806870529662587,0.08699863505262426,0.10010129995045036,0.09983440835299788,0.12026023864746094,0.004476581526672613,0.004476358025407023,0.0658411979675293,1.2385711043824496e-19
0.0880680454455976,0.08699853650818634,0.10010164094351638,0.09983459209778511,0.11824870109558105,0.004476358030176098,0.004476134539466159,0.06471848487854004,1.2385870725415753e-19
0.0880673856126441,0.08699843796799148,0.10010198191482914,0.09983477583189089,0.11634540557861328,0.004476134544858234,0.004475911065604521,0.06442904472351074,1.2386030407128654e-19
0.08806672579776657,0.08699833943203944,0.10010232286439051,0.09983495955531589,0.11884498596191406,0.004475911070717008,0.004475687602933931,0.06655645370483398,1.2386190094688467e-19
0.08806606600096624,0.08699824090032998,0.10010266379220241,0.09983514326806077,0.1190340518951416,0.0044756876077505755,0.004475464150921482,0.06626701354980469,1.2386349744422524e-19
0.08806540622224421,0.08699814237286287,0.10010300469826673,0.09983532697012618,0.11900782585144043,0.00447546415596039,0.004475240710277717,0.06628298759460449,1.2386509414124652e-19
0.08806474646160166,0.08699804384963784,0.10010334558258538,0.09983551066151279,0.11905622482299805,0.004475240715343889,0.004475017280469729,0.06640124320983887,1.2386669112527113e-19
0.08806408671903979,0.08699794533065466,0.10010368644516025,0.09983569434222125,0.11861324310302734,0.004475017285903885,0.00447479386220806,0.0659792423248291,1.2386828701227998e-19
0.0880634269945598,0.08699784681591308,0.10010402728599324,0.09983587801225226,0.11870312690734863,0.004474793867637414,0.004474570455670346,0.06613397598266602,1.2386988358527532e-19
0.08806276728816287,0.08699774830541283,0.10010436810508626,0.09983606167160644,0.1184244155883789,0.004474570460543239,0.004474347059435502,0.06545162200927734,1.2387148026054282e-19
0.08806210759985013,0.08699764979915373,0.10010470890244119,0.09983624532028447,0.11783409118652344,0.004474347064622192,0.004474123675102248,0.06485891342163086,1.2387307672906792e-19
0.08806144792962277,0.08699755129713548,0.10010504967805996,0.09983642895828701,0.11895060539245605,0.004474123679872959,0.004473900301071865,0.06456732749938965,1.2387467228368817e-19
0.088060788277482,0.08699745279935785,0.10010539043194443,0.09983661258561471,0.11810636520385742,0.0044739003062964225,0.004473676938943072,0.06560587882995605,1.2387626815986677e-19
0.08806012864342895,0.08699735430582059,0.10010573116409648,0.09983679620226824,0.11890959739685059,0.0044736769438902995,0.0044734535878276915,0.06568002700805664,1.2387786497188446e-19
0.08805946902746484,0.08699725581652348,0.10010607187451805,0.09983697980824825,0.11862015724182129,0.004473453592654696,0.004473230248080995,0.0649881362915039,1.2387946095898326e-19
0.08805880942959085,0.08699715733146626,0.10010641256321101,0.09983716340355542,0.1182241439819336,0.004473230252588381,0.004473006918637168,0.06500124931335449,1.2388105702811334e-19
0.08805814984980809,0.0869970588506487,0.10010675323017726,0.09983734698819041,0.1200251579284668,0.004473006923692505,0.004472783600917296,0.0639333724975586,1.2388265315157059e-19
0.08805749028811766,0.08699696037407055,0.10010709387541869,0.09983753056215387,0.12012887001037598,0.004472783605965779,0.004472560294743744,0.06514263153076172,1.23884248932606e-19
0.08805683074452084,0.08699686190173156,0.1001074344989372,0.09983771412544647,0.12034225463867188,0.004472560299406618,0.004472336998695425,0.06531786918640137,1.2388584475098774e-19
0.0880561712190187,0.0869967634336315,0.10010777510073471,0.09983789767806885,0.11777782440185547,0.004472337004016939,0.0044721137147263335,0.06405043601989746,1.2388743981549703e-19
0.08805551171161247,0.08699666496977011,0.10010811568081307,0.09983808122002169,0.11835980415344238,0.004472113719793048,0.004471890441060111,0.0645742416381836,1.2388903611924888e-19
0.08805485222230333,0.08699656651014714,0.10010845623917419,0.09983826475130565,0.12081336975097656,0.004471890446737519,0.0044716671794731155,0.06510019302368164,1.238906314954625e-19
0.08805419275109247,0.08699646805476237,0.10010879677581999,0.09983844827192138,0.12167167663574219,0.0044716671848466436,0.004471443929610075,0.06544351577758789,1.2389222787525788e-19
0.08805353329798109,0.08699636960361555,0.10010913729075234,0.09983863178186955,0.1202247142791748,0.00447144393412052,0.004471220689516997,0.06517839431762695,1.2389382294880696e-19
0.08805287386297038,0.08699627115670644,0.10010947778397314,0.09983881528115082,0.12154936790466309,0.004471220694560021,0.004470997461147874,0.06554079055786133,1.238954182573015e-19
0.08805221444606143,0.08699617271403477,0.10010981825548428,0.09983899876976586,0.1202845573425293,0.004470997466163916,0.004470774243792164,0.06575846672058105,1.2389701401514594e-19
0.08805155504725544,0.08699607427560033,0.10011015870528764,0.0998391822477153,0.11819648742675781,0.0044707742489315935,0.004470551037982773,0.06490015983581543,1.2389860904797705e-19
0.0880508956665536,0.08699597584140285,0.10011049913338513,0.09983936571499982,0.1188359260559082,0.004470551042861144,0.004470327842653887,0.06525635719299316,1.2390020429199873e-19
0.08805023630395706,0.0869958774114421,0.10011083953977863,0.09983954917162008,0.11870121955871582,0.004470327847955108,0.004470104659404228,0.0658121109008789,1.2390179938689481e-19
0.08804957695946697,0.08699577898571784,0.10011117992447005,0.09983973261757673,0.1182258129119873,0.00447010466420946,0.004469881486279803,0.06577730178833008,1.239033945387289e-19
0.08804891763308449,0.08699568056422981,0.10011152028746129,0.09983991605287044,0.11896610260009766,0.004469881491626752,0.0044696583252346045,0.06479930877685547,1.239049892656052e-19
0.08804825832481081,0.08699558214697777,0.10011186062875424,0.09984009947750187,0.11922049522399902,0.004469658330204649,0.004469435175202818,0.06523752212524414,1.2390658441589957e-19
0.08804759903464715,0.08699548373396149,0.10011220094835077,0.09984028289147168,0.11789584159851074,0.00446943517994162,0.004469212035829173,0.0645742416381836,1.239081800470939e-19
0.08804693976259464,0.08699538532518071,0.10011254124625278,0.09984046629478052,0.11819171905517578,0.00446921204083987,0.004468988907824212,0.06444096565246582,1.2390977450692037e-19
0.0880462805086544,0.08699528692063521,0.10011288152246219,0.09984064968742908,0.11789894104003906,0.004468988912897757,0.004468765791187934,0.06524944305419922,1.2391136920485853e-19
0.08804562127282764,0.08699518852032473,0.10011322177698086,0.09984083017863751,0.11916780471801758,0.004468765796114377,0.004468542685387433,0.06499600410461426,1.2391296422951845e-19
0.08804496205511553,0.08699509012424904,0.10011356200981068,0.0998410096646163,0.11797547340393066,0.004468542690489874,0.004468319590600345,0.06357097625732422,1.239145589613785e-19
0.08804430285551926,0.08699499173240789,0.10011390222095357,0.09984118914020457,0.11744403839111328,0.0044683195960234035,0.0044680965075372114,0.06443595886230469,1.2391615308513866e-19
0.08804364367404004,0.08699489334480102,0.1001142424104114,0.09984136860540294,0.11728334426879883,0.004468096512713628,0.004467873435309855,0.06369733810424805,1.239177479042349e-19
0.088042984510679,0.0869947949614282,0.10011458257818606,0.09984154806021203,0.11881446838378906,0.004467873440560058,0.004467650373918275,0.06394577026367188,1.2391934296459042e-19
0.08804232536543728,0.08699469658228919,0.10011492272427945,0.09984172750463251,0.1188197135925293,0.00446765037956249,0.0044674273246059215,0.06455016136169434,1.239209369889535e-19
0.08804166623831605,0.08699459820738374,0.10011526284869346,0.09984190693866499,0.11728048324584961,0.004467427329719235,0.004467204286129345,0.06373929977416992,1.2392253214645337e-19
0.08804100712931646,0.0869944998367116,0.10011560295142997,0.09984208636231011,0.11763143539428711,0.004467204291030189,0.0044669812581332735,0.0640108585357666,1.2392412584471e-19
0.08804034803843977,0.08699440147027256,0.10011594303249088,0.09984226577556853,0.11811327934265137,0.0044669812634967835,0.004466758242216429,0.06448674201965332,1.2392571974921435e-19
0.08803968896568708,0.08699430310806634,0.10011628309187807,0.09984244517844085,0.11730003356933594,0.0044667582471160025,0.004466535237312996,0.06393289566040039,1.2392731455337593e-19
0.08803902991105955,0.08699420475009272,0.10011662312959344,0.09984262457092773,0.11887526512145996,0.004466535241888385,0.0044663122427124335,0.06536221504211426,1.2392890902474027e-19
0.08803837087455836,0.08699410639635144,0.10011696314563887,0.09984280395302979,0.11797213554382324,0.004466312247814098,0.004466089260013462,0.06399703025817871,1.2393050286268516e-19
0.08803771185618467,0.08699400804684228,0.10011730314001624,0.09984298332474768,0.1180570125579834,0.004466089264892151,0.004465866287972631,0.06432604789733887,1.2393209674663214e-19
0.08803705285593956,0.08699390970156497,0.10011764311272747,0.09984316268608204,0.11734819412231445,0.00446586629312235,0.004465643327300484,0.06399822235107422,1.2393369059466464e-19
0.0880363938738242,0.08699381136051927,0.10011798306377442,0.09984334203703348,0.11777949333190918,0.004465643332502509,0.00446542037799702,0.0634605884552002,1.2393528459119926e-19
0.08803573490983978,0.08699371302370495,0.10011832299315898,0.09984352137760263,0.11841154098510742,0.004465420383033667,0.004465197439529334,0.06370878219604492,1.2393687824900378e-19
0.0880350759639875,0.08699361469112177,0.10011866290088306,0.09984370070779015,0.11900186538696289,0.0044651974447136224,0.0044649745120750595,0.06360936164855957,1.2393847245972878e-19
0.08803441703626856,0.08699351636276947,0.10011900278694852,0.09984388002759666,0.1201934814453125,0.0044649745175444995,0.004464751596700012,0.06341671943664551,1.2394006655498715e-19
0.08803375812668411,0.08699341803864784,0.10011934265135726,0.09984405933702278,0.11987781524658203,0.004464751601522728,0.004464528691805469,0.0630345344543457,1.2394165972637048e-19
0.08803309923523533,0.08699331971875661,0.10011968249411117,0.09984423863606919,0.1170353889465332,0.004464528696648694,0.004464305797746704,0.06285881996154785,1.2394325340250015e-19
0.08803244036192343,0.08699322140309554,0.10012002231521212,0.09984441792473649,0.11914420127868652,0.004464305802922606,0.0044640829147013505,0.06392884254455566,1.2394484662263904e-19
0.08803178150674953,0.08699312309166439,0.10012036211466203,0.09984459720302533,0.11877274513244629,0.004464082920345199,0.004463860043735224,0.06433749198913574,1.2394644050600412e-19
0.08803112266971476,0.08699302478446291,0.10012070189246278,0.09984477647093631,0.11880016326904297,0.004463860048912898,0.004463637183427238,0.06441092491149902,1.239480335878806e-19
0.0880304638508203,0.08699292648149087,0.10012104164861622,0.09984495572847009,0.11961507797241211,0.004463637188625791,0.0044634143343103005,0.06471800804138184,1.239496273355221e-19
0.08802980505006734,0.08699282818274802,0.10012138138312428,0.09984513497562729,0.11869692802429199,0.004463414339484001,0.004463191496562047,0.0645604133605957,1.239512201576559e-19
0.08802914626745705,0.08699272988823412,0.10012172109598882,0.09984531421240855,0.12021994590759277,0.004463191501486972,0.004462968670004841,0.06513166427612305,1.2395281388513447e-19
0.08802848750299054,0.08699263159794893,0.10012206078721174,0.0998454934388145,0.12055325508117676,0.004462968674633757,0.004462745853750505,0.0651247501373291,1.2395440671129054e-19
0.08802782875666904,0.08699253331189219,0.10012240045679492,0.09984567265484579,0.11960530281066895,0.004462745858924923,0.004462523049220124,0.06520986557006836,1.2395599992673325e-19
0.08802717002849368,0.08699243503006368,0.10012274010474025,0.099845851860503,0.12113237380981445,0.004462523054359496,0.004462300256591334,0.06437516212463379,1.2395759293966018e-19
0.08802651131846562,0.08699233675246314,0.10012307973104959,0.09984603105578682,0.11948895454406738,0.004462300260935536,0.0044620774742654135,0.06564736366271973,1.2395918613451773e-19
0.0880258526265861,0.08699223847909032,0.10012341933572486,0.09984621024069787,0.12118816375732422,0.0044620774786535465,0.00446185470277527,0.06628704071044922,1.2396077905995203e-19
0.08802519395285621,0.086992140209945,0.10012375891876792,0.09984638941523678,0.11877322196960449,0.004461854707513967,0.00446163194265381,0.0648813247680664,1.2396237154639264e-19
0.08802453529727709,0.08699204194502694,0.10012409848018065,0.09984656857940419,0.11993122100830078,0.0044616319475142925,0.004461409193012855,0.06597065925598145,1.239639648411256e-19
0.08802387665984995,0.08699194368433588,0.10012443801996497,0.09984674773320074,0.11903262138366699,0.004461409198657277,0.0044611864558063985,0.06458663940429688,1.239655573429946e-19
0.08802321804057592,0.08699184542787158,0.10012477753812274,0.09984692687662702,0.11958551406860352,0.004461186460937972,0.0044609637294357185,0.06507325172424316,1.2396714993109133e-19
0.08802255943945625,0.08699174717563381,0.10012511703465583,0.09984710600968372,0.11896443367004395,0.004460963734358781,0.004460741013545544,0.06472611427307129,1.2396874263716943e-19
0.08802190085649204,0.08699164892762233,0.10012545650956614,0.09984728513237144,0.11754202842712402,0.004460741018918583,0.00446051830955696,0.0641944408416748,1.2397033540228132e-19
0.0880212422916845,0.08699155068383688,0.10012579596285553,0.09984746424469083,0.11818552017211914,0.0044605183146157685,0.004460295616226517,0.06484508514404297,1.2397192782097589e-19
0.08802058374503473,0.08699145244427722,0.10012613539452592,0.09984764334664252,0.11989498138427734,0.004460295621451728,0.004460072934442394,0.06546473503112793,1.2397351999663552e-19
0.08801992521654387,0.08699135420894312,0.10012647480457916,0.09984782243822714,0.12022757530212402,0.004460072939423279,0.00445985026296114,0.0655527114868164,1.239751124275967e-19
0.08801926670621316,0.08699125597783433,0.10012681419301717,0.09984800151944531,0.11963272094726562,0.004459850268532274,0.0044596276039143845,0.06502032279968262,1.239767048754792e-19
0.08801860821404373,0.08699115775095062,0.1001271535598418,0.09984818059029768,0.12010335922241211,0.0044596276087757,0.004459404955170498,0.06590604782104492,1.2397829730320007e-19
0.08801794974003678,0.08699105952829173,0.10012749290505493,0.0998483596507849,0.11965298652648926,0.004459404960153685,0.00445918231761766,0.06554508209228516,1.23979889243198e-19
0.0880172912841935,0.08699096130985742,0.10012783222865847,0.09984853870090757,0.11890792846679688,0.004459182322667113,0.0044589596912558704,0.06506729125976562,1.239814814728093e-19
0.08801663284651495,0.08699086309564745,0.1001281715306543,0.09984871774066632,0.11821508407592773,0.004458959696315012,0.004458737076618036,0.06493973731994629,1.2398307321453052e-19
0.08801597442700235,0.08699076488566157,0.10012851081104429,0.09984889677006181,0.1194620132446289,0.00445873708109606,0.0044585144722830705,0.06570887565612793,1.2398466554604298e-19
0.08801531602565686,0.08699066667989956,0.10012885006983034,0.09984907578909466,0.11816811561584473,0.0044585144770102215,0.004458291879494425,0.06571102142333984,1.2398625777237082e-19
0.08801465764247962,0.08699056847836115,0.10012918930701432,0.0998492547977655,0.12005090713500977,0.004458291884056763,0.00445806929736392,0.06547164916992188,1.2398784936231847e-19
0.08801399927747185,0.0869904702810461,0.10012952852259811,0.09984943379607497,0.11977124214172363,0.004458069302235585,0.004457846726424464,0.0658407211303711,1.239894415154872e-19
0.08801334093063468,0.0869903720879542,0.1001298677165836,0.09984961278402368,0.11735773086547852,0.0044578467315470995,0.004457624166676055,0.06503605842590332,1.2399103327068283e-19
0.08801268260196929,0.08699027389908517,0.10013020688897264,0.0998497917616123,0.11793351173400879,0.004457624171989093,0.004457401618473966,0.0648047924041748,1.2399262473432207e-19
0.08801202429147677,0.0869901757144388,0.10013054603976713,0.09984996828768475,0.11797094345092773,0.00445740162356131,0.00445717908128529,0.06603288650512695,1.2399421635941228e-19
0.08801136599915832,0.08699007753401483,0.10013088516896895,0.09985014336629655,0.1186227798461914,0.004457179086262174,0.004456956555110025,0.06622314453125,1.2399580781387964e-19
0.08801070772501508,0.08698997935781301,0.10013122427657997,0.09985031843481583,0.11614060401916504,0.004456956560092789,0.004456734040303445,0.06394839286804199,1.2399739931766872e-19
0.08801004946904825,0.08698988118583312,0.10013156336260208,0.09985049349324318,0.1159365177154541,0.004456734045051334,0.0044565115356220986,0.0652320384979248,1.23998990737574e-19
0.08800939123125902,0.08698978301807489,0.10013190242703716,0.09985066854157923,0.11569881439208984,0.004456511541139522,0.00445628904337525,0.0644235610961914,1.2400058255256176e-19
0.08800873301164852,0.0869896848545381,0.1001322414698871,0.09985084357982456,0.11545777320861816,0.0044562890483531145,0.0044560665617865425,0.06412220001220703,1.2400217408678496e-19
0.08800807481021787,0.0869895866952225,0.10013258049115374,0.09985101860797979,0.11602354049682617,0.004456066566694579,0.00445584409067834,0.06465625762939453,1.2400376486078025e-19
0.08800741662696826,0.08698948854012785,0.100132919490839,0.09985119362604554,0.11560583114624023,0.004455844096162746,0.004455621631827,0.06408190727233887,1.2400535647352287e-19
0.08800675846190086,0.0869893903892539,0.10013325846894473,0.0998513686340224,0.1161336898803711,0.00445562163675599,0.004455399183633801,0.06396985054016113,1.2400694700228478e-19
0.08800610031501681,0.08698929224260044,0.10013359742547281,0.09985154363191098,0.11590051651000977,0.004455399188474058,0.0044551767466316505,0.06400704383850098,1.2400853838648911e-19
0.08800544218631731,0.08698919410016717,0.10013393636042515,0.0998517186197119,0.11594390869140625,0.0044551767513174014,0.004454954320110005,0.06355595588684082,1.240101293848804e-19
0.08800478407580355,0.0869890959619539,0.10013427527380363,0.09985189359742574,0.11586427688598633,0.0044549543252859055,0.004454731904957043,0.0641777515411377,1.2401172057620246e-19
0.08800412598347662,0.08698899782796037,0.10013461416561009,0.09985206856505315,0.11554288864135742,0.004454731910378289,0.004454509501883308,0.06297612190246582,1.2401331130323749e-19
0.08800346790933775,0.08698889969818632,0.10013495303584644,0.09985224352259467,0.11658453941345215,0.004454509506592204,0.0044542871091124425,0.0635378360748291,1.240149019813318e-19
0.08800280985338804,0.08698880157263154,0.1001352918845145,0.09985241847005095,0.11741971969604492,0.004454287113928559,0.004454064727177354,0.06350469589233398,1.2401649291197834e-19
0.08800215181562868,0.08698870345129578,0.10013563071161617,0.09985259340742261,0.11609125137329102,0.00445406473238718,0.004453842356788584,0.06258249282836914,1.2401808402821427e-19
0.08800149379606083,0.08698860533417879,0.10013596951715335,0.09985276833471023,0.11829638481140137,0.00445384236196706,0.004453619997768499,0.06355810165405273,1.2401967423482997e-19
0.0880008357946856,0.08698850722128033,0.10013630830112791,0.09985294325191443,0.11771130561828613,0.0044536200026669285,0.004453397649406554,0.06228971481323242,1.2402126508260968e-19
0.08800017781150422,0.08698840911260015,0.10013664706354174,0.0998531181590358,0.11909723281860352,0.0044533976544873875,0.004453175312413293,0.06297063827514648,1.240228554817742e-19
0.08799951984651788,0.08698831100813803,0.10013698580439669,0.09985329305607499,0.11752629280090332,0.004453175317427428,0.004452952986966352,0.062122344970703125,1.240244460009348e-19
0.08799886189972768,0.08698821290789371,0.10013732452369463,0.09985346794303254,0.11754417419433594,0.004452952991486169,0.004452730671644645,0.062134742736816406,1.240260365868285e-19
0.0879982039711348,0.08698811481186697,0.10013766322143745,0.09985364281990912,0.11988639831542969,0.004452730676664426,0.004452508368402164,0.06411123275756836,1.2402762673470975e-19
0.08799754606074037,0.08698801672005754,0.10013800189762703,0.09985381768670532,0.12047696113586426,0.004452508372959943,0.004452286075284917,0.0641026496887207,1.2402921732222304e-19
0.08799688816854555,0.0869879186324652,0.10013834055226524,0.09985399254342173,0.1195070743560791,0.004452286080372888,0.004452063794246897,0.06458377838134766,1.2403080767040283e-19
0.08799623029455153,0.0869878205490897,0.10013867918535395,0.09985416739005896,0.11952686309814453,0.00445206379890192,0.00445184152333411,0.06471538543701172,1.240323976318444e-19
0.08799557243875943,0.08698772246993079,0.10013901779689505,0.09985434222661764,0.1199803352355957,0.004451841528549301,0.004451619264322915,0.06466031074523926,1.24033987485953e-19
0.08799491460117044,0.08698762439498824,0.10013935638689041,0.09985451705309835,0.1195073127746582,0.004451619269312378,0.0044513970163251315,0.06463837623596191,1.2403557745335684e-19
0.08799425678178571,0.0869875263242618,0.1001396949553419,0.09985469186950172,0.1196298599243164,0.004451397021189228,0.004451174779163125,0.06403636932373047,1.2403716810514922e-19
0.08799359898060641,0.08698742825775123,0.1001400335022514,0.09985486667582835,0.11946797370910645,0.004451174784181385,0.004450952552836895,0.06363606452941895,1.2403875763525117e-19
0.08799294119763365,0.08698733019545629,0.10014037202762076,0.09985504147207887,0.12158894538879395,0.004450952558288295,0.0044507303384122565,0.06477737426757812,1.240403476442866e-19
0.08799228343286859,0.08698723213737673,0.10014071053145189,0.09985521625825383,0.12121343612670898,0.004450730343508614,0.004450508134823394,0.06551337242126465,1.240419376256657e-19
0.08799162568631241,0.08698713408351233,0.10014104901374665,0.09985539103435388,0.12204742431640625,0.0044505081398408895,0.00445028594242558,0.06535553932189941,1.240435271384078e-19
0.08799096795796622,0.08698703603386282,0.1001413874745069,0.09985556580037963,0.1213836669921875,0.00445028594728547,0.004450063760863543,0.0652308464050293,1.2404511705071457e-19
0.08799031024783117,0.08698693798842796,0.10014172591373453,0.09985574055633166,0.1192328929901123,0.0044500637658422505,0.004449841590670189,0.06518363952636719,1.2404670664710934e-19
0.08798965255590852,0.08698683994720754,0.10014206433143141,0.0998559153022106,0.12127494812011719,0.004449841595509911,0.0044496194313126125,0.06450772285461426,1.2404829618198203e-19
0.08798899488219944,0.08698674191020131,0.1001424027275994,0.09985609003801704,0.12013673782348633,0.004449619436289587,0.004449397282968448,0.06634259223937988,1.240498855980732e-19
0.08798833722670502,0.08698664387740901,0.1001427411022404,0.0998562647637516,0.12109994888305664,0.004449397288178757,0.004449175146525874,0.06624794006347656,1.2405147496579946e-19
0.08798767958942641,0.08698654584883041,0.10014307945535626,0.09985643947941487,0.11743426322937012,0.004449175151176814,0.004448953020741442,0.06412005424499512,1.2405306414741938e-19
0.08798702197036477,0.08698644782446527,0.10014341778694887,0.09985661418500746,0.1182093620300293,0.00444895302528383,0.004448730905259879,0.06467580795288086,1.2405465346890503e-19
0.08798636436952129,0.08698634980431334,0.10014375609702006,0.09985678888052998,0.12051630020141602,0.004448730910500402,0.0044485088018575425,0.06468725204467773,1.2405624264738997e-19
0.08798570678689709,0.0869862517883744,0.10014409438557173,0.09985696356598302,0.12036609649658203,0.004448508806824501,0.004448286709113347,0.06484746932983398,1.2405783226907323e-19
0.08798504922249334,0.08698615377664819,0.10014443265260575,0.09985713824136719,0.11975455284118652,0.004448286714256626,0.0044480646275602,0.06474757194519043,1.2405942152241533e-19
0.08798439167631121,0.08698605576913447,0.100144770898124,0.09985731290668311,0.12030196189880371,0.0044480646327955025,0.004447842557198101,0.06506228446960449,1.2406101084290345e-19
0.08798373414835182,0.08698595776583301,0.10014510912212832,0.09985748756193139,0.11979031562805176,0.004447842562440336,0.0044476204985599566,0.06487464904785156,1.240625994640895e-19
0.08798307663861635,0.08698585976674354,0.1001454473246206,0.09985766220711265,0.11939668655395508,0.004447620503190063,0.004447398450224682,0.06485223770141602,1.2406418883360247e-19
0.08798241914710589,0.08698576177186584,0.10014578550560273,0.09985783684222747,0.11923408508300781,0.004447398455045955,0.0044471764132580915,0.06475305557250977,1.2406577710515443e-19
0.08798176167382164,0.08698566378119968,0.10014612366507654,0.09985801146727648,0.11941146850585938,0.0044471764180057044,0.004446954387127278,0.0656282901763916,1.2406736636197633e-19
0.0879811042187648,0.0869855657947448,0.10014646180304394,0.09985818608226024,0.11813616752624512,0.004446954392069521,0.0044467323723651475,0.06508803367614746,1.2406895468645128e-19
0.08798044678193653,0.08698546781250097,0.10014679991950678,0.09985836068717939,0.11954236030578613,0.004446732377236764,0.00444651036861643,0.06469964981079102,1.2407054360695593e-19
0.08797978936333795,0.08698536983446795,0.10014713801446694,0.09985853528203453,0.12050533294677734,0.004446510373506528,0.004446288375348217,0.06529998779296875,1.2407213217571215e-19
0.08797913196297023,0.08698527186064547,0.10014747608792628,0.09985870837388525,0.11932945251464844,0.00444628838088072,0.004446066394514503,0.06523942947387695,1.2407372059058864e-19
0.08797847458083453,0.08698517389103333,0.10014781413988667,0.09985887907684045,0.11909723281860352,0.004446066399354944,0.004445844424161294,0.06544780731201172,1.2407530928506705e-19
0.08797781721693203,0.08698507592563127,0.10014815217034997,0.09985904976999704,0.11855006217956543,0.004445844428930341,0.004445622464821497,0.0661766529083252,1.2407689815580056e-19
0.08797715987126385,0.08698497796443905,0.10014849017931805,0.09985922045335564,0.12000131607055664,0.004445622469607439,0.004445400516317477,0.06624531745910645,1.240784858945343e-19
0.08797650254383114,0.08698488000745642,0.1001488281667928,0.0998593911269168,0.11712527275085449,0.004445400521384987,0.004445178579182141,0.06419062614440918,1.240800742118215e-19
0.08797584523463504,0.08698478205468316,0.10014916613277607,0.0998595617906811,0.1163485050201416,0.004445178584262418,0.004444956652882581,0.0651540756225586,1.2408166283186304e-19
0.08797518794367679,0.086984684106119,0.10014950407726972,0.09985973244464914,0.11615180969238281,0.00444495665823851,0.0044447347384846125,0.06478476524353027,1.2408325102427521e-19
0.08797453067095748,0.08698458616176372,0.10014984200027562,0.09985990308882149,0.11605024337768555,0.0044447347433119845,0.0044445128343895135,0.0644376277923584,1.2408483962043275e-19
0.08797387341647822,0.08698448822161707,0.10015017990179566,0.09986007372319872,0.1165013313293457,0.0044445128394849836,0.004444290941663098,0.06503915786743164,1.240864272161959e-19
0.08797321618024023,0.08698439028567882,0.10015051778183169,0.09986024434778142,0.11612224578857422,0.004444290946754955,0.004444069059950095,0.06479048728942871,1.2408801557242151e-19
0.08797255896224465,0.08698429235394872,0.10015085564038556,0.09986041496257017,0.11577773094177246,0.0044440690651213885,0.004443847189605776,0.06483268737792969,1.2408960324310127e-19
0.08797190176249263,0.08698419442642655,0.10015119347745917,0.09986058556756555,0.11647319793701172,0.0044438471945833094,0.00444362533027487,0.06478500366210938,1.2409119168135239e-19
0.08797124458098528,0.08698409650311205,0.10015153129305436,0.09986075616276816,0.1169426441192627,0.004443625335141534,0.00444340348177974,0.06484723091125488,1.2409277944825576e-19
0.08797058741772376,0.08698399858400498,0.10015186908717302,0.09986092674817855,0.11734247207641602,0.004443403486794877,0.004443181644475658,0.06560778617858887,1.2409436708364947e-19
0.08796993027270922,0.0869839006691051,0.100152206859817,0.0998610973237973,0.11666297912597656,0.004443181649543707,0.004442959818184988,0.06382369995117188,1.2409595464485684e-19
0.08796927314594281,0.08698380275841217,0.10015254461098819,0.09986126788962503,0.11675882339477539,0.004442959823385251,0.004442738003440638,0.06450819969177246,1.2409754245770256e-19
0.0879686160374257,0.08698370485192594,0.10015288234068842,0.0998614384456623,0.11632609367370605,0.004442738008320812,0.004442516199354429,0.0640566349029541,1.2409913022915997e-19
0.08796795894715903,0.08698360694964619,0.10015322004891958,0.0998616089919097,0.11495232582092285,0.004442516204349237,0.004442294406636904,0.06349492073059082,1.2410071772944018e-19
0.08796730187514396,0.08698350905157266,0.10015355773568352,0.09986177952836779,0.11615872383117676,0.004442294411468974,0.00444207262457752,0.06428050994873047,1.2410230513870833e-19
0.0879666448213817,0.08698341115770512,0.10015389540098212,0.09986195005503716,0.11578917503356934,0.004442072629681142,0.0044418508538868196,0.06274223327636719,1.2410389272634338e-19
0.08796598778587338,0.08698331326804333,0.10015423304481723,0.09986212057191839,0.11738181114196777,0.004441850858984498,0.004441629094387167,0.06329894065856934,1.2410548007800842e-19
0.08796533076862015,0.08698321538258705,0.10015457066719072,0.09986229107901205,0.11655664443969727,0.004441629099378834,0.00444140734536802,0.062468528747558594,1.2410706740010477e-19
0.08796467376962316,0.08698311750133601,0.10015490826810444,0.09986246157631876,0.11566376686096191,0.004441407350864213,0.004441185608250464,0.06199479103088379,1.2410865445422117e-19
0.0879640167888836,0.08698301962429002,0.10015524584756028,0.09986263206383907,0.11702537536621094,0.0044411856134387775,0.004440963881968685,0.06263923645019531,1.2411024177845058e-19
0.08796335982640258,0.08698292175144881,0.10015558340556008,0.09986280254157358,0.1192469596862793,0.004440963887101958,0.004440742166700318,0.06297826766967773,1.2411182876954874e-19
0.08796270288218122,0.08698282388281214,0.10015592094210572,0.09986297300952286,0.12065267562866211,0.004440742171854187,0.004440520462622999,0.06333231925964355,1.2411341570106195e-19
0.08796204595622073,0.08698272601837978,0.10015625845719908,0.09986314346768749,0.12054228782653809,0.004440520467693909,0.004440298769559092,0.06417036056518555,1.2411500287099255e-19
0.0879613890485222,0.08698262815815147,0.100156595950842,0.09986331391606804,0.12102866172790527,0.004440298774621283,0.0044400770878638696,0.06433844566345215,1.2411659017966517e-19
0.08796073215908687,0.08698253030212698,0.10015693342303633,0.09986348435466508,0.1205744743347168,0.004440077092635384,0.0044398554164715165,0.06431341171264648,1.2411817678245029e-19
0.08796007528791584,0.08698243245030608,0.10015727087378394,0.09986365478347922,0.12015867233276367,0.004439855421735353,0.004439633756625483,0.06390905380249023,1.241197637554199e-19
0.08795941843501023,0.08698233460268853,0.1001576083030867,0.09986382520251103,0.11982560157775879,0.0044396337619209535,0.004439412108148133,0.06348943710327148,1.2412135035333894e-19
0.08795876160037121,0.08698223675927408,0.1001579457109465,0.09986399561176108,0.12139391899108887,0.004439412113191894,0.00443919047050656,0.06462574005126953,1.2412293749049525e-19
0.0879581047839999,0.08698213892006249,0.10015828309736516,0.09986416601122997,0.12022709846496582,0.004439190475548032,0.004438968844056035,0.06516432762145996,1.2412452373498507e-19
0.08795744798589751,0.08698204108505352,0.10015862046234456,0.09986433640091827,0.1222069263458252,0.004438968848987086,0.004438747228618922,0.06508302688598633,1.24126110512437e-19
0.08795679120606517,0.08698194325424692,0.10015895780588654,0.09986450678082658,0.12193822860717773,0.00443874723350891,0.004438525624017586,0.0652463436126709,1.241276965682232e-19
0.08795613444450406,0.08698184542764248,0.100159295127993,0.09986467715095544,0.12039661407470703,0.004438525629114247,0.004438304030429663,0.06517505645751953,1.2412928319825834e-19
0.08795547770121531,0.08698174760523993,0.10015963242866578,0.09986484751130548,0.1222383975982666,0.004438304035802253,0.004438082448388059,0.06477522850036621,1.241308692986614e-19
0.08795482097620004,0.08698164978703904,0.10015996970790675,0.09986501786187725,0.12103033065795898,0.004438082453572272,0.004437860877359867,0.06645512580871582,1.2413245599618414e-19
0.08795416426945946,0.08698155197303957,0.10016030696571775,0.09986518820267133,0.1215965747833252,0.004437860882423123,0.004437639317167452,0.06639671325683594,1.2413404215647266e-19
0.08795350758099466,0.08698145416324128,0.10016064420210066,0.0998653585336883,0.1180424690246582,0.004437639322354273,0.004437417768166085,0.06441140174865723,1.241356282884011e-19
0.08795285091080678,0.08698135635764394,0.10016098141705734,0.09986552885492876,0.11828494071960449,0.0044374177733664645,0.004437196230355767,0.06482219696044922,1.2413721484328082e-19
0.08795219425889698,0.08698125855624728,0.10016131861058966,0.09986569916639326,0.12047529220581055,0.004437196235458161,0.004436974703736496,0.06463360786437988,1.2413880055417264e-19
0.08795153762526643,0.08698116075905106,0.10016165578269948,0.09986586946808239,0.12055015563964844,0.004436974708628741,0.004436753187775366,0.06476616859436035,1.2414038657859974e-19
0.08795088100991628,0.08698106296605508,0.10016199293338864,0.09986603975999674,0.12010478973388672,0.0044367531928787285,0.0044365316831829205,0.06481242179870605,1.241419721608057e-19
0.08795022441284765,0.08698096517725908,0.10016233006265901,0.09986621004213689,0.12091183662414551,0.004436531688205912,0.004436310189781523,0.06496882438659668,1.241435584138863e-19
0.08794956783406169,0.08698086739266281,0.10016266717051246,0.0998663803145034,0.12074160575866699,0.0044363101946093214,0.004436088707215902,0.0654153823852539,1.2414514426689156e-19
0.08794891127355954,0.08698076961226603,0.10016300425695085,0.09986655057709688,0.12020206451416016,0.00443608871208949,0.004435867235841329,0.06526732444763184,1.2414673007463423e-19
0.08794825473134237,0.0869806718360685,0.10016334132197602,0.0998667208299179,0.11930727958679199,0.004435867240645477,0.004435645775124897,0.06496238708496094,1.24148315613556e-19
0.0879475982074113,0.08698057406407,0.10016367836558981,0.09986689107296705,0.12005472183227539,0.004435645780278129,0.004435424325777149,0.06590652465820312,1.2414990155712654e-19
0.0879469417017675,0.08698047629627029,0.10016401538779413,0.09986706129285317,0.11918950080871582,0.004435424330985141,0.004435202887442813,0.06569600105285645,1.2415148685081005e-19
0.08794628521441217,0.0869803785326691,0.10016435238859078,0.09986722765047325,0.12027597427368164,0.004435202892768012,0.004434981460654797,0.06516909599304199,1.2415307298070647e-19
0.08794562874534637,0.08698028077326621,0.10016468936798167,0.09986739399858473,0.1204671859741211,0.00443498146562411,0.004434760044524921,0.06550264358520508,1.2415465827380413e-19
0.08794497229457127,0.08698018301806137,0.10016502632596863,0.09986756033718816,0.11882948875427246,0.004434760049553907,0.004434538640119001,0.06533384323120117,1.2415624374140172e-19
0.087944315862088,0.08698008526705435,0.10016536326255354,0.0998677266662841,0.11923909187316895,0.004434538644555533,0.004434317245127772,0.06486201286315918,1.241578289601315e-19
0.0879436594478977,0.08697998752024491,0.10016570017773824,0.0998678929858731,0.12018847465515137,0.004434317250631486,0.004434095863103948,0.06627464294433594,1.241594142680403e-19
0.08794300305200153,0.08697988977763281,0.10016603707152459,0.09986805929595573,0.12067627906799316,0.004434095867778104,0.004433874490672451,0.0665278434753418,1.2416099935513734e-19
0.08794234667440065,0.08697979203921781,0.10016637394391445,0.09986822559653254,0.11807990074157715,0.004433874495996261,0.004433653130142545,0.06451869010925293,1.2416258444688418e-19
0.08794169031509624,0.08697969430499966,0.1001667107949097,0.09986839188760407,0.11700224876403809,0.004433653135285329,0.004433431780448416,0.06463813781738281,1.2416416987626118e-19
0.08794103397408945,0.08697959657497813,0.10016704762451216,0.09986855816917092,0.11598730087280273,0.0044334317856438155,0.00443321044212297,0.06395673751831055,1.2416575464035356e-19
0.08794037765138145,0.08697949884915297,0.1001673844327237,0.09986872444123361,0.11719250679016113,0.004433210447071771,0.0044329891149885725,0.06390762329101562,1.241673395243528e-19
0.08793972134697338,0.08697940112752396,0.10016772121954617,0.09986889070379272,0.1166691780090332,0.004432989119568961,0.00443276779833468,0.06438732147216797,1.241689241893146e-19
0.08793906506086634,0.08697930341009086,0.1001680579849814,0.09986905695684882,0.11606788635253906,0.004432767803134858,0.004432546492338929,0.06380820274353027,1.2417050930025483e-19
0.08793840879306147,0.08697920569685343,0.10016839472903127,0.09986922320040242,0.11601853370666504,0.004432546497769337,0.00443232519860004,0.06366229057312012,1.2417209417895824e-19
0.08793775254355997,0.08697910798781142,0.10016873145169765,0.09986938943445411,0.11757111549377441,0.00443232520347133,0.004432103915341656,0.06470274925231934,1.241736795178784e-19
0.08793709631236295,0.08697901028296458,0.10016906815298239,0.09986955565900443,0.11601400375366211,0.004432103920238732,0.004431882643274321,0.06380367279052734,1.241752639019821e-19
0.08793644009947159,0.08697891258231268,0.10016940483288733,0.09986972187405393,0.11659717559814453,0.004431882648072954,0.004431661382220398,0.06465840339660645,1.2417684881891077e-19
0.087935783904887,0.08697881488585546,0.10016974149141436,0.09986988807960318,0.11592626571655273,0.0044316613869714375,0.0044314401323575225,0.06309700012207031,1.241784326209775e-19
0.0879351277286103,0.08697871719359272,0.10017007812856529,0.0998700542756527,0.1168985366821289,0.004431440136935995,0.0044312188926198814,0.06432986259460449,1.2418001721239317e-19
0.08793447157064266,0.0869786195055242,0.100170414744342,0.09987022046220306,0.1156611442565918,0.004431218897966079,0.004430997665316738,0.06319236755371094,1.2418160199372014e-19
0.08793381543098525,0.08697852182164967,0.10017075133874634,0.09987038663925485,0.11632156372070312,0.004430997670059422,0.004430776448138829,0.06290245056152344,1.241831863898415e-19
0.08793315930963917,0.08697842414196888,0.10017108791178014,0.0998705528068086,0.11696672439575195,0.004430776453215793,0.0044305552423296035,0.06349802017211914,1.241847702964582e-19
0.08793250320660567,0.08697832646648158,0.10017142446344529,0.09987071896486485,0.11765170097351074,0.004430555247434708,0.004430334047711426,0.062476396560668945,1.2418635468241047e-19
0.08793184712188587,0.08697822879518757,0.10017176099374361,0.09987088511342418,0.11984109878540039,0.0044303340527175085,0.004430112864106661,0.06275177001953125,1.2418793889731961e-19
0.08793119105548085,0.08697813112808658,0.10017209750267697,0.09987105125248713,0.1186666488647461,0.004430112869061063,0.004429891691337673,0.06226515769958496,1.241895235073363e-19
0.08793053500739177,0.08697803346517836,0.10017243399024724,0.09987121738205426,0.1173558235168457,0.004429891696466421,0.004429670529937368,0.061775922775268555,1.2419110759642379e-19
0.08792987897761982,0.08697793580646271,0.10017277045645623,0.09987138350212614,0.12037110328674316,0.004429670534932061,0.004429449379372841,0.06358599662780762,1.241926910883497e-19
0.0879292229661661,0.08697783815193937,0.10017310690130583,0.09987154961270331,0.12008047103881836,0.00442944938445776,0.004429228239821725,0.06362080574035645,1.2419427539534402e-19
0.0879285669730318,0.08697774050160807,0.1001734433247979,0.09987171571378632,0.12024617195129395,0.004429228245043633,0.004429007111816929,0.06365418434143066,1.24195859049203e-19
0.087927910998218,0.0869776428554686,0.10017377972693427,0.09987188180537575,0.12154698371887207,0.004429007116688071,0.004428785994292639,0.06429934501647949,1.2419744296164858e-19
0.08792725504172594,0.08697754521352073,0.1001741161077168,0.09987204788747217,0.12048721313476562,0.004428785999391557,0.004428564888137032,0.06455588340759277,1.2419902609661033e-19
0.08792659910355673,0.08697744757576421,0.10017445246714733,0.0998722139600761,0.12031030654907227,0.004428564893152617,0.004428343792994838,0.06496429443359375,1.2420061023329499e-19
0.08792594318371147,0.0869773499421988,0.10017478880522773,0.0998723800231881,0.12183213233947754,0.004428343797970922,0.004428122709043691,0.06547141075134277,1.2420219422195137e-19
0.0879252872821913,0.08697725231282424,0.10017512512195986,0.09987254607680872,0.12111473083496094,0.004428122713845572,0.0044279016355730505,0.06563353538513184,1.2420377729761275e-19
0.08792463139899738,0.08697715468764032,0.10017546141734554,0.09987271212093851,0.1227266788482666,0.004427901640777108,0.004427680573826365,0.06493163108825684,1.2420536143319264e-19
0.08792397553413082,0.0869770570666468,0.10017579769138664,0.09987287815557805,0.12119460105895996,0.004427680578764867,0.004427459522560184,0.0661323070526123,1.2420694499995915e-19
0.08792331968759277,0.08697695414849872,0.10017613394408499,0.09987304418072789,0.12228870391845703,0.004427459527807412,0.004427238482840323,0.06657552719116211,1.242085282827989e-19
0.0879226638593844,0.08697685013813534,0.10017647017544246,0.09987321019638856,0.11948013305664062,0.004427238487905432,0.004427017453956239,0.06533122062683105,1.2421011114176174e-19
0.08792200804950684,0.08697674613223559,0.10017680638546089,0.09987337620256063,0.12214469909667969,0.004427017459057041,0.004426796436618474,0.06711339950561523,1.2421169442452895e-19
0.08792135225796126,0.0869766421307992,0.10017714257414215,0.09987354219924466,0.12031340599060059,0.004426796441261028,0.004426575429761215,0.06548190116882324,1.2421327813499575e-19
0.0879206964847488,0.08697653813382593,0.10017747874148805,0.09987370818644119,0.12111163139343262,0.004426575434517852,0.004426354433562096,0.06612634658813477,1.242148608467957e-19
0.08792004072987061,0.08697643414131553,0.10017781488750048,0.09987387416415079,0.11899828910827637,0.004426354438827689,0.004426133449086933,0.06489324569702148,1.2421644434984728e-19
0.0879193849933278,0.08697633015326776,0.10017815101218126,0.09987404013237401,0.11858367919921875,0.004426133454188946,0.004425912475802818,0.0650777816772461,1.2421802713767618e-19
0.0879187292751215,0.08697622616968236,0.10017848711553226,0.0998742060911114,0.11925005912780762,0.004425912480602313,0.004425691512643937,0.06619572639465332,1.2421961031095276e-19
0.08791807357525286,0.08697612219055906,0.10017882319755533,0.09987437204036353,0.12160515785217285,0.004425691518067359,0.004425470561209011,0.0667877197265625,1.242211935893035e-19
0.08791741789372302,0.08697601821589762,0.10017915925825231,0.09987453798013093,0.12124896049499512,0.00442547056658184,0.004425249620965133,0.06686854362487793,1.2422277619732566e-19
0.08791676223053307,0.0869759142456978,0.10017949529762506,0.09987470391041418,0.12083029747009277,0.004425249626145721,0.004425028691557031,0.066650390625,1.2422435879998794e-19
0.08791610658568419,0.08697581027995933,0.1001798313156754,0.09987486983121384,0.12032222747802734,0.004425028696758289,0.0044248077731623425,0.06674885749816895,1.2422594149861431e-19
0.08791545095917751,0.08697570631868198,0.1001801673124052,0.09987503574253043,0.12126040458679199,0.0044248077784205565,0.004424586866491609,0.06727170944213867,1.2422752400378382e-19
0.0879147953510142,0.08697560236186551,0.1001805032878163,0.09987519981455194,0.11980986595153809,0.004424586871129282,0.004424365969590838,0.06641292572021484,1.2422910685773707e-19
0.08791413976119539,0.08697549840950963,0.10018083924191055,0.09987536184657411,0.11945652961730957,0.004424365974887031,0.0044241450845916575,0.06573605537414551,1.242306896240536e-19
0.08791348418972222,0.08697539446161412,0.10018117517468982,0.09987552386937441,0.12027335166931152,0.004424145089689891,0.004423924210783525,0.06592011451721191,1.2423227183560043e-19
0.08791282863659587,0.0869752905181787,0.10018151108615592,0.09987568588295336,0.12040472030639648,0.004423924215538145,0.004423703347633534,0.06701469421386719,1.2423385408511487e-19
0.08791217310181743,0.08697518657920314,0.10018184697631072,0.09987584788731149,0.12100505828857422,0.0044237033524320655,0.004423482495674591,0.0668635368347168,1.2423543613658859e-19
0.08791151758538801,0.08697508264468719,0.10018218284515606,0.09987600988244934,0.12034416198730469,0.004423482500372035,0.004423261654373789,0.0664834976196289,1.242370190755223e-19
0.08791086208730883,0.08697497871463057,0.10018251869269379,0.09987617186836743,0.11869144439697266,0.004423261659355567,0.004423040824086399,0.06632232666015625,1.2423860078800013e-19
0.087910206607581,0.08697487478903307,0.10018285451892575,0.0998763338450663,0.12009358406066895,0.004423040829384746,0.004422820005345329,0.06516575813293457,1.2424018347133554e-19
0.08790955114620563,0.0869747708678944,0.10018319032385377,0.09987649581254647,0.11971735954284668,0.004422820010457317,0.0044225991972624,0.06728339195251465,1.242417651154672e-19
0.08790889570318387,0.08697466695121432,0.1001835261074797,0.09987665777080848,0.12032961845397949,0.004422599202572403,0.004422378400548155,0.06670904159545898,1.2424334778823799e-19
0.08790824027851687,0.08697456303899259,0.1001838618698054,0.09987681971985285,0.11799097061157227,0.004422378405730133,0.0044221576150249575,0.06485605239868164,1.2424492958389331e-19
0.08790758487220575,0.08697445913122896,0.10018419761083272,0.09987698165968013,0.11768937110900879,0.004422157619929299,0.004421936839982266,0.0659780502319336,1.2424651164507376e-19
0.08790692948425166,0.08697435522792318,0.10018453333056349,0.09987714359029085,0.11740517616271973,0.004421936845170325,0.004421716076485893,0.06525826454162598,1.242480934256784e-19
0.08790627411465575,0.086974251329075,0.10018486902899956,0.09987730551168553,0.1173088550567627,0.004421716081451296,0.004421495323647662,0.06527280807495117,1.2424967555751833e-19
0.08790561876341918,0.08697414743468417,0.10018520470614277,0.09987746742386469,0.11699533462524414,0.0044214953287723775,0.004421274582711021,0.06563520431518555,1.24251257076048e-19
0.08790496343054306,0.08697404354475041,0.10018554036199497,0.09987762932682888,0.11681771278381348,0.004421274587131892,0.004421053851544343,0.0656278133392334,1.24252838634704e-19
0.08790430811602856,0.08697393965927351,0.10018587599655801,0.09987779122057863,0.11645889282226562,0.004421053856532785,0.004420833131568713,0.06511998176574707,1.242544201711213e-19
0.0879036528198768,0.0869738357782532,0.10018621160983375,0.09987795310511446,0.11684942245483398,0.004420833136972429,0.004420612423139403,0.06563091278076172,1.2425600184873375e-19
0.08790299754208891,0.08697373190168921,0.10018654720182402,0.0998781149804369,0.11710333824157715,0.0044206124284496134,0.0044203917259011405,0.06509876251220703,1.242575831015674e-19
0.08790234228266604,0.0869736280295813,0.10018688277253066,0.0998782768465465,0.11820840835571289,0.004420391730964159,0.004420171039498655,0.06627035140991211,1.2425916498034997e-19
0.08790168704160932,0.08697352416192924,0.10018721832195553,0.09987843870344378,0.11776232719421387,0.004420171044515065,0.004419950364109582,0.06450462341308594,1.242607460302548e-19
0.08790103181891998,0.08697342029873277,0.10018755385010045,0.09987860055112925,0.1174325942993164,0.004419950369102507,0.004419729700089192,0.0652008056640625,1.242623274849941e-19
0.08790037661459903,0.08697331643999164,0.10018788935696726,0.09987876238960347,0.11647868156433105,0.0044197297047249414,0.004419509046549308,0.0648338794708252,1.242639086025394e-19
0.0878997214286477,0.08697321258570558,0.10018822484255784,0.09987892421886695,0.11551403999328613,0.004419509051382449,0.004419288404378108,0.06390380859375,1.2426549023381432e-19
0.08789906626106714,0.08697310873587435,0.10018856030687398,0.09987908603892022,0.11614322662353516,0.0044192884090751726,0.004419067773042684,0.0645298957824707,1.242670713702077e-19
0.08789841111185841,0.08697300489049772,0.10018889574991756,0.09987924784976382,0.11708688735961914,0.004419067777802532,0.004418847152720673,0.06328177452087402,1.242686526948707e-19
0.08789775598102273,0.08697290104957543,0.10018923117169042,0.09987940965139828,0.11847114562988281,0.0044188471575626765,0.004418626543056803,0.06348538398742676,1.2427023345435358e-19
0.08789710086856123,0.08697279721310722,0.10018956657219437,0.09987957144382413,0.11732077598571777,0.004418626548357093,0.0044184059452945235,0.06282806396484375,1.2427181380110993e-19
0.08789644577447496,0.08697269338109283,0.10018990195143126,0.0998797332270419,0.11592316627502441,0.0044184059501828086,0.004418185358368021,0.06237530708312988,1.242733947770926e-19
0.0878957906987651,0.08697258955353203,0.10019023730940298,0.09987989500105211,0.11946845054626465,0.00441818536304028,0.004417964781922024,0.06380248069763184,1.2427497548194693e-19
0.08789513564143278,0.08697248573042456,0.10019057264611132,0.09988005676585532,0.12088751792907715,0.004417964786929674,0.00441774421684471,0.06430768966674805,1.2427655671289232e-19
0.08789448060247913,0.08697238191177016,0.10019090796155815,0.09988021852145201,0.12092757225036621,0.004417744221849705,0.004417523663313716,0.06463813781738281,1.2427813767044302e-19
0.08789382558190523,0.08697227809756859,0.10019124325574529,0.09988038026784277,0.12125992774963379,0.0044175236677981315,0.00441730311973032,0.0653235912322998,1.2427971783184412e-19
0.0878931705797123,0.0869721742878196,0.1001915785286746,0.09988054200502809,0.12098431587219238,0.004417303124776892,0.004417082588048515,0.06508946418762207,1.2428129830222713e-19
0.08789251559590146,0.08697207048252294,0.1001919137803479,0.09988070373300852,0.12180948257446289,0.004417082592785599,0.0044168620670248515,0.06600379943847656,1.242828790327721e-19
0.08789186063047384,0.08697196668167835,0.10019224901076706,0.0998808654517846,0.12155365943908691,0.004416862071823112,0.004416641556659329,0.06600117683410645,1.2428445979998812e-19
0.08789120568343063,0.08697186288528559,0.1001925842199339,0.09988102716135684,0.12131452560424805,0.004416641561889208,0.004416421058017761,0.06580615043640137,1.242860400621107e-19
0.08789055075477296,0.08697175909334441,0.10019291940785026,0.09988118886172578,0.1231391429901123,0.0044164210629822915,0.004416200569501427,0.06567239761352539,1.2428762051595082e-19
0.0878898958445019,0.08697165530585456,0.10019325457451798,0.09988135055289195,0.1227715015411377,0.004416200575103561,0.004415980092886684,0.06744551658630371,1.2428920071238287e-19
0.0878892409526186,0.08697155152281578,0.10019358971993891,0.09988151223485588,0.12198758125305176,0.004415980098251027,0.004415759627285354,0.06699085235595703,1.2429078076154982e-19
0.08788858607912423,0.08697144774422783,0.10019392484411488,0.09988167390761808,0.11955809593200684,0.004415759632423516,0.004415539173052707,0.06562256813049316,1.2429236125097516e-19
0.08788793122401992,0.08697134397009043,0.10019425994704773,0.0998818355711791,0.12019062042236328,0.004415539177619444,0.004415318728767659,0.06640172004699707,1.242939410891069e-19
0.0878872763873068,0.08697124020040335,0.10019459502873929,0.09988199722553946,0.12050843238830566,0.00441531873384063,0.004415098296384201,0.06542301177978516,1.2429552134741733e-19
0.08788662156898595,0.08697113643516635,0.1001949300891914,0.09988215887069969,0.12014007568359375,0.004415098301086144,0.004414877874481249,0.06609869003295898,1.242971011656634e-19
0.08788596676905855,0.08697103267437918,0.10019526512840592,0.09988232050666032,0.12082338333129883,0.004414877879355818,0.0044146574639469804,0.06600570678710938,1.2429868131594897e-19
0.08788531198752576,0.08697092891804158,0.10019560014638466,0.09988248213342188,0.11773872375488281,0.004414657468648039,0.004414437063893217,0.06475543975830078,1.2430026101771477e-19
0.08788465722438872,0.08697082516615329,0.10019593514312948,0.09988264375098489,0.1186072826385498,0.004414437068963342,0.004414216675563409,0.06493926048278809,1.2430184119076199e-19
0.08788400247964855,0.08697072141871408,0.1001962701186422,0.09988280535934989,0.12129926681518555,0.004414216680300398,0.004413996297536471,0.06583595275878906,1.243034203925386e-19
0.08788334775330636,0.08697061767572369,0.10019660507292466,0.099882963919972,0.12182044982910156,0.004413996302659398,0.004413775930700581,0.0659639835357666,1.2430500015567335e-19
0.0878826930453633,0.08697051393718186,0.10019694000597869,0.09988312165458582,0.12031960487365723,0.0044137759360391784,0.004413555575233374,0.06574606895446777,1.2430657980739268e-19
0.08788203835582048,0.08697041020308836,0.10019727491780613,0.09988327938026072,0.12101030349731445,0.004413555580439069,0.004413335230957216,0.0664832592010498,1.243081590866783e-19
0.08788138368467904,0.08697030647344295,0.10019760980840882,0.09988343709699721,0.12077593803405762,0.0044133352358581976,0.004413114896983927,0.06656718254089355,1.2430973926590275e-19
0.08788072903194016,0.08697020274824535,0.1001979446777886,0.09988359480479579,0.11995172500610352,0.004413114902296087,0.004412894574201687,0.06605863571166992,1.2431131857001174e-19
0.08788007439760492,0.0869700986561368,0.10019827952594733,0.09988375250365698,0.11944270133972168,0.0044128945797537854,0.004412674263143401,0.06560039520263672,1.2431289748864247e-19
0.08787941978167446,0.08696998856530949,0.1001986143528868,0.09988391019358128,0.1202239990234375,0.004412674268229716,0.004412453962743257,0.06620240211486816,1.2431447735197454e-19
0.08787876518414994,0.08696987847920194,0.10019894915860887,0.09988406787456919,0.11950302124023438,0.0044124539677220355,0.0044122336730012535,0.06650042533874512,1.243160563958331e-19
0.0878781106050325,0.08696976839781391,0.10019928394311539,0.09988422554662124,0.1208958625793457,0.004412233678231878,0.004412013394450298,0.06616926193237305,1.2431763561853853e-19
0.08787745604432323,0.08696965832114512,0.10019961870640817,0.09988438320973794,0.12164497375488281,0.004412013399759019,0.004411793127623298,0.06639814376831055,1.2431921513715932e-19
0.08787680150202329,0.0869695482491953,0.10019995344848905,0.09988454086391976,0.11908173561096191,0.0044117931323004785,0.0044115728710991675,0.06599855422973633,1.2432079376147717e-19
0.08787614697813377,0.08696943818196419,0.10020028816935987,0.09988469850916723,0.11997532844543457,0.00441157287585714,0.004411352625588449,0.06528759002685547,1.2432237292377218e-19
0.08787549247265584,0.08696932811945154,0.10020062286902248,0.09988485614548086,0.11902880668640137,0.0044113526304284415,0.004411132391091144,0.06712484359741211,1.2432395192766774e-19
0.08787483798559066,0.0869692180616571,0.1002009575474787,0.09988501377286114,0.1199500560760498,0.004411132396014125,0.004410912167962522,0.06724262237548828,1.24325530833792e-19
0.0878741835169393,0.08696910800858057,0.10020129220473037,0.09988517139130859,0.11646056175231934,0.004410912172613033,0.00441069195513677,0.06492829322814941,1.243271094014643e-19
0.087873529066703,0.08696899796022171,0.10020162684077931,0.0998853290008237,0.11791729927062988,0.004410691960225548,0.004410471753857337,0.06588339805603027,1.24328688692232e-19
0.08787287463488279,0.08696888791658026,0.10020196145562738,0.09988548660140699,0.11788201332092285,0.004410471758850823,0.004410251563591316,0.06503844261169434,1.243302676475854e-19
0.08787222022147986,0.08696877787765596,0.10020229604927637,0.09988564419305897,0.11843013763427734,0.004410251568487557,0.004410031384161073,0.06535172462463379,1.2433184524720243e-19
0.08787156582649536,0.08696866784344853,0.10020263062172816,0.09988580177578013,0.11769676208496094,0.004410031389135323,0.004409811215566606,0.06498885154724121,1.2433342461900886e-19
0.08787091144993044,0.08696855781395772,0.10020296517298453,0.09988595934957098,0.11733675003051758,0.00440981122079449,0.004409591058696094,0.06496524810791016,1.2433500305014007e-19
0.08787025709178614,0.08696844778918328,0.10020329970304737,0.09988611691443204,0.1175236701965332,0.004409591063463521,0.004409370912128452,0.06474709510803223,1.2433658149388444e-19
0.0878696027520636,0.08696833776912492,0.10020363421191848,0.09988627447036381,0.11734437942504883,0.004409370917143567,0.004409150776574222,0.06515908241271973,1.2433815964586585e-19
0.08786894843076395,0.0869682277537824,0.10020396869959972,0.0998864320173668,0.11667966842651367,0.004409150781832059,0.0044089306522110405,0.06465673446655273,1.2433973794557386e-19
0.08786829412788832,0.08696811774315547,0.10020430316609288,0.09988658955544151,0.11762285232543945,0.004408930657529719,0.004408710539394178,0.06537675857543945,1.243413162149355e-19
0.08786763984343787,0.08696800773724385,0.10020463761139983,0.09988674708458846,0.11725139617919922,0.004408710544234674,0.004408490437413093,0.06473803520202637,1.2434289479773356e-19
0.08786698557741375,0.08696789773604728,0.1002049720355224,0.09988690460480815,0.11735081672668457,0.00440849044194708,0.004408270345912513,0.0644373893737793,1.243444729696684e-19
0.08786633132981705,0.0869677877395655,0.1002053064384624,0.09988706211610107,0.11736679077148438,0.004408270350666033,0.004408050265247709,0.06394290924072266,1.243460507550949e-19
0.08786567710064894,0.08696767774779823,0.10020564082022168,0.09988721961846773,0.1156461238861084,0.0044080502703927,0.00440783019595159,0.06391382217407227,1.2434762905309132e-19
0.08786502288991058,0.08696756776074524,0.10020597518080207,0.09988737711190865,0.11759400367736816,0.004407830201125435,0.0044076101376688825,0.06407713890075684,1.2434920671482539e-19
0.08786436869760306,0.08696745777840625,0.1002063095202054,0.09988753459642433,0.11657285690307617,0.004407610142863388,0.004407390090754859,0.06394338607788086,1.2435078502349235e-19
0.08786371452372753,0.08696734780078101,0.10020664383843347,0.0998876920720153,0.11795568466186523,0.0044073900956053515,0.004407170054498977,0.06247973442077637,1.2435236273106003e-19
0.08786306036828512,0.08696723782786925,0.10020697813548818,0.09988784953868204,0.12064075469970703,0.004407170059351748,0.004406950029434142,0.06320548057556152,1.2435394070647445e-19
0.08786240623127696,0.08696712785967071,0.1002073124113713,0.09988800699642505,0.11816048622131348,0.004406950034101676,0.004406730015027449,0.0627126693725586,1.2435551834916892e-19
0.08786175211270418,0.08696701789618513,0.1002076466660847,0.09988816444524484,0.11913347244262695,0.004406730019855332,0.004406510011101261,0.06279850006103516,1.243570957081829e-19
0.0878610980125679,0.08696690793741226,0.1002079808996302,0.09988832188514195,0.11983108520507812,0.00440651001661251,0.004406290019787207,0.06319880485534668,1.243586735051893e-19
0.08786044393086934,0.08696679798335182,0.10020831511200963,0.09988847931611683,0.1199650764465332,0.0044062900243698345,0.004406070038065479,0.06354069709777832,1.243602510573218e-19
0.08785978986760952,0.08696668803400356,0.1002086493032248,0.09988863673817001,0.12004852294921875,0.004406070043129239,0.004405850067890071,0.06365418434143066,1.243618286242013e-19
0.0878591358227896,0.08696657808936722,0.10020898347327756,0.099888794151302,0.11971378326416016,0.004405850072890127,0.00440563010855044,0.06297183036804199,1.2436340606869403e-19
0.0878584817964107,0.08696646814944253,0.10020931762216971,0.09988895155551333,0.11887836456298828,0.004405630113651607,0.004405410160757128,0.06328225135803223,1.2436498379791815e-19
0.087857827788474,0.08696635821422923,0.10020965174990311,0.09988910895080448,0.11915469169616699,0.00440541016541206,0.004405190223444322,0.06367301940917969,1.2436656061975385e-19
0.08785717379898059,0.08696624828372705,0.10020998585647958,0.09988926633717594,0.1198587417602539,0.004405190228171703,0.004404970296967292,0.06414055824279785,1.2436813765157423e-19
0.08785651982793152,0.08696613835793575,0.10021031994190094,0.09988942371462826,0.11940789222717285,0.004404970301929971,0.004404750381858946,0.0639796257019043,1.2436971544854965e-19
0.087855865875328,0.08696602843685505,0.10021065400616902,0.09988958108316191,0.11868977546691895,0.004404750386686897,0.004404530477586377,0.06390380859375,1.2437129284003436e-19
0.08785521194117113,0.0869659185204847,0.10021098804928566,0.0998897384427774,0.11939668655395508,0.004404530482441016,0.004404310583971949,0.06425261497497559,1.2437286957565162e-19
0.08785455802546209,0.08696580860882444,0.10021132207125268,0.09988989579347526,0.12045645713806152,0.004404310589192778,0.00440409070190384,0.06430292129516602,1.2437444677243206e-19
0.08785390412820199,0.086965698701874,0.10021165607207189,0.09989005313525598,0.12061953544616699,0.004404090706940903,0.004403870830493872,0.06432414054870605,1.2437602341605947e-19
0.08785325024939193,0.08696558879963312,0.10021199005174514,0.09989021046812005,0.12132430076599121,0.004403870835684543,0.004403650970274953,0.06476998329162598,1.2437760040270598e-19
0.087852596389033,0.08696547890210155,0.10021232401027425,0.09989036418520403,0.12022280693054199,0.004403650975424485,0.004403431121424717,0.06458497047424316,1.2437917748406255e-19
0.08785194254712643,0.08696536900927901,0.10021265794766103,0.09989051764927749,0.12089109420776367,0.0044034311261571596,0.004403211283054986,0.06482934951782227,1.2438075401004463e-19
0.08785128872367327,0.08696525912116526,0.10021299186390735,0.09989067110469137,0.12066650390625,0.00440321128788599,0.004402991455876304,0.06527900695800781,1.2438233085233828e-19
0.08785063491867467,0.08696514923776003,0.100213325759015,0.09989082455144614,0.1197659969329834,0.004402991460608065,0.004402771639533398,0.06436467170715332,1.2438390753381556e-19
0.08784998113213179,0.08696503935906305,0.10021365963298581,0.09989097798954229,0.1199338436126709,0.004402771644324247,0.004402551834736812,0.06450653076171875,1.2438548410193532e-19
0.08784932736404569,0.08696492948507407,0.10021399348582162,0.09989113141898029,0.12000346183776855,0.004402551839031269,0.004402332039887824,0.06543540954589844,1.2438706036499996e-19
0.08784867361441749,0.08696481961579283,0.10021432731752425,0.09989128483976063,0.11973142623901367,0.00440233204473197,0.004402112256585156,0.06541657447814941,1.2438863675697698e-19
0.08784801988324839,0.08696470975121907,0.10021466112809552,0.09989143825188379,0.1214909553527832,0.00440211226142376,0.004401892484828807,0.06519770622253418,1.243902134930093e-19
0.08784736617053947,0.08696459989135252,0.10021499491753724,0.09989159165535028,0.12215089797973633,0.0044018924891063675,0.00440167272284242,0.06548714637756348,1.2439178976181252e-19
0.08784671247629187,0.08696449003619292,0.10021532868585124,0.09989174505016055,0.12034487724304199,0.004401672727779381,0.004401452972579989,0.06549620628356934,1.2439336543388817e-19
0.08784605880050673,0.08696438018574001,0.10021566243303937,0.09989189843631509,0.12132549285888672,0.0044014529774421525,0.004401233233508606,0.06492280960083008,1.2439494193536703e-19
0.08784540514318519,0.08696427033999356,0.10021599615910345,0.09989205181381439,0.1198415756225586,0.0044012332380943976,0.004401013504740092,0.06590676307678223,1.2439651841882368e-19
0.08784475150432838,0.08696416049895327,0.10021632986404531,0.09989220518265893,0.12114644050598145,0.004401013509736688,0.004400793787162627,0.06653833389282227,1.2439809429601265e-19
0.08784409788393739,0.08696405066261889,0.10021666354786678,0.09989235854284921,0.12009882926940918,0.004400793792366783,0.004400574081131481,0.06591987609863281,1.243996697413671e-19
0.08784344428201332,0.08696394083099016,0.10021699721056966,0.09989251189438571,0.11935877799987793,0.004400574085983777,0.00440035438558084,0.06578516960144043,1.2440124640070375e-19
0.08784279069855733,0.08696383100406682,0.10021733085215578,0.09989266523726889,0.1197049617767334,0.004400354390587826,0.004400134701576519,0.06513047218322754,1.2440282209358646e-19
0.08784213713357052,0.08696372118184861,0.10021766447262696,0.09989281857149926,0.11957406997680664,0.004400134706178572,0.004399915027697432,0.06635856628417969,1.244043978859539e-19
0.08784148358705406,0.08696361136433527,0.10021799807198505,0.0998929718970773,0.12018609046936035,0.004399915032756957,0.0043996953651870285,0.06680750846862793,1.2440597443105248e-19
0.08784083005900907,0.08696350155152653,0.10021833165023183,0.09989312521400345,0.11776947975158691,0.00439969537031999,0.004399475713867673,0.06518077850341797,1.2440754947068413e-19
0.08784017654943668,0.08696338876626578,0.10021866520736916,0.09989327852227824,0.11986708641052246,0.004399475718868182,0.00439925607356173,0.06653118133544922,1.2440912542470038e-19
0.08783952305833802,0.08696327260608479,0.10021899874339886,0.09989343182190213,0.11909008026123047,0.004399256078399952,0.0043990364444468355,0.06537389755249023,1.244107013128236e-19
0.08783886958571424,0.08696315645087895,0.10021933225832276,0.09989358511287562,0.11986017227172852,0.004399036448914742,0.004398816825457175,0.06618905067443848,1.2441227666606866e-19
0.08783821613156645,0.086963040300648,0.10021966575214268,0.09989373839519917,0.11866998672485352,0.004398816830414041,0.004398597218369105,0.06609368324279785,1.2441385231709216e-19
0.08783756269589578,0.08696292415539167,0.10021999922486043,0.09989389166887329,0.11962699890136719,0.004398597222895556,0.004398377621583904,0.06605362892150879,1.2441542702484114e-19
0.0878369092787033,0.08696280801510968,0.10022033267647781,0.09989404493389845,0.11911773681640625,0.004398377626359816,0.004398158036522659,0.06609869003295898,1.2441700287084303e-19
0.08783625587999015,0.08696269187980177,0.10022066610699668,0.09989419819027512,0.11976408958435059,0.0043981580408035525,0.004397938461764284,0.06529593467712402,1.2441857830760849e-19
0.08783560249975748,0.08696257574946765,0.10022099951641886,0.0998943514380038,0.11947202682495117,0.004397938466229579,0.004397718897841685,0.06711244583129883,1.244201531310117e-19
0.08783494913800642,0.08696245962410706,0.10022133290474615,0.09989450467708497,0.1203310489654541,0.004397718902636345,0.00439749934528777,0.06692242622375488,1.24421728473186e-19
0.08783429579473807,0.08696234350371973,0.10022166627198038,0.09989465790751911,0.12052202224731445,0.004397499350022671,0.0043972798035696314,0.06618261337280273,1.244233036885119e-19
0.08783364246995358,0.08696222738830539,0.10022199961812338,0.0998948111293067,0.11887884140014648,0.0043972798083885874,0.0043970602728649055,0.06630492210388184,1.2442487875230364e-19
0.08783298916365409,0.08696211127786377,0.10022233294317692,0.09989496434244825,0.11933469772338867,0.004397060277733577,0.004396840752995956,0.06516122817993164,1.2442645329048794e-19
0.08783233587584074,0.08696199517239457,0.10022266624714286,0.09989511754694422,0.11839723587036133,0.004396840758058113,0.004396621244318055,0.0666501522064209,1.2442802905327634e-19
0.08783168260651456,0.08696187907189755,0.10022299953002302,0.09989527074279508,0.1207118034362793,0.004396621249359343,0.004396401746475931,0.06718182563781738,1.2442960350247226e-19
0.0878310293556767,0.08696176297637241,0.10022333279181922,0.09989542393000134,0.12318301200866699,0.004396401751638624,0.00439618226000249,0.06841802597045898,1.2443117834716352e-19
0.08783037612332832,0.08696164688581891,0.1002236660325333,0.09989557710856345,0.12417078018188477,0.004396182264895076,0.004395962784364826,0.06835579872131348,1.2443275309782676e-19
0.08782972290947047,0.08696153080023676,0.10022399925216705,0.0998957302784819,0.12307405471801758,0.004395962789126485,0.004395743319030032,0.06801581382751465,1.2443432773614445e-19
0.08782906971410434,0.0869614147196257,0.1002243324507223,0.0998958834397572,0.1227879524230957,0.004395743324335061,0.004395523865241557,0.06824254989624023,1.244359021990149e-19
0.08782841653723106,0.08696129864398544,0.10022466562820088,0.0998960365923898,0.12337350845336914,0.004395523870517506,0.004395304422821766,0.06818366050720215,1.2443747718089574e-19
0.08782776337885168,0.08696118257331573,0.10022499878460461,0.0998961897363802,0.1231684684753418,0.00439530442767524,0.004395084990704845,0.06849813461303711,1.244390516497826e-19
0.08782711023896737,0.08696106650761629,0.10022533191993531,0.09989634287172887,0.12200450897216797,0.004395084995806154,0.004394865570134243,0.06754660606384277,1.244406265727095e-19
0.08782645711757925,0.08696095044688686,0.1002256650341948,0.0998964959984363,0.12246847152709961,0.004394865574911239,0.004394646160221782,0.06714200973510742,1.2444220025943353e-19
0.08782580401468844,0.08696083439112715,0.10022599812738489,0.09989664911650298,0.1212925910949707,0.004394646164988004,0.004394426761322734,0.06661653518676758,1.2444377431941675e-19
0.08782515093029604,0.08696071834033689,0.1002263311995074,0.0998968022259294,0.1214911937713623,0.004394426766036239,0.0043942073730818265,0.06655430793762207,1.2444534926391533e-19
0.08782449786440322,0.08696060229451581,0.10022666425056415,0.09989695532671602,0.12110328674316406,0.004394207378057352,0.004393987996031967,0.06587624549865723,1.244469228544715e-19
0.0878238448170111,0.08696048625366365,0.10022699728055695,0.09989710841886335,0.12113142013549805,0.004393988001049515,0.004393768629462613,0.06535458564758301,1.2444849745703443e-19
0.08782319178812081,0.08696037021778012,0.10022733028948763,0.09989726150237184,0.12162137031555176,0.004393768635013563,0.00439354927479485,0.06501603126525879,1.2445007145644386e-19
0.08782253877773345,0.08696025418686495,0.10022766327735798,0.09989741107552126,0.1221928596496582,0.004393549279946172,0.004393329930962864,0.0643777847290039,1.2445164527491132e-19
0.08782188578585017,0.08696013816091788,0.10022799624416984,0.09989756029462563,0.12258672714233398,0.0043933299358481625,0.004393110597966654,0.06421947479248047,1.2445321968487493e-19
0.08782123281247207,0.08696002213993864,0.10022832918992503,0.0998977095053462,0.12342143058776855,0.004393110602718983,0.004392891275273314,0.06432294845581055,1.2445479360629392e-19
0.08782057985760028,0.08695990612392696,0.10022866211462535,0.09989785870768346,0.12435412406921387,0.004392891280558435,0.0043926719641262935,0.06435012817382812,1.244563671120744e-19
0.08781992692123591,0.08695979011288256,0.10022899501827263,0.09989800790163784,0.12453985214233398,0.0043926719693656024,0.004392452664347957,0.06456279754638672,1.2445794111411615e-19
0.08781927400338009,0.08695967410680516,0.10022932790086869,0.09989815708720982,0.12475728988647461,0.004392452669140217,0.004392233374517218,0.0648031234741211,1.2445951473279075e-19
0.08781862110403395,0.08695955810569451,0.10022966076241535,0.09989830626439984,0.1250321865081787,0.004392233379883537,0.0043920140965880705,0.06490540504455566,1.2446108876911228e-19
0.08781796822319861,0.08695944210955033,0.10022999360291442,0.09989845543320837,0.12418889999389648,0.004392014101592542,0.004391794829672335,0.06468558311462402,1.2446266228472668e-19
0.08781731536087517,0.08695932611837234,0.10023032642236769,0.09989860459363588,0.1251208782196045,0.004391794834265408,0.004391575572881834,0.06489920616149902,1.2446423581122174e-19
0.08781666251706474,0.08695921013216029,0.10023065922077701,0.09989875374568281,0.12556004524230957,0.004391575577905569,0.0043913563274600165,0.06521177291870117,1.2446580912641554e-19
0.0878160096917684,0.0869590941509139,0.10023099199814417,0.09989890288934965,0.12519550323486328,0.00439135633250916,0.004391137092873976,0.06549191474914551,1.2446738284886884e-19
0.08781535688498726,0.08695897817463287,0.10023132475447101,0.09989905202463684,0.12552618980407715,0.004391137098077286,0.00439091787001189,0.06610369682312012,1.2446895574867747e-19
0.08781470409672247,0.08695886220331697,0.10023165748975932,0.09989920115154484,0.12511539459228516,0.004390917874606395,0.004390698657097403,0.06587409973144531,1.2447052928870527e-19
0.0878140513269751,0.08695874623696591,0.10023199020401093,0.09989935027007411,0.1250443458557129,0.004390698662099964,0.004390479455551599,0.06614542007446289,1.2447210227221091e-19
0.08781339857574634,0.08695863027557943,0.10023232289722765,0.09989949938022513,0.12510347366333008,0.004390479460556061,0.004390260265196844,0.06603264808654785,1.2447367573672247e-19
0.08781274584303733,0.08695851431915724,0.1002326555694113,0.09989964848199834,0.12525653839111328,0.004390260269972859,0.004390041085677865,0.06630229949951172,1.244752489566053e-19
0.08781209312884922,0.08695839836769909,0.10023298822056369,0.0998997975753942,0.125504732131958,0.004390041090351738,0.0043898219171722985,0.0665431022644043,1.2447682183380567e-19
0.08781144043318306,0.08695828242120471,0.10023332085068663,0.09989994666041319,0.1252145767211914,0.004389821921691193,0.004389602758791966,0.06676626205444336,1.2447839492921117e-19
0.08781078775604004,0.0869581664796738,0.10023365345978194,0.09990009573705574,0.125838041305542,0.004389602763992024,0.004389383612313225,0.06724190711975098,1.2447996741864599e-19
0.08781013509742121,0.08695805054310612,0.10023398604785143,0.09990024480532234,0.12569308280944824,0.004389383617251999,0.00438916447667026,0.06742072105407715,1.2448154121241746e-19
0.08780948245732773,0.08695793461150139,0.10023431861489691,0.09990039386521343,0.12540721893310547,0.004389164481471204,0.004388945351863072,0.06754922866821289,1.244831128442671e-19
0.08780882983576067,0.08695781868485934,0.1002346511609202,0.0999005429167295,0.12482547760009766,0.0043889453566484495,0.004388726237714025,0.06737875938415527,1.2448468632359967e-19
0.08780817723272115,0.08695770276317967,0.10023498368592311,0.099900691959871,0.12442493438720703,0.004388726242784224,0.004388507134756026,0.0669708251953125,1.2448625899791407e-19
0.08780752464821032,0.08695758684646214,0.10023531618990746,0.09990084099463838,0.12477922439575195,0.004388507139877259,0.004388288042633803,0.06735682487487793,1.244878311497853e-19
0.08780687208222923,0.08695747093470647,0.10023564867287507,0.09990099002103209,0.12428092956542969,0.004388288047928,0.004388068962235536,0.0673360824584961,1.244894041575179e-19
0.08780621953477909,0.08695735502791241,0.10023598113482775,0.09990113903905258,0.12442708015441895,0.004388068966934209,0.004387849891429596,0.06725335121154785,1.2449097706853603e-19
0.08780556700586094,0.08695723912607967,0.10023631357576729,0.09990128804870034,0.12360167503356934,0.004387849896897084,0.004387630832702882,0.06705784797668457,1.244925491184915e-19
0.08780491449547595,0.08695712322920797,0.10023664599569551,0.0999014370499758,0.12444090843200684,0.004387630837815005,0.00438741178463431,0.06742358207702637,1.2449412131099715e-19
0.08780426200362522,0.08695700733729705,0.10023697839461422,0.09990158604287944,0.12486863136291504,0.004387411789686461,0.004387192747223878,0.0673666000366211,1.244956943946427e-19
0.08780360953030986,0.08695689145034666,0.10023731077252525,0.0999017350274117,0.12412285804748535,0.004387192752512877,0.004386973721359766,0.06737804412841797,1.2449726624026998e-19
0.08780295707553103,0.08695677319370997,0.1002376431294304,0.09990188400357307,0.12320160865783691,0.004386973726292686,0.004386754706153795,0.06725120544433594,1.2449883811842379e-19
0.08780230463928983,0.08695665097416726,0.10023797546533147,0.09990203297136399,0.12366485595703125,0.0043867547110254,0.004386535701961236,0.06786799430847168,1.2450041053852205e-19
0.08780165222158738,0.08695652875985417,0.10023830778023031,0.09990218193078493,0.12314796447753906,0.004386535706710038,0.004386316707893911,0.06754016876220703,1.2450198301493946e-19
0.08780099982242481,0.08695640655077043,0.1002386400741287,0.09990233088183635,0.12433290481567383,0.004386316713348209,0.004386097725550542,0.0677642822265625,1.2450355448224874e-19
0.08780034744180323,0.08695628434691574,0.10023897234702844,0.09990247982451869,0.12440347671508789,0.004386097730937616,0.004385878754575856,0.06746363639831543,1.2450512654569094e-19
0.08779969507972377,0.08695616214828984,0.10023930459893138,0.09990262875883243,0.12439203262329102,0.004385878759476304,0.004385659793726404,0.06759095191955566,1.2450669858633825e-19
0.08779904273618754,0.08695603995489243,0.10023963682983929,0.09990277768477802,0.12417006492614746,0.004385659798966462,0.004385440844423272,0.06776905059814453,1.245082702981812e-19
0.08779839041119565,0.08695591776672325,0.10023996903975399,0.09990292660235593,0.12342429161071777,0.004385440849405457,0.00438522190577828,0.06761980056762695,1.245098420993613e-19
0.08779773810474922,0.086955795583782,0.10024030122867729,0.09990307551156663,0.12337422370910645,0.004385221910794225,0.004385002978501973,0.06749320030212402,1.2451141391196981e-19
0.08779708581684935,0.0869556734060684,0.100240633396611,0.09990322441241055,0.1231985092163086,0.004385002983131061,0.004384784061883806,0.0673971176147461,1.245129855883302e-19
0.08779643354749715,0.08695555123358217,0.10024096554355694,0.09990337330488817,0.12253046035766602,0.004384784066415461,0.004384565155746145,0.06704354286193848,1.2451455703810414e-19
0.08779578129669374,0.08695542906632305,0.1002412976695169,0.09990352218899994,0.12440347671508789,0.004384565160648278,0.004384346260799532,0.0676724910736084,1.2451612881098676e-19
0.08779512906444027,0.08695530690429072,0.10024162977449268,0.0999036710647463,0.12441396713256836,0.0043843462658269645,0.004384127377043967,0.06754517555236816,1.2451770009486965e-19
0.08779447685073781,0.08695518474748494,0.1002419618584861,0.09990381993212774,0.12450122833251953,0.004384127381952529,0.004383908504124179,0.0674295425415039,1.2451927206550724e-19
0.0877938246555875,0.08695506259590541,0.10024229392149897,0.09990396879114471,0.12334728240966797,0.004383908509024197,0.004383689642395439,0.0670475959777832,1.2452084354388428e-19
0.08779317247899042,0.08695494044955183,0.1002426259635331,0.09990411495231012,0.12382864952087402,0.004383689647040334,0.004383470791324839,0.06709170341491699,1.2452241396897411e-19
0.08779252032094771,0.08695481830842394,0.10024295798459029,0.09990425995074396,0.12431716918945312,0.004383470796002062,0.004383251950912381,0.06742191314697266,1.2452398548074312e-19
0.0877918681814605,0.08695469617252145,0.10024328998467236,0.09990440494106638,0.12422823905944824,0.00438325195590795,0.004383033121690971,0.06730246543884277,1.2452555709977454e-19
0.08779121606052992,0.08695457404184409,0.1002436219637811,0.0999045499232778,0.12405037879943848,0.004383033126758338,0.004382814303838245,0.06768631935119629,1.2452712811571238e-19
0.0877905639581571,0.08695445191639159,0.10024395392191834,0.09990469489737869,0.12350606918334961,0.004382814308550692,0.00438259549664366,0.06756138801574707,1.245286988715065e-19
0.0877899118743431,0.08695432979616365,0.10024428585908589,0.09990483986336947,0.12375974655151367,0.004382595501285808,0.00438237669992958,0.06731629371643066,1.2453026994699133e-19
0.08778925980908905,0.08695420768115998,0.10024461777528555,0.09990498482125058,0.12323117256164551,0.0043823767049642045,0.0043821579147618195,0.06715226173400879,1.245318409230571e-19
0.08778860776239605,0.0869540855713803,0.10024494967051913,0.09990512977102248,0.12296462059020996,0.004382157919582535,0.004381939140429836,0.06685328483581543,1.2453341207384443e-19
0.08778795573426518,0.08695396346682434,0.10024528154478841,0.09990527471268557,0.12377715110778809,0.004381939145141676,0.004381720376755993,0.06735396385192871,1.2453498275971953e-19
0.08778730372469758,0.08695384136749182,0.10024561339809522,0.09990541964624029,0.12260246276855469,0.004381720381642025,0.004381501624450834,0.06706881523132324,1.24536553881724e-19
0.08778665173369442,0.08695371927338244,0.10024594523044136,0.0999055645716871,0.12190008163452148,0.004381501629081382,0.004381282882270909,0.06731796264648438,1.2453812427045337e-19
0.08778599976125674,0.08695359718449594,0.10024627704182862,0.09990570948902644,0.12188291549682617,0.004381282887461572,0.004381064151992575,0.0667717456817627,1.2453969474943164e-19
0.08778534780738573,0.08695347510083204,0.10024660883225882,0.09990585439825873,0.12251782417297363,0.004381064156778969,0.0043808454321947465,0.06662940979003906,1.2454126506529356e-19
0.08778469587208249,0.08695335302239046,0.10024694060173377,0.09990599929938443,0.1218879222869873,0.004380845437035769,0.0043806267232326945,0.06665253639221191,1.2454283593351206e-19
0.08778404395534813,0.08695323094917091,0.10024727235025527,0.09990614419240396,0.11995315551757812,0.0043806267282307226,0.0043804080249287836,0.06599688529968262,1.2454440641442016e-19
0.08778339205718372,0.08695310888117312,0.10024760407782511,0.09990628907731776,0.12158513069152832,0.004380408030361993,0.004380189338704099,0.06603717803955078,1.2454597668929008e-19
0.08778274017759043,0.08695298681839679,0.10024793578444512,0.09990643395412628,0.12119889259338379,0.004380189343429918,0.004379970662782284,0.0655815601348877,1.2454754680909727e-19
0.0877820883165693,0.08695286476084166,0.10024826747011709,0.09990657882282995,0.1215660572052002,0.004379970667433717,0.0043797519969857035,0.06583619117736816,1.2454911722280613e-19
0.08778143647412148,0.08695274270850745,0.10024859913484284,0.0999067236834292,0.12222552299499512,0.004379752002374493,0.004379533343623621,0.06584954261779785,1.2455068799500853e-19
0.08778078465024806,0.08695262066139386,0.10024893077862417,0.09990686853592448,0.1230933666229248,0.004379533348248922,0.004379314699853865,0.06567168235778809,1.2455225742993646e-19
0.08778013284495013,0.08695249861950063,0.10024926240146285,0.09990701338031624,0.12305593490600586,0.0043793147050582865,0.004379096067985699,0.0657663345336914,1.2455382747771476e-19
0.08777948105822882,0.08695237658282746,0.10024959400336071,0.09990715821660488,0.12279629707336426,0.004379096072800578,0.004378877446420404,0.06592726707458496,1.2455539770804442e-19
0.08777882929008528,0.08695225455137409,0.10024992558431957,0.09990730304479087,0.1216425895690918,0.004378877451477339,0.004378658835513249,0.06591296195983887,1.245569680534268e-19
0.08777817754052061,0.08695213252514022,0.1002502571443412,0.09990744786487464,0.12148666381835938,0.004378658841087361,0.004378440237040593,0.06602787971496582,1.2455853728911127e-19
0.08777752580953593,0.08695201050412557,0.10025058868342743,0.09990759267685663,0.12197399139404297,0.004378440241627931,0.004378221647627356,0.06619739532470703,1.2456010754359895e-19
0.08777687409713235,0.08695188848832985,0.10025092020158002,0.09990773748073728,0.12195086479187012,0.0043782216531020315,0.00437800307011571,0.0661768913269043,1.2456167752411465e-19
0.08777622240331094,0.08695176647775281,0.10025125169880082,0.09990788227651702,0.12230396270751953,0.004378003075506719,0.004377784504505655,0.06600832939147949,1.2456324696412947e-19
0.08777557072807285,0.08695164447239415,0.10025158317509163,0.09990802706419628,0.1208028793334961,0.004377784508839655,0.004377565948132656,0.06535196304321289,1.2456481684717701e-19
0.08777491907141922,0.08695152247225359,0.10025191463045421,0.0999081718437755,0.12088227272033691,0.004377565953103122,0.004377347403305976,0.06494450569152832,1.2456638628105977e-19
0.08777426743335108,0.08695140047733084,0.10025224606489043,0.09990831661525511,0.1197214126586914,0.004377347408297509,0.004377128869492708,0.06370115280151367,1.2456795574286794e-19
0.08777361581386958,0.08695127848762564,0.10025257747840204,0.09990846137863556,0.12041163444519043,0.004377128874420283,0.004376910346515217,0.06453466415405273,1.2456952504963003e-19
0.08777296421297588,0.0869511565031377,0.10025290887099084,0.09990860613391728,0.1199042797088623,0.004376910351470218,0.0043766918345511385,0.06431913375854492,1.2457109490911877e-19
0.087772312630671,0.08695103452386674,0.10025324024265865,0.09990875088110072,0.121429443359375,0.004376691839449385,0.004376473333067565,0.06479120254516602,1.2457266413601474e-19
0.08777166106695608,0.08695091254981249,0.10025357159340727,0.09990889562018632,0.12098550796508789,0.004376473338355299,0.004376254843130312,0.06463456153869629,1.245742336444431e-19
0.0877710095218323,0.08695079058097466,0.1002539029232385,0.0999090403511745,0.12006521224975586,0.004376254848187438,0.00437603636420647,0.06405448913574219,1.245758025441528e-19
0.0877703579953007,0.08695066861735297,0.10025423423215414,0.09990918507406571,0.11986637115478516,0.0043760363689448085,0.004375817895230227,0.06420087814331055,1.2457737190617036e-19
0.08776970648736242,0.08695054665894715,0.10025456552015599,0.09990932978886038,0.11891818046569824,0.004375817900630344,0.004375599438155575,0.0637664794921875,1.2457894141520575e-19
0.08776905499801857,0.08695042470575691,0.10025489678724586,0.09990947449555895,0.12011933326721191,0.004375599443239363,0.004375380991561428,0.06460452079772949,1.2458051003837448e-19
0.08776840352727026,0.08695030275778197,0.10025522803342553,0.09990961919416187,0.11888289451599121,0.004375380996773409,0.004375162556691237,0.0642249584197998,1.2458207941236282e-19
0.08776775207511858,0.08695018081502205,0.10025555925869681,0.09990976388466957,0.143341064453125,0.004375162561230174,0.004374944132123915,0.0760648250579834,1.2458364808004121e-19
0.0877671006415646,0.08695005507112928,0.10025589046306149,0.09990990856708248,0.11780810356140137,0.004374944136610452,0.004374725718214734,0.06581449508666992,1.2458521694468459e-19
0.08776644922660946,0.08694992680842396,0.10025622164652138,0.09991005324140105,0.11701250076293945,0.004374725722913412,0.004374507314963694,0.06531095504760742,1.245867862811992e-19
0.08776579783025432,0.08694979855120132,0.10025655280907828,0.0999101979076257,0.11744475364685059,0.004374507320140198,0.004374288923436609,0.0663599967956543,1.2458835490095997e-19
0.08776514645250019,0.08694967029946106,0.100256883950734,0.09991034256575687,0.11683320999145508,0.00437428892828721,0.004374070542212394,0.06512022018432617,1.2458992280052827e-19
0.08776449509334824,0.08694954205320288,0.10025721507149031,0.09991048608002535,0.11791706085205078,0.004374070547357283,0.0043738521728897695,0.06571555137634277,1.2459149171634687e-19
0.0877638437527996,0.08694941381242649,0.10025754617134902,0.09991062688083681,0.11808276176452637,0.004373852177346105,0.004373633812626565,0.0651845932006836,1.2459305993192653e-19
0.08776319243085534,0.08694928557713161,0.10025787725031195,0.09991076767380588,0.11723923683166504,0.004373633818257631,0.004373415464975494,0.0649404525756836,1.2459462889540386e-19
0.08776254112751658,0.08694915734731794,0.10025820830838085,0.099910908458933,0.11768412590026855,0.004373415470087483,0.004373197127804929,0.06551122665405273,1.2459619790644738e-19
0.08776188984278445,0.08694902912298519,0.10025853934555755,0.09991104923621856,0.11644864082336426,0.004373197132836174,0.00437297880147014,0.0651693344116211,1.2459776602197061e-19
0.08776123857666009,0.0869489009041331,0.10025887036184385,0.09991119000566301,0.11776041984558105,0.0043729788065041166,0.004372760486504035,0.06429600715637207,1.2459933377016638e-19
0.08776058732914456,0.08694877269076134,0.10025920135724153,0.09991133076726673,0.1196286678314209,0.00437276049108877,0.0043725421818407995,0.06541299819946289,1.246009027230325e-19
0.087759936100239,0.08694864448286964,0.1002595323317524,0.09991147152103017,0.11761856079101562,0.004372542186591312,0.0043723238881909765,0.06519341468811035,1.246024707337352e-19
0.08775928488994453,0.0869485162804577,0.10025986328537827,0.09991161226695372,0.11851000785827637,0.004372323893009885,0.00437210560537693,0.06539773941040039,1.2460403893030425e-19
0.0877586336982623,0.08694838808352524,0.10026019421812091,0.09991175300503782,0.11908602714538574,0.004372105610344531,0.004371887333398661,0.06545233726501465,1.2460560687301057e-19
0.08775798252519335,0.08694825989207196,0.10026052512998214,0.09991189373528289,0.11947011947631836,0.004371887338596082,0.004371669072789075,0.06598138809204102,1.2460717515662803e-19
0.08775733137073878,0.08694813170609757,0.10026085602096374,0.09991203445768934,0.1196138858795166,0.004371669077762638,0.004371450823192902,0.06583523750305176,1.24608742786809e-19
0.08775668023489971,0.08694800352560178,0.10026118689106751,0.09991217517225759,0.1195363998413086,0.0043714508278436155,0.004371232583899598,0.06596875190734863,1.2461031085533688e-19
0.08775602911767724,0.08694787535058429,0.10026151774029526,0.09991231587898805,0.11916756629943848,0.0043712325888395015,0.004371014355797342,0.06544184684753418,1.2461187862125527e-19
0.0877553780190725,0.08694774718104482,0.10026184856864878,0.09991245657788111,0.11983513832092285,0.004371014360747741,0.004370796138886135,0.06508636474609375,1.2461344671183009e-19
0.08775472693908656,0.08694761901698309,0.10026217937612986,0.09991259726893721,0.12013792991638184,0.004370796143569099,0.0043705779326330685,0.06652283668518066,1.2461501488190334e-19
0.08775407587772054,0.08694749085839878,0.10026251016274029,0.09991273795215676,0.12050938606262207,0.004370577937302408,0.004370359737038143,0.0664980411529541,1.2461658165573807e-19
0.08775342483497553,0.08694736270529163,0.10026284092848187,0.09991287862754017,0.12117290496826172,0.004370359741948143,0.004370141552634266,0.06603074073791504,1.2461814976596479e-19
0.08775277381085266,0.08694723455766133,0.1002631716733564,0.09991301929508788,0.11888599395751953,0.004370141557505973,0.004369923378533258,0.0659785270690918,1.2461971710119594e-19
0.08775212280535301,0.08694710641550761,0.10026350239736566,0.09991315995480027,0.11996197700500488,0.004369923383974856,0.0043697052161562056,0.06493902206420898,1.2462128494012083e-19
0.08775147181847773,0.08694697827883016,0.10026383310051146,0.09991330060667777,0.1194307804107666,0.00436970522135471,0.004369487065147837,0.0663747787475586,1.2462285196313873e-19
0.0877508208502279,0.08694685014762872,0.1002641637827956,0.09991344125072084,0.12003803253173828,0.004369487069641395,0.004369268923909431,0.06622099876403809,1.2462441938461002e-19
0.08775016990060462,0.08694672202190297,0.10026449444421986,0.09991358188692984,0.11795663833618164,0.0043692689288388036,0.004369050794039708,0.06511092185974121,1.2462598669440364e-19
0.08774951896960902,0.08694659390165263,0.10026482508478606,0.0999137225153052,0.1180565357208252,0.004369050798944267,0.004368832675183398,0.06543493270874023,1.2462755383197526e-19
0.08774886805724215,0.08694646578687741,0.10026515570449596,0.09991386313584735,0.11768865585327148,0.004368832679957631,0.0043686145675181365,0.06552338600158691,1.2462912137958e-19
0.08774821716350514,0.086946337677577,0.10026548630335137,0.0999140037485567,0.11709046363830566,0.004368614571876947,0.004368396469800473,0.06494545936584473,1.2463068811465916e-19
0.08774756628839907,0.08694620957375115,0.10026581688135407,0.09991414435343367,0.1171104907989502,0.00436839647470507,0.0043681783838067645,0.06481099128723145,1.2463225563250206e-19
0.08774691543192505,0.08694608147539955,0.10026614743850587,0.09991428495047867,0.11745738983154297,0.004368178388438456,0.004367960308471197,0.06531286239624023,1.2463382234747346e-19
0.08774626459408426,0.0869459533825219,0.10026647797480856,0.09991442553969213,0.11789727210998535,0.004367960313078839,0.004367742243793771,0.06522345542907715,1.2463538940809144e-19
0.08774561377487779,0.0869458252951179,0.10026680849026394,0.09991456612107442,0.11922097206115723,0.004367742248624073,0.0043675241903073925,0.06651449203491211,1.246369564411069e-19
0.0877449629743067,0.0869456972131873,0.10026713898487379,0.099914706694626,0.11823296546936035,0.004367524195074865,0.004367306147479155,0.06504034996032715,1.2463852350217446e-19
0.08774431219237204,0.08694556913672978,0.10026746945863987,0.09991484726034727,0.11774373054504395,0.004367306152430729,0.004367088115841966,0.06532073020935059,1.2464009035200403e-19
0.08774366142907497,0.08694544106574506,0.10026779991156404,0.09991498781823867,0.11834907531738281,0.004367088120690056,0.004366870094862918,0.06527256965637207,1.2464165639742739e-19
0.08774301068441664,0.08694531300023285,0.10026813034364804,0.09991512836830059,0.1173241138458252,0.004366870099852354,0.004366652084719647,0.06433296203613281,1.2464322281990685e-19
0.08774235995839809,0.08694518494019285,0.10026846075489368,0.09991526891053346,0.11727213859558105,0.004366652089918098,0.004366434086122695,0.06524872779846191,1.246447900003839e-19
0.08774170925102048,0.08694505688562477,0.10026879114530274,0.09991540944493768,0.11708712577819824,0.004366434090884618,0.004366216097650977,0.06426072120666504,1.2464635611809716e-19
0.08774105856228492,0.08694492883652834,0.10026912151487699,0.09991554997151367,0.11889147758483887,0.0043662161027531576,0.004365998120370307,0.0649104118347168,1.2464792279968117e-19
0.08774040789219247,0.08694480079290326,0.10026945186361827,0.09991569049026185,0.11811327934265137,0.004365998125522831,0.004365780153747778,0.06403517723083496,1.246494890033586e-19
0.08773975724074423,0.08694467275474924,0.10026978219152835,0.09991583100118262,0.11983394622802734,0.004365780159193076,0.004365562198671569,0.06454133987426758,1.2465105536820388e-19
0.0877391066079413,0.08694454472206598,0.10027011249860904,0.09991597150427643,0.11912012100219727,0.00436556220376323,0.004365344254075865,0.06458711624145508,1.2465262159422775e-19
0.0877384559937849,0.0869444166948532,0.10027044278486211,0.09991611199954367,0.1184542179107666,0.004365344259232574,0.004365126320671209,0.06387686729431152,1.246541880875265e-19
0.08773780539827607,0.08694428867311062,0.10027077305028934,0.09991625248698477,0.12036347389221191,0.00436512632560078,0.004364908398457601,0.06492424011230469,1.246557540914808e-19
0.08773715482141589,0.08694416065683794,0.10027110329489253,0.09991639296660014,0.11871576309204102,0.004364908402865327,0.00436469048583632,0.06491947174072266,1.2465732008210391e-19
0.08773650426320548,0.08694403264603487,0.10027143351867346,0.09991653343839017,0.1181483268737793,0.004364690491029781,0.004364472585471901,0.06412887573242188,1.246588863004375e-19
0.08773585372364591,0.08694390464070112,0.10027176372163395,0.09991667125773138,0.11878585815429688,0.0043644725900897135,0.004364254694877445,0.06385588645935059,1.2466045188700178e-19
0.0877352032027383,0.0869437766408364,0.10027209390377576,0.09991680787516417,0.1201014518737793,0.004364254700046458,0.004364036816362216,0.06476521492004395,1.246620181508859e-19
0.08773455270048376,0.08694364864644043,0.10027242406510069,0.09991694448502081,0.1187601089477539,0.004364036820897689,0.004363818947616949,0.06456661224365234,1.2466358422247645e-19
0.08773390221688337,0.08694352065751292,0.10027275420561052,0.09991708108730167,0.12256288528442383,0.0043638189526468574,0.004363601090418001,0.06481242179870605,1.246651496355886e-19
0.08773325175193827,0.08694339267405357,0.10027308432530706,0.09991721768200716,0.1234736442565918,0.004363601095290822,0.004363383243521923,0.06538796424865723,1.2466671588649996e-19
0.08773260130564954,0.08694326084113212,0.10027341442419209,0.09991735426913766,0.12022709846496582,0.004363383248830298,0.004363165408527436,0.06519222259521484,1.2466828098276974e-19
0.0877319508780183,0.08694312654863037,0.10027374450226739,0.09991749084869357,0.12176871299743652,0.004363165413262089,0.00436294758419109,0.06489062309265137,1.2466984714561547e-19
0.08773130046904566,0.08694299226186294,0.10027407455953478,0.09991762742067531,0.1202080249786377,0.004362947588586618,0.004362729769979978,0.06617188453674316,1.2467141249148404e-19
0.08773065007873268,0.08694285798082955,0.10027440459599603,0.09991776398508326,0.12166571617126465,0.004362729774805389,0.004362511966959914,0.0666511058807373,1.2467297813599496e-19
0.0877299997070805,0.08694272370552988,0.1002747346116529,0.0999179005419178,0.11917376518249512,0.004362511971916499,0.004362294174953263,0.0655355453491211,1.246745439099233e-19
0.08772934935409021,0.08694258943596364,0.10027506460650722,0.09991803709117934,0.11955404281616211,0.004362294179918758,0.004362076393604752,0.06561994552612305,1.24676108732727e-19
0.08772869901976292,0.08694245517213053,0.10027539458056076,0.09991817363286828,0.1192162036895752,0.0043620763988126135,0.004361858623980197,0.06540489196777344,1.2467767403571654e-19
0.08772804870409971,0.08694232091403026,0.10027572453381528,0.099918310166985,0.11994695663452148,0.004361858628596489,0.00436164086430324,0.06543445587158203,1.246792390667552e-19
0.08772739840710168,0.08694218666166252,0.10027605446627257,0.09991844669352991,0.11868548393249512,0.004361640869270222,0.004361423116350238,0.06547427177429199,1.2468080426384582e-19
0.08772674812876997,0.08694205241502702,0.10027638437793444,0.0999185832125034,0.11868500709533691,0.004361423120832499,0.004361205378167199,0.06511926651000977,1.2468237012090894e-19
0.08772609786910568,0.08694191817412346,0.10027671426880269,0.09991871972390587,0.12021970748901367,0.0043612053832852065,0.004360987650997572,0.06562352180480957,1.246839349222846e-19
0.08772544762810987,0.08694178393895152,0.1002770441388791,0.09991885622773769,0.12014484405517578,0.004360987656626826,0.004360769935729536,0.06659793853759766,1.2468549994809036e-19
0.08772479740578364,0.08694164970951092,0.10027737398816544,0.09991899272399928,0.1197652816772461,0.00436076994085605,0.004360552230942005,0.06502175331115723,1.2468706471503363e-19
0.08772414720212808,0.08694151548580135,0.10027770381666351,0.09991912921269101,0.1205437183380127,0.004360552235972346,0.004360334536457344,0.06566905975341797,1.2468862891487467e-19
0.08772349701714434,0.08694138126782251,0.10027803362437508,0.09991926569381329,0.11959123611450195,0.004360334541975284,0.004360116854229545,0.06546783447265625,1.246901945117388e-19
0.08772284685083344,0.08694124705557413,0.10027836341130195,0.09991940216736651,0.11942601203918457,0.004360116858863817,0.004359899181771709,0.06511569023132324,1.2469175940175646e-19
0.08772219670319653,0.08694111284905587,0.1002786931774459,0.09991953863335107,0.11980438232421875,0.004359899186638127,0.004359681520327285,0.06600809097290039,1.2469332414300123e-19
0.08772154657423471,0.08694097864826744,0.1002790229228087,0.09991967509176736,0.11988282203674316,0.004359681525297677,0.00435946387007391,0.06518387794494629,1.246948886961591e-19
0.0877208964639491,0.08694084445320857,0.10027935264739216,0.09991981154261577,0.12085962295532227,0.0043594638748415794,0.004359246230301039,0.06603789329528809,1.2469645328282988e-19
0.08772024637234078,0.08694071026387894,0.10027968235119804,0.0999199479858967,0.12063360214233398,0.004359246235269983,0.004359028601541581,0.06546640396118164,1.2469801729170686e-19
0.08771959629941088,0.08694057608027825,0.10028001203422815,0.09992008442161056,0.12085485458374023,0.004359028606582336,0.0043588109839731715,0.0662832260131836,1.2469958221370662e-19
0.08771894624516045,0.08694044190240621,0.10028034169648425,0.09992022084975771,0.1199953556060791,0.004358810988776364,0.004358593376885267,0.06617856025695801,1.2470114675342165e-19
0.08771829620959064,0.08694030773026251,0.10028067133796814,0.09992035727033857,0.11954307556152344,0.004358593381853599,0.0043583757809884105,0.06597113609313965,1.2470271091462634e-19
0.08771764619270256,0.08694017356384685,0.1002810009586816,0.09992049368335354,0.11939263343811035,0.0043583757858127415,0.004358158195749695,0.06635475158691406,1.2470427506728371e-19
0.08771699619449734,0.08694003940315896,0.1002813305586264,0.09992063008880302,0.11948037147521973,0.004358158200653319,0.004357940621524392,0.06642746925354004,1.2470583943036332e-19
0.087716346214976,0.08693990524819852,0.10028166013780433,0.09992076648668739,0.11814713478088379,0.0043579406263744135,0.004357723058134866,0.06559157371520996,1.2470740338374674e-19
0.08771569625413969,0.08693977109896521,0.10028198969621718,0.09992090287700704,0.11891841888427734,0.004357723062975586,0.004357505505581116,0.06533050537109375,1.247089677070514e-19
0.08771504631198951,0.08693963695545875,0.10028231923386675,0.0999210392597624,0.11939883232116699,0.0043575055104571455,0.004357287963863143,0.06614303588867188,1.2471053227424078e-19
0.08771439638852649,0.08693950281767886,0.10028264875075482,0.09992117563495381,0.11784672737121582,0.004357287968816649,0.004357070433158583,0.06615853309631348,1.24712095377965e-19
0.08771374648375171,0.08693936868562521,0.10028297824688315,0.0999213120025817,0.11881589889526367,0.004357070438054801,0.004356852913467435,0.06607413291931152,1.2471365980290062e-19
0.08771309659766634,0.08693923455929752,0.10028330772225351,0.09992144836264645,0.1191561222076416,0.0043568529181707985,0.004356635404612064,0.06560277938842773,1.2471522331201861e-19
0.0877124467302714,0.0869391004386955,0.1002836371768677,0.09992158471514848,0.11672139167785645,0.004356635409163982,0.004356417906237198,0.06524848937988281,1.2471678712140877e-19
0.08771179688156804,0.08693896632381884,0.10028396661072748,0.09992172106008816,0.11827540397644043,0.004356417911034949,0.0043562004186981085,0.06473636627197266,1.2471835094878565e-19
0.08771114705155736,0.08693883221466724,0.10028429602383467,0.0999218573974659,0.11747455596923828,0.004356200423782764,0.00435598294306061,0.06597709655761719,1.247199145090398e-19
0.08771049724024046,0.08693869811124039,0.10028462541619104,0.09992199372728208,0.1190333366394043,0.004355982947404445,0.004355765477015439,0.06613898277282715,1.247214781890113e-19
0.08770984744761844,0.086938564013538,0.10028495478779838,0.09992213004953712,0.11617469787597656,0.004355765481902618,0.004355548022516587,0.06469988822937012,1.2472304193977533e-19
0.08770919767369234,0.08693842992155978,0.10028528413865845,0.0999222663642314,0.11628985404968262,0.0043555480272749825,0.004355330578853511,0.06457757949829102,1.2472460572313164e-19
0.08770854791846328,0.08693829583530543,0.10028561346877306,0.09992240267136532,0.11601686477661133,0.004355330583521301,0.004355113146203848,0.06465721130371094,1.2472616898364036e-19
0.08770789818193234,0.08693816175477465,0.10028594277814397,0.09992253563315515,0.11596465110778809,0.004355113150641337,0.0043548957236794195,0.06417202949523926,1.2472773213245215e-19
0.08770724846410068,0.08693802767996714,0.10028627206677296,0.09992266808834838,0.11599111557006836,0.0043548957286357265,0.004354678312168403,0.06398439407348633,1.2472929576395212e-19
0.08770659876496938,0.0869378936108826,0.1002866013346618,0.09992280053622847,0.11636066436767578,0.004354678317503795,0.004354460912203706,0.06371903419494629,1.247308589936984e-19
0.08770594908453955,0.08693775954752073,0.10028693058181229,0.0999229329767958,0.11814308166503906,0.004354460917242618,0.004354243523074786,0.06320333480834961,1.2473242179961131e-19
0.08770529942281223,0.08693762548988124,0.10028725980822621,0.09992306541005076,0.11819958686828613,0.004354243527852035,0.004354026144248735,0.06380605697631836,1.2473398516434787e-19
0.08770464977978853,0.08693749143796384,0.10028758901390533,0.0999231978359937,0.12039780616760254,0.004354026149333497,0.004353808776436097,0.06297993659973145,1.2473554844692626e-19
0.08770400015546957,0.08693735739176821,0.10028791819885144,0.09992333025462499,0.12005853652954102,0.004353808781685798,0.004353591419992142,0.0639486312866211,1.2473711077370196e-19
0.08770335054985638,0.08693722335129406,0.10028824736306632,0.09992346266594501,0.1216731071472168,0.004353591424907078,0.004353374073851057,0.06491923332214355,1.2473867452661153e-19
0.08770270096295012,0.08693708931654108,0.10028857650655174,0.09992359506995413,0.12009406089782715,0.00435337407899776,0.004353156738901021,0.06410980224609375,1.2474023672934938e-19
0.08770205139475185,0.086936955287509,0.10028890562930946,0.09992372746665273,0.12132763862609863,0.004353156743956902,0.004352939414609125,0.06551194190979004,1.2474180001198561e-19
0.08770140184526269,0.0869368212641975,0.10028923473134128,0.0999238598560412,0.1220102310180664,0.004352939419785072,0.004352722101508277,0.06507468223571777,1.247433630850326e-19
0.08770075231448371,0.08693668724660629,0.10028956381264899,0.0999239922381199,0.12215447425842285,0.004352722106480352,0.004352504799065571,0.06562185287475586,1.2474492514110801e-19
0.08770010280241597,0.08693655323473506,0.10028989287323432,0.0999241246128892,0.12260818481445312,0.004352504804042819,0.004352287507458641,0.06556177139282227,1.2474648836207725e-19
0.08769945330906063,0.0869364183574309,0.10029022191309911,0.0999242569803495,0.12245059013366699,0.004352287512471711,0.004352070227220395,0.06622481346130371,1.2474805047567013e-19
0.0876988038344188,0.08693627804587795,0.10029055093224509,0.09992438934050114,0.12178230285644531,0.004352070231765663,0.004351852957462654,0.06646919250488281,1.24749613419839e-19
0.0876981543784916,0.08693613774030963,0.10029087993067405,0.09992452169334452,0.1224360466003418,0.004351852961924876,0.004351635698007783,0.06686139106750488,1.2475117566435396e-19
0.08769750494128012,0.08693599744072568,0.10029120890838777,0.09992465403888,0.1210484504699707,0.004351635702950485,0.004351418450276867,0.06652474403381348,1.2475273859818485e-19
0.08769685552278543,0.08693585714712578,0.10029153786538803,0.09992478637710796,0.1208193302154541,0.004351418454840205,0.004351201212848821,0.06650757789611816,1.2475430042622193e-19
0.0876962061230086,0.08693571685950961,0.1002918668016766,0.09992491870802878,0.1207420825958252,0.004351201217594286,0.004350983986256551,0.06575989723205566,1.2475586272145656e-19
0.08769555674195072,0.08693557657787687,0.10029219571725526,0.09992505103164283,0.12007379531860352,0.004350983991211429,0.00435076677085533,0.0655660629272461,1.2475742485050614e-19
0.08769490737961291,0.08693543630222726,0.10029252461212577,0.09992518334795046,0.12121319770812988,0.004350766775691098,0.004350549566289885,0.06592011451721191,1.2475898708557889e-19
0.08769425803599631,0.08693529603256046,0.10029285348628993,0.09992531565695208,0.12066054344177246,0.0043505495710330615,0.004350332372204946,0.06642341613769531,1.247605496188629e-19
0.08769360871110198,0.08693515576887617,0.1002931823397495,0.09992544795864805,0.12153768539428711,0.004350332377236502,0.00435011518948869,0.06620264053344727,1.2476211145474202e-19
0.08769295940493105,0.08693501551117408,0.10029351117250626,0.09992558025303874,0.12129426002502441,0.004350115194300468,0.004349898017430576,0.06585478782653809,1.2476367352984692e-19
0.08769231011748455,0.08693487525945387,0.10029383998456201,0.09992571254012454,0.11931133270263672,0.004349898022225784,0.004349680856208238,0.06539106369018555,1.2476523508555293e-19
0.0876916608487636,0.08693473501371525,0.1002941687759185,0.09992584481990582,0.12131142616271973,0.004349680861010867,0.004349463705644041,0.06497764587402344,1.2476679729097387e-19
0.08769101159876931,0.08693459477395792,0.1002944975465775,0.09992597709238295,0.12067031860351562,0.0043494637106559365,0.004349246566270892,0.06679010391235352,1.2476835897905622e-19
0.08769036236750269,0.08693445454018155,0.10029482629654081,0.09992610935755632,0.12148427963256836,0.004349246571159035,0.004349029437911156,0.06689691543579102,1.2476992065067266e-19
0.08768971315496488,0.08693431431238584,0.10029515502581018,0.09992624161542629,0.11814498901367188,0.00434902944252089,0.004348812319854289,0.06526899337768555,1.247714825319707e-19
0.08768906396115696,0.0869341740905705,0.1002954837343874,0.09992637386599325,0.11809277534484863,0.00434881232474015,0.004348595212810835,0.0650324821472168,1.2477304421802048e-19
0.08768841478608005,0.08693403387473521,0.10029581242227426,0.09992650610925755,0.11855030059814453,0.004348595217816759,0.0043483781173137,0.06513333320617676,1.2477460639430818e-19
0.08768776562973525,0.08693389366487965,0.10029614108947248,0.09992663834521957,0.11865997314453125,0.004348378121749197,0.004348161031764164,0.06515264511108398,1.247761671355763e-19
0.08768711649212363,0.08693375346100354,0.10029646973598386,0.0999267705738797,0.11834907531738281,0.00434816103653903,0.00434794395722804,0.06531643867492676,1.247777285698114e-19
0.08768646737324624,0.08693361326310656,0.10029679836181019,0.0999269027952383,0.11925196647644043,0.004347943962184649,0.004347726893882964,0.06580519676208496,1.2477929017000706e-19
0.08768581827310422,0.0869334730711884,0.10029712696695324,0.09992703500929576,0.1187891960144043,0.004347726898686166,0.004347509841018393,0.06547141075134277,1.2478085184021375e-19
0.08768516919169864,0.08693333288524877,0.1002974555514148,0.09992716721605244,0.11934494972229004,0.004347509846041717,0.004347292799522506,0.06649041175842285,1.2478241247622218e-19
0.08768452012903058,0.08693319270528733,0.10029778411519662,0.09992729941550872,0.11942744255065918,0.004347292804251705,0.004347075768329489,0.06521105766296387,1.2478397413699439e-19
0.08768387108510114,0.0869330525313038,0.10029811265830048,0.09992743160766497,0.11862468719482422,0.004347075773315945,0.004346858748505156,0.06571459770202637,1.2478553463559438e-19
0.08768322205991146,0.08693291236329787,0.10029844118072816,0.09992756379252155,0.11940503120422363,0.004346858753231919,0.004346641739338963,0.06567907333374023,1.2478709653013572e-19
0.0876825730534626,0.08693277220126922,0.10029876968248141,0.09992769597007885,0.11783385276794434,0.004346641744000319,0.004346424740298005,0.06492304801940918,1.2478865701424025e-19
0.08768192406575565,0.08693263204521753,0.10029909816356204,0.09992782814033724,0.11915326118469238,0.004346424745621803,0.004346207752803366,0.06618952751159668,1.2479021800216158e-19
0.0876812750967917,0.08693249189514254,0.1002994266239718,0.0999279603032971,0.11867046356201172,0.004346207758094011,0.004345990776499775,0.06509184837341309,1.247917789324103e-19
0.08768062614657177,0.08693235175104393,0.10029975506371244,0.09992808927915613,0.11985206604003906,0.004345990781417097,0.004345773810854325,0.06606888771057129,1.2479333951383521e-19
0.08767997721509706,0.08693221161292136,0.10030008348278574,0.09992821759205342,0.11858797073364258,0.00434577381559016,0.004345556855511745,0.06502747535705566,1.2479490070566936e-19
0.08767932830236859,0.08693207148077454,0.10030041188119349,0.09992834589789751,0.11960339546203613,0.004345556860613349,0.004345339911360213,0.06557488441467285,1.2479646155924506e-19
0.08767867940838746,0.08693193135460318,0.10030074025893745,0.09992847419668877,0.11869215965270996,0.004345339916485441,0.004345122978044458,0.06555461883544922,1.2479802223417547e-19
0.08767803053315475,0.08693179123440696,0.1003010686160194,0.09992860248842753,0.11864709854125977,0.004345122983206238,0.0043449060559197505,0.06520366668701172,1.2479958292495778e-19
0.08767738167667156,0.08693165112018558,0.1003013969524411,0.09992873077311415,0.11883401870727539,0.004344906060774165,0.004344689144453184,0.06587481498718262,1.2480114317233102e-19
0.08767673283893902,0.08693151101193872,0.10030172526820434,0.09992885905074901,0.11789107322692871,0.0043446891491909535,0.004344472243289488,0.06551146507263184,1.2480270448138598e-19
0.08767608401995822,0.08693137090966607,0.10030205356331089,0.09992898732133244,0.1170506477355957,0.004344472248454246,0.004344255353494475,0.06455802917480469,1.2480426429256028e-19
0.08767543521973022,0.08693123081336734,0.1003023818377625,0.09992911558486481,0.1173257827758789,0.00434425535856373,0.004344038474179968,0.06489038467407227,1.2480582471771894e-19
0.08767478643825613,0.08693109072304223,0.10030271009156096,0.09992924384134645,0.11802029609680176,0.004344038479519522,0.004343821606767051,0.06571435928344727,1.2480738476374172e-19
0.087674137675537,0.08693095063869041,0.10030303832470804,0.09992937209077775,0.11661195755004883,0.004343821611320033,0.004343604749124097,0.06515192985534668,1.2480894498043193e-19
0.08767348893157395,0.08693081056031157,0.10030336653720548,0.09992950033315902,0.11847805976867676,0.004343604753965756,0.00434338790231692,0.06483340263366699,1.2481050549687618e-19
0.08767284020636808,0.08693067048790544,0.10030369472905508,0.09992962856849065,0.11969542503356934,0.0043433879074555315,0.004343171067233698,0.06535649299621582,1.2481206549227856e-19
0.08767219149992045,0.08693053042147168,0.10030402290025858,0.09992975679677299,0.1169884204864502,0.004343171071788342,0.004342954242453345,0.06473779678344727,1.2481362554147082e-19
0.08767154281223213,0.08693039036101,0.1003043510508178,0.0999298850180064,0.11845803260803223,0.00434295424696376,0.004342737428331134,0.06488609313964844,1.2481518522223422e-19
0.08767089414330426,0.08693025030652009,0.10030467918073445,0.09993001323219122,0.11671113967895508,0.004342737432982575,0.004342520624867063,0.06540274620056152,1.248167450669665e-19
0.0876702454931379,0.08693011025800164,0.10030500729001034,0.09993014143932782,0.1176002025604248,0.004342520629844196,0.004342303832771677,0.06478023529052734,1.24818305242589e-19
0.08766959686173416,0.08692997021545434,0.10030533537864722,0.09993026963941654,0.11628460884094238,0.004342303837547783,0.00434208705097916,0.0629420280456543,1.2481986482633167e-19
0.0876689482490941,0.0869298301788779,0.10030566344664688,0.09993039783245772,0.11586642265319824,0.004342087056091152,0.004341870280910598,0.06319189071655273,1.2482142491912681e-19
0.08766829965521883,0.086929690148272,0.10030599149401104,0.09993052601845175,0.11581087112426758,0.004341870285474299,0.004341653520611999,0.06293177604675293,1.248229844346979e-19
0.08766765108010945,0.08692955012363633,0.10030631952074151,0.09993065419739895,0.11774873733520508,0.004341653525698544,0.0043414367722149905,0.06333160400390625,1.248245441265611e-19
0.08766700252376705,0.08692940980985157,0.10030664752684008,0.0999307823692997,0.11809659004211426,0.004341436776761131,0.00434122003376558,0.06335210800170898,1.2482610398067718e-19
0.0876663539861927,0.08692926349372931,0.10030697551230848,0.09993091053415436,0.11902737617492676,0.004341220038663351,0.004341003306329583,0.06329154968261719,1.2482766379225129e-19
0.08766570546738749,0.08692911718384046,0.10030730347714849,0.09993103869196326,0.11908531188964844,0.004341003311403593,0.004340786590262269,0.06267976760864258,1.2482922288074055e-19
0.08766505696735251,0.08692897088018468,0.10030763142136187,0.09993116684272678,0.11821746826171875,0.004340786594981959,0.004340569884853096,0.06308174133300781,1.2483078236969927e-19
0.08766440848608878,0.08692882458276167,0.10030795934495039,0.09993129498644526,0.11906147003173828,0.0043405698893962405,0.004340353189569157,0.06448745727539062,1.248323416478448e-19
0.08766376002359742,0.08692867829157112,0.10030828724791581,0.09993142312311903,0.12053728103637695,0.004340353194648251,0.004340136505831538,0.0643911361694336,1.2483390092663049e-19
0.0876631115798795,0.08692853200661271,0.10030861513025988,0.09993155125274848,0.12054443359375,0.0043401365107371016,0.004339919832929695,0.06483340263366699,1.2483546017119615e-19
0.08766246315493612,0.08692838572788612,0.10030894299198438,0.09993167937533395,0.1222987174987793,0.004339919837660562,0.004339703170330722,0.06586003303527832,1.248370191955619e-19
0.08766181474876837,0.08692823945539105,0.10030927083309107,0.09993180749087581,0.12090730667114258,0.004339703175419567,0.0043394865192780685,0.06583881378173828,1.2483857829656845e-19
0.08766116636137741,0.08692809318912716,0.10030959865358174,0.0999319355993744,0.12116694450378418,0.004339486524011646,0.004339269878883556,0.06587529182434082,1.2484013753619796e-19
0.08766051799276431,0.08692794692909417,0.10030992645345815,0.09993206370083008,0.12107634544372559,0.004339269883438427,0.004339053248791913,0.06595754623413086,1.2484169637517557e-19
0.08765986964293011,0.08692780067529174,0.10031025423272205,0.0999321917952432,0.12156438827514648,0.004339053253698693,0.004338836630068954,0.06598424911499023,1.2484325553337984e-19
0.08765922131187591,0.08692765442771958,0.10031058199137521,0.09993231988261411,0.12111520767211914,0.004338836634791861,0.004338620022004136,0.0650179386138916,1.2484481445180198e-19
0.0876585729996028,0.08692750818637732,0.10031090972941939,0.09993244796294319,0.12069272994995117,0.004338620026717703,0.004338403424242188,0.06676387786865234,1.248463730779151e-19
0.08765792470611182,0.08692736195126469,0.10031123744685637,0.09993257603623078,0.12103676795959473,0.004338403429476773,0.004338186838204194,0.06630754470825195,1.2484793202262876e-19
0.0876572764314041,0.08692721572238137,0.10031156514368791,0.09993270410247723,0.1204538345336914,0.004338186843065064,0.004337970262469071,0.06592655181884766,1.248494903461399e-19
0.08765662817548073,0.08692706949972702,0.10031189281991579,0.09993283216168292,0.12000679969787598,0.004337970267484144,0.004337753697924995,0.06624674797058105,1.248510487171191e-19
0.08765597993834282,0.08692692328330137,0.10031222047554174,0.09993296021384816,0.12060999870300293,0.004337753702732702,0.0043375371436837895,0.06516456604003906,1.2485260736793018e-19
0.0876553317199914,0.08692677707310408,0.10031254811056753,0.09993308825897335,0.11950087547302246,0.004337537148811624,0.004337320601166539,0.06580638885498047,1.2485416584588484e-19
0.08765468352042763,0.08692663086913484,0.10031287572499493,0.0999332162970588,0.12039613723754883,0.004337320605719268,0.0043371040685968865,0.06586790084838867,1.2485572434326112e-19
0.08765403533965256,0.08692648467139333,0.1003132033188257,0.09993334219282848,0.11724996566772461,0.004337104073456158,0.0043368875470406465,0.06466388702392578,1.248572827487947e-19
0.08765338717766731,0.08692633847987924,0.10031353089206162,0.09993346638219795,0.11803317070007324,0.004336887552021084,0.004336671036497819,0.06462812423706055,1.2485884141329784e-19
0.08765273903447289,0.08692619229459225,0.1003138584447044,0.09993359056477115,0.12115859985351562,0.004336671041412499,0.004336454536613132,0.06549525260925293,1.2486039922630317e-19
0.08765209091007042,0.08692604611553206,0.10031418597675587,0.09993371474054843,0.12023043632507324,0.004336454541631842,0.004336238047919494,0.06535458564758301,1.2486195801326663e-19
0.08765144280446097,0.08692589994269835,0.10031451348821777,0.09993383890953013,0.11977887153625488,0.004336238052677547,0.0043360215693510895,0.06479048728942871,1.248635157017551e-19
0.08765079471764563,0.0869257537760908,0.10031484097909185,0.09993396307171659,0.12007832527160645,0.0043360215745488545,0.004335805101973733,0.06560587882995605,1.2486507384274938e-19
0.08765014664962548,0.0869256076157091,0.10031516844937988,0.09993408722710813,0.12000036239624023,0.004335805107246472,0.004335588645609789,0.06580090522766113,1.2486663137228502e-19
0.08764949860040161,0.08692546146155292,0.10031549589908362,0.09993421137570509,0.11907315254211426,0.004335588650767496,0.004335372200259258,0.06508016586303711,1.2486819037958303e-19
0.0876488505699751,0.08692531531362195,0.10031582332820485,0.0999343355175078,0.11850380897521973,0.004335372205112365,0.004335155765389231,0.06491303443908691,1.2486974778547265e-19
0.087648202558347,0.0869251691719159,0.10031615073674532,0.09993445965251661,0.11977791786193848,0.004335155770281598,0.004334939341710253,0.06597518920898438,1.2487130606954258e-19
0.08764755456551844,0.08692502303643442,0.10031647812470679,0.09993458378073185,0.11919784545898438,0.004334939346272573,0.004334722928156509,0.06608104705810547,1.2487286328014593e-19
0.08764690659149052,0.08692487690717722,0.100316805492091,0.09993470790215386,0.12162995338439941,0.004334722933087524,0.00433450652632672,0.06602907180786133,1.2487442131081603e-19
0.08764625863626432,0.08692473078414399,0.10031713283889974,0.09993483201678297,0.12071013450622559,0.004334506530722151,0.004334290134622165,0.0660393238067627,1.2487597891374364e-19
0.08764561069984088,0.08692458466733442,0.10031746016513478,0.09993495612461951,0.11819624900817871,0.004334290139179599,0.0043340737528652085,0.06555914878845215,1.2487753634801422e-19
0.0876449627822213,0.08692443855674818,0.10031778747079786,0.09993508022566383,0.11899805068969727,0.004334073758458761,0.004333857383187478,0.06540083885192871,1.2487909398199461e-19
0.08764431488340667,0.08692429245238495,0.10031811475589075,0.09993520431991626,0.1195821762084961,0.004333857388558611,0.0043336410245231605,0.06728506088256836,1.248806513075588e-19
0.08764366700339811,0.08692414635424442,0.1003184420204152,0.09993532840737712,0.11974811553955078,0.004333641029477675,0.004333424676339348,0.06699609756469727,1.248822092471847e-19
0.08764301914219663,0.08692400026232627,0.10031876926437298,0.09993545248804676,0.11613202095031738,0.004333424681215721,0.004333208338991312,0.06447100639343262,1.2488376610405652e-19
0.0876423712998033,0.0869238541766302,0.10031909648776585,0.09993557656192552,0.1166236400604248,0.004333208343771547,0.004332992012301418,0.06565594673156738,1.2488532329061854e-19
0.08764172347621926,0.0869237080971559,0.10031942369059557,0.09993570062901372,0.11603808403015137,0.0043329920171456,0.0043327756964473,0.06499266624450684,1.2488688045114093e-19
0.08764107567144555,0.08692356202390304,0.1003197508728639,0.09993582468931171,0.11625432968139648,0.004332775701337737,0.004332559391073687,0.06457018852233887,1.2488843805221726e-19
0.0876404278854833,0.08692341595687132,0.1003200780345726,0.09993594874281982,0.11680340766906738,0.004332559396347696,0.004332343097068758,0.06503939628601074,1.2488999480858527e-19
0.0876397801183336,0.08692326989606043,0.10032040517572345,0.0999360727895384,0.11583089828491211,0.004332343102173916,0.004332126814432513,0.06458830833435059,1.2489155178413338e-19
0.08763913236999747,0.08692312384147005,0.10032073229631816,0.09993619682946775,0.11595749855041504,0.004332126818814517,0.004331910541210959,0.06433677673339844,1.2489310910466145e-19
0.08763848464047605,0.08692297779309986,0.1003210593963585,0.09993632086260823,0.11732149124145508,0.004331910546272325,0.004331694279358089,0.06458020210266113,1.2489466610531047e-19
0.08763783692977035,0.08692283175094954,0.10032138647584626,0.09993644488896015,0.11639857292175293,0.0043316942845448405,0.004331478028873903,0.06397128105163574,1.248962230220902e-19
0.08763718923788148,0.0869226857150188,0.10032171353478317,0.0999365689085239,0.11734509468078613,0.004331478033631426,0.004331261788337315,0.06534671783447266,1.2489777954458567e-19
0.08763654156481056,0.08692253968530729,0.10032204057317097,0.09993669292129977,0.1158287525177002,0.00433126179353226,0.004331045558991775,0.06372737884521484,1.2489933609821542e-19
0.08763589391055868,0.08692239366181471,0.10032236759101146,0.09993681692728809,0.1164553165435791,0.00433104556424616,0.004330829340837283,0.06378626823425293,1.2490089296115803e-19
0.08763524627512694,0.08692224603710702,0.10032269458830638,0.09993694092648922,0.1164093017578125,0.004330829345772201,0.004330613133696204,0.06342291831970215,1.2490244993340986e-19
0.08763459865851629,0.08692209372922372,0.10032302156505747,0.09993706491890347,0.11735677719116211,0.004330613138110443,0.0043303969366803585,0.0627756118774414,1.249040063706445e-19
0.08763395106072788,0.086921941427821,0.10032334852126651,0.09993718890453121,0.11770987510681152,0.004330396941260061,0.0043301807506779255,0.0632331371307373,1.2490556267464575e-19
0.08763330348176278,0.08692178913289857,0.10032367545693525,0.09993731288337275,0.1187143325805664,0.004330180755220547,0.0043299645753336335,0.06286048889160156,1.24907118933662e-19
0.0876326559216221,0.08692163684445606,0.10032400237206547,0.09993743685542844,0.12041234970092773,0.004329964579992333,0.004329748410825118,0.06299781799316406,1.249086750545951e-19
0.08763200838030694,0.08692148456249318,0.10032432926665891,0.09993756082069859,0.12044310569763184,0.004329748415574246,0.004329532256797108,0.06252384185791016,1.2491023192382059e-19
0.08763136085781831,0.08692133228700959,0.1003246561407173,0.09993768477918355,0.11851191520690918,0.0043295322619654325,0.004329316114315418,0.06320452690124512,1.249117884098052e-19
0.08763071335415734,0.08692118001800496,0.10032498299424242,0.09993780873088366,0.1197967529296875,0.004329316119167243,0.0043290999824918686,0.06385922431945801,1.2491334451078852e-19
0.0876300658693251,0.08692102775547898,0.100325309827236,0.09993793267579924,0.12031865119934082,0.004329099987176214,0.004328883860971189,0.06438183784484863,1.249149007947477e-19
0.0876294184033227,0.08692087549943134,0.10032563663969983,0.09993805661393064,0.12053275108337402,0.004328883865993149,0.0043286677513521,0.06444120407104492,1.2491645660253736e-19
0.0876287709561512,0.08692072324986169,0.10032596343163566,0.09993818054527821,0.12164855003356934,0.004328667755616361,0.004328451651147702,0.06502103805541992,1.249180126746031e-19
0.08762812352781164,0.08692057100676974,0.10032629020304526,0.09993830430218038,0.11964082717895508,0.004328451656047473,0.004328235562844895,0.0648343563079834,1.2491956862612459e-19
0.08762747611830518,0.08692041877015515,0.10032661695393036,0.09993842438563418,0.12112903594970703,0.004328235567283256,0.0043280194846673226,0.0657956600189209,1.2492112413247973e-19
0.08762682872763286,0.0869202665400176,0.10032694368429271,0.09993854446254573,0.12252616882324219,0.004328019489325722,0.004327803417503162,0.0660560131072998,1.2492268088730194e-19
0.08762618135579574,0.08692011431635678,0.10032727039413407,0.09993866453291536,0.12146639823913574,0.004327803422173166,0.004327587360819507,0.06652498245239258,1.2492423613546564e-19
0.0876255340027949,0.08691996209917234,0.1003275970834562,0.0999387845967434,0.1215367317199707,0.004327587365825592,0.0043273713153269,0.06528949737548828,1.249257922039668e-19
0.08762488666863141,0.08691980988846398,0.10032792375226089,0.09993890465403014,0.1204531192779541,0.004327371320282831,0.004327155280314798,0.06623983383178711,1.249273474208245e-19
0.08762423935330639,0.08691965768423138,0.10032825040054986,0.09993902470477593,0.1209251880645752,0.004327155285544007,0.004326939256493745,0.06625890731811523,1.2492890306193498e-19
0.08762359205682084,0.0869195054864742,0.10032857702832486,0.09993914474898107,0.11815357208251953,0.0043269392616079256,0.004326723243508468,0.06503582000732422,1.249304583628991e-19
0.08762294477917587,0.08691935329519214,0.10032890363558764,0.09993926478664587,0.12112927436828613,0.004326723248474269,0.0043265072415366035,0.0668637752532959,1.249320142460215e-19
0.0876222975203726,0.08691920111038486,0.10032923022233994,0.09993938481777066,0.11961841583251953,0.004326507246142248,0.004326291249689973,0.06535959243774414,1.24933569566996e-19
0.08762165028041206,0.08691904893205203,0.10032955678858356,0.09993950484235575,0.12052416801452637,0.004326291254611026,0.004326075269034391,0.0660395622253418,1.249351255183386e-19
0.08762100305929539,0.08691889676019336,0.10032988333432022,0.09993962486040146,0.11916828155517578,0.004326075273880666,0.004325859299747492,0.06515741348266602,1.2493668029869233e-19
0.08762035585702363,0.08691874459480851,0.10033020985955167,0.0999397448719081,0.1182396411895752,0.004325859303949563,0.00432564334005292,0.06521940231323242,1.2493823576095834e-19
0.08761970867359788,0.08691859243589717,0.10033053636427967,0.09993986487687599,0.11932563781738281,0.004325643344820316,0.0043254273917270325,0.06578207015991211,1.249397907807426e-19
0.08761906150901919,0.086918440283459,0.100330862848506,0.09993998487530543,0.12068605422973633,0.004325427396488675,0.004325211454059286,0.06642675399780273,1.249413458280574e-19
0.08761841436328864,0.0869182881374937,0.10033118931223235,0.09994010486719677,0.12077498435974121,0.004325211458956723,0.004324995527582587,0.06627559661865234,1.2494290094955756e-19
0.08761776723640732,0.08691813599800093,0.10033151575546052,0.09994022485255032,0.11995244026184082,0.004324995532221602,0.004324779611231122,0.06617212295532227,1.2494445579357712e-19
0.08761712012837626,0.08691798386498037,0.10033184217819226,0.09994034483136635,0.12106156349182129,0.004324779616285892,0.004324563706425977,0.0667881965637207,1.2494601096476764e-19
0.08761647303919659,0.0869178317384317,0.10033216858042932,0.09994046480364523,0.12039446830749512,0.004324563711145818,0.004324347811923701,0.06689023971557617,1.2494756564215915e-19
0.08761582596886938,0.08691767961835463,0.10033249496217343,0.09994058476938726,0.11967206001281738,0.00432434781680201,0.004324131928434838,0.06581473350524902,1.2494912060961929e-19
0.08761517891739568,0.0869175275047488,0.10033282132342639,0.09994070472859276,0.1187751293182373,0.00432413193325485,0.004323916055604116,0.06464982032775879,1.2495067601445144e-19
0.08761453188477661,0.0869173753976139,0.10033314766418991,0.09994082468126204,0.11998867988586426,0.004323916060502492,0.0043237001934315344,0.06506800651550293,1.2495223050867968e-19
0.08761388487101325,0.08691722329694962,0.10033347398446577,0.09994094462739542,0.11940646171569824,0.004323700198545405,0.004323484342982908,0.06594347953796387,1.2495378526831468e-19
0.08761323787610667,0.08691707120275562,0.10033380028425568,0.09994106456699321,0.12026262283325195,0.004323484347381315,0.004323268502304245,0.06626415252685547,1.2495533922990882e-19
0.08761259090005796,0.08691691911503158,0.10033412656356142,0.09994118450005574,0.11962342262268066,0.004323268507012382,0.004323052672994265,0.06559562683105469,1.2495689392669517e-19
0.08761194394286817,0.08691676703377718,0.10033445282238472,0.09994130442658332,0.11783766746520996,0.004323052677436092,0.004322836853631884,0.06543779373168945,1.249584486670566e-19
0.08761129700453837,0.08691661495899212,0.10033477906072734,0.09994142434657625,0.11844325065612793,0.004322836858652974,0.004322621045460551,0.06503105163574219,1.2496000311126983e-19
0.08761065008506964,0.08691646289067606,0.10033510527859105,0.09994154426003489,0.1179494857788086,0.004322621050661991,0.004322405248657901,0.06643342971801758,1.24961556973873e-19
0.08761000318446302,0.08691631082882867,0.10033543147597757,0.09994166416695952,0.11960864067077637,0.004322405253462676,0.004322189462335757,0.06648135185241699,1.249631119371986e-19
0.08760935630271958,0.08691615877344963,0.10033575765288866,0.09994178406735045,0.11550092697143555,0.004322189467054822,0.004321973686671754,0.06420087814331055,1.2496466534575662e-19
0.08760870943984043,0.08691600672453863,0.10033608380932607,0.09994190396120801,0.11652541160583496,0.004321973691437226,0.004321757921665892,0.06517410278320312,1.249662201148997e-19
0.08760806259582665,0.08691585468209535,0.10033640994529154,0.09994202384853253,0.11638307571411133,0.00432175792661039,0.004321542168028714,0.06471800804138184,1.2496777394503648e-19
0.08760741577067932,0.08691570264611947,0.10033673606078684,0.09994214372932432,0.11687564849853516,0.004321542172571617,0.004321326424694405,0.06413722038269043,1.2496932759325475e-19
0.08760676896439948,0.08691555061661066,0.10033706215581371,0.0999422636035837,0.11733388900756836,0.004321326429321842,0.004321110691840602,0.06439924240112305,1.2497088169087409e-19
0.08760612217698821,0.0869153985935686,0.10033738823037391,0.09994238347131099,0.11656498908996582,0.004321110696861215,0.004320894970533118,0.06381964683532715,1.2497243575218558e-19
0.08760547540844658,0.08691524657699298,0.10033771428446918,0.09994250333250648,0.11677765846252441,0.004320894975187729,0.004320679258995597,0.06394028663635254,1.2497398986611415e-19
0.08760482865877564,0.08691509456688347,0.10033804031810127,0.09994262318717052,0.11708927154541016,0.004320679264302981,0.004320463559182031,0.06390762329101562,1.2497554358368631e-19
0.08760418192797649,0.08691493809460431,0.1003383663312719,0.09994274303530341,0.1168968677520752,0.004320463564203979,0.004320247869671334,0.06341314315795898,1.2497709713483338e-19
0.0876035352160502,0.08691477980614537,0.10033869232398283,0.09994286287690547,0.1172935962677002,0.0043202478748919386,0.004320032191529322,0.06345987319946289,1.2497865074101416e-19
0.08760288852299787,0.08691462152441266,0.10033901829623582,0.09994298271197702,0.1182398796081543,0.004320032196364895,0.004319816523512543,0.06271910667419434,1.249802049917182e-19
0.08760224184882054,0.08691446324940588,0.10033934424803259,0.09994310146684221,0.11951708793640137,0.0043198165286237175,0.004319600866686812,0.06296896934509277,1.2498175849339664e-19
0.08760159519351932,0.08691430498112468,0.10033967017937492,0.09994321745456382,0.11954927444458008,0.004319600871666468,0.0043193852201639515,0.06293535232543945,1.2498331171535182e-19
0.08760094855709523,0.08691414671956874,0.10033999609026455,0.09994333343599467,0.12034893035888672,0.004319385225494351,0.00431916958518741,0.06284022331237793,1.2498486539981893e-19
0.08760030193954936,0.08691398846473773,0.10034032198070321,0.09994344941113506,0.1215054988861084,0.004319169590105736,0.004318953960336103,0.06389546394348145,1.2498641863083634e-19
0.08759965534088283,0.08691383021663134,0.10034064785069267,0.0999435653799853,0.12018227577209473,0.004318953965499857,0.004318738346675843,0.06414937973022461,1.2498797173394677e-19
0.08759900876109666,0.0869136719752492,0.10034097370023466,0.09994368134254572,0.12277102470397949,0.004318738351675744,0.004318522743851361,0.06427812576293945,1.2498952563107757e-19
0.08759836220019193,0.086913513740591,0.10034129952933094,0.09994379729881657,0.12183618545532227,0.004318522748633544,0.004318307151329748,0.06325674057006836,1.2499107840315078e-19
0.08759771565816972,0.08691335551265642,0.10034162533798326,0.09994391324879817,0.12019968032836914,0.004318307156373045,0.004318091569466276,0.06510472297668457,1.2499263141620807e-19
0.08759706913503111,0.0869131972914451,0.10034195112619336,0.09994402919249082,0.12065720558166504,0.004318091574893805,0.004317875999149123,0.06451082229614258,1.249941845311227e-19
0.08759642263077717,0.08691303907695676,0.10034227689396297,0.0999441451298948,0.11992621421813965,0.0043178760041944425,0.004317660439667748,0.06512737274169922,1.2499573752624901e-19
0.08759577614540899,0.08691288086919101,0.10034260264129384,0.09994426106101041,0.12132573127746582,0.004317660444273829,0.004317444890311606,0.06519842147827148,1.249972909090975e-19
0.08759512967892764,0.08691272266814756,0.10034292836818773,0.09994437698583795,0.12012863159179688,0.00431744489513281,0.004317229352324148,0.06479334831237793,1.2499884347678488e-19
0.0875944832313342,0.0869125644738261,0.10034325407464637,0.09994449290437774,0.12163233757019043,0.004317229356769747,0.0043170138241066525,0.0653383731842041,1.2500039651592e-19
0.08759383680262972,0.08691240628622628,0.1003435797606715,0.09994460881663005,0.12118649482727051,0.004317013829185207,0.004316798307613112,0.06581330299377441,1.250019492322623e-19
0.08759319039281524,0.08691224810534776,0.10034390542626488,0.0999447247225952,0.11992931365966797,0.00431679831237855,0.004316582801955349,0.06501126289367676,1.2500350209309843e-19
0.08759254400189183,0.08691208993119023,0.10034423107142827,0.09994484062227349,0.12013792991638184,0.004316582806347961,0.004316367306600455,0.06591415405273438,1.250050542387646e-19
0.08759189762986058,0.08691193176375336,0.10034455669616339,0.0999449565156652,0.120361328125,0.004316367311094476,0.004316151822081338,0.06527280807495117,1.250066069510697e-19
0.08759125127672257,0.08691177360303683,0.10034488230047199,0.09994507240277066,0.1214151382446289,0.0043161518266156725,0.004315936347687455,0.06568169593811035,1.2500815993920798e-19
0.08759060494247883,0.08691161544904027,0.10034520788435582,0.09994518828359014,0.12132453918457031,0.004315936352914399,0.004315720884839891,0.0652458667755127,1.2500971228612575e-19
0.0875899586271305,0.0869114573017634,0.1003455334478166,0.09994530415812394,0.12005472183227539,0.004315720889987955,0.004315505432828104,0.06479430198669434,1.2501126469111553e-19
0.08758931233067864,0.08691129916120587,0.1003458589908561,0.09994542002637237,0.12174391746520996,0.004315505437835853,0.004315289991829729,0.0658113956451416,1.25012817069877e-19
0.08758866605312432,0.08691114102736734,0.10034618451347606,0.09994553588833573,0.12042665481567383,0.0043152899964565405,0.004315074560778953,0.06612277030944824,1.2501436960919526e-19
0.08758801979446862,0.0869109829002475,0.10034651001567821,0.0999456517440143,0.12163162231445312,0.004315074565851235,0.004314859141274496,0.06607484817504883,1.2501592179784237e-19
0.08758737355471258,0.086910824779846,0.10034683549746429,0.0999457675934084,0.12029170989990234,0.004314859146017263,0.004314643732605816,0.06471657752990723,1.2501747376129365e-19
0.08758672733385728,0.08691066666616254,0.10034716095883604,0.0999458834365183,0.11869144439697266,0.004314643736954786,0.00431442833406237,0.06561923027038574,1.250190261576294e-19
0.08758608113190379,0.08691050855919677,0.10034748639979522,0.09994599927334433,0.11861705780029297,0.00431442833866564,0.004314212946354701,0.06540536880493164,1.2502057810171828e-19
0.08758543494885322,0.08691035045894839,0.10034781182034358,0.09994611510388679,0.11815214157104492,0.004314212951146644,0.004313997569660444,0.0652925968170166,1.2502212968608308e-19
0.08758478878470663,0.08691019236541703,0.10034813722048283,0.09994623092814597,0.11882996559143066,0.004313997574398834,0.004313782203446692,0.0657811164855957,1.2502368194417643e-19
0.08758414263946507,0.08691003427860239,0.10034846260021474,0.09994634674612214,0.11834073066711426,0.0043137822084220985,0.004313566848068717,0.0655050277709961,1.2502523369802375e-19
0.08758349651312963,0.08690987619850413,0.10034878795954104,0.09994646255781564,0.11847376823425293,0.004313566853214767,0.0043133515038817904,0.06548666954040527,1.250267855740792e-19
0.08758285040570137,0.08690971812512194,0.10034911329846345,0.09994657836322675,0.11743927001953125,0.004313351508776058,0.004313136170175369,0.06547236442565918,1.2502833751995607e-19
0.08758220431718135,0.08690956005845547,0.10034943861698374,0.09994669416235576,0.1183326244354248,0.004313136175105439,0.004312920847304724,0.06589794158935547,1.250298890683277e-19
0.08758155824757063,0.08690940199850442,0.10034976391510364,0.09994680995520298,0.11917996406555176,0.00431292085220203,0.0043127055350922205,0.06698250770568848,1.2503144094457428e-19
0.08758091219687027,0.08690924394526843,0.10035008919282488,0.09994692574176871,0.11799407005310059,0.004312705540066243,0.004312490233893129,0.06531548500061035,1.250329924721068e-19
0.08758026616508134,0.08690908589874718,0.10035041445014922,0.09994704152205322,0.1180267333984375,0.004312490238697244,0.004312274943352179,0.06607532501220703,1.2503454352231787e-19
0.08757962015220491,0.08690892785894036,0.10035073968707839,0.09994715729605684,0.11760830879211426,0.004312274948094144,0.00431205966346937,0.06568694114685059,1.250360949091093e-19
0.08757897415824208,0.08690876982584764,0.10035106490361413,0.09994727306377987,0.1172635555267334,0.004312059668257078,0.0043118443942447016,0.06526708602905273,1.2503764664231526e-19
0.08757832818319393,0.08690861179946868,0.10035139009975817,0.0999473888252226,0.11768579483032227,0.004311844399184829,0.0043116291362110815,0.0659642219543457,1.25039198132107e-19
0.08757768222706146,0.08690845377980315,0.10035171527551226,0.09994750458038533,0.11699962615966797,0.004311629140876575,0.004311413888302695,0.06529784202575684,1.2504074910323162e-19
0.08757703628984574,0.08690829576685072,0.10035204043087816,0.09994761934739589,0.11823892593383789,0.00431141389333411,0.004311198651940629,0.06592845916748047,1.2504230082736415e-19
0.08757639037154787,0.08690813776061106,0.10035236556585758,0.09994773125523779,0.11664080619812012,0.004311198656554095,0.004310983426059067,0.06495928764343262,1.250438517322516e-19
0.08757574447216891,0.08690797976108385,0.10035269068045226,0.09994784315703763,0.11491274833679199,0.004310983430536396,0.004310768210835647,0.06414413452148438,1.25045402952416e-19
0.08757509859170995,0.08690782176826875,0.10035301577466396,0.09994795505279569,0.1157996654510498,0.004310768215280502,0.004310553005559825,0.06416583061218262,1.250469541464512e-19
0.08757445273017207,0.08690766144569624,0.10035334084849441,0.09994806694251228,0.11723613739013672,0.004310553010788239,0.004310337812007958,0.0647280216217041,1.250485046663036e-19
0.08757380688755632,0.08690749717929311,0.10035366590194535,0.09994817882618766,0.11661648750305176,0.00431033781705703,0.004310122629291868,0.06423330307006836,1.2505005590702397e-19
0.08757316106386376,0.08690733291986072,0.1003539909350185,0.0999482907038221,0.11702203750610352,0.004310122634087292,0.004309907457411555,0.0633399486541748,1.2505160689688263e-19
0.08757251525909544,0.08690716866739874,0.10035431594771561,0.09994840257541589,0.11838316917419434,0.00430990746187714,0.004309692295301204,0.06361699104309082,1.2505315753470672e-19
0.08757186947325245,0.08690700442190684,0.10035464094003842,0.09994851444096929,0.11932539939880371,0.0043096923004271375,0.004309477144914808,0.06352972984313965,1.2505470829044857e-19
0.08757122370633583,0.08690684018338468,0.10035496591198866,0.0999486263004826,0.11952400207519531,0.004309477149735972,0.004309262005008918,0.06299948692321777,1.2505625921519484e-19
0.0875705779583467,0.08690667595183194,0.10035529086356806,0.0999487381539561,0.12070608139038086,0.004309262009803854,0.0043090468759388045,0.06327247619628906,1.2505780975314576e-19
0.0875699322292861,0.08690651172724825,0.10035561579477839,0.09994885000139006,0.12184739112854004,0.004309046880628501,0.004308831757171561,0.06468892097473145,1.2505935998570227e-19
0.08756928651915503,0.0869063475096333,0.10035594070562136,0.09994896184278478,0.12015652656555176,0.004308831762211825,0.0043086166497730005,0.06458830833435059,1.2506091058824582e-19
0.08756864082795465,0.08690618329898674,0.10035626559609871,0.09994907367814052,0.12308502197265625,0.004308616654551827,0.004308401552499674,0.06479811668395996,1.2506246127083714e-19
0.08756799515568596,0.08690601909530823,0.10035659046621219,0.09994918550745757,0.12316679954528809,0.004308401557649687,0.004308186466772668,0.06526017189025879,1.2506401097511655e-19
0.08756734950235005,0.08690585489859746,0.10035691531596352,0.09994929733073622,0.12081670761108398,0.00430818647150216,0.004307971391703802,0.06534862518310547,1.250655619457952e-19
0.08756670386794797,0.0869056907088541,0.10035724014535446,0.09994940914797676,0.12248396873474121,0.004307971396108692,0.004307756326937806,0.0649867057800293,1.250671118330904e-19
0.08756605825248077,0.08690552652607778,0.10035756495438673,0.09994952095917946,0.12185502052307129,0.004307756331470541,0.004307541272829951,0.06685209274291992,1.2506866228924645e-19
0.08756541265594954,0.0869053623502682,0.10035788974306208,0.09994963276434458,0.12309122085571289,0.004307541277587384,0.004307326229913144,0.06688427925109863,1.250702124183499e-19
0.0875647670783554,0.086905198181425,0.1003582145113822,0.09994974456347243,0.11929535865783691,0.004307326234457723,0.004307111197121571,0.06518101692199707,1.2507176226805704e-19
0.08756412151969932,0.08690503401954786,0.10035853925934889,0.09994985635656328,0.11943912506103516,0.00430711120208369,0.004306896175521047,0.06536293029785156,1.2507331256419097e-19
0.0875634759799824,0.08690486986463641,0.10035886398696385,0.09994996814361741,0.12107062339782715,0.004306896180461021,0.00430668116511157,0.06545376777648926,1.2507486284255483e-19
0.08756283045920575,0.08690470571669037,0.10035918869422882,0.09995007992463509,0.12150931358337402,0.004306681169588868,0.00430646616429442,0.06552529335021973,1.250764122437665e-19
0.08756218495737036,0.0869045415757094,0.10035951338114552,0.0999501916996166,0.12108469009399414,0.004306466169469728,0.004306251175556497,0.06525468826293945,1.2507796215717475e-19
0.08756153947447731,0.08690437744169313,0.1003598380477157,0.09995030346856222,0.1217947006225586,0.004306251180101673,0.004306036196588536,0.0658719539642334,1.2507951203648775e-19
0.0875608940105277,0.08690421331464124,0.1003601626939411,0.09995041523147224,0.12082719802856445,0.004306036201484883,0.004305821228811624,0.06562113761901855,1.250810616979309e-19
0.08756024856552258,0.08690404919455338,0.10036048731982344,0.09995052698834694,0.12018418312072754,0.004305821233617144,0.004305606271337581,0.06552481651306152,1.2508261167425423e-19
0.08755960313946301,0.08690388508142925,0.10036081192536447,0.09995063873918661,0.12009143829345703,0.004305606276499579,0.00430539132487695,0.06502819061279297,1.2508416102665952e-19
0.08755895773235005,0.08690372097526848,0.1003611365105659,0.0999507504839915,0.12120223045349121,0.004305391330132001,0.004305176389785004,0.06594657897949219,1.2508571122518308e-19
0.08755831234418478,0.08690355687607076,0.10036146107542948,0.09995086222276194,0.11974239349365234,0.004305176394511454,0.004304961464995927,0.06607747077941895,1.2508726034705545e-19
0.0875576669749683,0.08690339278383577,0.10036178561995693,0.09995097395549817,0.12168407440185547,0.004304961469638152,0.004304746550687355,0.06556344032287598,1.2508880964953276e-19
0.08755702162470162,0.08690322869856315,0.10036211014414999,0.09995108568220047,0.1213674545288086,0.0043047465555132195,0.004304531647036924,0.06594347953796387,1.2509035943305884e-19
0.08755637629338581,0.08690306462025256,0.1003624346480104,0.09995119740286913,0.11941099166870117,0.004304531652134399,0.0043043167547551775,0.06591391563415527,1.2509190780850925e-19
0.08755573098102194,0.08690290054890366,0.10036275913153989,0.09995130911750445,0.12090086936950684,0.004304316759501481,0.004304101872953936,0.06552505493164062,1.2509345716488025e-19
0.08755508568761104,0.08690273648451613,0.1003630835947402,0.0999514208261067,0.12038826942443848,0.004304101877614292,0.0043038870016332,0.06703329086303711,1.2509500687537815e-19
0.08755444041315419,0.08690257242708964,0.10036340803761302,0.09995153252867615,0.11970376968383789,0.004303887006472962,0.004303672140970605,0.06607842445373535,1.250965557764695e-19
0.08755379515765248,0.08690240837662384,0.10036373246016014,0.09995164422521309,0.11918830871582031,0.0043036721460779715,0.004303457291676693,0.0647740364074707,1.2509810512689386e-19
0.08755314992110695,0.08690224433311843,0.10036405686238327,0.0999517559157178,0.11747097969055176,0.004303457296424395,0.004303242452685652,0.06522464752197266,1.250996537999901e-19
0.08755250470351869,0.08690208029657305,0.10036438124428415,0.09995186760019055,0.11875486373901367,0.004303242457515121,0.004303027624708022,0.06574511528015137,1.2510120259821716e-19
0.08755185950488871,0.08690191626698736,0.10036470560586451,0.09995197558857132,0.11819982528686523,0.004303027629348448,0.004302812807388534,0.0652773380279541,1.2510275166625981e-19
0.08755121432521808,0.08690175224436103,0.10036502994712605,0.09995208342547976,0.11813831329345703,0.004302812811923951,0.004302598000549551,0.06563949584960938,1.2510430056260335e-19
0.08755056916450793,0.08690158822869373,0.10036535426807056,0.09995219125659237,0.11764883995056152,0.004302598005241407,0.004302383204723981,0.06564617156982422,1.2510584918877912e-19
0.08754992402275927,0.08690142421998512,0.10036567856869971,0.09995229908190943,0.11778044700622559,0.004302383209300272,0.004302168419911823,0.06537723541259766,1.2510739770935278e-19
0.08754927889997322,0.08690126021823488,0.10036600284901526,0.09995240690143119,0.11756300926208496,0.004302168424098967,0.0043019536446919915,0.06551623344421387,1.251089469436976e-19
0.08754863379615077,0.08690109622344266,0.10036632710901894,0.0999525147151579,0.11817812919616699,0.004301953649639736,0.004301738881373751,0.06575942039489746,1.2511049539994379e-19
0.08754798871129302,0.08690093223560813,0.10036665134871246,0.09995262252308984,0.11781883239746094,0.004301738885919245,0.004301524128180745,0.06610465049743652,1.2511204354422223e-19
0.08754734364540102,0.08690076825473096,0.10036697556809757,0.09995273032522728,0.11774396896362305,0.004301524132938389,0.004301309385823515,0.0648200511932373,1.2511359213949715e-19
0.08754669859847583,0.08690060428081083,0.100367299767176,0.09995283812157045,0.11753129959106445,0.004301309390697237,0.004301094654302062,0.065643310546875,1.2511514057497449e-19
0.08754605357051849,0.08690044031384737,0.10036762394594947,0.09995294591211966,0.11709165573120117,0.004301094659194588,0.0043008799339716575,0.06567692756652832,1.251166887521587e-19
0.08754540856153005,0.08690027505658507,0.10036794810441975,0.09995305369687514,0.11602091789245605,0.0043008799384282,0.004300665223411215,0.06435966491699219,1.2511823723540167e-19
0.08754476357151163,0.08690010481980485,0.10036827224258851,0.09995316147583717,0.11723518371582031,0.004300665228399941,0.004300450524574728,0.06598329544067383,1.2511978610341165e-19
0.08754411860046422,0.08689993459023841,0.10036859636045753,0.09995326924900601,0.1171882152557373,0.004300450529107899,0.004300235835863475,0.06468939781188965,1.2512133348169912e-19
0.08754347364838888,0.08689976436788542,0.1003689204580285,0.09995337701638192,0.11744070053100586,0.004300235840551184,0.004300021157455092,0.06502771377563477,1.2512288154369649e-19
0.08754282871528671,0.08689959415274554,0.10036924453530319,0.09995348477796517,0.11572813987731934,0.0043000211627313295,0.004299806490593028,0.06386232376098633,1.2512443005400518e-19
0.08754218380115882,0.08689942394481841,0.10036956859228331,0.09995359253375603,0.11460185050964355,0.00429980649564606,0.004299591834211469,0.0636444091796875,1.2512597782523718e-19
0.0875415389060062,0.08689925374410369,0.10036989262897059,0.09995370028375476,0.11560869216918945,0.0042995918392949,0.004299377189198594,0.06416845321655273,1.2512752610181547e-19
0.08754089402982992,0.08689908355060107,0.10037021664536674,0.09995380802796161,0.1174018383026123,0.004299377193677501,0.0042991625537780465,0.06430530548095703,1.2512907378362984e-19
0.08754024917263104,0.08689891336431019,0.10037054064147352,0.09995391576637686,0.11870241165161133,0.004299162558793857,0.004298947929903818,0.0641322135925293,1.2513062129575245e-19
0.08753960433441059,0.0868987431852307,0.10037086461729264,0.09995402349900076,0.11917996406555176,0.004298947934642989,0.004298733316154824,0.06381797790527344,1.251321692049043e-19
0.08753895951516968,0.08689857301336229,0.10037118857282581,0.09995413122583358,0.11959981918334961,0.004298733321223758,0.004298518713596877,0.0641334056854248,1.2513371660067351e-19
0.08753831471490932,0.08689840284870459,0.10037151250807479,0.09995423894687559,0.11903119087219238,0.004298518718536841,0.0042983041218747076,0.06334424018859863,1.2513526452180485e-19
0.0875376699336306,0.0868982326912573,0.10037183642304127,0.09995434666212703,0.11997199058532715,0.004298304126580457,0.004298089540455408,0.06325554847717285,1.251368119411799e-19
0.08753702517133459,0.08689806254102003,0.100372160317727,0.09995445437158819,0.11989998817443848,0.004298089545355356,0.004297874970227156,0.06333208084106445,1.2513835955962426e-19
0.08753638042802232,0.08689789239799248,0.1003724841921337,0.09995456207525932,0.12124276161193848,0.004297874974859302,0.004297660410124138,0.06348228454589844,1.2513990708758942e-19
0.08753573570369491,0.08689772226217429,0.10037280804626308,0.09995466977314069,0.12046933174133301,0.004297660415094181,0.004297445861034532,0.0644381046295166,1.251414545873331e-19
0.08753509099835341,0.0868975521335651,0.10037313188011691,0.09995477746523254,0.12243509292602539,0.0042974458660577485,0.004297231322958339,0.06442952156066895,1.2514300168801675e-19
0.08753444631199885,0.0868973820121646,0.10037345569369689,0.09995488515153517,0.12208271026611328,0.004297231327749749,0.004297016795540287,0.06454610824584961,1.2514454907699787e-19
0.08753380164463227,0.08689721189797243,0.10037377948700474,0.09995499283204881,0.11978435516357422,0.0042970168001690125,0.004296802278069833,0.06480288505554199,1.251460965763292e-19
0.08753315699625477,0.08689704179098827,0.10037410326004222,0.09995510050677375,0.12159872055053711,0.004296802283316752,0.004296587772145699,0.06404948234558105,1.2514764369133668e-19
0.08753251236686739,0.08689687169121178,0.10037442701281102,0.09995520817571026,0.12088131904602051,0.004296587777191,0.004296373276879706,0.06552767753601074,1.2514919038296479e-19
0.08753186775647115,0.08689670159864261,0.10037475074531288,0.09995531583885857,0.12176203727722168,0.004296373281791218,0.004296158792094218,0.06579041481018066,1.2515073759680358e-19
0.08753122316506715,0.0868965315132804,0.10037507445754952,0.09995542349621897,0.1186075210571289,0.004296158797117929,0.004295944318499778,0.0644533634185791,1.251522845065671e-19
0.08753057859265642,0.08689636143512483,0.10037539814952269,0.09995553114779171,0.1186666488647461,0.004295944323168498,0.004295729855030572,0.06485772132873535,1.2515383085080293e-19
0.08752993403924002,0.08689619136417556,0.10037572182123408,0.09995563879357708,0.12096214294433594,0.004295729859944469,0.00429551540293005,0.06525349617004395,1.2515537832208983e-19
0.087529289504819,0.08689602130043225,0.10037604547268543,0.0999557464335753,0.12100386619567871,0.004295515407443864,0.004295300960777126,0.06543564796447754,1.2515692512913834e-19
0.08752864498939446,0.08689585124389457,0.10037636910387845,0.09995585406778666,0.12021684646606445,0.004295300965667965,0.004295086529637615,0.06476140022277832,1.2515847166391797e-19
0.08752800049296743,0.08689568119456216,0.10037669271481489,0.0999559602069309,0.12117886543273926,0.004295086534615185,0.004294872109689152,0.06559324264526367,1.2516001811941495e-19
0.08752735601553893,0.08689551115243468,0.10037701630549646,0.09995606399259446,0.12069034576416016,0.004294872114284232,0.0042946576998659225,0.0656583309173584,1.2516156456792768e-19
0.08752671155711006,0.0868953411175118,0.10037733987592488,0.09995616777270551,0.11971759796142578,0.004294657704675,0.004294443301411377,0.06464147567749023,1.2516311173592832e-19
0.08752606711768184,0.0868951710897932,0.10037766342610187,0.09995627154726427,0.12052488327026367,0.004294443305785596,0.004294228912193887,0.0648336410522461,1.251646582738869e-19
0.08752542269725529,0.0868950010692785,0.10037798695602916,0.09995637531627101,0.12053203582763672,0.004294228917620486,0.004294014535588531,0.0658864974975586,1.251662046525178e-19
0.08752477829583159,0.08689483105596738,0.10037831046570847,0.09995647907972596,0.11972546577453613,0.00429401454017408,0.004293800168575501,0.06565523147583008,1.2516775181643947e-19
0.08752413391341177,0.08689466104985949,0.10037863395514152,0.09995658283762937,0.12132811546325684,0.004293800173448532,0.0042935858123982484,0.06525325775146484,1.2516929679067928e-19
0.08752348954999684,0.0868944910509545,0.10037895742433003,0.0999566865899815,0.12067627906799316,0.004293585817442988,0.004293371467056772,0.0657186508178711,1.2517084310106722e-19
0.08752284520558783,0.08689432105925206,0.10037928087327574,0.09995679033678258,0.11898159980773926,0.004293371472155896,0.004293157132551073,0.06525611877441406,1.2517238965426187e-19
0.08752220088018585,0.08689415107475183,0.10037960430198037,0.09995689407803286,0.11987829208374023,0.004293157137586743,0.004292942809058786,0.06482315063476562,1.2517393542354674e-19
0.08752155657379197,0.08689398109745347,0.10037992771044563,0.0999569978137326,0.12041521072387695,0.004292942813734616,0.004292728495691733,0.06671953201293945,1.2517548218597463e-19
0.08752091228640721,0.08689381112735665,0.10038025109867325,0.09995710154388203,0.12175297737121582,0.004292728500600283,0.004292514193693364,0.06705451011657715,1.2517702789492975e-19
0.08752026801803267,0.08689364116446102,0.10038057446666497,0.09995720526848141,0.11773085594177246,0.00429251419818129,0.004292299901642593,0.06458258628845215,1.2517857359509356e-19
0.08751962376866937,0.08689347120876624,0.10038089781442248,0.09995730898753098,0.11805343627929688,0.004292299906479748,0.004292085620782871,0.06564831733703613,1.251801193560288e-19
0.0875189795383183,0.08689330126027198,0.10038122114194752,0.09995741270103099,0.11775851249694824,0.004292085625493363,0.004291871350403653,0.06490468978881836,1.2518166572459008e-19
0.08751833532698063,0.08689313131897788,0.1003815444492418,0.09995751640898168,0.11820626258850098,0.0042918713552226855,0.004291657090682577,0.064971923828125,1.2518321147077598e-19
0.08751769113465736,0.08689296138488363,0.10038186773630706,0.09995762011138329,0.11903643608093262,0.004291657095666576,0.0042914428416196415,0.06516242027282715,1.2518475749434851e-19
0.08751704696134953,0.08689279028845968,0.100382191003145,0.09995772380823609,0.11861467361450195,0.004291442846824732,0.004291228603570119,0.0650029182434082,1.251863024264558e-19
0.08751640280705818,0.0868926140873541,0.10038251424975735,0.09995782749954031,0.11877298355102539,0.004291228608695296,0.004291014376711644,0.06493639945983887,1.251878483529825e-19
0.08751575867178436,0.08689243789370392,0.10038283747614582,0.0999579311852962,0.11905789375305176,0.004291014381278032,0.0042908001596231315,0.06560683250427246,1.2518939339900476e-19
0.08751511455552914,0.08689226170750881,0.10038316068231215,0.099958034865504,0.11791133880615234,0.004290800164575141,0.004290585953903303,0.06499481201171875,1.2519093920268677e-19
0.0875144704582936,0.08689208552876844,0.10038348386825806,0.09995813854016398,0.11799216270446777,0.004290585958582349,0.004290371758131073,0.0654299259185791,1.251924850381324e-19
0.08751382638007875,0.08689190935748244,0.10038380703398525,0.09995824220927636,0.11782050132751465,0.004290371763301509,0.004290157574438069,0.06492757797241211,1.2519403018632017e-19
0.08751318232088567,0.08689173319365048,0.10038413017949545,0.0999583458728414,0.11818385124206543,0.004290157578729993,0.004289943400337393,0.06515645980834961,1.2519557520207035e-19
0.08751253828071545,0.08689155703727222,0.10038445330479037,0.09995844953085935,0.1177220344543457,0.004289943404869028,0.004289729236717221,0.0650787353515625,1.2519712086597938e-19
0.08751189425956916,0.08689138088834729,0.10038477640987173,0.09995855318333044,0.11668181419372559,0.004289729241719761,0.004289515084643369,0.06464695930480957,1.2519866545789687e-19
0.08751125025744781,0.08689120474687535,0.10038509949474124,0.09995865683025495,0.11759424209594727,0.00428951508927757,0.004289300943050023,0.0651543140411377,1.2520021063340875e-19
0.08751060627435253,0.08689102861285607,0.10038542255940062,0.09995876047163312,0.11618375778198242,0.004289300947543264,0.004289086811404275,0.0648200511932373,1.2520175594936935e-19
0.08750996231028435,0.0868908524862891,0.10038574560385162,0.09995886410746517,0.11784887313842773,0.004289086816518688,0.00428887269112721,0.0642392635345459,1.2520330099966153e-19
0.08750931836524427,0.08689067636717408,0.10038606862809595,0.09995896773775136,0.11688518524169922,0.004288872696202302,0.004288658581508287,0.06335067749023438,1.2520484575295237e-19
0.08750867443923337,0.08689050025551068,0.1003863916321353,0.09995907136249195,0.11443042755126953,0.004288658586593157,0.004288444482902776,0.0630650520324707,1.2520639058089377e-19
0.0875080305322527,0.08689032415129853,0.10038671461597141,0.09995917498168716,0.11571812629699707,0.004288444487688466,0.004288230394955406,0.06393170356750488,1.252079351641013e-19
0.08750738664430333,0.08689014805453729,0.10038703757960601,0.09995927859533726,0.11557149887084961,0.004288230399490942,0.004288016317488541,0.06385993957519531,1.2520948076645582e-19
0.0875067427753863,0.08688997196522662,0.10038736052304081,0.0999593822034425,0.11567211151123047,0.004288016321997468,0.0042878022506798175,0.06365776062011719,1.2521102516814013e-19
0.08750609892550265,0.08688979588336618,0.10038768344627752,0.09995948580600311,0.11683130264282227,0.004287802255209374,0.004287588194529235,0.06346988677978516,1.2521256961406965e-19
0.0875054550946534,0.08688961980895563,0.10038800634931787,0.09995958940301936,0.11636567115783691,0.004287588199125675,0.004287374149036793,0.06311607360839844,1.2521411441059056e-19
0.08750481128283961,0.08688944374199462,0.10038832923216355,0.09995969299449146,0.11618638038635254,0.004287374153746662,0.0042871601143801286,0.06256532669067383,1.2521565903353543e-19
0.08750416749006233,0.0868892676824828,0.10038865209481627,0.09995979456650582,0.11844468116760254,0.00428716011907017,0.004286946090914512,0.06251358985900879,1.25217202805559e-19
0.08750352371632261,0.08688909163041983,0.10038897493727778,0.09995989430818264,0.11764359474182129,0.004286946095094361,0.004286732076685951,0.06268858909606934,1.2521874779658843e-19
0.08750287996162148,0.08688891558580535,0.10038929775954977,0.09995999404454789,0.12086915969848633,0.004286732081823709,0.004286518074714252,0.06241035461425781,1.2522029205837228e-19
0.08750223622596004,0.08688873954863902,0.10038962056163399,0.09996009377560179,0.12060809135437012,0.004286518079253292,0.004286304082512515,0.06364631652832031,1.2522183600306025e-19
0.08750159250933931,0.08688856351892049,0.10038994334353214,0.09996019350134458,0.12157654762268066,0.004286304087384264,0.004286090101501827,0.06392526626586914,1.252233805433254e-19
0.08750094881176033,0.08688838749664944,0.10039026610524594,0.09996029322177649,0.11767220497131348,0.00428609010621505,0.004285876130616373,0.062413692474365234,1.2522492462208278e-19
0.08750030513322422,0.0868882114818255,0.10039058884677711,0.09996039293689775,0.11973381042480469,0.004285876135747224,0.004285662171277238,0.06398749351501465,1.2522646861657795e-19
0.087499661473732,0.08688803547444833,0.10039091156812736,0.09996049264670857,0.12000250816345215,0.004285662175978451,0.00428544822153043,0.06301188468933105,1.2522801257199278e-19
0.08749901783328475,0.08688785947451759,0.10039123426929841,0.09996059235120922,0.12068915367126465,0.004285448226910286,0.004285234283685213,0.06399250030517578,1.2522955688245604e-19
0.08749837421188351,0.08688768348203292,0.10039155695029198,0.09996069205039991,0.11969423294067383,0.004285234288538123,0.004285020356142866,0.06342935562133789,1.2523110089687267e-19
0.08749773060952933,0.08688750749699399,0.10039187961110978,0.09996079174428087,0.11785554885864258,0.004285020360863451,0.004284806439081024,0.06332206726074219,1.2523264491998716e-19
0.08749708702622319,0.08688733151940045,0.1003922022517535,0.09996089143285232,0.11968517303466797,0.004284806443887383,0.004284592532499687,0.06494522094726562,1.2523418839195036e-19
0.0874964434619662,0.08688715554925196,0.10039252487222489,0.0999609911161145,0.12092804908752441,0.004284592537608733,0.004284378637287034,0.06514167785644531,1.252357318948998e-19
0.0874957999167594,0.08688697958654816,0.10039284747252564,0.09996109079406765,0.12105488777160645,0.004284378642025612,0.004284164752199615,0.06536293029785156,1.2523727570384546e-19
0.08749515639060383,0.08688680363128871,0.10039317005265748,0.099961190466712,0.12217974662780762,0.0042841647571385325,0.004283950878303244,0.0659327507019043,1.2523881952390564e-19
0.08749451288350055,0.08688662768347327,0.1003934926126221,0.09996129013404775,0.12084007263183594,0.004283950882945931,0.004283737014709743,0.06597375869750977,1.252403626646526e-19
0.08749386939545059,0.08688645174310149,0.10039381515242124,0.09996138979607518,0.12112855911254883,0.004283737019447545,0.004283523161952019,0.06598782539367676,1.2524190666109863e-19
0.08749322592645498,0.08688627581017304,0.10039413767205659,0.0999614894527945,0.12013578414916992,0.004283523166643609,0.004283309319852435,0.06571388244628906,1.2524344977117997e-19
0.08749258247651477,0.08688609988468757,0.10039446017152988,0.09996158910420594,0.11972737312316895,0.004283309324532893,0.0042830954880557215,0.0653386116027832,1.2524499341228936e-19
0.08749193904563106,0.08688592396664471,0.10039478265084284,0.09996168875030974,0.12104058265686035,0.004283095493116794,0.00428288166727242,0.06486701965332031,1.2524653650865022e-19
0.0874912956338049,0.08688574805604414,0.10039510510999716,0.09996178839110612,0.12102985382080078,0.004282881672392218,0.004282667857857803,0.06665277481079102,1.2524807974817387e-19
0.08749065224103734,0.08688557215288549,0.10039542754899455,0.09996188802659531,0.12178802490234375,0.004282667862358819,0.004282454058390783,0.06655216217041016,1.252496230376512e-19
0.08749000886732937,0.08688539625716844,0.10039574996783672,0.09996198765677754,0.1205141544342041,0.004282454063016842,0.004282240269226634,0.06582951545715332,1.252511661517019e-19
0.08748936551268208,0.08688521858314237,0.10039607236652538,0.09996208728165305,0.1200094223022461,0.00428224027436708,0.004282026491431168,0.06595897674560547,1.25252708934518e-19
0.08748872217709652,0.08688503642227514,0.10039639474506226,0.09996218690122206,0.12052297592163086,0.004282026496406997,0.004281812723938572,0.06479883193969727,1.252542527748378e-19
0.08748807886057376,0.08688485426910358,0.10039671710344908,0.09996228651548482,0.11981987953186035,0.004281812729136956,0.004281598967814659,0.06601190567016602,1.2525579479328546e-19
0.0874874355631148,0.0868846721236273,0.10039703944168753,0.09996238612444154,0.12071037292480469,0.004281598972556168,0.004281385221815981,0.0660715103149414,1.2525733809323632e-19
0.08748679228472067,0.08688448998584597,0.10039736175977931,0.09996248572809247,0.11728191375732422,0.004281385226664077,0.004281171487008351,0.06429481506347656,1.2525888117769921e-19
0.08748614902539247,0.08688430785575922,0.10039768405772616,0.09996258532643781,0.11759138107299805,0.004281171491459778,0.004280957762325954,0.06496238708496094,1.2526042377585853e-19
0.08748550578513123,0.08688412573336673,0.10039800633552977,0.09996268491947782,0.12047219276428223,0.0042809577669428505,0.004280744047946428,0.06540536880493164,1.2526196696051783e-19
0.087484862563938,0.08688394361866814,0.10039832859319187,0.09996278450721273,0.12000870704650879,0.004280744053114667,0.0042805303456461274,0.06522345542907715,1.2526350912551794e-19
0.08748421936181386,0.08688376151166308,0.10039865083071417,0.09996288408964277,0.12003278732299805,0.004280530349971315,0.004280316652582883,0.06489944458007812,1.2526505164895286e-19
0.08748357617875979,0.08688357941235121,0.10039897304809839,0.09996298366676816,0.12026858329772949,0.004280316657514365,0.004280102970888322,0.06562590599060059,1.2526659422117573e-19
0.08748293301477687,0.08688339732073219,0.10039929524534622,0.09996308323858913,0.11949634552001953,0.004280102975742893,0.004279889299674267,0.06552648544311523,1.2526813713123334e-19
0.08748228986986613,0.08688321523680566,0.10039961742245937,0.09996318280510592,0.11864805221557617,0.004279889304656741,0.004279675639295988,0.0648953914642334,1.2526967894126611e-19
0.08748164674402863,0.08688303316057128,0.10039993957943956,0.09996328236631875,0.11855936050415039,0.004279675644255619,0.0042794619899311215,0.06485557556152344,1.25271221828072e-19
0.0874810036372654,0.08688285109202869,0.10040026171628849,0.09996338053325911,0.1201481819152832,0.004279461994537047,0.004279248350869125,0.06572198867797852,1.2527276406535097e-19
0.08748036054957745,0.08688266903117751,0.10040058383300787,0.09996347624293528,0.11867690086364746,0.004279248355501768,0.004279034722465269,0.0657346248626709,1.2527430652744813e-19
0.08747971748096585,0.08688248697801744,0.10040090592959941,0.09996357194753829,0.12085318565368652,0.004279034727150652,0.004278821105252462,0.0654451847076416,1.2527584818622906e-19
0.08747907443143169,0.0868823049325481,0.10040122800606482,0.09996366764706832,0.12015104293823242,0.004278821109480784,0.004278607497631981,0.06596517562866211,1.2527739068861068e-19
0.08747843140097594,0.08688212289476915,0.10040155006240582,0.09996376334152564,0.11784768104553223,0.004278607502493004,0.004278393901024913,0.06550335884094238,1.2527893256242671e-19
0.08747778838959967,0.08688194086468025,0.10040187209862408,0.09996385903091043,0.11834716796875,0.004278393906187472,0.004278180315608893,0.06492972373962402,1.2528047500238895e-19
0.08747714539730396,0.08688175884228103,0.10040219411472134,0.09996395471522292,0.1185450553894043,0.004278180320561872,0.004277966741206285,0.06645846366882324,1.2528201670453038e-19
0.08747650242408983,0.08688157682757114,0.10040251611069932,0.09996405039446331,0.11929202079772949,0.004277966745616064,0.004277753177106547,0.06638383865356445,1.2528355871936536e-19
0.0874758594699584,0.08688139482055021,0.10040283808655973,0.09996414606863181,0.11742281913757324,0.004277753181348767,0.004277539622599136,0.06469297409057617,1.2528510030699923e-19
0.08747521653491065,0.08688121282121793,0.10040316004230423,0.09996424173772867,0.11836504936218262,0.0042775396277626825,0.004277326080170951,0.06563711166381836,1.2528664201352507e-19
0.08747457361894763,0.08688103082957392,0.10040348197793458,0.09996433740175406,0.1176900863647461,0.004277326084854692,0.004277112547690365,0.06520295143127441,1.2528818367492249e-19
0.08747393072207044,0.08688084884561786,0.10040380389345246,0.09996443306070824,0.11831045150756836,0.004277112552624056,0.004276899026400827,0.06502556800842285,1.2528972507293064e-19
0.08747328784428003,0.0868806668693494,0.10040412578885959,0.0999645287145914,0.11899328231811523,0.004276899031072129,0.004276685515591794,0.06522417068481445,1.2529126695498395e-19
0.0874726449855775,0.08688048490076818,0.10040444766415767,0.09996462436340377,0.11758136749267578,0.004276685520195109,0.004276472015263266,0.06484031677246094,1.252928084431737e-19
0.08747200214596385,0.08688030293987384,0.10040476951934842,0.09996472000714554,0.11803841590881348,0.004276472019995827,0.00427625852559288,0.06473207473754883,1.2529434991510945e-19
0.08747135932544013,0.08688012098666603,0.10040509135443351,0.09996481564581695,0.11836433410644531,0.004276258530472701,0.00427604504675827,0.06525731086730957,1.2529589156753336e-19
0.08747071652400744,0.08687993904114441,0.10040541316941469,0.09996491127941821,0.11630558967590332,0.004276045051625235,0.004275831578581801,0.06419038772583008,1.2529743314255997e-19
0.0874700737416668,0.08687975710330861,0.10040573496429364,0.09996500690794954,0.1183781623840332,0.00427583158345154,0.004275618121241109,0.0654757022857666,1.2529897414824958e-19
0.08746943097841924,0.08687957517315831,0.10040605673907209,0.09996510253141115,0.1185760498046875,0.0042756181259526755,0.004275404673848016,0.06461453437805176,1.2530051512444246e-19
0.0874687882342658,0.08687939325069315,0.10040637849375172,0.09996519814980324,0.12056159973144531,0.004275404679127882,0.004275191238356513,0.0658562183380127,1.2530205630828694e-19
0.08746814550920752,0.08687921133591275,0.10040670022833426,0.09996529376312605,0.1184697151184082,0.004275191242975915,0.004274977813523151,0.06502366065979004,1.2530359762832727e-19
0.08746750280324549,0.0868790294288168,0.1004070219428214,0.09996538937137978,0.11918997764587402,0.0042749778174948055,0.004274764397926845,0.06470298767089844,1.2530513854867297e-19
0.08746686011638072,0.08687884752940495,0.10040734363721486,0.09996548497456466,0.11917877197265625,0.004274764402687234,0.004274550993699222,0.06572103500366211,1.2530667953850442e-19
0.08746621744861426,0.0868786656376768,0.10040766531151635,0.09996558057268089,0.1188352108001709,0.004274550998551808,0.004274337600485012,0.06524205207824707,1.2530822049026845e-19
0.08746557479994713,0.08687848375363204,0.10040798696572754,0.0999656761657287,0.11969876289367676,0.004274337605086777,0.004274124217928943,0.06515979766845703,1.253097616387707e-19
0.08746493217038041,0.08687830187727032,0.10040830859985016,0.0999657717537083,0.11857366561889648,0.00427412422229149,0.0042739108456757435,0.06440091133117676,1.2531130193664814e-19
0.08746428955991516,0.08687812000859127,0.10040863021388591,0.09996586733661991,0.11619305610656738,0.0042739108501661715,0.0042736974839030495,0.06466221809387207,1.2531284306413295e-19
0.08746364696855241,0.08687793814759458,0.1004089518078365,0.09996596291446373,0.11776566505432129,0.004273697488710342,0.0042734841333214035,0.06522965431213379,1.2531438362071608e-19
0.08746300439629323,0.08687775629427986,0.10040927338170363,0.09996605848724,0.1171109676361084,0.004273484137923615,0.0042732707928649916,0.06532621383666992,1.2531592379986038e-19
0.08746236184313862,0.08687757145988231,0.10040959493548901,0.0999661540549489,0.1165323257446289,0.004273270797806624,0.004273057463421992,0.06508207321166992,1.2531746493125887e-19
0.08746171930908962,0.08687738334235422,0.10040991646919432,0.09996624961759067,0.11777114868164062,0.004273057468357416,0.004272844144814769,0.06552553176879883,1.2531900508852241e-19
0.08746107679414732,0.08687719523276063,0.10041023798282131,0.0999663451751655,0.11726784706115723,0.004272844149574789,0.004272630836510416,0.06545066833496094,1.2532054557513581e-19
0.08746043429831271,0.08687700713110122,0.10041055947637165,0.09996644072767365,0.11721992492675781,0.0042726308414595855,0.004272417539219475,0.06520843505859375,1.2532208652236442e-19
0.08745979182158682,0.08687681903737561,0.10041088094984704,0.0999665362751153,0.11809730529785156,0.004272417544010205,0.004272204252231404,0.06537723541259766,1.2532362679779028e-19
0.08745914936397071,0.08687663095158345,0.10041120240324919,0.09996663181749067,0.11808228492736816,0.004272204257227494,0.004271990976256745,0.06550145149230957,1.2532516692302953e-19
0.0874585069254654,0.08687644287372438,0.10041152383657981,0.09996672735479999,0.11824822425842285,0.004271990981110235,0.004271777711473135,0.06475210189819336,1.253267075844621e-19
0.08745786450607192,0.08687625480379804,0.10041184524984059,0.09996681946973184,0.11814022064208984,0.004271777715655496,0.004271564456104215,0.06647992134094238,1.2532824704062977e-19
0.08745722210579135,0.08687606674180409,0.10041216664303325,0.09996691115350353,0.11893558502197266,0.0042715644608665474,0.004271351211393437,0.06627416610717773,1.2532978772193627e-19
0.08745657972462469,0.08687587868774217,0.10041248801615947,0.09996700283243819,0.11635470390319824,0.004271351216742104,0.004271137978228978,0.065277099609375,1.2533132730230603e-19
0.087455937362573,0.08687569064161194,0.10041280936922097,0.09996709450653599,0.11731719970703125,0.004271137983279696,0.00427092475572266,0.0657808780670166,1.2533286734711505e-19
0.08745529501963724,0.08687550260341301,0.10041313070221945,0.09996718617579713,0.1178586483001709,0.0042709247604786876,0.004270711543519212,0.06488394737243652,1.2533440705799714e-19
0.08745465269581852,0.08687531457314505,0.10041345201515661,0.09996727784022182,0.11718463897705078,0.004270711548338931,0.004270498341973905,0.06556034088134766,1.2533594702938275e-19
0.08745401039111789,0.0868751265508077,0.10041377330803414,0.09996736949981026,0.11727523803710938,0.004270498346861563,0.004270285151264375,0.06518101692199707,1.2533748729117737e-19
0.08745336810553635,0.0868749385364006,0.10041409458085375,0.09996746115456268,0.1149444580078125,0.004270285156045011,0.004270071971568257,0.06387710571289062,1.2533902645479313e-19
0.08745272583907497,0.08687475052992341,0.10041441583361715,0.09996755280447923,0.1153419017791748,0.004270071975887746,0.004269858801464466,0.06385302543640137,1.253405662867442e-19
0.08745208359173481,0.08687456253137578,0.10041473706632605,0.09996764444956016,0.11650443077087402,0.004269858806391601,0.004269645642906994,0.06376791000366211,1.2534210599694153e-19
0.08745144136351692,0.08687437454075735,0.10041505827898212,0.09996773608980564,0.1161198616027832,0.004269645647553719,0.004269432494652392,0.06314611434936523,1.2534364578070774e-19
0.08745079915442233,0.08687418655806774,0.10041537947158706,0.09996782772521585,0.11756277084350586,0.00426943249937555,0.0042692193574112025,0.06310272216796875,1.2534518490245985e-19
0.08745015696445207,0.08687399858330662,0.10041570064414258,0.09996791935579104,0.11791682243347168,0.0042692193618545015,0.004269006230472883,0.0630042552947998,1.253467246254305e-19
0.08744951479360721,0.08687381061647362,0.10041602179665039,0.09996801098153137,0.11876869201660156,0.004269006234991725,0.004268793114192704,0.06266999244689941,1.2534826364824944e-19
0.08744887264188879,0.08687362265756839,0.10041634292911218,0.09996810260243706,0.12015318870544434,0.004268793118785728,0.00426858000839303,0.06301593780517578,1.2534980336287358e-19
0.08744823050929788,0.08687343470659056,0.10041666404152966,0.09996819421850832,0.12019038200378418,0.004268580013237329,0.004268366913606769,0.06287002563476562,1.2535134237078693e-19
0.08744758839583548,0.0868732467635398,0.10041698513390451,0.09996828582974533,0.12089085578918457,0.004268366918345264,0.004268153829478649,0.06384563446044922,1.2535288119574895e-19
0.08744694630150261,0.08687305882841576,0.10041730620623845,0.0999683774361483,0.12075161933898926,0.004268153834109032,0.0042679407558310345,0.06392264366149902,1.2535442078867903e-19
0.08744630422630036,0.08687287090121806,0.10041762725853318,0.0999684690377174,0.12221050262451172,0.004267940760527751,0.004267727692841561,0.06398153305053711,1.2535595982473053e-19
0.08744566217022968,0.08687268298194638,0.10041794829079038,0.09996856063445289,0.12209606170654297,0.004267727697600551,0.0042675146403325925,0.06454300880432129,1.2535749879041856e-19
0.0874450201332917,0.08687249507060033,0.10041826930301179,0.09996865222635493,0.1211240291595459,0.004267514645327915,0.004267301599014672,0.06465411186218262,1.2535903826865407e-19
0.08744437811548739,0.08687230716717957,0.10041859029519906,0.09996874381342373,0.12174868583679199,0.004267301603707963,0.0042670885681772575,0.06455397605895996,1.253605760929082e-19
0.08744373611681781,0.08687211927168374,0.10041891126735393,0.09996883539565948,0.12134528160095215,0.00426708857274046,0.004266875548175619,0.06637048721313477,1.2536211585119583e-19
0.08744309413728393,0.08687193138411249,0.10041923221947806,0.09996892697306241,0.12399601936340332,0.004266875552425544,0.0042666625386544865,0.06686973571777344,1.2536365434671454e-19
0.08744245217688681,0.08687174350446544,0.10041955315157317,0.09996901854563268,0.12198901176452637,0.004266662542761441,0.004266449539080952,0.06623435020446777,1.253651931551909e-19
0.08744181023562757,0.08687155563274228,0.10041987406364095,0.09996911011337054,0.1372981071472168,0.004266449543748861,0.00426623655052083,0.0792238712310791,1.2536673132227596e-19
0.08744116831350719,0.08687136776894264,0.1004201949556831,0.09996920167627613,0.12413644790649414,0.004266236555388339,0.004266023573151756,0.06711745262145996,1.2536827049347916e-19
0.08744052641052671,0.08687117991306616,0.10042051582770134,0.0999692932343497,0.11606311798095703,0.0042660235776772575,0.004265810605552645,0.06566643714904785,1.253698084805948e-19
0.08743988452668719,0.08687099206511248,0.10042083667969734,0.09996938478759142,0.1165921688079834,0.004265810610617141,0.004265597649322217,0.06560420989990234,1.2537134712559205e-19
0.08743924266198966,0.08687080422508126,0.1004211575116728,0.0999694763360015,0.11802816390991211,0.004265597654205486,0.0042653847042828374,0.06619572639465332,1.253728860519249e-19
0.08743860081643512,0.08687061639297214,0.10042147832362941,0.09996956787958015,0.11691498756408691,0.0042653847084412385,0.004265171768658149,0.06498408317565918,1.253744243987177e-19
0.08743795899002467,0.08687042856878475,0.10042179911556888,0.09996965941832758,0.11788582801818848,0.004265171773325399,0.004264958844046873,0.06490325927734375,1.2537596302061994e-19
0.08743731718275935,0.08687024075251876,0.1004221198874929,0.09996975095224396,0.11857271194458008,0.004264958848858039,0.004264745930271374,0.06537628173828125,1.253775004871812e-19
0.08743667539464017,0.0868700529441738,0.10042244063940317,0.09996984248132951,0.11807394027709961,0.0042647459350382815,0.004264533026798745,0.06518721580505371,1.2537903896121044e-19
0.08743603362566815,0.08686986051561907,0.10042276137130139,0.09996993363168379,0.11823201179504395,0.004264533031864959,0.004264320134694799,0.06531810760498047,1.2538057692387503e-19
0.08743539187584436,0.08686966644309256,0.10042308208318924,0.09997002130451729,0.11866307258605957,0.004264320139336822,0.004264107252538452,0.06566262245178223,1.2538211519247142e-19
0.08743475014516978,0.0868694723787381,0.10042340277506843,0.09997010897274722,0.11817574501037598,0.004264107257453668,0.004263894381040245,0.06571221351623535,1.2538365321647678e-19
0.0874341084336455,0.08686927832255531,0.10042372344694069,0.09997019663637377,0.11737608909606934,0.0042638943862163695,0.004263681520555451,0.06654667854309082,1.2538519109669637e-19
0.08743346674127259,0.08686908427454386,0.10042404409880766,0.09997028429539713,0.1189730167388916,0.004263681525623643,0.004263468670728798,0.06657862663269043,1.2538672869603153e-19
0.08743282506805208,0.08686889023470336,0.10042436473067107,0.09997037194981749,0.11892271041870117,0.004263468675673365,0.004263255831915558,0.06670594215393066,1.2538826706476025e-19
0.08743218341398501,0.08686869620303347,0.1004246853425326,0.09997045959963503,0.11919569969177246,0.004263255836365836,0.00426304300287228,0.06657576560974121,1.2538980476726562e-19
0.08743154177907234,0.08686850217953385,0.10042500593439395,0.09997054724484994,0.11835932731628418,0.004263043007702369,0.004262830184842414,0.0663151741027832,1.2539134230088152e-19
0.08743090016331512,0.08686830816420409,0.10042532650625681,0.0999706348854624,0.11821651458740234,0.004262830189681328,0.004262617377648326,0.06632375717163086,1.2539287957483712e-19
0.08743025856671437,0.08686811415704386,0.10042564705812286,0.0999707225214726,0.11854362487792969,0.0042626173822999,0.0042624045812900135,0.06589698791503906,1.2539441723490193e-19
0.0874296169892712,0.08686792015805281,0.10042596758999382,0.09997081015288072,0.11884474754333496,0.004262404585559507,0.004262191795412207,0.06536388397216797,1.2539595490205034e-19
0.08742897543098656,0.08686772616723054,0.10042628810187136,0.09997089777968694,0.12019085884094238,0.0042621917994599785,0.004261979019304363,0.06525659561157227,1.2539749279524263e-19
0.08742833389186151,0.08686753218457674,0.10042660859375718,0.09997098540189146,0.11931204795837402,0.004261979024000768,0.004261766254032295,0.06735992431640625,1.253990302603683e-19
0.08742769237189708,0.08686733821009103,0.10042692906565298,0.09997107301949444,0.12018752098083496,0.004261766259182738,0.0042615535003065474,0.0668935775756836,1.2540056741714118e-19
0.08742705087109427,0.08686714424377305,0.10042724951756046,0.09997116063249609,0.1178886890411377,0.004261553505003279,0.004261340756883669,0.0658254623413086,1.2540210495632622e-19
0.08742640938945417,0.08686695028562244,0.10042756994948132,0.09997124824089659,0.11892914772033691,0.004261340761461516,0.004261128023941296,0.0665748119354248,1.2540364163504611e-19
0.08742576792697788,0.08686675633563885,0.10042789036141722,0.09997133584469614,0.11825728416442871,0.004261128028558296,0.0042609153018347,0.06552958488464355,1.2540517874797153e-19
0.08742512648366639,0.08686656239382191,0.10042821075336987,0.09997142344389491,0.11875081062316895,0.004260915306292006,0.004260702589853338,0.0661325454711914,1.254067162274676e-19
0.08742448505952068,0.08686636846017126,0.10042853112534099,0.09997151103849308,0.11791658401489258,0.0042607025946632595,0.004260489888885388,0.06580829620361328,1.254082534403691e-19
0.0874238436545418,0.08686617453468656,0.10042885147733224,0.09997159862849084,0.11825776100158691,0.004260489893670709,0.004260277198575579,0.0659475326538086,1.2540979042669988e-19
0.0874232022687308,0.08686598061736743,0.10042917180934531,0.09997168621388838,0.11725783348083496,0.004260277203313572,0.004260064519456819,0.06581234931945801,1.2541132727045288e-19
0.08742256090208875,0.08686578670821352,0.1004294921213819,0.09997177379468591,0.1178584098815918,0.004260064523590575,0.004259851849575114,0.06483054161071777,1.2541286447603238e-19
0.08742191955461664,0.08686559280722447,0.10042981241344369,0.09997186137088358,0.11735701560974121,0.004259851854503641,0.004259639190706821,0.06548404693603516,1.254144008564789e-19
0.08742127822631555,0.08686539891439993,0.10043013268553239,0.09997194894248158,0.11850118637084961,0.004259639196051862,0.004259426543029576,0.06586170196533203,1.2541593771552932e-19
0.08742063691718646,0.08686520502973953,0.10043045293764968,0.09997203650948012,0.11563682556152344,0.004259426548233938,0.004259213906010473,0.06400132179260254,1.254174751996745e-19
0.08741999562723045,0.08686501115324294,0.10043077316979727,0.09997212407187937,0.11671614646911621,0.004259213911048748,0.004259001279827146,0.06533169746398926,1.2541901105726471e-19
0.08741935435644849,0.08686481728490977,0.10043109338197684,0.09997221162967952,0.11619019508361816,0.004259001284495403,0.004258788663946689,0.06390929222106934,1.2542054716828416e-19
0.08741871310484164,0.08686462342473969,0.10043141357419005,0.09997229918288077,0.11756730079650879,0.004258788668573686,0.0042585760581914656,0.06474876403808594,1.254220839394464e-19
0.08741807187241095,0.08686442957273231,0.10043173374643864,0.09997238673148327,0.11717891693115234,0.004258576063285127,0.004258363463804926,0.0640261173248291,1.2542362053822518e-19
0.08741743065915744,0.0868642357288873,0.10043205389872428,0.09997247427548724,0.11730527877807617,0.004258363468627132,0.004258150879898892,0.06369447708129883,1.2542515745393097e-19
0.08741678946508212,0.08686404189320428,0.10043237403104867,0.09997256181489285,0.11827564239501953,0.004258150884599483,0.004257938306473363,0.06393980979919434,1.254266931204381e-19
0.08741614829018604,0.0868638480656829,0.10043269414341349,0.0999726493497003,0.11918306350708008,0.004257938311201393,0.004257725744061247,0.06307744979858398,1.254282293527907e-19
0.08741550713447024,0.08686365424632281,0.10043301423582045,0.09997273687990975,0.11969256401062012,0.004257725748430946,0.004257513191241458,0.0638737678527832,1.2542976610907015e-19
0.08741486599793576,0.08686346043512364,0.1004333343082712,0.0999728244055214,0.12141823768615723,0.004257513196289962,0.004257300650323259,0.06495857238769531,1.2543130172064146e-19
0.0874142248805836,0.08686326663208502,0.10043365436076744,0.09997291192653543,0.11946535110473633,0.004257300654777216,0.0042570881195302945,0.063690185546875,1.2543283807225585e-19
0.08741358378241479,0.0868630728372066,0.10043397439331089,0.0999729956851227,0.11991214752197266,0.0042570881238921795,0.004256875599217835,0.06467938423156738,1.2543437389272372e-19
0.08741294270343032,0.08686287905048803,0.10043429440590323,0.09997307934714383,0.1209723949432373,0.004256875603634608,0.004256663088675339,0.06405091285705566,1.2543591030746646e-19
0.08741230164363126,0.08686268527192895,0.10043461439854613,0.09997316300479285,0.12163257598876953,0.004256663094005791,0.004256450590212069,0.06505107879638672,1.2543744588590359e-19
0.08741166060301866,0.08686249150152899,0.10043493437124128,0.09997324665806992,0.12357187271118164,0.00425645059500072,0.004256238102229304,0.06694293022155762,1.2543898208749147e-19
0.08741101958159354,0.086862297461824,0.10043525432399038,0.09997333030697524,0.12743091583251953,0.004256238106621476,0.004256025624549409,0.06748628616333008,1.2544051791233858e-19
0.0874103785793569,0.08686209742613725,0.10043557425679511,0.09997341395150895,0.1267545223236084,0.004256025628867676,0.004255813156994748,0.06809091567993164,1.2544205326074114e-19
0.08740973759630981,0.08686189739885909,0.10043589416965716,0.09997349759167126,0.12662553787231445,0.004255813161739733,0.004255600700275863,0.06789135932922363,1.2544358891908825e-19
0.08740909663245328,0.08686169737998918,0.10043621406257824,0.09997358122746232,0.12691116333007812,0.004255600705236129,0.004255388254570391,0.0679020881652832,1.2544512511435093e-19
0.08740845568778835,0.08686149736952715,0.10043653393556003,0.09997366485888232,0.12755417823791504,0.004255388259355589,0.004255175819167789,0.06832385063171387,1.254466604360039e-19
0.0874078147623161,0.08686129736747264,0.10043685378860419,0.09997374848593141,0.12723040580749512,0.004255175824098697,0.004254963394423328,0.06828761100769043,1.2544819561721857e-19
0.08740717385603748,0.08686109737382527,0.10043717362171241,0.09997383210860976,0.1261730194091797,0.004254963399463478,0.004254750980337008,0.06801509857177734,1.2544973137501206e-19
0.08740653296895358,0.0868608973885847,0.1004374934348864,0.09997391572691755,0.12608981132507324,0.004254750985450486,0.0042545385772641,0.06804442405700684,1.2545126699232596e-19
0.08740589210106536,0.08686069741175055,0.10043781322812782,0.09997399934085496,0.1262679100036621,0.004254538582058116,0.004254326184849333,0.068084716796875,1.2545280195986194e-19
0.08740525125237393,0.08686049744332248,0.10043813300143839,0.09997408295042216,0.12634658813476562,0.004254326189286836,0.0042541138023821645,0.06802558898925781,1.2545433701084468e-19
0.0874046104228803,0.08686029748330013,0.10043845275481979,0.09997416655561932,0.1262798309326172,0.004254113807135839,0.004253901431106044,0.06808900833129883,1.254558723780635e-19
0.08740396961258545,0.08686009753168311,0.10043877248827368,0.0999742501564466,0.1258103847503662,0.004253901435604504,0.004253689070132793,0.06826353073120117,1.2545740743760303e-19
0.08740332882149042,0.08685989758847108,0.10043909220180178,0.09997433375290421,0.12512683868408203,0.004253689074692731,0.004253476719640048,0.06766080856323242,1.2545894295486578e-19
0.08740268804959622,0.08685969765366368,0.10043941189540577,0.0999744173449923,0.1255505084991455,0.004253476724399289,0.004253264379983079,0.06811332702636719,1.254604783569376e-19
0.0874020472969039,0.08685949772726054,0.10043973156908732,0.09997450093271101,0.12533068656921387,0.004253264384723963,0.0042530520511618874,0.0679922103881836,1.2546201252722744e-19
0.08740140656341452,0.0868592978092613,0.10044005122284813,0.09997458451606055,0.1247873306274414,0.004253052055666879,0.004252839731755387,0.0679633617401123,1.2546354782944166e-19
0.08740076584912905,0.0868590978996656,0.10044037085668989,0.09997466809504109,0.1256704330444336,0.004252839737227512,0.004252627424605748,0.06793570518493652,1.2546508239578165e-19
0.08740012515404848,0.08685889799847307,0.10044069047061428,0.09997475166965279,0.12510466575622559,0.004252627429404025,0.004252415127226072,0.06810879707336426,1.2546661738760616e-19
0.08739948447817386,0.08685869810568335,0.10044101006462298,0.09997483523989582,0.12477707862854004,0.004252415132197147,0.004252202840682173,0.06783199310302734,1.2546815208701912e-19
0.08739884382150628,0.08685849822129608,0.10044132963871769,0.09997491880577036,0.12476086616516113,0.00425220284560542,0.004251990564974051,0.06754851341247559,1.254696865334335e-19
0.08739820318404677,0.08685829834531089,0.10044164919290008,0.09997500236727659,0.12508177757263184,0.004251990569628929,0.004251778299568798,0.06776690483093262,1.2547122145034526e-19
0.08739756256579637,0.08685809847772745,0.10044196872717182,0.09997508592441466,0.12390780448913574,0.0042517783042668265,0.004251566044466415,0.0675663948059082,1.2547275607569756e-19
0.08739692196675605,0.08685789861854537,0.1004422882415346,0.09997516947718475,0.12438488006591797,0.004251566049519263,0.00425135380055508,0.06757354736328125,1.254742901766294e-19
0.08739628138692687,0.0868576987677643,0.10044260773599013,0.09997525302558703,0.12405514717102051,0.004251353805384002,0.004251141566768979,0.06748604774475098,1.2547582478749512e-19
0.08739564082630984,0.08685749892538386,0.10044292721054009,0.0999753365696217,0.12413287162780762,0.004251141571862578,0.004250929343818655,0.06746673583984375,1.2547735895417632e-19
0.08739500028490592,0.0868572990914037,0.10044324666518613,0.09997542010928889,0.12394046783447266,0.004250929348953741,0.004250717131348836,0.06751298904418945,1.2547889363179965e-19
0.08739435976271619,0.08685709926582347,0.10044356609992995,0.09997550364458879,0.1246798038482666,0.004250717136656607,0.004250504930070065,0.06761407852172852,1.25480427974201e-19
0.08739371925974175,0.08685689944864276,0.10044388551477322,0.09997558717552157,0.12437796592712402,0.004250504934970652,0.004250292738916528,0.06775712966918945,1.2548196264085196e-19
0.08739307877598357,0.08685669963986127,0.10044420490971766,0.09997567070208742,0.124053955078125,0.004250292743896029,0.0042500805587764034,0.06778764724731445,1.2548349618109982e-19
0.0873924383114427,0.0868564998394786,0.10044452428476494,0.09997575223743961,0.12442183494567871,0.0042500805634291695,0.004249868389116784,0.06776952743530273,1.2548503035921507e-19
0.08739179786612014,0.0868563000474944,0.10044484363991674,0.09997583190156895,0.12401080131530762,0.004249868393572596,0.004249656229760035,0.0675048828125,1.2548656442382046e-19
0.08739115744001692,0.0868561002639083,0.10044516297517474,0.0999759115615551,0.1239321231842041,0.004249656234324405,0.0042494440810614265,0.06778645515441895,1.2548809780702975e-19
0.08739051703313405,0.08685590048871997,0.10044548229054062,0.09997599121739822,0.12305974960327148,0.004249444085685459,0.004249231942665688,0.06801295280456543,1.254896318470576e-19
0.08738987664547256,0.08685570072192901,0.10044580158601607,0.09997607086909849,0.12299013137817383,0.004249231947655151,0.004249019815638633,0.06761717796325684,1.254911654959628e-19
0.0873892362770335,0.08685550096353507,0.10044612086160275,0.09997615051665606,0.12280583381652832,0.004249019820232278,0.004248807698914447,0.06755971908569336,1.2549269917652403e-19
0.08738859592781789,0.0868553012135378,0.10044644011730233,0.0999762301600711,0.1231546401977539,0.004248807703416366,0.0042485955926707675,0.06750702857971191,1.2549423340074966e-19
0.08738795559782678,0.08685510147193683,0.10044675935311652,0.09997630979934374,0.12276315689086914,0.004248595597207484,0.004248383496907593,0.0674588680267334,1.2549576717442898e-19
0.0873873152870612,0.08685490173873178,0.10044707856904697,0.09997638943447416,0.12230396270751953,0.004248383501604148,0.004248171411802559,0.06724286079406738,1.254973008926957e-19
0.08738667499552215,0.08685470201392231,0.1004473977650954,0.09997646906546251,0.12303829193115234,0.004248171416606514,0.004247959337710938,0.06743836402893066,1.2549883395067938e-19
0.08738603472321059,0.08685449994001565,0.10044771694126346,0.09997654869230896,0.12181925773620605,0.004247959342212615,0.004247747273922187,0.0671381950378418,1.2550036748316232e-19
0.08738539447012769,0.08685429394819502,0.10044803609755287,0.09997662831501367,0.12234926223754883,0.004247747278423382,0.004247535220436305,0.0673990249633789,1.255019013127297e-19
0.08738475423627443,0.08685408796501788,0.1004483552339653,0.09997670793357678,0.12146377563476562,0.004247535225238891,0.004247323177963835,0.06737232208251953,1.2550343438610717e-19
0.08738411402165178,0.0868538819904839,0.1004486743505024,0.09997678754799846,0.12093758583068848,0.0042473231826579295,0.0042471111456166,0.06690001487731934,1.2550496754627812e-19
0.08738347382626079,0.08685367602459271,0.10044899344716589,0.09997686715827889,0.12111783027648926,0.004247111150680669,0.004246899124460413,0.06693387031555176,1.255065008747626e-19
0.08738283365010248,0.08685347006734394,0.10044931252395743,0.09997694676441818,0.12082862854003906,0.004246899129304872,0.004246687113607095,0.06694722175598145,1.255080342187736e-19
0.08738219349317788,0.08685326411873721,0.10044963158087872,0.09997702636641653,0.12127518653869629,0.004246687118530329,0.004246475113589554,0.06670951843261719,1.2550956723369894e-19
0.08738155335548803,0.08685305817877219,0.10044995061793142,0.09997710596427409,0.12093472480773926,0.004246475118355873,0.004246263124052518,0.06650018692016602,1.2551110015895894e-19
0.08738091323703394,0.08685285224744849,0.10045026963511722,0.099977185557991,0.1205892562866211,0.004246263128783603,0.004246051144995988,0.06609106063842773,1.2551263355760253e-19
0.08738027313781661,0.08685264632476575,0.1004505886324378,0.09997726514756741,0.12064409255981445,0.004246051149810353,0.004245839176419963,0.06558823585510254,1.2551416645097898e-19
0.08737963305783707,0.0868524404107236,0.10045090760989482,0.09997734473300353,0.1211097240447998,0.004245839181437966,0.004245627218324444,0.06581449508666992,1.2551569908330213e-19
0.08737899299709637,0.08685223450532167,0.10045122656748998,0.09997742431429948,0.12021183967590332,0.00424562722366517,0.004245415272130515,0.06504535675048828,1.255172324115572e-19
0.08737835295559546,0.08685202860855962,0.10045154550522492,0.09997750389145545,0.12128448486328125,0.004245415276488077,0.00424520333481837,0.06494641304016113,1.255187649331137e-19
0.08737771293333545,0.08685182272043707,0.10045186442310136,0.09997758346447157,0.12122058868408203,0.004245203339910602,0.004244991409585452,0.06417608261108398,1.2552029751841856e-19
0.08737707293031734,0.08685161684095363,0.10045218332112098,0.099977663033348,0.12261772155761719,0.004244991413930037,0.004244779493767226,0.06463289260864258,1.255218296279772e-19
0.08737643294654217,0.08685141097010897,0.10045250219928545,0.0999777425980849,0.12381124496459961,0.004244779498547399,0.004244567588962411,0.06443452835083008,1.2552336298242145e-19
0.08737579298201088,0.0868512051079027,0.10045282105759643,0.09997782215868244,0.12561726570129395,0.004244567593762008,0.004244355694815738,0.06470298767089844,1.2552489528843086e-19
0.08737515303672458,0.08685099925433448,0.1004531398960556,0.09997790171514076,0.12452220916748047,0.004244355699570711,0.004244143810794299,0.0646216869354248,1.2552642783634428e-19
0.08737451311068424,0.08685079340940394,0.10045345871466467,0.09997798126746005,0.12521672248840332,0.004244143815975732,0.004243931938141543,0.06545734405517578,1.2552796045278358e-19
0.08737387320389088,0.08685058757311069,0.1004537775134253,0.09997806081564044,0.12534546852111816,0.00424393194297502,0.004243720075614021,0.06543588638305664,1.255294926059606e-19
0.0873732333163455,0.0868503817454544,0.10045409629233916,0.09997814035968211,0.12491345405578613,0.004243720080568509,0.004243508223567005,0.06576800346374512,1.2553102496699487e-19
0.08737259344804915,0.0868501759264347,0.10045441505140792,0.09997821989958519,0.12516331672668457,0.004243508228756965,0.004243296383066308,0.06570196151733398,1.2553255750876809e-19
0.08737195359900285,0.08684997011605122,0.1004547337906333,0.09997829943534986,0.12532973289489746,0.004243296387537134,0.004243084551980303,0.06597733497619629,1.2553408962983168e-19
0.08737131376920756,0.08684976431430359,0.10045505251001693,0.09997837624436233,0.12506985664367676,0.0042430845569105926,0.004242872732262981,0.06621479988098145,1.25535622023144e-19
0.08737067395866444,0.08684955852119144,0.10045537120956051,0.09997845191399846,0.1248164176940918,0.004242872736876059,0.004242660922315622,0.06646084785461426,1.2553715376393773e-19
0.08737003416737445,0.08684935273671443,0.10045568988926572,0.09997852757971819,0.12539458274841309,0.004242660927433395,0.004242449124092218,0.06679940223693848,1.255386856685175e-19
0.08736939439533857,0.08684914696087216,0.10045600854913421,0.09997860324152169,0.12558388710021973,0.004242449128580632,0.004242237335461141,0.06671690940856934,1.2554021736390676e-19
0.08736875464255783,0.08684894119366429,0.10045632718916765,0.0999786788994091,0.12523484230041504,0.004242237340319009,0.004242025558021112,0.06653356552124023,1.2554174936276047e-19
0.08736811490903325,0.08684873543509043,0.10045664580936772,0.09997875455338057,0.12487626075744629,0.004242025562647299,0.004241813790528681,0.06685590744018555,1.2554328153587092e-19
0.08736747519476586,0.08684852968515024,0.10045696440973612,0.09997883020343623,0.1252155303955078,0.004241813795565332,0.004241602034227299,0.06715059280395508,1.2554481255993808e-19
0.08736683549975667,0.08684832394384336,0.10045728299027451,0.09997890584957625,0.1250464916229248,0.004241602039072574,0.004241390288228786,0.06701922416687012,1.255463446402619e-19
0.0873661958240067,0.0868481182111694,0.10045760155098458,0.09997898149180076,0.12428498268127441,0.004241390293167443,0.004241178552888414,0.0669097900390625,1.2554787645715812e-19
0.087365556167517,0.08684791248712802,0.10045792009186799,0.09997905713010992,0.12399673461914062,0.004241178557850442,0.004240966828916726,0.0667121410369873,1.2554940784551218e-19
0.08736491653028859,0.08684770677171882,0.10045823861292642,0.09997913276450386,0.12338757514953613,0.004240966833119634,0.004240755114182093,0.06581568717956543,1.2555093913260241e-19
0.08736427691232244,0.08684750106494146,0.10045855711416155,0.09997920839498273,0.11702251434326172,0.0042407551189772045,0.004240543410816144,0.06419682502746582,1.2555247113588287e-19
0.08736363731361967,0.08684729536679558,0.10045887559557505,0.09997928402154668,0.12000584602355957,0.0042405434154206305,0.004240331717753065,0.0666358470916748,1.2555400226483735e-19
0.08736299773418119,0.08684708967728083,0.10045919405716859,0.09997935964419585,0.12373709678649902,0.004240331722449722,0.004240120035703399,0.06673908233642578,1.2555553367619398e-19
0.08736235817400809,0.08684688399639684,0.10045951249894386,0.0999794352629304,0.12357759475708008,0.0042401200400642445,0.004239908363778966,0.06664705276489258,1.255570648885921e-19
0.08736171863310131,0.08684667387118092,0.10045983092090252,0.09997951087775046,0.12314534187316895,0.004239908368263073,0.004239696702512674,0.06671571731567383,1.2555859665598482e-19
0.08736107911146193,0.0868464619207076,0.10046014932304624,0.09997958648865618,0.1242666244506836,0.0042396967070466056,0.004239485051726888,0.0671079158782959,1.2556012730689658e-19
0.08736043960909101,0.0868462499791114,0.10046046770537671,0.09997966209564771,0.12338829040527344,0.004239485056413375,0.0042392734115992425,0.06708955764770508,1.2556165835094066e-19
0.08735980012598951,0.086846038046392,0.10046078606789559,0.09997973769872519,0.12344956398010254,0.004239273416364815,0.004239061781952103,0.06693124771118164,1.2556318905692458e-19
0.08735916066215847,0.08684582612254901,0.10046110441060453,0.09997981329788877,0.12299418449401855,0.004239061786898362,0.004238850163673646,0.06663942337036133,1.2556472065973024e-19
0.08735852121759893,0.08684561420758205,0.10046142273350525,0.09997988889313858,0.12314343452453613,0.004238850168012831,0.004238638554987517,0.06691837310791016,1.255662515367581e-19
0.08735788179231191,0.08684540230149079,0.10046174103659938,0.09997996448447478,0.12280416488647461,0.0042386385597090815,0.004238426957492436,0.06662559509277344,1.255677822080169e-19
0.0873572423862984,0.08684519040427484,0.10046205931988862,0.09998004007189752,0.12287116050720215,0.004238426961985499,0.00423821537047786,0.06657052040100098,1.2556931286795904e-19
0.08735660299955941,0.08684497851593381,0.10046237758337463,0.09998011565540695,0.12263894081115723,0.004238215374842605,0.004238003793588518,0.0662071704864502,1.2557084375670215e-19
0.08735596363209598,0.08684476663646735,0.1004626958270591,0.0999801912350032,0.12174391746520996,0.004238003798280552,0.004237792227890225,0.06621718406677246,1.255723744466842e-19
0.08735532428390914,0.08684455476587512,0.10046301405094371,0.09998026681068642,0.12100958824157715,0.004237792232296746,0.004237580672317165,0.0661616325378418,1.2557390505346333e-19
0.08735468495499994,0.08684434290415674,0.1004633322550301,0.09998034238245675,0.12198948860168457,0.004237580676892725,0.004237369127402246,0.06599760055541992,1.2557543576362182e-19
0.08735404564536935,0.08684413105131183,0.10046365043931996,0.09998041795031434,0.11963176727294922,0.0042373691320665785,0.004237157592967833,0.06555366516113281,1.2557696618638455e-19
0.0873534063550184,0.08684391920734004,0.10046396860381494,0.09998049351425935,0.11909127235412598,0.004237157597819845,0.004236946069546832,0.06687045097351074,1.255784969532089e-19
0.08735276708394807,0.08684370737224097,0.10046428674851673,0.09998056907429191,0.11960315704345703,0.004236946074148911,0.004236734556428701,0.06586813926696777,1.2558002727061218e-19
0.08735212783215943,0.08684349554601425,0.100464604873427,0.09998064463041217,0.12009453773498535,0.004236734561054915,0.004236523053791075,0.06705570220947266,1.2558155757433395e-19
0.08735148859965344,0.08684328372865954,0.10046492297854741,0.09998072018262029,0.11960101127624512,0.004236523058537721,0.004236311561633954,0.06646609306335449,1.2558308772272284e-19
0.08735084938643109,0.08684307192017647,0.10046524106387962,0.09998079365847565,0.11870718002319336,0.004236311566596756,0.004236100080667882,0.06629776954650879,1.2558461796333814e-19
0.08735021019249346,0.08684286012056466,0.10046555912942531,0.09998086534039444,0.11726856231689453,0.004236100085229477,0.004235888609827043,0.06630206108093262,1.2558614839049866e-19
0.08734957101784155,0.08684264832982377,0.10046587717518617,0.09998093701862137,0.11777424812316895,0.004235888614437377,0.004235677149111439,0.06615734100341797,1.2558767841028002e-19
0.08734893186247636,0.0868424365479534,0.10046619520116384,0.0999810086931566,0.11803054809570312,0.004235677154219614,0.004235465699586882,0.06641292572021484,1.2558920817605592e-19
0.08734829272639894,0.08684222477495321,0.10046651320736004,0.09998108036400023,0.11806011199951172,0.004235465704574964,0.0042352542608981025,0.06629395484924316,1.2559073853911801e-19
0.08734765360961026,0.08684201301082281,0.10046683119377642,0.09998115203115242,0.11728167533874512,0.004235254265503189,0.0042350428319792854,0.06590986251831055,1.2559226769800289e-19
0.08734701451211137,0.08684180125556185,0.10046714916041463,0.09998122369461328,0.11670517921447754,0.00423504283700517,0.0042348314142515164,0.06508302688598633,1.255937980014265e-19
0.08734637543390326,0.08684158950916995,0.10046746710727636,0.09998129535438295,0.11589360237121582,0.004234831419078609,0.004234620006826617,0.06429052352905273,1.2559532779380683e-19
0.08734573637498705,0.08684137777164676,0.10046778503436327,0.09998136701046158,0.11552047729492188,0.004234620011723067,0.004234408610592766,0.06388235092163086,1.2559685775145555e-19
0.0873450973353637,0.0868411660429919,0.10046810294167702,0.09998143866284928,0.11717677116394043,0.004234408614938292,0.004234197224128877,0.06431078910827637,1.2559838696240625e-19
0.08734445831503419,0.086840954323205,0.10046842082921928,0.09998151031154622,0.1149442195892334,0.004234197228723786,0.004233985847967858,0.06392550468444824,1.2559991705510211e-19
0.08734381931399952,0.0868407426122857,0.10046873869699173,0.09998158195655249,0.11639881134033203,0.004233985853080724,0.0042337744835307944,0.06342220306396484,1.2560144654322837e-19
0.08734318033226074,0.08684053091023365,0.10046905654499602,0.09998165359786826,0.11716628074645996,0.004233774488005149,0.004233563128508422,0.06359195709228516,1.256029759376685e-19
0.08734254136981887,0.08684031921704843,0.10046937437323382,0.09998172523549363,0.11470174789428711,0.004233563133499304,0.004233351785032369,0.06277680397033691,1.2560450533818513e-19
0.08734190242667486,0.08684010753272972,0.1004696921817068,0.09998179686942876,0.11665654182434082,0.004233351789560554,0.004233140452214457,0.06276941299438477,1.256060346840111e-19
0.08734126350282982,0.08683989585727715,0.10047000997041665,0.09998186849967378,0.11614465713500977,0.004233140456188044,0.004232929128811236,0.06341719627380371,1.2560756372117952e-19
0.08734062459828468,0.08683968419069034,0.10047032773936503,0.0999819401262288,0.11762094497680664,0.004232929133384315,0.004232717816599063,0.06319236755371094,1.2560909392703434e-19
0.08733998571304048,0.08683947253296893,0.10047064548855358,0.09998201174909398,0.1166689395904541,0.004232717821147826,0.004232506514867396,0.062398433685302734,1.2561062277822258e-19
0.0873393468470982,0.08683926088411255,0.100470963217984,0.09998208336826943,0.11635017395019531,0.004232506519476971,0.004232295223793869,0.06244373321533203,1.2561215166775782e-19
0.08733870800045886,0.08683904910467917,0.10047128092765795,0.0999821549837553,0.11680245399475098,0.004232295228372281,0.004232083943378484,0.06254863739013672,1.2561368042485827e-19
0.0873380691731235,0.08683883118257164,0.10047159861757708,0.09998222659555173,0.1172330379486084,0.004232083947832539,0.004231872672910697,0.06253266334533691,1.256152096824518e-19
0.08733743036509316,0.086838613269574,0.10047191628774307,0.09998229820365884,0.1170356273651123,0.0042318726778586046,0.0042316614139892295,0.06243085861206055,1.2561673824911085e-19
0.08733679157636885,0.08683839536568586,0.1004722339381576,0.09998236980807676,0.11761021614074707,0.004231661418447829,0.00423145016501536,0.06245613098144531,1.2561826793543427e-19
0.08733615280695155,0.08683817747090687,0.10047255156882232,0.09998244140880563,0.11931276321411133,0.004231450169599803,0.004231238926699632,0.06289887428283691,1.2561979646731117e-19
0.0873355140568423,0.08683795958523666,0.10047286917973887,0.09998251300584558,0.11871027946472168,0.004231238931314911,0.0042310276992196805,0.06330657005310059,1.2562132571174769e-19
0.08733487532604212,0.08683774170867486,0.10047318677090895,0.09998258459919676,0.1202402114868164,0.004231027703591985,0.004230816481332056,0.06296682357788086,1.2562285433881936e-19
0.08733423661455197,0.0868375238412211,0.10047350434233424,0.09998265618885928,0.11891627311706543,0.004230816486432534,0.004230605274280208,0.0636141300201416,1.2562438265108702e-19
0.08733359792237291,0.08683730598287502,0.10047382189401635,0.09998272777483327,0.12022995948791504,0.004230605279834717,0.004230394078952315,0.06369185447692871,1.2562591139397933e-19
0.08733295924950593,0.08683708813363623,0.100474139425957,0.09998279935711889,0.11847138404846191,0.004230394083796872,0.004230182893572021,0.06316971778869629,1.256274398658679e-19
0.0873323205959521,0.0868368702935044,0.10047445693815783,0.09998287093571626,0.12054824829101562,0.004230182898318908,0.004229971718672232,0.06498217582702637,1.2562896828159014e-19
0.0873316819617124,0.08683665246247911,0.10047477443062053,0.0999829425106255,0.11907434463500977,0.004229971723400938,0.004229760554252948,0.06362652778625488,1.256304966514736e-19
0.0873310433467878,0.08683643464056003,0.10047509190334673,0.09998301408184676,0.12093687057495117,0.004229760559042439,0.0042295494004918055,0.06443929672241211,1.2563202543517094e-19
0.08733040475117937,0.08683621682774678,0.10047540935633811,0.09998308178980718,0.11964178085327148,0.004229549405242558,0.004229338257211168,0.06387138366699219,1.2563355357448477e-19
0.08732976617488811,0.08683599902403899,0.10047572678959635,0.09998314948633276,0.1210939884185791,0.004229338262000345,0.004229127124943943,0.06405901908874512,1.2563508217072857e-19
0.08732912761791506,0.08683578122943626,0.10047604420312307,0.09998321717938892,0.12253713607788086,0.004229127129315373,0.004228916002624317,0.06475353240966797,1.2563660976132053e-19
0.08732848908026122,0.08683556344393825,0.10047636159691997,0.09998328486897579,0.1208345890045166,0.004228916007188077,0.004228704890962831,0.0645437240600586,1.256381388053795e-19
0.08732785056192754,0.0868353456675446,0.10047667897098869,0.09998335255509347,0.12072420120239258,0.004228704895617271,0.004228493790137122,0.06513237953186035,1.2563966641532545e-19
0.08732721206291506,0.08683512790025492,0.1004769963253309,0.0999834202377421,0.12022757530212402,0.004228493794602658,0.004228282699791919,0.06515192985534668,1.2564119423411035e-19
0.08732657358322478,0.08683491014206884,0.10047731365994828,0.09998348791692178,0.11978602409362793,0.004228282704143517,0.004228071620282492,0.06461167335510254,1.2564272246475108e-19
0.08732593512285772,0.08683469239298601,0.10047763097484244,0.09998355559263268,0.11912250518798828,0.004228071624238523,0.004227860550010121,0.06419539451599121,1.256442503259197e-19
0.08732529668181488,0.08683447465300605,0.10047794827001509,0.09998362326487487,0.12060928344726562,0.004227860554890341,0.00422764949163934,0.06556487083435059,1.2564577792411663e-19
0.08732465826009728,0.08683425692212858,0.10047826554546789,0.09998369093364849,0.11966443061828613,0.004227649496094565,0.004227438443216158,0.06568551063537598,1.2564730592037566e-19
0.08732401985770592,0.08683403920035325,0.10047858280120249,0.09998375859895366,0.12219071388244629,0.004227438447852439,0.004227227405451117,0.06577324867248535,1.2564883329845367e-19
0.08732338147464179,0.08683382148767968,0.10047890003722056,0.09998382626079051,0.12125802040100098,0.004227227410163075,0.0042270163781665815,0.06545281410217285,1.2565036132280215e-19
0.08732274311090592,0.0868336037841075,0.10047921725352377,0.09998389391915916,0.11940145492553711,0.004227016383026663,0.0042268053617178225,0.0650782585144043,1.2565188879085968e-19
0.08732210476649935,0.08683338608963634,0.10047953445011379,0.09998396157405971,0.12029623985290527,0.0042268053664422395,0.00422659435610484,0.06456494331359863,1.2565341619620178e-19
0.0873214664414231,0.08683316840426583,0.10047985162699226,0.09998402922549232,0.12087821960449219,0.004226594360407995,0.004226383360794728,0.0662837028503418,1.2565494432482832e-19
0.08732082813567824,0.08683295072799561,0.10048016878416084,0.09998409687345709,0.12102603912353516,0.0042263833649253705,0.004226172375254578,0.06634640693664551,1.2565647119263227e-19
0.08732018984926569,0.0868327330608253,0.10048048592162119,0.09998416451795415,0.11879587173461914,0.004226172379993585,0.004225961400550204,0.06511306762695312,1.2565799841128325e-19
0.0873195515821865,0.08683251540275452,0.10048080303937496,0.09998423215898361,0.11892294883728027,0.004225961405611734,0.004225750437214515,0.06521868705749512,1.2565952603719262e-19
0.08731891333444164,0.08683229775378293,0.10048112013742383,0.0999842997965456,0.1192939281463623,0.004225750441778598,0.004225539483471152,0.06573772430419922,1.2566105307383236e-19
0.08731827510603214,0.08683208011391015,0.10048143721576946,0.09998436743064024,0.11937713623046875,0.004225539488495036,0.004225328540918838,0.06566643714904785,1.2566258053120943e-19
0.087317636896959,0.08683186248313582,0.10048175427441351,0.09998443506126764,0.11810922622680664,0.004225328545759769,0.004225117609379936,0.06512689590454102,1.2566410737604048e-19
0.0873169987072232,0.08683164486145957,0.10048207131335764,0.09998450268842794,0.1187901496887207,0.004225117613569616,0.004224906687078089,0.06563019752502441,1.2566563449873106e-19
0.08731636053682577,0.08683142724888102,0.1004823883326035,0.09998457031212127,0.11939477920532227,0.0042249066919284066,0.004224695775434384,0.0655965805053711,1.2566716136623093e-19
0.08731572238576774,0.08683120778184816,0.10048270533215277,0.09998463793234771,0.11983108520507812,0.00422469578083568,0.004224484875514634,0.06680607795715332,1.2566868881568058e-19
0.08731508425405007,0.08683098389177937,0.1004830223120071,0.09998470554910742,0.11948466300964355,0.0042244848802871155,0.00422427398518721,0.06532096862792969,1.256702159491734e-19
0.08731444614167379,0.08683076001105158,0.10048333927216817,0.09998477316240051,0.11956477165222168,0.004224273990283923,0.004224063106583742,0.0662388801574707,1.256717422520972e-19
0.08731380804863989,0.08683053613966443,0.1004836562126376,0.0999848407722271,0.11912703514099121,0.004224063110824173,0.004223852237039694,0.06605005264282227,1.2567326910102045e-19
0.08731316997494941,0.08683031227761756,0.1004839731334171,0.0999849083785873,0.1183314323425293,0.004223852241910101,0.004223641378864329,0.065460205078125,1.2567479547981083e-19
0.08731253192060334,0.08683008842491059,0.1004842900345083,0.09998497598148125,0.11937808990478516,0.004223641383539103,0.00422343053116947,0.06615495681762695,1.256763220176253e-19
0.08731189388560275,0.08682986458154315,0.10048460691591286,0.09998504358090904,0.11813235282897949,0.004223430535712315,0.0042232196935998445,0.06575345993041992,1.2567784906040084e-19
0.08731125586994856,0.08682964074751486,0.10048492377763243,0.09998511086757161,0.11900711059570312,0.0042232196984272686,0.004223008867398903,0.06593108177185059,1.2567937583725171e-19
0.0873106178736418,0.08682941692282535,0.10048524061966868,0.09998517458721842,0.12032008171081543,0.004223008871684692,0.004222798050612653,0.06624317169189453,1.2568090259124416e-19
0.0873099798966835,0.08682919310747425,0.10048555744202324,0.09998523830361593,0.11843538284301758,0.004222798055485149,0.004222587245550358,0.06656956672668457,1.256824285170039e-19
0.08730934193907468,0.08682896930146121,0.10048587424469782,0.09998530201676425,0.11792755126953125,0.004222587249825702,0.004222376449902754,0.06645870208740234,1.256839549901929e-19
0.08730870400081632,0.08682874550478585,0.10048619102769404,0.09998536572666351,0.1178593635559082,0.004222376454707864,0.004222165665446198,0.06617069244384766,1.2568548126155257e-19
0.08730806608190944,0.08682852171744782,0.10048650779101359,0.09998542943331382,0.11776852607727051,0.00422216567012906,0.004221954891114876,0.06577277183532715,1.2568700699844967e-19
0.08730742818235505,0.08682829793944673,0.10048682453465811,0.09998549313671526,0.11818099021911621,0.004221954896090842,0.004221744127974603,0.06587505340576172,1.2568853353764857e-19
0.0873067903021542,0.0868280741707822,0.10048714125862927,0.09998555683686795,0.11667132377624512,0.004221744132591255,0.004221533374781927,0.06482291221618652,1.256900596875018e-19
0.08730615244130782,0.08682785041145386,0.10048745796292871,0.09998562053377201,0.11644482612609863,0.004221533379631184,0.004221322632425029,0.06395459175109863,1.2569158586639292e-19
0.08730551459981693,0.08682762666146135,0.10048777464755809,0.09998568422742754,0.11838459968566895,0.0042213226372087,0.004221111900548635,0.06441307067871094,1.2569311169807557e-19
0.08730487677768256,0.08682740292080429,0.10048809131251907,0.09998574791783466,0.11768507957458496,0.004221111905323998,0.004220901179152747,0.06424069404602051,1.2569463811624437e-19
0.08730423897490573,0.08682717918948232,0.10048840795781329,0.09998581160499347,0.12064647674560547,0.004220901183975825,0.004220690468237365,0.06422853469848633,1.25696163240246e-19
0.08730360119148747,0.08682695546749505,0.10048872458344242,0.09998587528890408,0.12073135375976562,0.004220690473165036,0.004220479768157759,0.06368160247802734,1.2569768972476196e-19
0.08730296342742876,0.08682673175484214,0.10048904118940813,0.09998593896956662,0.12039422988891602,0.004220479772889703,0.004220269078381023,0.06419825553894043,1.256992151421797e-19
0.0873023256827306,0.08682650805152319,0.10048935777571205,0.09998600264698118,0.12328100204467773,0.004220269083149063,0.00422005839997297,0.06432127952575684,1.2570074036796593e-19
0.08730168795739397,0.08682628435753782,0.10048967434235584,0.09998606632114787,0.12155842781066895,0.004220058403942752,0.004219847730801973,0.0654454231262207,1.257022667232475e-19
0.0873010502514199,0.08682606067288569,0.10048999088934116,0.09998612999206681,0.12116622924804688,0.004219847735272442,0.004219637072466753,0.0652000904083252,1.257037925515223e-19
0.08730041256480939,0.08682583699756641,0.10049030741666967,0.09998619365973811,0.11927986145019531,0.0042196370771364865,0.004219426424612038,0.06445193290710449,1.2570531753566912e-19
0.08729977489756348,0.08682561333157963,0.10049062392434302,0.09998625732416189,0.12007975578308105,0.004219426429534056,0.004219215787770736,0.06454014778137207,1.257068430288958e-19
0.08729913724968309,0.08682538967492498,0.10049094041236287,0.09998632098533823,0.12050771713256836,0.004219215792463963,0.0042190051610546675,0.06504940986633301,1.2570836882893466e-19
0.08729849962116923,0.08682516602760207,0.10049125688073089,0.09998638464326727,0.11994361877441406,0.004219005165925676,0.004218794544819104,0.06513571739196777,1.2570989387017683e-19
0.08729786201202291,0.08682494238961053,0.1004915733294487,0.09998644829794912,0.12079906463623047,0.004218794549920649,0.004218583939419318,0.06476283073425293,1.2571141908656534e-19
0.08729722442224519,0.08682471876094999,0.100491889758518,0.09998651194938386,0.1224524974822998,0.004218583944445735,0.004218373345032944,0.06575465202331543,1.2571294438143448e-19
0.08729658685183704,0.08682449514162009,0.1004922061679404,0.09998657559757163,0.12055516242980957,0.004218373349499969,0.004218162760238897,0.06506896018981934,1.2571447001389716e-19
0.08729594930079944,0.08682427153162044,0.10049252255771755,0.09998663924251251,0.12010002136230469,0.004218162765085565,0.004217952186280627,0.06575298309326172,1.2571599473239616e-19
0.0872953117691334,0.08682404793095069,0.10049283892785113,0.09998670288420664,0.1202535629272461,0.0042179521912010165,0.004217741623158133,0.06530976295471191,1.2571751966398813e-19
0.08729467425683991,0.08682382433961049,0.1004931552783428,0.09998676652265412,0.12107992172241211,0.004217741627845007,0.004217531069983238,0.06503152847290039,1.2571904473086465e-19
0.08729403676392,0.08682360075759943,0.1004934716091942,0.09998683015785505,0.12172341346740723,0.00421753107501785,0.004217320528354662,0.06531310081481934,1.2572056995351356e-19
0.0872933992903747,0.08682337397411288,0.10049378792040697,0.09998689378980954,0.11868691444396973,0.004217320532717874,0.004217109995963142,0.06413531303405762,1.2572209475480032e-19
0.08729276183620503,0.08682314410956332,0.1004941042119828,0.09998695741851772,0.11900854110717773,0.004217110000946332,0.004216899474407398,0.06441903114318848,1.2572361938778008e-19
0.08729212440141193,0.08682291425458466,0.1004944204839233,0.09998702104397969,0.11830019950866699,0.0042168994797023,0.004216688964220339,0.06472086906433105,1.2572514440992158e-19
0.08729148698599648,0.08682268440917655,0.10049473673623015,0.09998708167105118,0.12040376663208008,0.004216688968983886,0.004216478464158513,0.06501507759094238,1.2572666839886953e-19
0.08729084958995968,0.08682245457333859,0.10049505296890499,0.09998714141162277,0.12004923820495605,0.004216478468791599,0.004216267974221921,0.06451797485351562,1.2572819342652022e-19
0.08729021221330249,0.08682222474707042,0.10049536918194948,0.09998720114916325,0.1181488037109375,0.004216267979125261,0.00421605749494347,0.06456589698791504,1.2572971828354636e-19
0.0872895748560259,0.08682199493037165,0.1004956853753653,0.09998726088367273,0.11854076385498047,0.00421605749998493,0.004215847026678432,0.06491899490356445,1.2573124221851376e-19
0.08728893751813092,0.08682176512324194,0.10049600154915406,0.0999873206151513,0.11892914772033691,0.004215847031367844,0.004215636568538628,0.06476449966430664,1.2573276735743903e-19
0.08728830019961853,0.0868215353256809,0.10049631770331742,0.09998738034359905,0.11805915832519531,0.004215636573274753,0.004215426121589871,0.06503772735595703,1.2573429131426191e-19
0.08728766290048971,0.0868213055376882,0.10049663383785705,0.09998744006901611,0.11815237998962402,0.004215426125704433,0.004215215683522899,0.06500959396362305,1.2573581597639614e-19
0.08728702562074551,0.08682107575926343,0.10049694995277458,0.09998749979140255,0.11923551559448242,0.0042152156886581214,0.004215005257357518,0.06506562232971191,1.2573734043382946e-19
0.08728638836038688,0.0868208459904062,0.10049726604807169,0.0999875595107585,0.11867928504943848,0.0042150052621329325,0.0042147948414950065,0.0650639533996582,1.2573886424131957e-19
0.08728575111941489,0.08682061623111614,0.10049758212375,0.09998761922708402,0.11983942985534668,0.004214794846129936,0.004214584435580093,0.06433844566345215,1.2574038843956068e-19
0.08728511389783056,0.08682038648139291,0.10049789817981118,0.09998767894037923,0.11853861808776855,0.004214584440648957,0.004214374041033864,0.06554722785949707,1.2574191280521976e-19
0.08728447669563488,0.08682015674123612,0.10049821421625688,0.09998773865064423,0.11893653869628906,0.004214374045687153,0.004214163656079961,0.06567215919494629,1.2574343718265153e-19
0.08728383951282884,0.08681992701064542,0.10049853023308873,0.09998779835787912,0.11779975891113281,0.004214163661247051,0.004213953282494742,0.06491208076477051,1.2574496086055031e-19
0.0872832023494134,0.08681969728962041,0.10049884623030839,0.099987858062084,0.1181173324584961,0.004213953287325725,0.004213742919212393,0.06580400466918945,1.2574648515458365e-19
0.08728256520538964,0.08681946757816074,0.10049916220791752,0.09998791776325898,0.11838722229003906,0.004213742923922879,0.004213532566410549,0.06464815139770508,1.2574800889736099e-19
0.08728192808075853,0.08681923787626603,0.10049947816591778,0.09998797746140414,0.11779570579528809,0.0042135325710385505,0.004213322224266847,0.06495237350463867,1.2574953290420268e-19
0.08728129097552108,0.08681900818393593,0.10049979410431081,0.09998803715651959,0.11726140975952148,0.004213322228671347,0.0042131118918931065,0.06473684310913086,1.2575105611844752e-19
0.0872806538896783,0.08681877850117004,0.10050011002309825,0.09998809684860542,0.11708998680114746,0.004213111896822532,0.0042129015701775074,0.06398606300354004,1.257525794711929e-19
0.0872800168232312,0.086818548827968,0.10050042592228176,0.09998815653766174,0.1174001693725586,0.004212901575492232,0.004212691259652956,0.0641028881072998,1.2575410358272007e-19
0.08727937977618068,0.08681831916432943,0.10050074180186297,0.09998821622368864,0.11760210990905762,0.004212691264677871,0.004212480960141818,0.063812255859375,1.2575562685864157e-19
0.08727874274852782,0.08681808951025397,0.10050105766184356,0.09998827590668623,0.1176607608795166,0.004212480964376549,0.004212270669690099,0.0637052059173584,1.2575715060935695e-19
0.08727810574027363,0.08681785986574124,0.10050137350222516,0.09998833558665458,0.11834216117858887,0.004212270674592816,0.0042120603904294285,0.06337642669677734,1.257586740179102e-19
0.08727746875141905,0.08681763023079087,0.10050168932300942,0.09998839526359384,0.11884713172912598,0.0042120603953244105,0.004211850121826899,0.06399202346801758,1.257601977965377e-19
0.08727683178196513,0.0868174006054025,0.10050200512419799,0.09998845493750405,0.11719703674316406,0.004211850126569802,0.004211639863527239,0.06337881088256836,1.2576172111452127e-19
0.0872761948319129,0.08681717098957575,0.10050232090579253,0.09998851460838536,0.11859869956970215,0.004211639868329574,0.004211429615708084,0.06406569480895996,1.2576324435985835e-19
0.08727555790126332,0.08681694138331025,0.10050263666779467,0.09998857427623785,0.11867570877075195,0.004211429620601751,0.0042112193787247065,0.06376791000366211,1.2576476688658941e-19
0.08727492099001742,0.08681671178660563,0.10050295241020606,0.09998863394106161,0.1195828914642334,0.004211219383387535,0.004211009152044198,0.06325650215148926,1.2576629036439784e-19
0.08727428409817617,0.08681648219946153,0.10050326813302836,0.09998869360285675,0.11993193626403809,0.004211009156684035,0.0042107989353112885,0.06344437599182129,1.257678135005276e-19
0.08727364722574059,0.08681625262187757,0.1005035838362632,0.09998875326162339,0.11867189407348633,0.0042107989404937835,0.004210588730124698,0.06350111961364746,1.2576933639606974e-19
0.08727301037271165,0.08681602305385339,0.10050389951991223,0.09998881266514568,0.1199040412902832,0.0042105887348135316,0.004210378535418613,0.06383919715881348,1.2577086010003218e-19
0.08727237353909034,0.0868157934953886,0.1005042151839771,0.09998886843324262,0.1184539794921875,0.004210378539642697,0.004210168350304855,0.06408214569091797,1.2577238295039553e-19
0.08727173672487766,0.08681555989274715,0.10050453082845948,0.09998892419852443,0.12143898010253906,0.004210168354983802,0.004209958176204509,0.06449222564697266,1.257739051725126e-19
0.08727109993007465,0.08681532404589964,0.100504846453361,0.09998897996099118,0.12077021598815918,0.004209958180833721,0.004209748012584669,0.06400156021118164,1.2577542841421307e-19
0.08727046315468226,0.08681508820885173,0.10050516205868332,0.09998903572064298,0.11945605278015137,0.004209748017192531,0.004209537859622969,0.06453561782836914,1.2577695075031085e-19
0.08726982639870152,0.08681485238160301,0.10050547764442806,0.0999890914774799,0.11987805366516113,0.004209537864060363,0.004209327716431233,0.06438612937927246,1.2577847328789446e-19
0.08726918966213343,0.08681461656415312,0.1005057932105969,0.09998914723150205,0.1201326847076416,0.004209327721436731,0.004209117584785815,0.06458806991577148,1.257799960869933e-19
0.08726855294497896,0.0868143807565017,0.10050610875719146,0.0999892029827095,0.11904716491699219,0.0042091175893197285,0.004208907462555089,0.06472158432006836,1.2578151906290357e-19
0.08726791624723916,0.08681414495864838,0.10050642428421339,0.09998925873110234,0.11864900588989258,0.004208907467711532,0.004208697352048318,0.06461644172668457,1.2578304182696723e-19
0.08726727956891499,0.08681390917059278,0.10050673979166433,0.09998931447668066,0.12080550193786621,0.004208697356607584,0.00420848725131151,0.06526398658752441,1.2578456398999157e-19
0.08726664291000746,0.08681367339233453,0.10050705527954594,0.09998937021944455,0.11961960792541504,0.004208487256010692,0.004208277161943386,0.06537508964538574,1.2578608661175715e-19
0.08726600627051757,0.08681343762387325,0.10050737074785986,0.09998942595939411,0.12118148803710938,0.004208277165917261,0.004208067081989952,0.06471061706542969,1.2578760868549772e-19
0.0872653696504463,0.08681320186520858,0.10050768619660773,0.09998948169652942,0.11992835998535156,0.004208067086330215,0.004207857012339389,0.06544947624206543,1.2578913075019203e-19
0.08726473304979467,0.08681296611634015,0.1005080016257912,0.09998953743085058,0.1213982105255127,0.004207857017248385,0.004207646953524602,0.06609773635864258,1.2579065300161396e-19
0.08726409646856359,0.08681273037726757,0.10050831703541191,0.09998959316235767,0.11879301071166992,0.004207646958670524,0.004207436906789042,0.06483292579650879,1.2579217547802652e-19
0.08726345990675409,0.08681249464799048,0.10050863242547152,0.09998964889105078,0.11947917938232422,0.004207436910593643,0.004207226868047087,0.06606149673461914,1.2579369726706106e-19
0.0872628233643672,0.08681225892850852,0.10050894779597165,0.09998970461692999,0.11908292770385742,0.004207226873022089,0.004207016841384359,0.06445932388305664,1.257952192759276e-19
0.08726218684140395,0.0868120232188213,0.10050926314691395,0.0999897603399954,0.12057852745056152,0.00420701684595089,0.004206806824846865,0.06546473503112793,1.257967415157006e-19
0.0872615503378653,0.08681178751892846,0.10050957847830008,0.0999898160602471,0.11893677711486816,0.004206806829381848,0.004206596818434605,0.0644991397857666,1.2579826322351849e-19
0.08726091385375222,0.08681155182882962,0.10050989379013169,0.09998987177768516,0.12101054191589355,0.004206596823314478,0.004206386823391028,0.0652928352355957,1.257997853813073e-19
0.08726027738906575,0.0868113161485244,0.1005102090824104,0.09998992749230969,0.12024664878845215,0.004206386827746221,0.00420617683829505,0.0652158260345459,1.258013069272843e-19
0.08725964094380688,0.08681108047801246,0.10051052435513787,0.09998998320412077,0.12037038803100586,0.004206176842678593,0.004205966863324306,0.06474113464355469,1.2580282897241202e-19
0.0872590045179766,0.08681084481729341,0.10051083960831574,0.09999003891311849,0.11973881721496582,0.004205966868111991,0.004205756899189339,0.06529688835144043,1.2580435047262478e-19
0.08725836811157588,0.08681060916636689,0.10051115484194563,0.09999009461930293,0.12012052536010742,0.004205756904043634,0.004205546945712513,0.06551742553710938,1.258058718585477e-19
0.08725773172460574,0.08681037352523252,0.1005114700560292,0.0999901503226742,0.11853933334350586,0.004205546950474003,0.0042053370028938275,0.06492471694946289,1.2580739355480127e-19
0.08725709535706716,0.08681013789388993,0.1005117852505681,0.0999902060232324,0.11833834648132324,0.0042053370074008264,0.0042051270700227406,0.0647733211517334,1.258089146197308e-19
0.0872564590089611,0.08680990227233874,0.10051210042556398,0.0999902617209776,0.11887645721435547,0.004205127074826305,0.004204917148520337,0.06531763076782227,1.2581043671248924e-19
0.0872558226802886,0.08680966666057859,0.10051241558101846,0.09999031741590986,0.11775660514831543,0.004204917152747812,0.00420470723625499,0.06535100936889648,1.258119580929448e-19
0.08725518637105067,0.08680943105860908,0.1005127307169332,0.0999903731080293,0.12028002738952637,0.00420470724116795,0.00420449733518069,0.06527376174926758,1.2581347924647577e-19
0.08725455008124827,0.08680919546642987,0.10051304583330985,0.09999042879733601,0.11950540542602539,0.004204497340083866,0.004204287444586896,0.06521153450012207,1.258150004465644e-19
0.08725391381088249,0.08680895988404057,0.10051336093015004,0.09999048079566152,0.11742711067199707,0.004204287449495252,0.004204077564295972,0.06465888023376465,1.2581652189090394e-19
0.08725327755995423,0.08680872431144081,0.10051367600745541,0.0999905325884941,0.1177206039428711,0.00420407756940131,0.004203867694840824,0.0640113353729248,1.2581804272755186e-19
0.08725264132846446,0.08680848874863023,0.10051399106522758,0.09999058437872557,0.1176762580871582,0.004203867699800526,0.004203657835866181,0.06496715545654297,1.258195638514346e-19
0.08725200511641423,0.08680825319560846,0.10051430610346823,0.09999063616635605,0.1195363998413086,0.004203657840694279,0.004203447987727316,0.0651099681854248,1.2582108492208323e-19
0.08725136892380454,0.08680801765237513,0.10051462112217896,0.09999068795138559,0.11767411231994629,0.004203447992080143,0.004203238149536048,0.06418275833129883,1.2582260579808556e-19
0.08725073275063634,0.08680777785109482,0.10051493612136143,0.09999073973381428,0.11792325973510742,0.0042032381539588845,0.004203028321470015,0.0644524097442627,1.258241271773048e-19
0.0872500965969106,0.0868075360128518,0.10051525110101726,0.09999079151364218,0.11827349662780762,0.004203028326330663,0.004202818504417394,0.06421637535095215,1.258256480371267e-19
0.08724946046262842,0.0868072941846358,0.10051556606114813,0.09999084329086938,0.11939787864685059,0.004202818509193633,0.004202608698022914,0.06528520584106445,1.2582716905787752e-19
0.08724882434779069,0.08680705236644648,0.10051588100175565,0.09999089506549597,0.11906814575195312,0.004202608702546922,0.004202398901753668,0.06506991386413574,1.2582868938819271e-19
0.08724818825239844,0.08680681055828345,0.10051619592284149,0.09999094683752201,0.11922240257263184,0.004202398906391289,0.004202189116142563,0.06530046463012695,1.2583021010487263e-19
0.08724755217645269,0.08680656876014634,0.10051651082440727,0.09999099860694759,0.11744022369384766,0.004202189120725585,0.0042019793408343276,0.06404328346252441,1.2583173030026278e-19
0.0872469161199544,0.08680632697203478,0.10051682570645462,0.09999105037377279,0.11619949340820312,0.004201979345549979,0.004201769576006598,0.0638582706451416,1.2583325139127343e-19
0.08724628008290458,0.0868060851939484,0.10051714056898521,0.09999110213799768,0.11853194236755371,0.00420176958086427,0.0042015598225475514,0.06540441513061523,1.2583477181128375e-19
0.08724564406530416,0.08680584342588682,0.10051745541200066,0.09999115389962236,0.11789774894714355,0.004201559826665474,0.0042013500785031965,0.06508517265319824,1.2583629221046798e-19
0.08724500806715418,0.0868056016678497,0.10051777023550261,0.09999120565864689,0.11859393119812012,0.00420135008295453,0.004201140345116983,0.0651102066040039,1.2583781218594654e-19
0.08724437208845566,0.08680535991983665,0.10051808503949268,0.09999125741507135,0.11824703216552734,0.004201140349731563,0.00420093062238891,0.06505560874938965,1.2583933300769918e-19
0.0872437361292096,0.08680511818184729,0.10051839982397255,0.09999130916889583,0.11752891540527344,0.00420093062699536,0.004200720909963707,0.06476402282714844,1.258408527564517e-19
0.08724310018941699,0.08680487645388124,0.10051871458894383,0.09999136092012041,0.11721014976501465,0.004200720914746405,0.00420051120837428,0.06499791145324707,1.2584237303712603e-19
0.08724246426907878,0.08680463473593816,0.10051902933440818,0.09999141266874516,0.11805462837219238,0.004200511212983175,0.004200301516910088,0.0647275447845459,1.2584389369967745e-19
0.08724182836819595,0.08680439302801768,0.1005193440603672,0.09999146441477015,0.11714386940002441,0.004200301521705497,0.004200091836459308,0.06444334983825684,1.2584541356914074e-19
0.08724119248676956,0.08680415133011939,0.10051965876682253,0.09999151615819549,0.11912941932678223,0.00420009184091207,0.004199882165423219,0.06381702423095703,1.258469337985123e-19
0.08724055662480054,0.08680390964224292,0.10051997345377585,0.09999156789902122,0.11842727661132812,0.004199882170604532,0.004199672506111085,0.06481766700744629,1.2584845345404867e-19
0.08723992078228994,0.08680366796438792,0.10052028812122876,0.09999161963724745,0.11923336982727051,0.0041996725107802425,0.004199462856924185,0.06482648849487305,1.2584997384548999e-19
0.08723928495923867,0.086803426296554,0.10052060276918293,0.09999167137287425,0.11878228187561035,0.004199462861438346,0.00419925321786252,0.0643622875213623,1.2585149324165898e-19
0.08723864915564782,0.08680318463874084,0.10052091739763996,0.0999917231059017,0.11944580078125,0.0041992532225806345,0.004199043589458995,0.0647273063659668,1.2585301314744723e-19
0.08723801337151832,0.08680294299094804,0.10052123200660154,0.09999177483632986,0.11970806121826172,0.0041990435942043,0.004198833972068883,0.06399655342102051,1.2585453234630186e-19
0.08723737760685121,0.08680270135317521,0.10052154659606927,0.09999182656415884,0.11884284019470215,0.004198833976308459,0.004198624364093462,0.06429862976074219,1.258560527930515e-19
0.08723674186164747,0.086802459725422,0.10052186116604479,0.0999918782893887,0.1199338436126709,0.004198624368894953,0.004198414767131453,0.06479358673095703,1.258575721308773e-19
0.08723610613590806,0.08680221810768804,0.10052217571652974,0.09999192840981007,0.11800432205200195,0.004198414771962252,0.00419820518064995,0.06433224678039551,1.2585909187683093e-19
0.08723547042963398,0.08680197649997297,0.10052249024752576,0.09999197623210088,0.11713981628417969,0.004198205185509438,0.004197995605181859,0.0641474723815918,1.2586061151239412e-19
0.08723483474282619,0.0868017349022764,0.1005228047590345,0.09999202405200248,0.1201179027557373,0.004197995609535677,0.004197786039839002,0.06466054916381836,1.2586213102189485e-19
0.08723419907548566,0.08680149331459795,0.10052311925105756,0.09999207186951495,0.11992454528808594,0.004197786044040088,0.0041975764839108365,0.06477832794189453,1.258636503363806e-19
0.08723356342761342,0.08680125173693727,0.1005234337235966,0.09999211968463835,0.12016081809997559,0.004197576489025615,0.004197366939884262,0.06504464149475098,1.258651697364216e-19
0.08723292779921049,0.08680101016929397,0.10052374817665324,0.09999216749737275,0.12011051177978516,0.00419736694448757,0.004197157405805285,0.06553936004638672,1.2586668871309036e-19
0.08723229219027784,0.08680076861166766,0.10052406261022913,0.09999221530771822,0.11842179298400879,0.004197157410427214,0.00419694788238445,0.06513833999633789,1.258682080697205e-19
0.08723165660081646,0.08680052706405803,0.10052437702432589,0.09999226311567484,0.11735033988952637,0.00419694788684327,0.004196738369088848,0.06418156623840332,1.2586972708386565e-19
0.08723102103082735,0.08680028552646464,0.10052469141894516,0.09999231092124267,0.11793351173400879,0.004196738373735887,0.0041965288666290235,0.06429505348205566,1.2587124604368893e-19
0.0872303854803115,0.08680004027011286,0.10052500579408857,0.09999235872442178,0.1184234619140625,0.004196528871103554,0.004196319374116797,0.06471037864685059,1.258727651663599e-19
0.08722974994926991,0.08679979243011281,0.10052532014975778,0.09999240652521224,0.11776018142700195,0.004196319378948443,0.004196109892262712,0.0646207332611084,1.2587428411115438e-19
0.08722911443770355,0.08679954460036605,0.1005256344859544,0.09999245432361413,0.11878013610839844,0.004196109897267684,0.004195900421244403,0.06403803825378418,1.258758032877179e-19
0.08722847894561336,0.08679929678087223,0.10052594880268009,0.09999250211962751,0.1193695068359375,0.004195900426060721,0.0041956909607065995,0.06435203552246094,1.25877321780338e-19
0.0872278434730004,0.08679904897163095,0.10052626309993647,0.09999254991325246,0.11782526969909668,0.004195690965327677,0.00419548151029403,0.0637807846069336,1.2587884080636557e-19
0.08722720801986568,0.08679880117264185,0.10052657737772516,0.09999259770448905,0.11910009384155273,0.0041954815150683925,0.0041952720707172375,0.06430792808532715,1.258803592406302e-19
0.08722657258621014,0.08679855338390458,0.10052689163604782,0.09999264549333733,0.11903715133666992,0.004195272075281643,0.0041950626414433145,0.06461739540100098,1.2588187836464427e-19
0.08722593717203474,0.08679830560541874,0.10052720587490604,0.0999926932797974,0.12091469764709473,0.0041950626459669625,0.00419485322211699,0.06423354148864746,1.2588339683532923e-19
0.08722530177734047,0.08679805783718397,0.1005275200943015,0.09999274106386932,0.12036943435668945,0.004194853227125152,0.00419464381451462,0.06348609924316406,1.2588491493145778e-19
0.08722466640212835,0.0867978100791999,0.10052783429423581,0.09999278884555314,0.11868524551391602,0.004194643818753242,0.004194434416504578,0.06464004516601562,1.2588643351890267e-19
0.08722403104639935,0.08679756233146614,0.1005281484747106,0.09999283662484892,0.12079000473022461,0.004194434420851824,0.004194225028797405,0.06555938720703125,1.2588795237933939e-19
0.08722339571015444,0.08679731459398234,0.10052846263572751,0.09999288440175677,0.12008380889892578,0.0041942250334207325,0.0041940156519260086,0.06583786010742188,1.2588947029643612e-19
0.08722276039339462,0.08679706686674812,0.10052877677728816,0.09999293217627674,0.11932086944580078,0.004194015656459,0.004193806285357482,0.06505823135375977,1.2589098881736894e-19
0.08722212509612086,0.08679681914976313,0.1005290908993942,0.0999929799484089,0.11863565444946289,0.004193806289967498,0.004193596929269461,0.06512641906738281,1.2589250689287796e-19
0.08722148981833412,0.08679657144302699,0.10052940500204725,0.09999302771815333,0.11841225624084473,0.004193596933944309,0.004193387583839581,0.06496763229370117,1.25894025739546e-19
0.08722085456003544,0.08679632374653934,0.10052971908524896,0.09999307548551008,0.11919927597045898,0.004193387588388373,0.0041931782485349345,0.06535649299621582,1.258955434234867e-19
0.08722021932122578,0.08679607606029978,0.10053003314900097,0.09999312325047924,0.11844944953918457,0.004193178253301084,0.004192968924243701,0.06526994705200195,1.258970612397581e-19
0.08721958410190617,0.08679582838430797,0.10053034719330488,0.09999317101306086,0.12013769149780273,0.0041929689286788535,0.004192759609900065,0.06646370887756348,1.2589857950999274e-19
0.0872189489020775,0.08679558071856351,0.10053066121816234,0.09999321877325504,0.11923551559448242,0.004192759614524265,0.004192550305681664,0.06525659561157227,1.2590009748554327e-19
0.08721831372174083,0.08679533306306607,0.10053097522357499,0.09999326479620667,0.11884164810180664,0.00419255031083709,0.004192341013009582,0.06570291519165039,1.2590161528983056e-19
0.08721767856089707,0.08679508541781525,0.10053128920954446,0.09999330864676195,0.11690473556518555,0.004192341017614098,0.004192131730107462,0.06424832344055176,1.2590313304412997e-19
0.0872170434195473,0.08679483778281068,0.10053160317607238,0.09999335249513794,0.1166529655456543,0.004192131734856152,0.00419192245804112,0.06393146514892578,1.259046508149592e-19
0.0872164082976925,0.08679459015805199,0.10053191712316038,0.0999933963413347,0.1173245906829834,0.0041919224625613614,0.004191713195567104,0.06456351280212402,1.2590616856628157e-19
0.0872157731953336,0.08679434254353884,0.10053223105081008,0.09999344018535228,0.11748480796813965,0.0041917132007322075,0.004191503944817043,0.06409788131713867,1.2590768641988027e-19
0.08721513811247165,0.0867940949392708,0.10053254495902311,0.09999348402719076,0.11836886405944824,0.004191503949364444,0.004191294703481674,0.06390523910522461,1.2590920412252894e-19
0.08721450304910759,0.08679384734524756,0.10053285884780111,0.09999352786685019,0.1183476448059082,0.004191294708460973,0.004191085473337353,0.06342720985412598,1.2591072170429878e-19
0.08721386800524243,0.08679359976146872,0.1005331727171457,0.09999357170433062,0.11494326591491699,0.004191085478019485,0.00419087625314063,0.0629119873046875,1.2591223900983702e-19
0.08721323298087715,0.0867933521879339,0.1005334865670585,0.09999361553963214,0.11713600158691406,0.0041908762580398886,0.004190667043779683,0.06454086303710938,1.2591375690195571e-19
0.08721259797601275,0.08679310462464274,0.10053380039754117,0.0999936593727548,0.11661124229431152,0.004190667048520355,0.0041904578448992424,0.06403779983520508,1.2591527460633661e-19
0.08721196299065019,0.08679285707159487,0.10053411420859533,0.09999370320369866,0.11667037010192871,0.004190457849461547,0.004190248656499307,0.06378984451293945,1.2591679114387988e-19
0.08721132802479048,0.08679260952878994,0.10053442800022261,0.09999374703246378,0.11774516105651855,0.0041902486608627115,0.004190039478224605,0.06405472755432129,1.2591830838036616e-19
0.08721069307843461,0.08679235968232434,0.10053474177242462,0.0999937908590502,0.1172795295715332,0.004190039482723319,0.004189830310430409,0.06362342834472656,1.2591982571940106e-19
0.08721005815158353,0.08679210582895756,0.10053505552520302,0.09999383468345802,0.11725950241088867,0.004189830315043189,0.004189621153649625,0.0638735294342041,1.2592134266156856e-19
0.08720942324423822,0.08679185198606913,0.10053536925855941,0.09999387850568726,0.11816191673278809,0.004189621157821095,0.004189412006105897,0.06392741203308105,1.2592286011748933e-19
0.08720878835639972,0.08679159815365871,0.10053568297249545,0.09999392232573802,0.11832332611083984,0.004189412011059181,0.004189202869753217,0.06381797790527344,1.25924376539835e-19
0.08720815348806893,0.0867913443317259,0.10053599666701273,0.09999396614361035,0.11929702758789062,0.004189202874754962,0.004188993744236313,0.06366372108459473,1.2592589377649873e-19
0.08720751863924689,0.08679109052027033,0.1005363103421129,0.0999940099593043,0.11881518363952637,0.004188993748907199,0.004188784629199915,0.06446552276611328,1.2592741073740302e-19
0.08720688380993458,0.08679083671929162,0.10053662399779759,0.09999405377281995,0.11891674995422363,0.004188784633515682,0.004188575524466387,0.06452488899230957,1.2592892757769458e-19
0.08720624900013305,0.08679058292878943,0.1005369376340684,0.09999409758415734,0.11854863166809082,0.004188575528579234,0.0041883664293251854,0.06374382972717285,1.259304441714078e-19
0.08720561420984323,0.08679032914876336,0.100537251250927,0.09999414139331653,0.11777830123901367,0.004188366434099752,0.004188157345375032,0.06376361846923828,1.2593196131704287e-19
0.08720497943906613,0.08679007537921307,0.10053756484837499,0.09999418520029758,0.11966156959533691,0.004188157350074004,0.004187948271905384,0.06299924850463867,1.2593347793885077e-19
0.08720434468780265,0.08678982162013818,0.10053787842641401,0.09999422900510058,0.1189582347869873,0.004187948276502411,0.00418773920856097,0.06345868110656738,1.2593499473555182e-19
0.08720370995605384,0.0867895678715383,0.10053819198504568,0.09999427280772556,0.12072491645812988,0.004187739213386818,0.004187530156407604,0.06445860862731934,1.259365115766543e-19
0.0872030752438206,0.08678931413341308,0.10053850552427165,0.0999943166081726,0.12018895149230957,0.0041875301607229845,0.004187321113846565,0.06370949745178223,1.2593802751616147e-19
0.08720244055110396,0.08678906040576216,0.10053881904409352,0.09999436040644175,0.11951017379760742,0.004187321118512769,0.004187112081943667,0.06453442573547363,1.259395438133592e-19
0.08720180587790491,0.08678880668858517,0.10053913254451292,0.09999440420253308,0.1201472282409668,0.004187112086754673,0.004186903060343639,0.06435942649841309,1.2594106044358495e-19
0.08720117122422441,0.08678855298188172,0.10053944602553148,0.09999444785030834,0.12075114250183105,0.004186903065448811,0.00418669405028993,0.06459426879882812,1.259425767028012e-19
0.08720053659006342,0.08678829928565146,0.10053975948715081,0.09999448772961927,0.12059783935546875,0.004186694054592243,0.004186485049295641,0.06467151641845703,1.2594409290552138e-19
0.08719990197542299,0.08678804559989402,0.10054007292937257,0.0999945276069588,0.11956596374511719,0.0041864850541879165,0.004186276058959493,0.06450319290161133,1.259456089590522e-19
0.08719926738030413,0.08678779192460902,0.10054038635219836,0.09999456748232698,0.12078142166137695,0.004186276064234914,0.004186067080524936,0.06442928314208984,1.2594712555120531e-19
0.08719863280470784,0.08678753825979608,0.1005406997556298,0.09999460735572385,0.12071752548217773,0.0041860670847293086,0.004185858110616891,0.06467843055725098,1.259486412953944e-19
0.08719799824863506,0.08678728460545487,0.10054101313966854,0.09999464722714949,0.12032961845397949,0.0041858581156743865,0.004185649152610438,0.06487059593200684,1.2595015744822758e-19
0.08719736371208682,0.08678703096158501,0.1005413265043162,0.09999468709660393,0.11982059478759766,0.004185649157066793,0.004185440204551583,0.06548213958740234,1.2595167316999628e-19
0.08719672919506403,0.08678677732818611,0.10054163984957439,0.09999472696408723,0.11977362632751465,0.004185440208907757,0.004185231266973233,0.0654144287109375,1.2595318923223118e-19
0.08719609469756766,0.08678652370525783,0.10054195317544475,0.09999476682959946,0.12080144882202148,0.004185231271195402,0.004185022338809574,0.06481289863586426,1.2595470562770001e-19
0.08719546021959865,0.0867862700927998,0.1005422664819289,0.09999480669314065,0.12105393409729004,0.004185022343932337,0.004184813422725142,0.065399169921875,1.2595622102043385e-19
0.087194825761158,0.08678601649081161,0.10054257976902847,0.09999484655471087,0.11935663223266602,0.0041848134271135085,0.00418460451570013,0.06516432762145996,1.2595773652085754e-19
0.08719419132224666,0.08678576289929292,0.1005428930367451,0.09999488641431017,0.12072992324829102,0.004184604520742864,0.004184395620399073,0.0650167465209961,1.2595925199486382e-19
0.08719355690286563,0.08678550931824336,0.10054320628508037,0.0999949262719386,0.12012791633605957,0.004184395624815422,0.004184186734867978,0.06646323204040527,1.2596076761504224e-19
0.08719292250301595,0.08678525574766255,0.10054351951403594,0.0999949661275962,0.12123727798461914,0.004184186739333407,0.004183977858929211,0.06643247604370117,1.259622832762182e-19
0.0871922881226986,0.08678500218755011,0.10054383272361342,0.09999500598128304,0.1183466911315918,0.004183977864297296,0.00418376899506967,0.06429100036621094,1.2596379852546943e-19
0.0871916537619145,0.0867847486379057,0.10054414591381444,0.09999504583299916,0.11801266670227051,0.004183768999704522,0.0041835601404471845,0.06549906730651855,1.2596531436986307e-19
0.08719101942066465,0.08678448885757122,0.10054445908464062,0.09999508568274462,0.11912083625793457,0.004183560145555302,0.004183351297015747,0.06520342826843262,1.2596682974810975e-19
0.08719038509895004,0.08678422898869796,0.10054477223609358,0.09999512553051947,0.11970138549804688,0.004183351301849001,0.0041831424638871795,0.06503129005432129,1.259683443276077e-19
0.08718975079677167,0.08678396913052655,0.10054508536817493,0.09999516537632376,0.11911606788635254,0.004183142468584529,0.004182933641239117,0.06518387794494629,1.259698596892682e-19
0.0871891165141305,0.08678370928305662,0.1005453984808863,0.09999520522015755,0.11976385116577148,0.004182933645761655,0.0041827248288939245,0.06488299369812012,1.259713749880757e-19
0.08718848225102747,0.08678344944628781,0.10054571157422931,0.09999524506202088,0.11898469924926758,0.004182724833379798,0.00418251602649633,0.06504297256469727,1.2597289026188968e-19
0.0871878480074636,0.08678318962021973,0.10054602464820561,0.09999528490191383,0.11946678161621094,0.00418251603144056,0.0041823072354674196,0.06549334526062012,1.2597440567853281e-19
0.08718721378343988,0.08678292980485201,0.10054633770281679,0.09999532473983642,0.1187896728515625,0.004182307239940633,0.0041820984536755645,0.06509709358215332,1.2597592095971046e-19
0.08718657957895727,0.08678267000018429,0.10054665073806449,0.09999536457578873,0.1191260814666748,0.004182098458881219,0.0041818896837853,0.06608939170837402,1.2597743564097278e-19
0.08718594539401679,0.08678241020621622,0.10054696375395032,0.0999954044097708,0.11784815788269043,0.004181889688259113,0.004181680923664999,0.0656282901763916,1.2597895058735668e-19
0.08718531122861937,0.08678215042294742,0.10054727675047591,0.0999954442417827,0.11863088607788086,0.0041816809280757735,0.004181472174202838,0.06524538993835449,1.2598046556064898e-19
0.08718467708276603,0.08678189065037752,0.10054758972764288,0.09999548407182446,0.11804056167602539,0.0041814721783296665,0.004181263434333005,0.06549572944641113,1.259819799534473e-19
0.08718404295645774,0.08678163088850616,0.10054790268545287,0.09999552319304122,0.11693167686462402,0.004181263439023017,0.0041810547060094905,0.06510257720947266,1.2598349502178207e-19
0.0871834088496954,0.08678137113733297,0.10054821562390748,0.09999555909892828,0.11821317672729492,0.0041810547101515305,0.004180845986923032,0.0656898021697998,1.259850093987764e-19
0.08718277476248008,0.08678111139685757,0.10054852854300832,0.09999559500304987,0.11751103401184082,0.004180845991718437,0.004180637279382893,0.06601262092590332,1.2598652413193724e-19
0.08718214069481271,0.0867808516670796,0.10054884144275703,0.09999563090540604,0.11837649345397949,0.0041806372837205,0.004180428581790352,0.06570291519165039,1.259880385480248e-19
0.08718150664669427,0.08678059194799873,0.10054915432315523,0.09999566680599684,0.11655879020690918,0.004180428586157878,0.004180219894500681,0.06370782852172852,1.2598955314009416e-19
0.08718087261812572,0.08678033223961454,0.10054946718420454,0.0999957027048223,0.11458826065063477,0.004180219899030712,0.004180011217513879,0.06319785118103027,1.259910675432417e-19
0.08718023860910802,0.0867800725419267,0.10054978002590657,0.09999573860188248,0.11463165283203125,0.004180011222338837,0.004179802552073397,0.0634760856628418,1.259925823902226e-19
0.0871796046196422,0.08677981285493482,0.10055009284826295,0.0999957744971774,0.11488199234008789,0.004179802556078623,0.004179593895869971,0.06307768821716309,1.2599409610246845e-19
0.08717897064972922,0.08677955317863852,0.10055040565127531,0.09999581039070714,0.11549234390258789,0.004179593900252365,0.004179385250679957,0.06322216987609863,1.2599561041549275e-19
0.08717833669937007,0.08677929351303743,0.10055071843494524,0.09999584628247173,0.11630797386169434,0.004179385254860726,0.004179176615437541,0.0629880428314209,1.2599712434495023e-19
0.08717770276856568,0.0867790338581312,0.1005510311992744,0.0999958821724712,0.11694908142089844,0.004179176619901281,0.004178967990853266,0.06250381469726562,1.2599863901355868e-19
0.08717706885731707,0.08677877421391944,0.10055134394426439,0.09999591806070561,0.11729216575622559,0.004178967995373855,0.004178759376749497,0.062262535095214844,1.260001525609503e-19
0.08717643496562523,0.0867785145804018,0.10055165666991683,0.099995953947175,0.11756563186645508,0.004178759381277163,0.004178550772593326,0.0622096061706543,1.2600166732160205e-19
0.0871758010934911,0.0867782549575779,0.10055196937623334,0.09999598983187943,0.11846733093261719,0.004178550777612542,0.004178342179272931,0.06299114227294922,1.2600318074833955e-19
0.08717516724091566,0.0867779953454474,0.10055228206321554,0.09999602571481893,0.1198265552520752,0.0041783421843776146,0.004178133596610678,0.06218218803405762,1.2600469471079245e-19
0.0871745334078999,0.08677773574400993,0.10055259473086504,0.09999606159599354,0.12001943588256836,0.004178133601573183,0.004177925024606566,0.06309890747070312,1.2600620878615352e-19
0.08717389959444485,0.08677747615326513,0.10055290737918347,0.09999609747540332,0.12002038955688477,0.004177925029196748,0.0041777164632605945,0.06272745132446289,1.260077226631022e-19
0.08717326580055143,0.0867772165732126,0.10055322000817245,0.09999613335304831,0.11960077285766602,0.004177716467247144,0.004177507911151679,0.06289362907409668,1.2600923622059248e-19
0.08717263202622062,0.08677695428302806,0.10055353261783358,0.09999616922892857,0.11992287635803223,0.004177507915727881,0.004177299370056176,0.06318473815917969,1.2601074974088938e-19
0.08717199827145346,0.08677668837410847,0.10055384520816849,0.09999620510304412,0.11958718299865723,0.004177299374635718,0.004177090839263542,0.06284880638122559,1.260122631595944e-19
0.08717136453625085,0.08677642247611336,0.10055415777917878,0.09999624097539501,0.1209268569946289,0.0041770908439708486,0.004176882319129049,0.06333160400390625,1.2601377689027044e-19
0.08717073082061379,0.08677615658904239,0.1005544703308661,0.09999627684598131,0.12019491195678711,0.004176882323732413,0.004176673809119791,0.06264662742614746,1.2601529032306444e-19
0.08717009712454331,0.08677589071289521,0.10055478286323205,0.09999631271480303,0.1177365779876709,0.004176673813920225,0.004176465310123945,0.06247448921203613,1.2601680377242625e-19
0.08716946344804033,0.08677562484767143,0.10055509537627826,0.09999634858186024,0.11958932876586914,0.004176465314532699,0.004176256821075697,0.06385040283203125,1.260183173202789e-19
0.08716882979110578,0.0867753589933707,0.10055540787000632,0.09999638444715298,0.11991310119628906,0.004176256825570989,0.004176048342152683,0.06408166885375977,1.260198303429693e-19
0.08716819615374065,0.08677509314999264,0.10055572034441786,0.09999642031068129,0.11898088455200195,0.00417604834703497,0.00417583987388781,0.06383872032165527,1.260213439067985e-19
0.08716756253594589,0.08677482731753688,0.10055603279951451,0.09999645617244522,0.1197664737701416,0.004175839878923096,0.004175631416281078,0.06431102752685547,1.2602285687207428e-19
0.08716692893772247,0.08677456149600309,0.10055634523529787,0.09999648864323103,0.1199188232421875,0.004175631421234817,0.004175422969154852,0.06471419334411621,1.2602437029456905e-19
0.08716629535907143,0.08677429568539086,0.10055665765176956,0.0999965205732327,0.11982274055480957,0.004175422973969275,0.004175214532331495,0.06462287902832031,1.260258828539043e-19
0.08716566179999374,0.08677402988569985,0.10055697004893119,0.09999655250167289,0.12100791931152344,0.00417521453712595,0.004175006106166279,0.06527209281921387,1.26027395848723e-19
0.08716502826049038,0.08677376409692969,0.10055728242678438,0.09999658442855162,0.11988377571105957,0.004175006110703968,0.004174797689415755,0.06534790992736816,1.2602890899394968e-19
0.0871643947405623,0.08677349831908002,0.10055759478533076,0.09999661635386894,0.12102508544921875,0.00417479769470586,0.0041745892842115495,0.06442975997924805,1.2603042227820357e-19
0.08716376124021047,0.08677323255215047,0.10055790712457192,0.09999664827762489,0.11993002891540527,0.004174589289126747,0.00417438088948785,0.06565475463867188,1.2603193495579132e-19
0.08716312775943585,0.08677296679614066,0.1005582194445095,0.0999966801998195,0.12022876739501953,0.0041743808939684,0.004174172504356477,0.06575798988342285,1.2603344782406477e-19
0.08716249429823944,0.08677270105105023,0.10055853174514509,0.09999671212045282,0.11852025985717773,0.004174172509229658,0.004173964130238517,0.06466531753540039,1.2603496030456107e-19
0.08716186085662224,0.08677243531687882,0.10055884402648033,0.09999674403952487,0.12058854103088379,0.004173964134909656,0.004173755765890519,0.06608176231384277,1.2603647302617905e-19
0.08716122743458517,0.08677216959362608,0.1005591562885168,0.09999677595703571,0.11895036697387695,0.004173755771010288,0.004173547413088841,0.06460738182067871,1.2603798602835576e-19
0.08716059403212921,0.08677190388129162,0.10055946853125615,0.09999680787298536,0.12022280693054199,0.004173547417527211,0.004173339069879489,0.06532025337219238,1.2603949819409306e-19
0.08715996064925534,0.0867716381798751,0.10055978075469998,0.09999683978737388,0.11895251274108887,0.004173339074462723,0.004173130737150643,0.06460428237915039,1.2604101065307903e-19
0.08715932728596455,0.08677137248937614,0.10056009295884992,0.09999687170020127,0.11741924285888672,0.004173130741815533,0.004172922415079938,0.06445026397705078,1.2604252321505008e-19
0.08715869394225781,0.08677110680979437,0.10056040514370755,0.09999690361146761,0.11920022964477539,0.004172922419585432,0.004172714103667374,0.0658876895904541,1.260440355058599e-19
0.08715806061813604,0.08677084114112943,0.10056071730927453,0.0999969355211729,0.12000298500061035,0.004172714107768956,0.004172505801491866,0.06612515449523926,1.260455476214185e-19
0.08715742731360025,0.08677057548338095,0.10056102945555244,0.09999696742931721,0.12017583847045898,0.004172505806370302,0.004172297511040313,0.06599187850952148,1.260470597493979e-19
0.08715679402865141,0.08677030983654857,0.1005613415825429,0.09999699933590057,0.1199483871459961,0.0041722975153858305,0.004172089230536358,0.06594300270080566,1.260485722154379e-19
0.08715616076329054,0.0867700442006319,0.10056165369024754,0.09999703124092303,0.11933517456054688,0.004172089234816062,0.004171880959980001,0.06596899032592773,1.2605008463529315e-19
0.08715552751751855,0.0867697785756306,0.10056196577866795,0.0999970631443846,0.12020421028137207,0.004171880964660566,0.0041716727006146925,0.06656289100646973,1.260515964625331e-19
0.08715489429133648,0.08676951296154434,0.10056227784780576,0.09999709504628533,0.12024068832397461,0.004171672704918361,0.004171464451374618,0.06549501419067383,1.2605310837276666e-19
0.08715426108474524,0.08676924303394175,0.10056258989766258,0.09999712694662526,0.11975979804992676,0.004171464455588934,0.004171256211904506,0.06514215469360352,1.260546203011296e-19
0.08715362789774582,0.0867689710808567,0.10056290192824002,0.09999715884540443,0.11990070343017578,0.004171256216672843,0.0041710479839807135,0.0654001235961914,1.2605613225023481e-19
0.08715299473033922,0.08676869913891724,0.10056321393953971,0.09999719074262287,0.11984133720397949,0.004171047988168458,0.004170839765116341,0.06640458106994629,1.2605764373777685e-19
0.08715236158252639,0.08676842720812303,0.10056352593156323,0.09999722263828062,0.12124085426330566,0.004170839770076717,0.004170631557798288,0.06630730628967285,1.260591560601277e-19
0.08715172845430824,0.08676815528847368,0.10056383790431221,0.09999725453237772,0.12023639678955078,0.0041706315623953214,0.004170423360427833,0.06563067436218262,1.260606677758588e-19
0.08715109534568573,0.08676788337996882,0.10056414985778825,0.09999728613423124,0.11952543258666992,0.00417042336512451,0.004170215173537883,0.06611227989196777,1.2606217924045585e-19
0.0871504622566599,0.08676761148260813,0.10056446179199299,0.09999731408832374,0.11938333511352539,0.004170215178263011,0.004170006996950804,0.06446599960327148,1.260636906079987e-19
0.08714982918723174,0.08676733959639121,0.10056477370692801,0.09999734204105672,0.11953854560852051,0.0041700070018116635,0.004169798831021865,0.0661005973815918,1.260652025358226e-19
0.08714919613740223,0.08676706772131772,0.10056508560259494,0.09999736999243021,0.12057638168334961,0.004169798835768968,0.004169590675395796,0.06635451316833496,1.2606671413450274e-19
0.08714856310717227,0.08676679585738727,0.10056539747899541,0.09999739794244425,0.11787056922912598,0.004169590680134038,0.004169382530250232,0.06458854675292969,1.2606822518994485e-19
0.08714793009654283,0.08676652400459953,0.10056570933613099,0.09999742589109886,0.11747598648071289,0.0041693825349073425,0.004169174395407538,0.0646970272064209,1.260697365982848e-19
0.08714729710551496,0.08676625216295412,0.1005660211740033,0.09999745383839408,0.12076067924499512,0.004169174400088357,0.004168966271045349,0.06523513793945312,1.2607124784130724e-19
0.08714666413408964,0.08676598033245068,0.10056633299261396,0.09999748178432993,0.12029552459716797,0.004168966275674616,0.004168758157163666,0.06548452377319336,1.2607275971488903e-19
0.08714603118226778,0.08676570851308883,0.10056664479196457,0.09999750972890646,0.11921262741088867,0.004168758161667891,0.004168550053051945,0.06475949287414551,1.260742701674681e-19
0.08714539825005035,0.08676543670486823,0.10056695657205675,0.09999753767212369,0.11998939514160156,0.004168550058067708,0.004168341960664179,0.06523990631103516,1.2607578163868747e-19
0.08714476533743837,0.08676516490778852,0.10056726833289208,0.09999756561398164,0.12016439437866211,0.004168341964870443,0.004168133877335833,0.06554293632507324,1.2607729291202833e-19
0.08714413244443274,0.08676489312184932,0.10056758007447218,0.09999759355448036,0.1185297966003418,0.004168133882079695,0.004167925804843264,0.0646200180053711,1.260788038614598e-19
0.08714349957103437,0.08676462134705029,0.10056789179679869,0.09999762149361988,0.11922740936279297,0.004167925809693518,0.004167717743541743,0.06497311592102051,1.2608031474831042e-19
0.08714286671724428,0.08676434958339106,0.1005682034998732,0.09999764943140022,0.11904525756835938,0.0041677177477093845,0.004167509691654914,0.06559062004089355,1.2608182550437146e-19
0.08714223388306344,0.08676407783087127,0.10056851518369732,0.0999976773678214,0.11785197257995605,0.004167509696128824,0.004167301649893318,0.06544017791748047,1.2608333619287497e-19
0.08714160106849285,0.08676380608949054,0.10056882684827269,0.09999770530288349,0.11952328681945801,0.004167301654953333,0.004167093619678042,0.06501579284667969,1.2608484727164036e-19
0.08714096827353353,0.08676353435924852,0.10056913849360088,0.09999773323658649,0.11964011192321777,0.004167093624177636,0.004166885599232728,0.0656270980834961,1.2608635796561423e-19
0.0871403354981864,0.08676326264014485,0.10056945011968353,0.09999776116893044,0.11727261543273926,0.0041668856038033,0.00416667758926792,0.06506586074829102,1.2608786863945099e-19
0.08713970274245239,0.08676299093217917,0.10056976172652222,0.09999778909991539,0.11820220947265625,0.004166677593830401,0.004166469589783617,0.06455039978027344,1.260893792639013e-19
0.08713907000633246,0.0867627192353511,0.1005700733141186,0.09999781702954133,0.11837983131408691,0.004166469594258099,0.004166261600779819,0.06601166725158691,1.2609088968369978e-19
0.08713843728982766,0.08676244754966031,0.10057038488247423,0.09999784495780832,0.1188662052154541,0.004166261605085852,0.0041660536213683486,0.06580758094787598,1.2609240025316236e-19
0.08713780459293893,0.08676217587510641,0.10057069643159076,0.09999787288471639,0.11658191680908203,0.004166053626314257,0.004165845653680833,0.06390714645385742,1.2609391070119772e-19
0.08713717191566715,0.08676190421168906,0.10057100796146975,0.09999790081026556,0.11630988121032715,0.004165845657940989,0.004165637695230373,0.06455826759338379,1.2609542068058432e-19
0.08713653925801335,0.08676162796623757,0.10057131947211284,0.09999792873445587,0.11617374420166016,0.004165637699965608,0.004165429747970961,0.06428289413452148,1.2609693133084933e-19
0.0871359066199785,0.08676134995297265,0.10057163096352162,0.09999795665728736,0.11626434326171875,0.004165429752388162,0.004165221810481512,0.06394481658935547,1.2609844127948095e-19
0.08713527400156357,0.08676107195107317,0.1005719424356977,0.09999798457876005,0.11657428741455078,0.004165221815208288,0.004165013884183111,0.06425786018371582,1.260999516221902e-19
0.08713464140276952,0.08676079396053885,0.10057225388864269,0.09999800934391165,0.11705899238586426,0.004165013888424303,0.004164805967299401,0.0639183521270752,1.2610146180243378e-19
0.08713400882359733,0.08676051598136929,0.10057256532235823,0.09999803331711647,0.11616992950439453,0.004164805972036771,0.004164598060896196,0.0636284351348877,1.261029718848733e-19
0.08713337626404796,0.08676023801356414,0.1005728767368459,0.09999805728916185,0.11717867851257324,0.004164598066046866,0.0041643901653287685,0.06384968757629395,1.2610448160436585e-19
0.0871327437241224,0.08675996005712303,0.10057318813210729,0.0999980812600478,0.11737585067749023,0.004164390170452043,0.004164182280419482,0.06369876861572266,1.261059923091494e-19
0.08713211120382161,0.0867596821120456,0.10057349950814401,0.09999810522977436,0.11858749389648438,0.004164182285251337,0.0041639744058130645,0.06489205360412598,1.261075016392086e-19
0.08713147870314654,0.08675940417833151,0.10057381086495766,0.09999812919834153,0.11799812316894531,0.004163974410444338,0.004163766541154246,0.06370329856872559,1.2610901161041815e-19
0.08713084622209816,0.0867591262559804,0.10057412220254988,0.09999815316574935,0.11812710762023926,0.004163766546031151,0.004163558686975932,0.06434059143066406,1.2611052124044927e-19
0.08713021376067745,0.08675884834499188,0.10057443352092224,0.09999817713199784,0.11759424209594727,0.004163558692011998,0.004163350844521574,0.06397652626037598,1.2611203086374447e-19
0.08712958131888536,0.08675857044536563,0.10057474482007636,0.09999820109708701,0.11713886260986328,0.004163350848384139,0.004163143010593728,0.06356692314147949,1.2611354071496546e-19
0.08712894889672289,0.08675829255710125,0.10057505610001387,0.09999822506101692,0.11804032325744629,0.004163143015149307,0.00416293518750166,0.06425189971923828,1.2611505013564325e-19
0.08712831649419094,0.08675801468019842,0.10057536736073634,0.09999824902378758,0.1178898811340332,0.004162935192306259,0.0041627273757782746,0.06380748748779297,1.2611656012618925e-19
0.08712768411129052,0.08675773681465676,0.10057567860224538,0.09999827298539901,0.11895036697387695,0.004162727379853651,0.004162519572936674,0.0642397403717041,1.2611806947692708e-19
0.0871270517480226,0.08675745896047592,0.10057598982454259,0.09999829694585124,0.11773967742919922,0.004162519577792793,0.004162311781286121,0.06328630447387695,1.2611957875494144e-19
0.08712641940438816,0.08675718111765554,0.10057630102762961,0.0999983209051443,0.11678171157836914,0.0041623117861221475,0.004162104000471345,0.06284785270690918,1.2612108799522108e-19
0.08712578708038814,0.08675690328619527,0.10057661221150804,0.09999834486327819,0.11879086494445801,0.00416210400484075,0.00416189622907126,0.0644981861114502,1.2612259762919542e-19
0.0871251547760235,0.08675662546609476,0.10057692337617948,0.09999836882025297,0.11994051933288574,0.004161896233949251,0.004161688468684588,0.06452655792236328,1.261241070830058e-19
0.08712452249129522,0.08675634765735366,0.1005772345216455,0.09999839277606865,0.11978316307067871,0.004161688473445988,0.004161480718600785,0.06501650810241699,1.2612561644749035e-19
0.08712389022620427,0.08675606985997156,0.10057754564790776,0.09999841673072525,0.12058639526367188,0.004161480723329138,0.004161272978819852,0.0656595230102539,1.2612712523406806e-19
0.08712325798075156,0.08675579207394814,0.10057785675496783,0.0999984406842228,0.11967730522155762,0.004161272983601186,0.0041610652495194245,0.06514573097229004,1.2612863444345716e-19
0.0871226257549381,0.08675551429928305,0.10057816784282732,0.09999846463656133,0.1198129653930664,0.004161065254259642,0.004160857531232409,0.06546568870544434,1.2613014307564146e-19
0.08712199354876485,0.0867552365359759,0.10057847891148783,0.09999848858774087,0.1404256820678711,0.004160857535303182,0.004160649822360085,0.07838773727416992,1.2613165229258492e-19
0.08712136136223281,0.08675495878402636,0.10057878996095096,0.09999851253776143,0.12223434448242188,0.004160649826733152,0.004160442123790631,0.06683087348937988,1.2613316077910847e-19
0.0871207291953429,0.08675468104343405,0.1005791009912183,0.09999853648662305,0.11726140975952148,0.004160442128550276,0.004160234436056953,0.0654609203338623,1.2613467008307366e-19
0.0871200970480961,0.08675440331419862,0.10057941200229148,0.09999856043432574,0.11784505844116211,0.004160234440752021,0.004160026758981417,0.06644225120544434,1.261361791349607e-19
0.08711946492049334,0.08675412218469769,0.10057972299417209,0.09999858434050424,0.11817693710327148,0.004160026763337199,0.004159819091853478,0.06630516052246094,1.2613768745508198e-19
0.08711883281253562,0.08675383809405901,0.10058003396686171,0.09999860433108387,0.11707496643066406,0.004159819096305963,0.004159611434850774,0.06549358367919922,1.2613919575064583e-19
0.08711820072422383,0.0867535540150045,0.10058034492036197,0.09999862432070217,0.11918878555297852,0.004159611439659174,0.004159403788683846,0.06694626808166504,1.2614070472414209e-19
0.08711756865555893,0.08675326994753377,0.10058065585467448,0.09999864430935912,0.11802935600280762,0.004159403793394582,0.0041591961533526955,0.06559324264526367,1.261422131402311e-19
0.08711693660654193,0.08675298589164648,0.10058096676980083,0.09999866429705476,0.11888933181762695,0.00415919615751189,0.004158988527436236,0.0662686824798584,1.2614372210440264e-19
0.08711630457717377,0.08675270184734231,0.10058127766574262,0.0999986842837891,0.11794042587280273,0.004158988532011484,0.004158780912533189,0.06546187400817871,1.261452299426219e-19
0.08711567256745543,0.08675241781462088,0.10058158854250147,0.09999870426956216,0.11669492721557617,0.004158780916892002,0.004158573308110647,0.06515765190124512,1.261467388651175e-19
0.08711504057738782,0.08675213379348186,0.10058189940007899,0.09999872425437396,0.11689043045043945,0.004158573312152311,0.004158365713458068,0.06543302536010742,1.2614824685291603e-19
0.08711440860697194,0.08675184978392483,0.10058221023847674,0.09999874423822454,0.11937165260314941,0.004158365717793892,0.004158158129463629,0.06588101387023926,1.2614975509338345e-19
0.0871137766562087,0.08675156578594949,0.10058252105769636,0.0999987642211139,0.11881017684936523,0.004158158133815193,0.004157950555594425,0.06601142883300781,1.2615126295584082e-19
0.08711314472509908,0.08675128179955546,0.1005828318577394,0.09999878420304205,0.11861491203308105,0.004157950560215785,0.004157742992205726,0.0654442310333252,1.2615277165595115e-19
0.08711251281364404,0.08675099782474242,0.1005831426386075,0.09999880418400903,0.1191554069519043,0.00415774299699643,0.004157535439297533,0.0657808780670166,1.2615427968420413e-19
0.08711188092184453,0.08675071386150998,0.10058345340030224,0.09999882416401484,0.11854267120361328,0.0041575354441542554,0.00415732789704748,0.06577801704406738,1.2615578736832826e-19
0.08711124904970158,0.08675042990985779,0.10058376414282523,0.09999884414305953,0.11776971817016602,0.004157327901690058,0.00415712036456739,0.06499457359313965,1.2615729513158945e-19
0.0871106171972161,0.08675014596978552,0.10058407486617808,0.09999886412114309,0.11755585670471191,0.004157120369602733,0.004156912842923077,0.06472539901733398,1.2615880367480566e-19
0.08710998536438916,0.08674986204129276,0.10058438557036238,0.09999888409826556,0.11881375312805176,0.004156912847891003,0.004156705331936905,0.06562542915344238,1.2616031134562195e-19
0.08710935355122168,0.08674957812437918,0.10058469625537973,0.09999890407442695,0.11750316619873047,0.004156705336555318,0.004156497831608874,0.06528425216674805,1.2616181930938947e-19
0.08710872175771459,0.08674929421904447,0.10058500692123173,0.09999892404962728,0.11946392059326172,0.004156497835594219,0.004156290340695534,0.0650184154510498,1.2616332666841234e-19
0.08710808998386878,0.08674901032528824,0.10058531756792,0.09999894402386657,0.11990594863891602,0.004156290345008513,0.0041560828602627,0.06521058082580566,1.261648344018253e-19
0.08710745822968526,0.08674872644311014,0.10058562819544611,0.09999896399714485,0.1171712875366211,0.004156082864797683,0.004155875390310371,0.06495547294616699,1.2616634211963344e-19
0.08710682649516502,0.08674844257250981,0.10058593880381168,0.09999898396946212,0.11878848075866699,0.00415587539496063,0.004155667931016183,0.06417679786682129,1.26167849555815e-19
0.08710619478030904,0.08674815871348691,0.10058624939301831,0.09999900394081841,0.1187446117401123,0.004155667935496728,0.004155460482024864,0.06525611877441406,1.26169356880898e-19
0.08710556308511828,0.08674787486604109,0.1005865599630676,0.09999902391121375,0.12012577056884766,0.004155460486405474,0.004155253043336415,0.06540060043334961,1.2617086455348938e-19
0.0871049314095937,0.08674759103017196,0.10058687051396113,0.09999904388064815,0.11768198013305664,0.004155253047687304,0.004155045614950836,0.06385946273803711,1.2617237211615476e-19
0.08710429975373621,0.0867473072058792,0.10058718104570051,0.09999906384912162,0.11878681182861328,0.004155045619341426,0.00415483819633522,0.0650324821472168,1.261738788712761e-19
0.0871036681175468,0.08674702339316245,0.10058749155828733,0.09999908148896988,0.1193382740020752,0.004154838201367687,0.004154630789088287,0.0647132396697998,1.2617538618429669e-19
0.08710303650102647,0.08674673893135348,0.1005878020517232,0.09999909749159004,0.1191864013671875,0.004154630793764507,0.0041544233919665885,0.06460428237915039,1.2617689361042013e-19
0.08710240490417609,0.0867464487449804,0.1005881125260097,0.09999911349344508,0.11888456344604492,0.00415442339653066,0.004154216004970124,0.06473064422607422,1.2617840046518314e-19
0.08710177332699666,0.08674615857040892,0.10058842298114845,0.099999129494535,0.11850666999816895,0.004154216009667328,0.004154008628276529,0.06447315216064453,1.2617990752422803e-19
0.08710114176948912,0.0867458684076387,0.10058873341714103,0.09999914549485985,0.11918807029724121,0.004154008633174023,0.004153801262596346,0.0645906925201416,1.2618141510582932e-19
0.08710051023165444,0.0867455782566694,0.10058904383398902,0.0999991614944196,0.1191866397857666,0.004153801267048531,0.00415359390650849,0.0647740364074707,1.261829217268166e-19
0.08709987871349362,0.08674528811750067,0.10058935423169404,0.09999917749321431,0.11808180809020996,0.0041535939112916555,0.004153386561256411,0.06459379196166992,1.261844287551677e-19
0.0870992472150076,0.08674499799013215,0.10058966461025769,0.09999919349124398,0.11857748031616211,0.004153386565901904,0.004153179226129566,0.06477165222167969,1.2618593551549776e-19
0.0870986157361973,0.0867447078745635,0.10058997496968158,0.09999920948850861,0.11859321594238281,0.004153179230879388,0.004152971901660862,0.06422185897827148,1.2618744250823873e-19
0.08709798427706371,0.08674441777079434,0.10059028530996729,0.09999922548500824,0.12049102783203125,0.0041529719062236145,0.004152764587317392,0.06396484375,1.261889491331964e-19
0.08709735283760778,0.08674412767882436,0.10059059563111641,0.09999924148074285,0.12144160270690918,0.004152764591935072,0.004152557283276792,0.06439757347106934,1.2619045544782748e-19
0.08709672141783047,0.0867438375986532,0.10059090593313055,0.09999925747571249,0.12038922309875488,0.004152557288010872,0.0041523499900719685,0.06420373916625977,1.2619196218691596e-19
0.08709609001773264,0.08674354753028049,0.1005912162160113,0.09999927346991715,0.12127447128295898,0.004152349994451185,0.0041521427066371075,0.06469607353210449,1.2619346880054968e-19
0.08709545863731538,0.08674325747370591,0.10059152647976026,0.09999928946335684,0.12033462524414062,0.004152142711256836,0.004151935434215659,0.0658419132232666,1.2619497575132208e-19
0.08709482727657963,0.08674296742892908,0.10059183672437902,0.09999930545603161,0.1223764419555664,0.004151935438425869,0.004151728171741809,0.0658102035522461,1.2619648165549077e-19
0.08709419593552635,0.08674267739594968,0.10059214694986918,0.09999932144794145,0.11966776847839355,0.004151728175958263,0.004151520919570828,0.06458544731140137,1.261979882210431e-19
0.08709356461415642,0.08674238737476733,0.10059245715623233,0.09999933743908637,0.11890912055969238,0.004151520923854369,0.004151313677347446,0.0655975341796875,1.2619949451407063e-19
0.08709293331247084,0.0867420973653817,0.10059276734347007,0.0999993534294664,0.11889982223510742,0.00415131368211341,0.0041511064463151115,0.06508421897888184,1.262010009276931e-19
0.0870923020304706,0.08674180736779243,0.10059307751158399,0.09999936941908155,0.119140625,0.004151106450733482,0.004150899224875104,0.0650479793548584,1.2620250666566052e-19
0.08709167076815663,0.08674151738199914,0.1005933876605757,0.09999938540793182,0.11954522132873535,0.004150899229716758,0.004150692014626145,0.06532645225524902,1.262040129441311e-19
0.08709103952552986,0.08674122740800153,0.1005936977904468,0.09999940139601725,0.1193392276763916,0.004150692019060079,0.004150484814147148,0.06537795066833496,1.262055189850025e-19
0.08709040830259131,0.08674093744579923,0.10059400790119888,0.09999941738333783,0.11849570274353027,0.004150484818763917,0.004150277624148657,0.06484222412109375,1.2620702473930052e-19
0.0870897770993419,0.0867406474953919,0.10059431799283353,0.09999943336989359,0.11966514587402344,0.004150277628827685,0.004150070444808307,0.06545782089233398,1.2620853090119743e-19
0.08708914591578257,0.0867403575567792,0.10059462806535234,0.09999944935568453,0.11910676956176758,0.00415007044925057,0.004149863275593191,0.06496691703796387,1.2621003724908712e-19
0.08708851475191427,0.08674006762996077,0.1005949381187569,0.09999946534071068,0.11872649192810059,0.0041498632800319995,0.00414965611685858,0.06592392921447754,1.262115428579691e-19
0.08708788360773795,0.08673977771493625,0.10059524815304882,0.0999994778621863,0.11859321594238281,0.004149656121172222,0.004149448968426839,0.06539011001586914,1.2621304901340834e-19
0.08708725248325458,0.0867394878117053,0.10059555816822968,0.09999948987305712,0.11952757835388184,0.004149448972669669,0.004149241829942696,0.06557536125183105,1.2621455436231114e-19
0.08708662137846515,0.08673919528768209,0.10059586816430108,0.09999950188335725,0.119354248046875,0.004149241834525554,0.004149034701939058,0.06503057479858398,1.2621606019302362e-19
0.08708599029337062,0.0867388989980784,0.10059617814126459,0.0999995138930867,0.11875629425048828,0.004149034706738574,0.004148827584593562,0.0646810531616211,1.2621756610107639e-19
0.08708535922797189,0.08673860272049222,0.10059648809912183,0.09999952590224546,0.11985206604003906,0.004148827589306968,0.004148620477550935,0.06535196304321289,1.2621907143614198e-19
0.08708472818226998,0.08673830645492316,0.10059679803787439,0.09999953791083357,0.11788272857666016,0.004148620482231154,0.0041484133804559065,0.06532859802246094,1.2622057635633102e-19
0.08708409715626583,0.0867380102013709,0.10059710795752386,0.09999954991885103,0.11963152885437012,0.0041484133855116895,0.004148206294729562,0.0648808479309082,1.2622208209650704e-19
0.08708346614996042,0.08673771395983508,0.10059741785807182,0.09999956192629783,0.11905646324157715,0.004148206299145625,0.004147999218595544,0.06344318389892578,1.2622358788592801e-19
0.08708283516335465,0.08673741773031539,0.10059772773951986,0.09999957393317399,0.11733484268188477,0.004147999223133777,0.0041477921534749385,0.0641782283782959,1.2622509336891006e-19
0.08708220419644948,0.08673712151281147,0.10059803760186957,0.09999958593947952,0.11839008331298828,0.004147792157475273,0.004147585098124296,0.06415557861328125,1.2622659835818567e-19
0.08708157324924581,0.08673682530732298,0.10059834744512257,0.09999959794521443,0.11903071403503418,0.004147585102169092,0.0041473780530765225,0.06446719169616699,1.2622810354662333e-19
0.08708094232174468,0.08673652911384956,0.10059865726928044,0.09999960995037875,0.11941337585449219,0.004147378057216546,0.004147171018331619,0.06514739990234375,1.262296084963689e-19
0.087080311413947,0.0867362329323909,0.10059896707434478,0.09999962195497246,0.11913847923278809,0.0041471710226165465,0.004146963993889585,0.06486272811889648,1.2623111344080026e-19
0.08707968052585374,0.0867359367629466,0.10059927686031717,0.0999996339589956,0.11922645568847656,0.00414696399836819,0.004146756979750421,0.06513524055480957,1.2623261875256239e-19
0.08707904965746589,0.08673564060551632,0.10059958662719919,0.09999964596244813,0.11957192420959473,0.004146756984471684,0.004146549975914127,0.06562352180480957,1.2623412397453903e-19
0.08707841880878434,0.08673534446009974,0.10059989637499246,0.09999965796533011,0.11835956573486328,0.004146549980925829,0.004146342983091245,0.06488490104675293,1.2623562821517082e-19
0.08707778797981003,0.08673504832669651,0.10060020610369853,0.09999966996764155,0.11966562271118164,0.004146342987728713,0.004146136000571232,0.06677961349487305,1.2623713341374867e-19
0.08707715717054393,0.0867347522053063,0.10060051581331902,0.09999968196938244,0.11957359313964844,0.004146136004881787,0.0041459290278211824,0.06518959999084473,1.2623863866874531e-19
0.08707652638098702,0.08673445609592875,0.10060082550385552,0.0999996939705528,0.12067890167236328,0.004145929032384255,0.004145722065729274,0.06627774238586426,1.2624014329732706e-19
0.08707589561114022,0.08673415999856351,0.10060113517530961,0.09999970597115262,0.11778807640075684,0.004145722070234597,0.004145515113940235,0.06514334678649902,1.2624164765015189e-19
0.0870752648610045,0.08673386391321025,0.10060144482768286,0.09999971797118194,0.1190941333770752,0.004145515118433648,0.004145308172454065,0.06493115425109863,1.2624315222338905e-19
0.08707463413058086,0.0867335678398686,0.1006017544609769,0.09999972997064074,0.11847329139709473,0.004145308176979182,0.004145101241626037,0.0652916431427002,1.262446568662728e-19
0.08707400341987022,0.08673327177853823,0.1006020640751933,0.09999974196952906,0.11832451820373535,0.004145101245871048,0.0041448943202127,0.06505370140075684,1.26246160926006e-19
0.08707337272887349,0.0867329757292188,0.10060237367033367,0.0999997539678469,0.11882281303405762,0.004144894325111386,0.004144687410168046,0.06404924392700195,1.2624766569717522e-19
0.08707274205759168,0.08673267969190995,0.1006026832463996,0.09999976596559425,0.1198279857635498,0.004144687414696662,0.004144480509893356,0.06367874145507812,1.262491702784441e-19
0.08707211140602573,0.08673238366661135,0.10060299280339263,0.09999977796277114,0.11681032180786133,0.004144480514628029,0.004144273620454442,0.0633704662322998,1.2625067470850742e-19
0.08707148077417665,0.08673208765332265,0.10060330234131441,0.09999978995937757,0.11952352523803711,0.004144273624903618,0.004144066741318397,0.06436371803283691,1.2625217818485196e-19
0.08707085016204531,0.08673178882312128,0.10060361186016649,0.09999980195541358,0.11881494522094727,0.004144066745522615,0.004143859872129951,0.06473112106323242,1.2625368264554892e-19
0.08707021956963268,0.08673148641006106,0.10060392135995047,0.09999981395087915,0.11912202835083008,0.004143859876485761,0.004143653013244375,0.06505084037780762,1.2625518687964145e-19
0.08706958899693973,0.08673118400923298,0.10060423084066794,0.09999982359896094,0.11896777153015137,0.004143653017792961,0.00414344616501694,0.06489849090576172,1.2625669117189805e-19
0.08706895844396735,0.08673088162063666,0.1006045403023205,0.09999983161497457,0.1190192699432373,0.0041434461694419755,0.004143239327092374,0.06512141227722168,1.2625819520428465e-19
0.08706832791071653,0.08673057924427181,0.1006048497449097,0.09999983963061017,0.11935830116271973,0.004143239331432347,0.004143032499293042,0.06531119346618652,1.2625969918978274e-19
0.08706769739718827,0.0867302768801381,0.10060515916843718,0.09999984764586772,0.11958622932434082,0.004143032503765788,0.004142825681974216,0.06566667556762695,1.2626120324989867e-19
0.0870670669033835,0.08672997452823512,0.10060546857290449,0.09999985566074726,0.1191706657409668,0.004142825686439851,0.004142618874780624,0.06636428833007812,1.2626270695832198e-19
0.08706643642930313,0.08672967218856259,0.10060577795831324,0.09999986367524877,0.11931395530700684,0.00414261887945639,0.004142412078422808,0.06517672538757324,1.262642111138154e-19
0.0870658059749481,0.08672936986112016,0.100606087324665,0.09999987168937226,0.11896586418151855,0.004142412082811767,0.004142205291657319,0.06609511375427246,1.2626571434280783e-19
0.08706517554031938,0.08672906754590748,0.10060639667196136,0.09999987970311774,0.11947083473205566,0.004142205296507587,0.004141998515905243,0.06580805778503418,1.2626721847581265e-19
0.08706454512541796,0.08672876524292421,0.10060670600020392,0.09999988771648524,0.11801767349243164,0.004141998520542565,0.004141791750456036,0.06485104560852051,1.2626872153357319e-19
0.08706391473024476,0.08672846295217003,0.10060701530939427,0.09999989572947474,0.11923980712890625,0.004141791754915874,0.004141584994954428,0.06672883033752441,1.26270224987772e-19
0.08706328435480075,0.08672816067364458,0.10060732459953398,0.09999990374208624,0.1181025505065918,0.004141584999627353,0.004141378250110961,0.06488800048828125,1.2627172861564027e-19
0.08706265399908682,0.08672785840734754,0.10060763387062464,0.09999991175431976,0.11900496482849121,0.004141378254676487,0.0041411715153927275,0.06567955017089844,1.2627323201701625e-19
0.08706202366310396,0.08672755615327854,0.10060794312266785,0.0999999197661753,0.11681270599365234,0.00414117152006301,0.004140964791687907,0.06424522399902344,1.2627473544008956e-19
0.0870613933468531,0.08672725391143726,0.10060825235566519,0.09999992777765287,0.11622285842895508,0.004140964795785113,0.004140758077575413,0.06399846076965332,1.262762387313214e-19
0.08706076305033517,0.08672695168182337,0.10060856156961823,0.09999993578875249,0.11795735359191895,0.004140758081842367,0.004140551373943424,0.06507563591003418,1.2627774213355918e-19
0.08706013277355112,0.08672664946443652,0.10060887076452858,0.09999994379947415,0.12010335922241211,0.004140551378235141,0.0041403446804366695,0.06519293785095215,1.2627924531100852e-19
0.08705950251650195,0.08672634725927639,0.10060917994039781,0.09999995180981784,0.12007260322570801,0.004140344684963371,0.004140137997588056,0.06521296501159668,1.2628074888599911e-19
0.08705887227918858,0.0867260450663426,0.10060948909722751,0.0999999598197836,0.1216287612915039,0.0041401380020267605,0.004139931325042312,0.06582331657409668,1.2628225169804022e-19
0.08705824206161206,0.08672574288563484,0.10060979823501927,0.09999996782937143,0.1214454174041748,0.00413993132942416,0.004139724662444166,0.06602859497070312,1.2628375498096547e-19
0.0870576118637732,0.08672544071715275,0.10061010735377467,0.0999999758385813,0.12108659744262695,0.004139724667155066,0.004139518011037069,0.06617236137390137,1.2628525761238732e-19
0.08705698168567298,0.08672513856089602,0.10061041645349529,0.09999998384741327,0.12069559097290039,0.004139518015217557,0.004139311369044663,0.06592535972595215,1.2628676053446133e-19
0.08705635152731239,0.08672483641686428,0.10061072553418274,0.0999999918558673,0.12029242515563965,0.004139311373612884,0.004139104737888033,0.0655977725982666,1.2628826361109473e-19
0.08705572138869234,0.08672453315144095,0.10061103459583856,0.09999999986394342,0.1216588020324707,0.004139104742340415,0.004138898117211909,0.06543707847595215,1.2628976632653784e-19
0.08705509126981383,0.0867242245935656,0.10061134363846437,0.10000000787164165,0.12121820449829102,0.00413889812139969,0.004138691506305747,0.0670158863067627,1.2629126878709926e-19
0.08705446117067778,0.08672391604813574,0.10061165266206173,0.10000001587896196,0.12150859832763672,0.004138691510790544,0.004138484906235362,0.06702470779418945,1.262927717179515e-19
0.08705383109128512,0.08672360751515105,0.10061196166663226,0.10000002388590437,0.11949324607849121,0.004138484910511763,0.004138278316645483,0.06610274314880371,1.2629427412592962e-19
0.08705320103163679,0.0867232989946112,0.10061227065217754,0.10000003189246891,0.12087535858154297,0.004138278320561828,0.00413807173664793,0.0669550895690918,1.2629577694974204e-19
0.08705257099173377,0.08672299048651583,0.10061257961869911,0.10000003989865555,0.12026143074035645,0.004138071740942295,0.004137865166953247,0.06591629981994629,1.2629727920748577e-19
0.08705194097157702,0.08672268199086461,0.10061288856619859,0.10000004790446432,0.12018680572509766,0.004137865171651588,0.0041376586084496125,0.06595921516418457,1.2629878170570403e-19
0.08705131097116743,0.08672237350765721,0.10061319749467755,0.10000005590989523,0.11936402320861816,0.0041376586126881535,0.004137452059360669,0.06573772430419922,1.2630028411886598e-19
0.08705068099050597,0.08672206503689328,0.10061350640413758,0.10000006391494827,0.11812734603881836,0.004137452064053141,0.004137245520752231,0.06538510322570801,1.2630178682960158e-19
0.08705005102959361,0.08672175657857253,0.10061381529458024,0.10000007191962346,0.11858606338500977,0.004137245525745845,0.004137038992979569,0.06544661521911621,1.263032885326365e-19
0.08704942108843126,0.08672144813269461,0.10061412416600715,0.10000007992392079,0.12056708335876465,0.004137038997764936,0.004136832475509777,0.0658109188079834,1.2630479123197873e-19
0.08704879116701986,0.0867211396992592,0.10061443301841987,0.10000008792784028,0.12046384811401367,0.004136832480109884,0.004136625968342855,0.06611394882202148,1.2630629306538308e-19
0.08704816126536037,0.08672083127826595,0.10061474185181997,0.10000009593138193,0.11901998519897461,0.004136625972780524,0.004136419470945896,0.06543278694152832,1.2630779497215483e-19
0.08704753138345377,0.08672052286971452,0.10061505066620904,0.10000010393454574,0.11941695213317871,0.004136419475777053,0.004136212984384713,0.06603884696960449,1.2630929750341543e-19
0.08704690152130093,0.08672021447360458,0.10061535946158869,0.10000011193733171,0.11986899375915527,0.004136212989097949,0.0041360065081264,0.0662682056427002,1.2631079912870207e-19
0.08704627167890287,0.08671990608993581,0.10061566823796046,0.10000011993973988,0.11879754066467285,0.004136006512741999,0.004135800041815685,0.06567621231079102,1.2631230111314233e-19
0.08704564185626049,0.08671959771870787,0.10061597699532597,0.10000012794177024,0.11864995956420898,0.004135800046710692,0.004135593586518382,0.06529641151428223,1.2631380265861629e-19
0.08704501205337478,0.08671928935992042,0.10061628573368679,0.10000013594342277,0.12012815475463867,0.004135593591002129,0.004135387141346314,0.06646418571472168,1.2631530514273568e-19
0.08704438227024666,0.0867189810135731,0.10061659445304452,0.10000014394469751,0.11862850189208984,0.004135387145615188,0.004135180706121844,0.06619834899902344,1.2631680663936902e-19
0.0870437525068771,0.08671867267966564,0.10061690315340073,0.10000015194559446,0.11999106407165527,0.004135180710550978,0.004134974281377879,0.06588411331176758,1.2631830811619378e-19
0.08704312276326709,0.08671836435819766,0.10061721183475698,0.10000015994611361,0.1191549301147461,0.004134974285808701,0.0041347678671144195,0.06564211845397949,1.2631980991273844e-19
0.08704249303941748,0.08671805604916884,0.10061752049711487,0.10000016794625498,0.11781024932861328,0.0041347678713867615,0.00413456146315383,0.06565189361572266,1.2632131160256097e-19
0.08704186333532929,0.08671774775257884,0.10061782914047597,0.10000017594601857,0.11794137954711914,0.004134561467285373,0.004134355068785567,0.06429481506347656,1.263228131152119e-19
0.08704123365100337,0.08671743946842736,0.10061813776484188,0.10000018394540439,0.11744570732116699,0.004134355073505052,0.004134148685430716,0.06583428382873535,1.2632431411128422e-19
0.08704060398644071,0.08671712731072385,0.10061844637021418,0.10000019194441244,0.11861491203308105,0.004134148690043169,0.0041339423122011,0.06579947471618652,1.2632581595195538e-19
0.08703997434164229,0.08671681259821164,0.10061875495659442,0.10000019994304274,0.11578989028930664,0.004133942316900622,0.004133735949274353,0.06353545188903809,1.2632731704223284e-19
0.087039344716609,0.08671649789835666,0.1006190635239842,0.10000020794129529,0.11648178100585938,0.004133735954076566,0.004133529597183383,0.06441688537597656,1.2632881831242828e-19
0.08703871511134181,0.08671618321115859,0.10061937207238508,0.10000021593917009,0.11773157119750977,0.004133529601569719,0.004133323255040011,0.06375265121459961,1.2633031973996953e-19
0.08703808552584166,0.08671586853661714,0.10061968060179866,0.10000022393666716,0.1184377670288086,0.00413332325938066,0.004133116923021873,0.06369233131408691,1.2633182121698636e-19
0.08703745596010952,0.08671555387473197,0.1006199891122265,0.10000023193378649,0.1189568042755127,0.004133116927509158,0.004132910601306605,0.06402182579040527,1.2633332250358307e-19
0.08703682641414628,0.08671523922550274,0.1006202976036702,0.10000023993052809,0.11915302276611328,0.004132910605953722,0.004132704290249478,0.06344246864318848,1.263348228712422e-19
0.08703619688795292,0.08671492458892913,0.10062060607613131,0.10000024792689197,0.12035107612609863,0.004132704294713485,0.004132497989495221,0.06356310844421387,1.263363244423715e-19
0.08703556738153037,0.08671460996501079,0.10062091452961144,0.10000025592287812,0.12070846557617188,0.004132497993788927,0.004132291698510926,0.06365180015563965,1.263378249948696e-19
0.08703493789487955,0.08671429535374742,0.10062122296411216,0.10000026391848657,0.12122583389282227,0.004132291703178598,0.004132085418362408,0.06418299674987793,1.263393262478104e-19
0.08703430842800143,0.08671398075513867,0.10062153137963506,0.10000027191371731,0.12100744247436523,0.004132085422883904,0.004131879148161488,0.0648186206817627,1.2634082704397112e-19
0.08703367898089694,0.08671366616918429,0.1006218397761817,0.10000027990857037,0.12107133865356445,0.004131879152902343,0.004131672889151616,0.06524944305419922,1.263423274191328e-19
0.08703304955356705,0.08671335159588389,0.10062214815375367,0.10000028790304573,0.1226193904876709,0.004131672893233685,0.004131466639734072,0.06482839584350586,1.2634382770326336e-19
0.08703242014601266,0.08671303703523714,0.10062245651235253,0.1000002958971434,0.12270379066467285,0.004131466643877427,0.0041312604006193965,0.06563663482666016,1.2634532851751117e-19
0.08703179075823474,0.08671272248724372,0.10062276485197987,0.10000030389086341,0.1208791732788086,0.00413126040483281,0.004131054171985227,0.0654599666595459,1.2634682945289698e-19
0.08703116139023419,0.08671240795190333,0.10062307317263726,0.10000031188420574,0.12256622314453125,0.004131054176100236,0.00413084795312102,0.06595969200134277,1.263483299796648e-19
0.08703053204201201,0.08671209342921561,0.1006233814743263,0.10000031987717042,0.12206292152404785,0.004130847957679872,0.0041306417454478606,0.06702876091003418,1.2634983016433854e-19
0.08702990271356911,0.08671177891918025,0.10062368975704855,0.10000032786975743,0.12243175506591797,0.004130641749569807,0.004130435547189393,0.066741943359375,1.263513298671709e-19
0.08702927340490649,0.08671146442179695,0.1006239980208056,0.1000003358619668,0.1204826831817627,0.004130435551769687,0.00413022935941143,0.06598949432373047,1.2635283078131916e-19
0.08702864411602507,0.08671114993706536,0.10062430626559904,0.10000034385379851,0.1189582347869873,0.004130229364280568,0.004130023182469245,0.06566071510314941,1.2635433094130576e-19
0.08702801484692575,0.08671083546498515,0.10062461449143043,0.10000035184525258,0.11941862106323242,0.0041300231870999085,0.004129817015474657,0.06573295593261719,1.2635583110710258e-19
0.08702738559760952,0.08671052100555601,0.10062492269830133,0.10000035983632902,0.12005114555358887,0.004129817020227529,0.004129610859138211,0.06563520431518555,1.2635733188212517e-19
0.08702675636807733,0.08671020655877759,0.10062523088621333,0.10000036782702783,0.11820387840270996,0.004129610863663247,0.004129404712571727,0.06441974639892578,1.2635883162307333e-19
0.08702612715833012,0.08670988757709427,0.10062553905516801,0.10000037581734902,0.11823201179504395,0.004129404717406592,0.00412919857684102,0.06494283676147461,1.263603315719174e-19
0.08702549796836875,0.08670956668677823,0.10062584720516694,0.10000038380729259,0.11748814582824707,0.004129198581456968,0.004128992451235547,0.0635673999786377,1.2636183179438995e-19
0.08702486879819421,0.0867092458093299,0.1006261553362117,0.10000039179685857,0.11735725402832031,0.00412899245581389,0.0041287863354000365,0.06414437294006348,1.2636333166224192e-19
0.0870242396478074,0.08670892494474895,0.10062646344830385,0.10000039978604694,0.11768293380737305,0.0041287863404776,0.0041285802305779384,0.06391119956970215,1.2636483159548615e-19
0.08702361051720928,0.08670860409303507,0.10062677154144498,0.10000040518450894,0.1182253360748291,0.004128580235447125,0.004128374136236346,0.06458067893981934,1.263663311891471e-19
0.08702298140640082,0.08670828325418796,0.10062707961563665,0.10000040920100779,0.11775565147399902,0.0041283741407209164,0.004128168051664716,0.0640707015991211,1.2636783131862643e-19
0.08702235231538295,0.08670796242820729,0.10062738767088045,0.10000041321731899,0.11844897270202637,0.004128168056298947,0.004127961977751227,0.06395268440246582,1.263693310227285e-19
0.08702172324415659,0.08670764161509273,0.10062769570717794,0.10000041723344252,0.11909222602844238,0.004127961982179557,0.004127755913785336,0.06457686424255371,1.2637083022535287e-19
0.08702109419272269,0.08670732081484396,0.10062800372453073,0.10000042124937839,0.11732673645019531,0.004127755918365008,0.004127549860122315,0.0640716552734375,1.2637232998383542e-19
0.0870204651610822,0.08670700002746069,0.10062831172294037,0.10000042526512659,0.11892461776733398,0.00412754986485338,0.004127343817117435,0.06424355506896973,1.2637382955797253e-19
0.08701983614923606,0.0867066792529426,0.10062861970240844,0.10000042928068714,0.11907649040222168,0.004127343821643437,0.004127137783704882,0.06458044052124023,1.2637532916229158e-19
0.0870192071571852,0.08670635849128935,0.10062892766293652,0.10000043329606005,0.11896634101867676,0.004127137788736863,0.004126931761661012,0.06443476676940918,1.2637682829549305e-19
0.08701857818493054,0.08670603774250062,0.10062923560452618,0.1000004373112453,0.11890506744384766,0.004126931766129945,0.004126725749564741,0.06527328491210938,1.263783279488146e-19
0.0870179492324731,0.0867057170065761,0.10062954352717898,0.1000004413262429,0.11876559257507324,0.004126725753823848,0.004126519747593704,0.06558084487915039,1.2637982718121027e-19
0.08701732029981375,0.08670539628351549,0.10062985143089652,0.10000044534105287,0.11657357215881348,0.004126519751818763,0.004126313755747901,0.06460070610046387,1.2638132589621418e-19
0.08701669138695342,0.08670507557331845,0.10063015931568034,0.10000044935567519,0.11711001396179199,0.0041263137601135055,0.0041261077743826036,0.0646364688873291,1.263828258203979e-19
0.0870160624938931,0.0867047548759847,0.10063046718153201,0.10000045337010988,0.11764001846313477,0.004126107778707561,0.004125901803675447,0.06528687477111816,1.2638432450050163e-19
0.08701543362063367,0.08670443419151387,0.10063077502845315,0.10000045738435692,0.11626434326171875,0.004125901807599442,0.0041256958423829815,0.06479883193969727,1.2638582374892075e-19
0.0870148047671761,0.08670411351990566,0.1006310828564453,0.10000046139841633,0.11848282814025879,0.004125695846789619,0.004125489891571021,0.06493282318115234,1.263873228114116e-19
0.08701417593352127,0.08670379286115977,0.10063139066551005,0.10000046541228812,0.11770200729370117,0.004125489896277901,0.004125283951594838,0.06476473808288574,1.2638882157451886e-19
0.08701354711967016,0.08670347221527588,0.10063169845564897,0.10000046942597228,0.11668682098388672,0.0041252839560644294,0.004125078021388617,0.0641331672668457,1.2639032055884522e-19
0.08701291832562372,0.08670315158225367,0.10063200622686361,0.10000047343946881,0.11763525009155273,0.004125078026147716,0.004124872102195809,0.06356024742126465,1.2639181944206163e-19
0.08701228955138288,0.08670282795745317,0.10063231397915556,0.10000047745277774,0.11640667915344238,0.004124872106527498,0.004124666193128235,0.06453180313110352,1.26393318167831e-19
0.08701166079694858,0.08670250086506492,0.1006326217125264,0.10000048146589904,0.11682343482971191,0.004124666197201964,0.004124460293652987,0.06443142890930176,1.2639481702792626e-19
0.08701103206232175,0.08670217378575353,0.1006329294269777,0.10000048547883274,0.11687326431274414,0.004124460298172647,0.004124254405191152,0.06369543075561523,1.2639631565648914e-19
0.0870104033475033,0.08670184671951865,0.10063323712251103,0.1000004894915788,0.11690521240234375,0.004124254409436977,0.00412404852649928,0.06303882598876953,1.263978140150506e-19
0.08700977465249418,0.08670151966636003,0.10063354479912796,0.10000049350413727,0.11868715286254883,0.004124048530996456,0.004123842658287913,0.06236863136291504,1.2639931242799071e-19
0.08700914597729537,0.08670119262627736,0.10063385245683007,0.10000049751650812,0.11774706840515137,0.004123842662848598,0.00412363680020178,0.06331801414489746,1.2640081140214718e-19
0.08700851732190783,0.08670086559927032,0.10063416009561893,0.10000050152869137,0.11904263496398926,0.004123636804994226,0.0041234309529514235,0.06331944465637207,1.264023094315301e-19
0.08700788868633244,0.08670053858533856,0.10063446771549611,0.10000050554068703,0.11924958229064941,0.004123430957432073,0.0041232251156486655,0.06271481513977051,1.2640380756791198e-19
0.08700726007057016,0.0867002115844818,0.10063477531646316,0.10000050955249508,0.12066960334777832,0.0041232251201623665,0.004123019289181684,0.06389451026916504,1.2640530652618922e-19
0.08700663147462194,0.08669988459669972,0.10063508289852167,0.10000051356411555,0.12047672271728516,0.004123019293182133,0.004122813471596487,0.06304740905761719,1.2640680476327814e-19
0.08700600289848873,0.08669955762199204,0.1006353904616732,0.10000051757554841,0.1206204891204834,0.0041228134764960496,0.004122607665557609,0.06370687484741211,1.264083029767878e-19
0.08700537434217145,0.08669923066035844,0.10063569800591933,0.10000052158679369,0.11985158920288086,0.0041226076701000695,0.00412240186946633,0.06383657455444336,1.2640980067481343e-19
0.08700474580567105,0.0866989037117986,0.10063600553126163,0.10000052559785139,0.12247967720031738,0.004122401873993793,0.004122196083500285,0.06438660621643066,1.2641129847463444e-19
0.08700411728898846,0.08669857677631221,0.10063631303770167,0.1000005296087215,0.12071108818054199,0.004122196088177394,0.004121990307837109,0.06523752212524414,1.2641279651301393e-19
0.08700348879212465,0.08669824985389898,0.100636620525241,0.10000053361940403,0.12074732780456543,0.004121990312649672,0.004121784543187346,0.06423425674438477,1.264142942230109e-19
0.08700286031508052,0.08669792294455857,0.10063692799388123,0.10000053762989898,0.12031698226928711,0.004121784547409349,0.004121578787597002,0.0648653507232666,1.264157926861443e-19
0.08700223185785698,0.08669759604829068,0.1006372354436239,0.10000054164020636,0.12161946296691895,0.004121578792458706,0.004121373043375343,0.06543493270874023,1.2641729031102572e-19
0.08700160342045496,0.08669726916509501,0.10063754287447059,0.10000054565032615,0.11960172653198242,0.0041213730477948135,0.004121167308923646,0.06444025039672852,1.2641878761585471e-19
0.08700097500287542,0.08669694229497127,0.10063785028642286,0.1000005496602584,0.12129044532775879,0.004121167313417128,0.0041209615845971825,0.06597113609313965,1.264202854987563e-19
0.08700034660511931,0.08669661543791911,0.1006381576794823,0.10000055367000307,0.11980104446411133,0.004120961589326194,0.004120755871106496,0.06455659866333008,1.264217830953917e-19
0.08699971822718751,0.08669628859393824,0.10063846505365044,0.10000055767956018,0.12018322944641113,0.004120755875521479,0.004120550167563408,0.06543707847595215,1.264232814264756e-19
0.08699908986908098,0.08669596176302836,0.10063877240892888,0.10000056168892972,0.12161135673522949,0.0041205501720017685,0.004120344474145554,0.06671595573425293,1.2642477845587583e-19
0.08699846153080065,0.08669562930145529,0.10063907974531917,0.10000056569811172,0.12578511238098145,0.00412034447876694,0.00412013879103057,0.06703567504882812,1.2642627602665847e-19
0.08699783321234747,0.08669529599492094,0.10063938706282291,0.10000056970710616,0.1253979206085205,0.004120138795816795,0.0041199331191066335,0.06723141670227051,1.2642777380390291e-19
0.08699720491372237,0.08669496270167096,0.10063969436144164,0.10000057371591305,0.1253669261932373,0.004119933123149435,0.0041197274565973885,0.06707239151000977,1.264292709481661e-19
0.08699657663492631,0.086694629421705,0.10064000164117692,0.10000057772453239,0.1258680820465088,0.004119727460765369,0.00411952180368047,0.06726241111755371,1.264307681644532e-19
0.08699594837596017,0.08669429615502279,0.10064030890203032,0.10000058173296418,0.12600445747375488,0.004119521808665861,0.004119316162309872,0.06707215309143066,1.264322652628453e-19
0.08699532013682487,0.08669396290162401,0.10064061614400342,0.10000058574120843,0.12533879280090332,0.004119316166847544,0.004119110531064507,0.06710982322692871,1.264337621622801e-19
0.08699469191752142,0.08669362966150841,0.10064092336709779,0.10000058974926514,0.12497878074645996,0.00411911053530997,0.004118904909766741,0.06709885597229004,1.2643525965574558e-19
0.0869940637180507,0.08669329643467569,0.10064123057131501,0.1000005937571343,0.12469267845153809,0.004118904914054008,0.004118699298594208,0.06693267822265625,1.2643675682102393e-19
0.08699343553841365,0.0866929632211255,0.10064153775665663,0.10000059776481593,0.12583541870117188,0.004118699303078783,0.004118493698257453,0.06695961952209473,1.264382539156878e-19
0.08699280737861116,0.08669263002085759,0.10064184492312424,0.10000060177231004,0.12521052360534668,0.004118493702384355,0.004118288107513024,0.0670769214630127,1.2643975074497997e-19
0.08699217923864425,0.0866922968338716,0.10064215207071937,0.10000060577961663,0.12453556060791016,0.0041182881119693855,0.004118082526893829,0.06680583953857422,1.2644124746564305e-19
0.08699155111851382,0.08669196366016726,0.10064245919944362,0.10000060978673568,0.12404799461364746,0.004118082531835266,0.004117876957643318,0.06653046607971191,1.264427445091165e-19
0.08699092301822076,0.08669163049974425,0.10064276630929855,0.10000061379366722,0.1248478889465332,0.004117876961977434,0.00411767139816277,0.06705451011657715,1.2644424127448293e-19
0.08699029493776601,0.0866912973526023,0.10064307340028572,0.10000061780041124,0.12431812286376953,0.004117671402399034,0.004117465848807456,0.06695175170898438,1.2644573819728608e-19
0.08698966687715053,0.08669096421874108,0.10064338047240667,0.10000062180696773,0.12476873397827148,0.004117465853096957,0.004117260310110282,0.0673818588256836,1.2644723444943241e-19
0.08698903883637522,0.0866906310981603,0.10064368752566301,0.1000006258133367,0.1241292953491211,0.004117260314072589,0.0041170547808278,0.06692886352539062,1.264487310196541e-19
0.08698841081544108,0.08669029799085966,0.10064399456005625,0.10000062981951816,0.1249394416809082,0.0041170547853248895,0.004116849262381095,0.06744837760925293,1.2645022815295113e-19
0.08698778281434902,0.08668996489683885,0.10064430157558801,0.10000063382551211,0.12444400787353516,0.004116849266853948,0.004116643754414895,0.06766200065612793,1.2645172450017704e-19
0.08698715483309997,0.08668963181609758,0.10064460857225985,0.10000063783131856,0.12365031242370605,0.004116643758657562,0.00411643825568575,0.0674581527709961,1.2645322079295102e-19
0.08698652687169484,0.08668929874863554,0.10064491555007331,0.1000006418369375,0.12324023246765137,0.004116438260738274,0.004116232768858197,0.06768989562988281,1.2645471743486058e-19
0.08698589893013457,0.08668896569445247,0.10064522250902995,0.10000064584236895,0.12295699119567871,0.004116232773091755,0.004116027291267699,0.06747126579284668,1.2645621303887585e-19
0.08698527100842011,0.08668862677276665,0.10064552944913135,0.1000006498476129,0.12327432632446289,0.004116027295718671,0.00411582182398007,0.06740784645080566,1.264577095893377e-19
0.0869846431065524,0.08668828722606109,0.10064583637037909,0.10000065385266935,0.12261557579040527,0.004115821828620055,0.004115616366995312,0.06715655326843262,1.2645920517481907e-19
0.08698401522453239,0.08668794769284602,0.10064614327277471,0.10000065785753831,0.1228792667388916,0.004115616371794142,0.00411541092084633,0.0668952465057373,1.2646070198204022e-19
0.086983387362361,0.08668760817312114,0.10064645015631979,0.10000066186221979,0.12241125106811523,0.004115410925239652,0.00411520548446731,0.06666851043701172,1.264621976477656e-19
0.08698275952003913,0.08668726866688616,0.10064675702101589,0.10000066586671377,0.12269091606140137,0.0041152054889581425,0.004115000058035889,0.06643939018249512,1.264636939632328e-19
0.0869821316975677,0.08668692917414077,0.10064706386686456,0.10000066987102027,0.12369585037231445,0.004115000062949121,0.0041147946420849735,0.06630730628967285,1.264651902876869e-19
0.08698150389494762,0.0866865896948847,0.10064737069386738,0.10000067387513929,0.12390518188476562,0.004114794647211686,0.004114589237325106,0.06651973724365234,1.2646668626004205e-19
0.08698087611217989,0.08668625022911768,0.10064767750202593,0.10000067787907083,0.12394976615905762,0.004114589241742596,0.0041143838419799295,0.0666813850402832,1.2646818217282894e-19
0.08698024834926538,0.08668591077683939,0.10064798429134174,0.1000006818828149,0.12390351295471191,0.0041143838465447355,0.004114178456937623,0.06670355796813965,1.2646967738543637e-19
0.08697962060620504,0.08668557133804954,0.10064829106181639,0.1000006858863715,0.12407112121582031,0.004114178461615602,0.004113973082553457,0.06664752960205078,1.2647117321224981e-19
0.08697899288299982,0.08668523191274786,0.10064859781345141,0.1000006898897406,0.12345623970031738,0.004113973086955008,0.00411376771811689,0.06642031669616699,1.2647266857847384e-19
0.08697836517965062,0.08668489250093403,0.10064890454624838,0.10000069389292227,0.12365126609802246,0.004113767722563377,0.004113562364516099,0.06615304946899414,1.2647416437289996e-19
0.08697773749615839,0.08668455310260775,0.10064921126020887,0.10000069789591647,0.12352871894836426,0.0041135623684372125,0.004113357020507635,0.06581735610961914,1.264756602549214e-19
0.08697710983252403,0.08668421371776876,0.10064951795533446,0.10000070189872319,0.12414193153381348,0.004113357024580435,0.0041131516866244056,0.06613564491271973,1.2647715552161685e-19
0.08697648218874848,0.08668387434641674,0.1006498246316267,0.10000070590134247,0.12562847137451172,0.004113151690990127,0.0041129463630440455,0.06645441055297852,1.2647865122856627e-19
0.0869758545648326,0.08668353498855141,0.10065013128908715,0.10000070990377428,0.1265404224395752,0.004112946367666756,0.0041127410501218264,0.06665515899658203,1.2648014652505372e-19
0.08697522696077742,0.08668319564417247,0.10065043792771737,0.10000071390601864,0.12568259239196777,0.004112741054608484,0.004112535747324841,0.06723904609680176,1.264816416953722e-19
0.08697459937658386,0.08668285631327965,0.10065074454751892,0.10000071790807556,0.12279415130615234,0.004112535751816875,0.004112330455185997,0.06543731689453125,1.264831373942547e-19
0.08697397181225285,0.08668251699587266,0.10065105114849336,0.10000072190994504,0.12332653999328613,0.0041123304592882515,0.004112125172461845,0.06573343276977539,1.2648463282122997e-19
0.08697334426778533,0.0866821776919512,0.10065135773064228,0.10000072591162705,0.12449526786804199,0.004112125177024882,0.004111919900218197,0.06591224670410156,1.264861274150177e-19
0.08697271674318222,0.08668183479832058,0.10065166429396721,0.10000072991312163,0.12405514717102051,0.004111919905025958,0.004111714638632691,0.06594443321228027,1.2648762265648943e-19
0.0869720892384444,0.08668148898434742,0.10065197083846972,0.10000073391442878,0.12474894523620605,0.0041117146432892064,0.004111509386994783,0.06621885299682617,1.2648911794049394e-19
0.08697146175357287,0.08668114318406946,0.10065227736415137,0.10000073791554848,0.12436389923095703,0.0041115093918161205,0.004111304146015016,0.06651568412780762,1.264906124634386e-19
0.08697083428856851,0.0866807973974864,0.10065258387101372,0.10000074191648076,0.12479186058044434,0.0041113041506042275,0.004111098915338118,0.06659913063049316,1.2649210728295567e-19
0.08697020684343229,0.08668045162459798,0.10065289035905833,0.1000007459172256,0.12478947639465332,0.004111098919654261,0.004110893694786455,0.0667562484741211,1.26493602170849e-19
0.0869695794181651,0.08668010586540391,0.10065319682828675,0.10000074991778303,0.12495303153991699,0.00411089369896409,0.0041106884843600255,0.0668175220489502,1.2649509698892483e-19
0.08696895201276786,0.08667976011990391,0.10065350327870055,0.10000075391815302,0.12478017807006836,0.004110688488535169,0.0041104832838811944,0.06679248809814453,1.264965914516943e-19
0.08696832462724151,0.08667941438809772,0.1006538097103013,0.1000007579183356,0.1250147819519043,0.004110483288366794,0.004110278094060504,0.06690645217895508,1.264980862329559e-19
0.08696769726158697,0.08667906866998507,0.10065411612309055,0.10000076191833075,0.12365007400512695,0.00411027809845765,0.004110072914542684,0.06691098213195801,1.2649958060369423e-19
0.08696706991580518,0.08667872296556564,0.10065442251706988,0.1000007659181385,0.1241612434387207,0.0041100729188085165,0.0041098677446171905,0.06696915626525879,1.2650107524615696e-19
0.08696644258989701,0.08667837727483915,0.10065472889224082,0.10000076991775884,0.12389540672302246,0.0041098677494190465,0.0041096625857051094,0.06691884994506836,1.2650256991742927e-19
0.08696581528386343,0.08667803159780534,0.10065503524860493,0.10000077391719177,0.1237795352935791,0.004109662590286893,0.004109457436918262,0.06693840026855469,1.2650406450543977e-19
0.08696518799770538,0.08667768593446391,0.10065534158616378,0.10000077791643729,0.12387609481811523,0.004109457441411627,0.004109252298256649,0.06711602210998535,1.2650555930828649e-19
0.08696456073142372,0.0866773402848146,0.10065564790491893,0.1000007819154954,0.12405657768249512,0.004109252302793338,0.004109047170253177,0.06711697578430176,1.2650705324816172e-19
0.08696393348501949,0.08667699464885711,0.10065595420487194,0.1000007859143661,0.12367773056030273,0.004109047174430867,0.004108842051486761,0.06702804565429688,1.265085475062928e-19
0.08696330625849354,0.0866766490265912,0.10065626048602437,0.10000078991304942,0.1232149600982666,0.004108842056325103,0.004108636944621935,0.06702828407287598,1.265100418273867e-19
0.0869626790518468,0.08667630341801655,0.10065656674837781,0.10000079391154534,0.122589111328125,0.00410863694847374,0.004108431845928351,0.06685185432434082,1.2651153588035191e-19
0.08696205186508027,0.08667595782313285,0.10065687299193378,0.10000079790985388,0.12218523025512695,0.0041084318508791155,0.004108226759313993,0.06657981872558594,1.2651302970904533e-19
0.08696142469819478,0.0866756122419399,0.10065717921669383,0.10000080190797501,0.12281513214111328,0.004108226763538485,0.004108021682469598,0.06650400161743164,1.2651452385981945e-19
0.08696079755119125,0.08667526667443735,0.10065748542265954,0.10000080590590876,0.12247586250305176,0.004108021686449473,0.004107816615039894,0.06618070602416992,1.2651601815229285e-19
0.08696017042407066,0.08667491587191446,0.10065779160983246,0.10000080990365513,0.12246441841125488,0.004107816619615591,0.0041076115588012385,0.06634187698364258,1.2651751181972025e-19
0.08695954331683388,0.08667456377641465,0.10065809777821415,0.10000081390121413,0.12172961235046387,0.004107611563034582,0.004107406512332545,0.06598234176635742,1.2651900595226005e-19
0.08695891622948188,0.08667421169481307,0.10065840392780616,0.10000081789858574,0.12305569648742676,0.004107406516706344,0.004107201476166722,0.0657191276550293,1.2652049964353557e-19
0.08695828916201559,0.08667385962710944,0.10065871005861006,0.10000082189576998,0.12320756912231445,0.00410720148062897,0.004106996450303768,0.06596660614013672,1.2652199317328479e-19
0.08695766211443597,0.08667350757330346,0.10065901617062739,0.10000082589276683,0.1231691837310791,0.0041069964548035905,0.004106791434743684,0.06568455696105957,1.265234867981443e-19
0.08695703508674386,0.08667315553339487,0.10065932226385974,0.10000082988957633,0.12477612495422363,0.004106791439229429,0.00410658642948647,0.06651997566223145,1.2652498057101052e-19
0.08695640807894024,0.08667280350738342,0.10065962833830862,0.10000083388619846,0.12369513511657715,0.004106586433904556,0.004106381433821582,0.06652212142944336,1.2652647426253157e-19
0.08695578109102606,0.08667245149526884,0.10065993439397562,0.10000083788263323,0.12361836433410645,0.004106381438831855,0.004106176449170107,0.06673550605773926,1.2652796781881432e-19
0.08695515412300218,0.08667209949705088,0.10066024043086229,0.10000084187888064,0.1235496997833252,0.004106176454008791,0.0041059714748215015,0.06699657440185547,1.2652946125183725e-19
0.08695452717486954,0.08667174751272923,0.10066054644897017,0.1000008458749407,0.1228632926940918,0.004105971479432844,0.00410576651059813,0.06696152687072754,1.265309547540073e-19
0.08695390024662901,0.08667139554230363,0.10066085244830085,0.1000008498708134,0.1226813793182373,0.004105766515105124,0.004105561556322357,0.06710386276245117,1.2653244770850628e-19
0.0869532733382816,0.08667104358577382,0.10066115842885585,0.10000085386649875,0.12143349647521973,0.0041055615610261845,0.004105356612704725,0.06689691543579102,1.2653394079279813e-19
0.08695264644982827,0.08667069164313955,0.10066146439063674,0.10000085786199675,0.12228894233703613,0.0041053566171938135,0.004105151678857055,0.06677579879760742,1.265354345508807e-19
0.08695201958126986,0.08667033971440054,0.10066177033364507,0.1000008618573074,0.12176871299743652,0.004105151683608834,0.004104946755489891,0.06632018089294434,1.2653692770450355e-19
0.0869513927326073,0.0866699877995565,0.1006620762578824,0.1000008658524307,0.1215813159942627,0.00410494676027007,0.004104741843136139,0.0657663345336914,1.265384205771026e-19
0.08695076590384157,0.08666963589860714,0.1006623821633503,0.10000086984736667,0.12194228172302246,0.004104741847175265,0.0041045369398418075,0.06596016883850098,1.2653991354836832e-19
0.08695013909497357,0.08666928401155222,0.10066268805005031,0.1000008738421153,0.12210416793823242,0.004104536944327021,0.004104332047738524,0.06537508964538574,1.2654140682965074e-19
0.08694951230600421,0.08666893213839143,0.10066299391798397,0.1000008778366766,0.12308382987976074,0.004104332051722066,0.00410412716469466,0.06545209884643555,1.2654289947470623e-19
0.08694888553693442,0.08666858027912454,0.10066329976715285,0.10000088183105058,0.12291955947875977,0.004104127169363655,0.004103922292486573,0.06515932083129883,1.2654439251084767e-19
0.0869482587877651,0.08666822425126575,0.1006636055975585,0.10000088582523722,0.12274384498596191,0.004103922297248273,0.004103717431291898,0.06542205810546875,1.2654588482315503e-19
0.0869476320584972,0.0866678658454352,0.10066391140920247,0.10000088981923654,0.12329697608947754,0.0041037174353749355,0.004103512579334279,0.06551456451416016,1.2654737800264204e-19
0.08694700534913158,0.08666750745370438,0.10066421720208633,0.10000089381304852,0.12354850769042969,0.004103512583744544,0.004103307738212436,0.06572413444519043,1.2654887110641458e-19
0.08694637865966919,0.08666714907607304,0.10066452297621163,0.10000089780667319,0.12415790557861328,0.004103307742355961,0.004103102906505285,0.06574463844299316,1.265503636254079e-19
0.08694575199011097,0.08666679071254094,0.10066482873157992,0.10000090180011055,0.12304878234863281,0.004103102911210643,0.004102898085278639,0.06570076942443848,1.2655185553480407e-19
0.08694512534045787,0.08666643236310781,0.10066513446819274,0.1000009057933606,0.12311100959777832,0.004102898090305756,0.00410269327488777,0.0655970573425293,1.265533488931235e-19
0.08694449871071076,0.08666607402777342,0.10066544018605166,0.10000090978642334,0.12107563018798828,0.004102693279641711,0.004102488474622135,0.06478309631347656,1.2655484092286665e-19
0.08694387210087065,0.08666571570653749,0.10066574588515823,0.10000091377929876,0.12071108818054199,0.004102488479216745,0.004102283684481733,0.06597638130187988,1.2655633312040042e-19
0.0869432455109384,0.08666535739939975,0.10066605156551399,0.10000091777198687,0.12259507179260254,0.004102283689031277,0.004102078904644202,0.06596589088439941,1.2655782590306126e-19
0.08694261894091496,0.08666499910635997,0.10066635722712051,0.10000092176448769,0.12132549285888672,0.004102078909086181,0.004101874134931904,0.06631064414978027,1.265593174896708e-19
0.08694199239080119,0.08666464082741789,0.10066666286997937,0.10000092575680121,0.12126517295837402,0.00410187413937851,0.004101669375167205,0.06583309173583984,1.2656081029509114e-19
0.0869413658605981,0.0866642825625732,0.10066696849409207,0.10000092974892744,0.11993122100830078,0.004101669379908557,0.004101464626060647,0.06548881530761719,1.2656230214687782e-19
0.08694073935030659,0.08666392431182571,0.10066727409946019,0.10000093374086637,0.11865043640136719,0.004101464630676727,0.004101259887079323,0.06452417373657227,1.265637944356984e-19
0.08694011285992753,0.08666356607517511,0.10066757968608528,0.10000093773261802,0.11877965927124023,0.0041012598916818676,0.004101055158223232,0.06513047218322754,1.2656528646324335e-19
0.08693948638946183,0.08666320785262116,0.10066788525396889,0.10000094172418236,0.11975574493408203,0.004101055162923793,0.004100850440735826,0.06546354293823242,1.2656677854311746e-19
0.08693885993891041,0.0866628496441636,0.10066819080311258,0.10000094571555943,0.11862945556640625,0.004100850444399878,0.004100645731242025,0.06444430351257324,1.2656827087232221e-19
0.08693823350827422,0.08666249144980215,0.10066849633351792,0.1000009497067492,0.11850976943969727,0.0041006457361128556,0.004100441033649815,0.06499624252319336,1.265697623306444e-19
0.08693760709755419,0.08666213326953662,0.10066880184518642,0.10000095369775171,0.11905980110168457,0.004100441038060031,0.004100236345294661,0.06498026847839355,1.265712538504977e-19
0.08693698070675122,0.08666177481410778,0.10066910733811965,0.10000095768856694,0.11718988418579102,0.004100236350243579,0.004100031668130555,0.0639045238494873,1.265727454838377e-19
0.08693635433586627,0.08666141006809885,0.10066941281231916,0.1000009616791949,0.11699819564819336,0.004100031672660323,0.004099827000914047,0.06363892555236816,1.265742376673803e-19
0.08693572798490021,0.08666104533638971,0.10066971826778649,0.10000096566963558,0.11847424507141113,0.004099827005309434,0.004099622344533316,0.06422257423400879,1.2657572946674608e-19
0.086935101653854,0.08666068061898012,0.1006700237045232,0.10000096965988899,0.11739683151245117,0.004099622348190012,0.004099417696856733,0.06394433975219727,1.2657722079828243e-19
0.08693447534272856,0.08666031591586984,0.10067032912253084,0.10000097364995514,0.12046432495117188,0.0040994177013049865,0.004099213060193563,0.06393146514892578,1.2657871203492983e-19
0.08693384905152483,0.08665995122705858,0.10067063452181095,0.10000097763983402,0.12151837348937988,0.004099213064650758,0.0040990084341885336,0.06420445442199707,1.2658020453246214e-19
0.08693322278024371,0.08665958655254612,0.1006709399023651,0.10000098162952566,0.11914300918579102,0.004099008438227853,0.0040988038170652885,0.06397366523742676,1.2658169578327054e-19
0.08693259652888609,0.0866592218923322,0.10067124526419483,0.10000098561903004,0.1208949089050293,0.00409880382203779,0.004098599211665999,0.06384706497192383,1.265831864934185e-19
0.08693197029745289,0.08665885724641662,0.10067155060730168,0.10000098960834716,0.12029147148132324,0.004098599216077649,0.004098394616036671,0.0655057430267334,1.2658467805661566e-19
0.08693134408594501,0.0866584926147991,0.10067185593168723,0.10000099359747704,0.12022876739501953,0.004098394620346582,0.004098190029999671,0.06572484970092773,1.2658616909177205e-19
0.08693071789436335,0.0866581279974794,0.10067216123735304,0.10000099758641967,0.11778807640075684,0.0040981900348461865,0.004097985454798447,0.06448078155517578,1.2658766028256505e-19
0.0869300917227089,0.08665776339445727,0.10067246652430062,0.10000100157517507,0.11840271949768066,0.004097985459574162,0.004097780889722458,0.06458544731140137,1.2658915153581224e-19
0.08692946557098248,0.08665739880573246,0.10067277179253153,0.10000100556374321,0.11872148513793945,0.004097780894530047,0.004097576335482245,0.06467199325561523,1.2659064263949103e-19
0.08692883943918511,0.08665703423130473,0.10067307704204734,0.10000100955212411,0.11935782432556152,0.004097576339712947,0.00409737179118963,0.06501412391662598,1.265921337891153e-19
0.08692821332731765,0.08665666967117384,0.10067338227284957,0.10000101354031778,0.1179037094116211,0.004097371795122675,0.004097167256311707,0.06464934349060059,1.26593624379219e-19
0.08692758723538106,0.08665630512533956,0.10067368748493978,0.10000101752832422,0.11810493469238281,0.004097167260759469,0.00409696273226956,0.06497788429260254,1.2659511532090577e-19
0.08692696116337623,0.08665594059380162,0.10067399267831953,0.10000102151614342,0.11797881126403809,0.0040969627366227715,0.004096758218352647,0.06461119651794434,1.2659660618071806e-19
0.08692633511130413,0.08665557607655978,0.10067429785299034,0.10000102550377539,0.11936378479003906,0.00409675822271141,0.004096553714738604,0.06586599349975586,1.2659809714234187e-19
0.08692570907916562,0.0866552115038928,0.10067460300895376,0.10000102949122014,0.11819243431091309,0.004096553719025195,0.004096349220894524,0.06443262100219727,1.2659958766313346e-19
0.08692508306696163,0.08665484040132365,0.10067490814621134,0.10000103347847768,0.11828899383544922,0.004096349225564254,0.00409614473788622,0.06492733955383301,1.2660107879994672e-19
0.08692445707469307,0.08665446931325249,0.10067521326476465,0.10000103746554799,0.11783909797668457,0.004096144742326794,0.004095940264647879,0.06489777565002441,1.2660256909354352e-19
0.08692383110236084,0.08665409823967912,0.10067551836461523,0.10000104145243109,0.11717104911804199,0.004095940269313656,0.004095735801712408,0.06417441368103027,1.2660405936542323e-19
0.08692320514996585,0.08665372718060328,0.10067582344576465,0.10000104543912698,0.11814737319946289,0.004095735806523959,0.004095531349790349,0.06492233276367188,1.26605550471799e-19
0.08692257921750907,0.08665335613602475,0.10067612850821442,0.10000104942563566,0.11812043190002441,0.004095531353955491,0.00409532690692771,0.06434798240661621,1.2660703997071963e-19
0.08692195330499138,0.08665298510594327,0.1006764335519661,0.10000105341195714,0.11871528625488281,0.004095326911610059,0.00409512247561139,0.06486248970031738,1.2660853107074753e-19
0.08692132741241372,0.08665261409035863,0.10067673857702122,0.10000105739809141,0.11929631233215332,0.004095122479485162,0.0040949180533544904,0.0647122859954834,1.2661002119975935e-19
0.08692070153977699,0.08665224308927058,0.10067704358338135,0.10000106138403848,0.1177053451538086,0.004094918057581338,0.00409471364140046,0.06468558311462402,1.26611511990847e-19
0.08692007568708207,0.08665187210267891,0.10067734857104804,0.10000106536979836,0.1173102855682373,0.00409471364589906,0.0040945092393940286,0.06432652473449707,1.2661300164229412e-19
0.08691944985432991,0.08665150113058341,0.10067765354002282,0.10000106935537104,0.11771631240844727,0.004094509244437498,0.0040943048487562805,0.06381392478942871,1.266144920018301e-19
0.08691882404152139,0.08665113017298381,0.10067795849030725,0.10000107334075652,0.11801528930664062,0.004094304853194082,0.004094100467533224,0.06427812576293945,1.2661598239432854e-19
0.08691819824865746,0.08665075922987989,0.10067826342190286,0.10000107732595481,0.11798095703125,0.0040941004721709836,0.004093896096435401,0.06392788887023926,1.2661747191963826e-19
0.08691757247573897,0.0866503883012714,0.1006785683348112,0.10000108131096593,0.11795997619628906,0.0040938961013670784,0.004093691736350991,0.06393742561340332,1.266189615666264e-19
0.08691694672276691,0.08665001738715818,0.10067887322903382,0.10000108529578985,0.11747097969055176,0.0040936917407800475,0.004093487385858907,0.0631866455078125,1.2662045139316826e-19
0.0869163209897422,0.08664964648753995,0.10067917810457226,0.1000010892804266,0.11884665489196777,0.0040934873904115016,0.004093283046024965,0.06393766403198242,1.266219414899499e-19
0.08691569527666575,0.08664927560241648,0.10067948296142808,0.10000109326487616,0.11731505393981934,0.004093283050258902,0.004093078716138621,0.06370925903320312,1.266234310826916e-19
0.08691506958353844,0.08664890473178755,0.10067978779960281,0.10000109724913855,0.12012410163879395,0.004093078720322728,0.004092874396199875,0.0642237663269043,1.2662492141326196e-19
0.08691444391036121,0.08664853040661563,0.100680092619098,0.10000110123321378,0.11989974975585938,0.00409287440060217,0.004092670086386363,0.06348872184753418,1.2662641061954562e-19
0.08691381825713496,0.08664815293067192,0.10068039741991519,0.10000110521710183,0.11819744110107422,0.004092670091097335,0.0040924657875862636,0.06347012519836426,1.2662790061542046e-19
0.08691319262386064,0.08664777546942261,0.10068070220205592,0.10000110920080271,0.12047958374023438,0.004092465791807375,0.004092261498556127,0.06311631202697754,1.2662938983669787e-19
0.08691256701053915,0.0866473980228675,0.10068100696552176,0.10000111318431643,0.11991357803344727,0.004092261502732118,0.004092057219473588,0.06486272811889648,1.2663087922992387e-19
0.08691194141717139,0.08664702059100636,0.10068131171031423,0.10000111716764298,0.12080216407775879,0.004092057223871095,0.0040918529512268265,0.06461763381958008,1.2663236856069274e-19
0.08691131584375823,0.08664664317383898,0.10068161643643489,0.10000112115078238,0.11852312088012695,0.004091852955222369,0.0040916486920394846,0.06406736373901367,1.2663385843354097e-19
0.08691069029030066,0.08664626577136515,0.10068192114388529,0.10000112513373463,0.11919569969177246,0.0040916486967878885,0.004091444444220826,0.06388401985168457,1.266353476266985e-19
0.08691006475679953,0.08664588838358465,0.10068222583266695,0.10000112911649973,0.11944079399108887,0.004091444448564059,0.004091240206172131,0.06431460380554199,1.2663683697919362e-19
0.0869094392432558,0.08664551101049726,0.10068253050278142,0.10000113309907768,0.1194314956665039,0.004091240210553372,0.004091035978781576,0.06420445442199707,1.2663832609854333e-19
0.08690881374967038,0.08664513365210277,0.10068283515423025,0.10000113708146847,0.11905932426452637,0.004091035982751978,0.004090831760805713,0.0639333724975586,1.2663981490805782e-19
0.08690818827604414,0.08664475630840096,0.10068313978701499,0.10000114106367214,0.12086963653564453,0.004090831765163042,0.004090627552777448,0.0651082992553711,1.266413039244483e-19
0.08690756282237803,0.08664437897939162,0.10068344440113719,0.10000114504568866,0.11857986450195312,0.004090627557784787,0.004090423355940231,0.06420683860778809,1.2664279299712016e-19
0.08690693738867297,0.0866440016650745,0.10068374899659839,0.10000114902751804,0.11994004249572754,0.00409042336061725,0.004090219168872977,0.06550049781799316,1.2664428266391039e-19
0.08690631197492987,0.08664362436544944,0.1006840535734001,0.10000115300916029,0.120269775390625,0.00409021917365864,0.004090014991930957,0.06434249877929688,1.2664577119623232e-19
0.08690568658114961,0.08664324708051618,0.1006843581315439,0.1000011569906154,0.12176346778869629,0.004090014996910479,0.004089810825469442,0.06561541557312012,1.2664725991151035e-19
0.08690506120733311,0.08664286981027451,0.10068466267103132,0.1000011609718834,0.11992812156677246,0.004089810830369853,0.004089606669666068,0.06480813026428223,1.266487485751396e-19
0.08690443585348127,0.08664249255472421,0.10068496719186391,0.10000116495296427,0.1204378604888916,0.0040896066740349,0.00408940252309975,0.06453752517700195,1.2665023748018944e-19
0.08690381051959503,0.08664211154045606,0.1006852716940432,0.100001168933858,0.12012672424316406,0.004089402527908467,0.004089198387013937,0.0653376579284668,1.2665172600999753e-19
0.0869031852056753,0.08664172765900378,0.10068557617757073,0.10000117291456463,0.11945652961730957,0.004089198391988449,0.004088994261586265,0.06482362747192383,1.2665321494516789e-19
0.08690255991172298,0.08664134379244073,0.10068588064244807,0.10000117689508413,0.12129902839660645,0.0040889942662749226,0.004088790146461463,0.06468415260314941,1.2665470291229402e-19
0.08690193463773901,0.08664095994076669,0.10068618508867673,0.10000118087541653,0.12180709838867188,0.0040887901507660265,0.004088586040928988,0.06564736366271973,1.266561912186256e-19
0.08690130938372431,0.08664057610398147,0.10068648951625826,0.10000118485556181,0.11838507652282715,0.004088586045463314,0.004088381945877018,0.0647275447845459,1.2665768027733122e-19
0.08690068414967977,0.08664019228208486,0.10068679392519422,0.10000118883551999,0.11936712265014648,0.004088381950363544,0.004088177860950282,0.06512117385864258,1.2665916895617244e-19
0.08690005893560632,0.08663980847507669,0.10068709831548614,0.10000119281529106,0.11971640586853027,0.004088177865468907,0.004087973786504051,0.0655660629272461,1.2666065690994316e-19
0.08689943374150483,0.0866394246829567,0.10068740268713557,0.10000119679487503,0.11924290657043457,0.0040879737907772475,0.00408776972236069,0.06516814231872559,1.2666214512503237e-19
0.08689880856737618,0.08663904090572469,0.10068770704014403,0.1000012007742719,0.11863923072814941,0.004087769726288636,0.004087565666921478,0.06507468223571777,1.2666363349088628e-19
0.08689818341322136,0.08663865714338048,0.10068801137451305,0.10000120475348166,0.11944079399108887,0.004087565672004434,0.0040873616237391275,0.06538629531860352,1.2666512148984308e-19
0.08689755827904125,0.08663827339592386,0.10068831569024421,0.10000120873250434,0.11939072608947754,0.004087361627920522,0.00408715758908329,0.06543231010437012,1.2666660959240376e-19
0.08689693316483675,0.08663788966335466,0.10068861998733901,0.10000121271133994,0.12023639678955078,0.00408715759404024,0.004086953565618501,0.0648648738861084,1.2666809749813637e-19
0.08689630807060879,0.08663750594567265,0.10068892426579902,0.10000121668998845,0.11891460418701172,0.004086953570361016,0.00408674955210131,0.06647348403930664,1.2666958577616148e-19
0.08689568299635826,0.08663712224287765,0.10068922852562577,0.10000122066844987,0.11984992027282715,0.00408674955688136,0.00408654554924226,0.06638240814208984,1.2667107384797914e-19
0.08689505794208607,0.08663673855496942,0.10068953276682079,0.1000012246467242,0.11857748031616211,0.004086545553601683,0.004086341555797901,0.06558656692504883,1.2667256137198216e-19
0.08689443290779318,0.08663635488194779,0.10068983698938562,0.10000122862481146,0.11996865272521973,0.004086341560522585,0.004086137572656412,0.06666946411132812,1.2667404920343748e-19
0.08689380789348047,0.0866359703543247,0.10069014119332184,0.10000123260271165,0.11971259117126465,0.004086137577642497,0.004085933600528335,0.0651695728302002,1.2667553676500979e-19
0.08689318289914887,0.08663558003422,0.10069044537863095,0.10000123658042476,0.11961722373962402,0.004085933604960184,0.004085729637637314,0.06578207015991211,1.2667702480298956e-19
0.08689255792479926,0.08663518972919766,0.1006907495453145,0.1000012405579508,0.11839938163757324,0.004085729642477201,0.004085525685937341,0.06540608406066895,1.2667851280565825e-19
0.08689193297043253,0.08663479943925748,0.10069105369337403,0.10000124453528977,0.11886072158813477,0.004085525690190009,0.004085321744007331,0.06536149978637695,1.2667999988925056e-19
0.0868913080360496,0.0866344091643993,0.10069135782281106,0.10000124851244169,0.11898517608642578,0.004085321748100425,0.004085117811314376,0.06532096862792969,1.266814871786497e-19
0.08689068312165134,0.08663401890462293,0.10069166193362715,0.10000125248940654,0.11847376823425293,0.004085117816208068,0.004084913889812469,0.06516003608703613,1.266829749131317e-19
0.08689005822723866,0.08663362865992816,0.10069196602582382,0.10000125646618432,0.11958456039428711,0.004084913894511588,0.004084709978791068,0.0657045841217041,1.2668446203862816e-19
0.08688997566507248,0.08663323843031477,0.10069227009940263,0.10000126044277506,0.11899209022521973,0.004084709983009144,0.004084506077539629,0.06572365760803223,1.2668594924208e-19
0.08688989341036574,0.08663284821578264,0.1006925741543651,0.10000126441917874,0.11869359016418457,0.004084506081701666,0.004084302186058153,0.06525039672851562,1.2668743761664834e-19
0.0868898111592157,0.08663245801633154,0.10069287819071278,0.10000126839539537,0.11758542060852051,0.0040843021905886305,0.004084098305057182,0.06513833999633789,1.266889241820142e-19
0.08688972891162215,0.08663206783196131,0.10069318220844718,0.10000127237142496,0.11802196502685547,0.004084098309671127,0.004083894435069624,0.06591939926147461,1.2669041142641155e-19
0.08688964666758492,0.08663167766267173,0.10069348620756988,0.1000012763472675,0.11696219444274902,0.004083894438944974,0.00408369057396385,0.06536865234375,1.2669189919953445e-19
0.0868895644271038,0.08663128750846266,0.1006937901880824,0.100001280322923,0.11893367767333984,0.0040836905784120735,0.004083486723338581,0.06510782241821289,1.2669338572359257e-19
0.08688948219017859,0.08663089736933387,0.10069409414998627,0.10000128429839147,0.1188039779663086,0.00408348672807288,0.004083282883726724,0.06558847427368164,1.2669487258951948e-19
0.0868893999568091,0.08663050724528516,0.10069439809328304,0.1000012882736729,0.1163945198059082,0.0040832828879261655,0.0040830790538848305,0.06438851356506348,1.266963595930484e-19
0.08688931772699512,0.08663011713631634,0.10069470201797422,0.10000129224876729,0.1180121898651123,0.004083079057969115,0.004082875233990535,0.06435775756835938,1.2669784645784095e-19
0.08688923550073649,0.08662972570436919,0.10069500592406136,0.10000129622367467,0.11675310134887695,0.004082875238203887,0.004082671424399109,0.06525993347167969,1.2669933340620936e-19
0.086889153278033,0.086629328926743,0.10069530981154601,0.100001300198395,0.11823368072509766,0.004082671428628301,0.00408246762440001,0.06497621536254883,1.2670081956539296e-19
0.08688907105888444,0.08662893216439035,0.10069561368042969,0.10000130417292831,0.11778759956359863,0.004082467629243227,0.004082263835591959,0.06368637084960938,1.26702307047914e-19
0.08688898884329063,0.08662853541731112,0.10069591753071394,0.1000013081472746,0.11759710311889648,0.004082263840047414,0.0040820600563762355,0.06323719024658203,1.2670379337408751e-19
0.08688890663125137,0.08662813868550509,0.10069622136240032,0.10000131212143389,0.11747479438781738,0.004082060061041065,0.004081856287641017,0.06322979927062988,1.2670528009055908e-19
0.08688882442276646,0.0866277419689721,0.10069652517549034,0.10000131609540615,0.11850786209106445,0.0040818562922226055,0.004081652529031032,0.06331419944763184,1.2670676660588887e-19
0.08688874221783571,0.08662734526771197,0.10069682896998555,0.10000132006919141,0.11870813369750977,0.004081652533591963,0.004081448780546282,0.0633401870727539,1.267082530096144e-19
0.08688866001645894,0.08662694858172457,0.10069713274588749,0.10000132404278966,0.11901998519897461,0.004081448785148846,0.004081245042719672,0.06397104263305664,1.2670973932981431e-19
0.08688857781863593,0.0866265519110097,0.10069743650319765,0.1000013280162009,0.12082719802856445,0.004081245046891452,0.00408104131448539,0.0641472339630127,1.2671122537294678e-19
0.0868884956243665,0.08662615525556716,0.10069774024191763,0.10000133198942515,0.12108063697814941,0.00408104131882062,0.004080837596553977,0.06487441062927246,1.26712711925596e-19
0.08688841343365046,0.08662575861539683,0.10069804396204894,0.1000013359624624,0.12164068222045898,0.004080837600935824,0.004080633888570162,0.06398177146911621,1.2671419806680887e-19
0.08688833124648761,0.08662536199049851,0.10069834766359312,0.10000133993531264,0.12090420722961426,0.004080633893236635,0.0040804301912444885,0.0652158260345459,1.2671568413884442e-19
0.08688824906287776,0.08662496538087205,0.10069865134655168,0.1000013439079759,0.1215200424194336,0.004080430195722411,0.004080226504044049,0.06532859802246094,1.2671717047944007e-19
0.08688816688282071,0.08662456878651727,0.10069895501092617,0.10000134788045215,0.1198575496673584,0.0040802265083913465,0.0040800228267912075,0.06467700004577637,1.267186564737904e-19
0.08688808470631626,0.08662417220743401,0.10069925865671814,0.10000135185274142,0.1210031509399414,0.0040800228312449895,0.0040798191594859645,0.06589031219482422,1.2672014259209126e-19
0.08688800253336422,0.08662377564362207,0.1006995622839291,0.10000135582484371,0.12162637710571289,0.004079819164281799,0.004079615503016498,0.06532788276672363,1.2672162859189705e-19
0.08688792036396441,0.08662337396868942,0.1006998658925606,0.100001359796759,0.12291455268859863,0.004079615507501264,0.00407941185649463,0.06625485420227051,1.267231144485701e-19
0.0868878381981166,0.08662297071425305,0.10070016948261416,0.10000136376848734,0.12214112281799316,0.0040794118609028185,0.004079208220097996,0.06606125831604004,1.267246000516155e-19
0.08688775603582063,0.08662256747527952,0.10070047305409131,0.10000136774002868,0.12191057205200195,0.004079208224486031,0.0040790045941818676,0.06652641296386719,1.2672608565812076e-19
0.0868876738770763,0.08662216425176868,0.1007007766069936,0.10000137171138306,0.12100052833557129,0.004079004598250257,0.004078800977858066,0.06646847724914551,1.2672757201054905e-19
0.0868875917218834,0.08662176104372037,0.10070108014132256,0.10000137568255046,0.12163090705871582,0.004078800982194834,0.004078597372192405,0.06676626205444336,1.267290570293371e-19
0.08688750957024173,0.08662135785113441,0.10070138365707973,0.1000013796535309,0.12130045890808105,0.004078597376319467,0.0040783937766519784,0.06663632392883301,1.2673054336815268e-19
0.08688742742215111,0.08662095467401067,0.10070168715426663,0.10000138362432437,0.12059378623962402,0.004078393780622968,0.00407819019105915,0.066680908203125,1.2673202867499106e-19
0.08688734527761134,0.086620551512349,0.10070199063288478,0.1000013875949309,0.12161922454833984,0.004078190195105911,0.004077986615236284,0.06609749794006348,1.267335138542981e-19
0.08688726313662222,0.08662014836614922,0.10070229409293573,0.10000139156535046,0.11995482444763184,0.004077986619768802,0.004077783050249195,0.06577301025390625,1.2673499959600817e-19
0.08688718099918355,0.08661974523541117,0.10070259753442101,0.10000139553558304,0.12135863304138184,0.004077783054608703,0.004077579494499162,0.0654752254486084,1.2673648460529394e-19
0.08688709886529515,0.08661934212013472,0.10070290095734216,0.10000139950562868,0.12039804458618164,0.004077579499628902,0.004077375950650719,0.06675386428833008,1.267379699722425e-19
0.08688701673495683,0.0866189390203197,0.10070320436170072,0.10000140347548737,0.1213371753692627,0.0040773759548243535,0.004077172415861696,0.06679844856262207,1.2673945553287638e-19
0.08688693460816839,0.08661853593596595,0.10070350774749817,0.10000140744515912,0.12005257606506348,0.00407717242019568,0.004076968891197907,0.06612825393676758,1.2674094047044993e-19
0.08688685248492964,0.08661813286707336,0.10070381111473609,0.10000141141464391,0.11823487281799316,0.004076968895744031,0.00407676537719226,0.06565308570861816,1.2674242619319497e-19
0.08688677036524038,0.08661772981364176,0.100704114463416,0.10000141538394178,0.11833381652832031,0.0040767653814675125,0.0040765618729565745,0.06425189971923828,1.267439107385666e-19
0.08688668824910042,0.0866170860047001,0.10070441779353943,0.1000014193530527,0.11874675750732422,0.004076561877367254,0.004076358379201395,0.0654611587524414,1.2674539594863266e-19
0.08688660613650957,0.08661643357152118,0.10070472110510792,0.1000014233219767,0.11914730072021484,0.0040763583834398445,0.004076154895038542,0.06545662879943848,1.2674688086829552e-19
0.08688652402746762,0.0866157811582308,0.10070502439812298,0.10000142729071375,0.11669397354125977,0.004076154899687103,0.004075951422066737,0.06399035453796387,1.2674836520083131e-19
0.08688644192197437,0.08661512876483009,0.10070532767258616,0.10000143125926388,0.11788463592529297,0.00407595142610774,0.004075747958154352,0.0641326904296875,1.267498507438545e-19
0.08688635982002965,0.0866144763913201,0.10070563092849898,0.10000143522762707,0.11806368827819824,0.004075747962702049,0.004075544504900108,0.06467962265014648,1.267513356343666e-19
0.08688627772163326,0.08661382403770199,0.10070593416586297,0.10000143919580333,0.11705207824707031,0.004075544509469091,0.004075341061771098,0.06434082984924316,1.2675281967527755e-19
0.086886195626785,0.08661317170397673,0.10070623738467968,0.10000144316379267,0.11743569374084473,0.0040753410664074105,0.004075137628589687,0.06429243087768555,1.2675430459750286e-19
0.08688611353548467,0.08661251939014533,0.10070654058495064,0.10000144713159509,0.11786317825317383,0.004075137633517523,0.004074934206244052,0.06508922576904297,1.267557889894088e-19
0.08688603144773209,0.08661186709620912,0.10070684376667736,0.1000014510992106,0.11612749099731445,0.004074934210798154,0.00407473079366838,0.06402802467346191,1.2675727373941376e-19
0.08688594936352705,0.08661121482216887,0.1007071469298614,0.10000145506663921,0.11801791191101074,0.004074730798249089,0.004074527391573213,0.06571078300476074,1.2675875821289134e-19
0.08688586728286937,0.08661056256802588,0.10070745007450424,0.1000014590338809,0.11716246604919434,0.004074527395869593,0.0040743239992480085,0.06439995765686035,1.2676024266907121e-19
0.08688578520575886,0.08660991033378114,0.10070775320060743,0.1000014630009357,0.11693763732910156,0.0040743240036598145,0.004074120617048038,0.06560969352722168,1.267617272829721e-19
0.0868857031321953,0.0866092581194356,0.10070805630817252,0.10000146696780357,0.11806964874267578,0.004074120621619233,0.004073917244795666,0.06555485725402832,1.2676321139183606e-19
0.08688562106217852,0.08660860592499038,0.10070835939720103,0.10000147093448457,0.11633062362670898,0.004073917249748039,0.004073713883911978,0.06462454795837402,1.267646958962044e-19
0.0868855389957083,0.08660795375044672,0.10070866246769448,0.10000147490097866,0.11726546287536621,0.00407371388804357,0.004073510532265345,0.0655679702758789,1.2676617963765564e-19
0.08688545693278447,0.08660730159580558,0.1007089655196544,0.10000147886728586,0.11736392974853516,0.004073510536506485,0.004073307190566311,0.06419730186462402,1.2676766408645267e-19
0.08688537487340685,0.08660664946106793,0.10070926855308232,0.10000148283340617,0.11731243133544922,0.004073307195137218,0.004073103859170146,0.06521105766296387,1.2676914797894309e-19
0.0868852928175752,0.08660599734623486,0.10070957156797977,0.10000148679933958,0.11663103103637695,0.004073103863933946,0.004072900538787394,0.06471872329711914,1.2677063233157943e-19
0.08688521076528936,0.08660534525130748,0.10070987456434828,0.10000149076508612,0.11554551124572754,0.004072900542895415,0.004072697227286426,0.06360602378845215,1.267721158967287e-19
0.08688512871654915,0.08660469317628695,0.10071017754218939,0.10000149473064576,0.11507177352905273,0.004072697232024219,0.0040724939266212346,0.06339859962463379,1.2677359982706332e-19
0.08688504667135433,0.08660404112117442,0.10071048050150459,0.10000149869601854,0.11521053314208984,0.0040724939313178275,0.004072290636969456,0.06362390518188477,1.2677508399245632e-19
0.08688496462970474,0.08660338908597096,0.10071078344229545,0.10000150266120444,0.11484003067016602,0.004072290640774233,0.004072087355666554,0.06305599212646484,1.2677656808971861e-19
0.08688488259160017,0.08660273707067781,0.10071108636456347,0.10000150662620347,0.11529874801635742,0.004072087360395837,0.004071884086087607,0.06279540061950684,1.2677805174492288e-19
0.08688480055704044,0.08660208507529583,0.10071138926831018,0.10000151059101561,0.11614131927490234,0.004071884090179307,0.004071680825923352,0.0628349781036377,1.2677953531831123e-19
0.08688471852602535,0.08660143309982597,0.10071169215353713,0.1000015145556409,0.11645317077636719,0.004071680830126127,0.00407147757588433,0.06273365020751953,1.2678101878233462e-19
0.0868846364985547,0.08660078114426932,0.10071199502024583,0.10000151852007931,0.11674308776855469,0.004071477580234859,0.0040712743361481785,0.06250381469726562,1.267825026198306e-19
0.0868845544746283,0.0866001292086271,0.10071229786843779,0.10000152248433088,0.11699891090393066,0.004071274340505351,0.004071071106359625,0.0619657039642334,1.2678398564498908e-19
0.08688447245424595,0.08659947729290038,0.10071260069811455,0.10000152644839558,0.1179819107055664,0.004071071110938075,0.0040708678872292126,0.06230020523071289,1.2678546957739894e-19
0.08688439043740748,0.08659882539709006,0.10071290350927765,0.10000153041227343,0.11814498901367188,0.004070867891531112,0.004070664678224034,0.06235074996948242,1.2678695250983654e-19
0.08688430842411266,0.08659817352119711,0.10071320630192859,0.10000153437596442,0.11802268028259277,0.004070664682283975,0.004070461478811183,0.06189846992492676,1.2678843563883345e-19
0.08688422641436132,0.08659752166522275,0.10071350907606894,0.10000153833946855,0.11832213401794434,0.0040704614831978785,0.004070258289878836,0.06228160858154297,1.267899194890521e-19
0.08688414440815326,0.08659686982916812,0.10071381183170018,0.10000154230278584,0.11891436576843262,0.0040702582942709325,0.00407005511124936,0.06200551986694336,1.267914022158418e-19
0.08688406240548828,0.08659621801303424,0.10071411456882386,0.10000154626591629,0.12077164649963379,0.004070055115501987,0.004069851942389846,0.06278133392333984,1.2679288583951762e-19
0.08688398040636619,0.0865955662168222,0.10071441728744152,0.1000015502288599,0.12217497825622559,0.004069851946891845,0.004069648783833202,0.06367754936218262,1.267943692857592e-19
0.0868838984107868,0.08659491444053312,0.10071471998755466,0.10000155419161667,0.11968255043029785,0.00406964878844003,0.004069445636112334,0.06323409080505371,1.2679585201801923e-19
0.08688381641874991,0.08659426268416802,0.10071502266916482,0.10000155815418661,0.1204071044921875,0.004069445640143977,0.004069242497450887,0.0637962818145752,1.2679733501951294e-19
0.08688373443025534,0.08659361094772805,0.10071532533227352,0.10000156211656971,0.11914563179016113,0.004069242502004557,0.0040690393698028515,0.06282544136047363,1.2679881767456546e-19
0.08688365244530288,0.08659295923121417,0.1007156279768823,0.10000156607876598,0.1207420825958252,0.004069039374021218,0.004068836251391872,0.0632467269897461,1.268003008430258e-19
0.08688357046389235,0.08659230753462724,0.10071593060299266,0.10000157004077542,0.1193699836730957,0.004068836256195131,0.00406863314417194,0.06290793418884277,1.2680178303307038e-19
0.08688348848602355,0.08659165585796862,0.10071623321060615,0.10000157400259804,0.11944580078125,0.004068633148522501,0.004068430046189064,0.06281447410583496,1.2680326627177792e-19
0.08688340651169628,0.08659100420123945,0.10071653579972427,0.10000157796423384,0.1175076961517334,0.004068430051006111,0.004068226959219601,0.06305432319641113,1.268047495419483e-19
0.08688332454091034,0.08659035256444064,0.10071683837034856,0.10000158192568281,0.11849546432495117,0.004068226963642811,0.004068023881487193,0.06354331970214844,1.2680623152790887e-19
0.08688324257366556,0.08658970094757332,0.10071714092248055,0.10000158588694498,0.12123799324035645,0.004068023886434702,0.004067820814945833,0.06426882743835449,1.2680771406529442e-19
0.08688316060996172,0.08658904935063856,0.10071744345612174,0.10000158984802034,0.1203451156616211,0.004067820819378618,0.004067617757819164,0.06441187858581543,1.2680919671904583e-19
0.08688307864979865,0.08658839777363725,0.10071774597127366,0.10000159380890888,0.11978554725646973,0.004067617762475093,0.004067414711528272,0.06439328193664551,1.268106793790379e-19
0.08688299669317615,0.08658774621657062,0.10071804846793785,0.10000159776961062,0.12092375755310059,0.0040674147157232455,0.004067211674474436,0.06445717811584473,1.2681216147737977e-19
0.086882914740094,0.08658709467943965,0.10071835094611582,0.10000160173012555,0.12031364440917969,0.004067211679123966,0.00406700864807874,0.06462502479553223,1.2681364453364962e-19
0.08688283279055205,0.08658644316224538,0.10071865340580909,0.10000160569045369,0.11996865272521973,0.004067008652675003,0.004066805631985915,0.06440973281860352,1.26815125859471e-19
0.08688275084455008,0.08658579166498895,0.10071895584701919,0.10000160965059503,0.12039661407470703,0.004066805636376226,0.004066602626018323,0.06415677070617676,1.268166088318054e-19
0.08688266890208789,0.08658514018767141,0.10071925826974765,0.10000161361054956,0.12111210823059082,0.0040666026302267596,0.004066399630175965,0.0650026798248291,1.268180906292177e-19
0.0868825869631653,0.08658448873029391,0.10071956067399598,0.1000016175703173,0.1193537712097168,0.004066399634227711,0.004066196644281206,0.06515049934387207,1.2681957238504655e-19
0.08688250502778211,0.08658383729285754,0.10071986305976571,0.10000162152989825,0.12192344665527344,0.004066196648377621,0.004065993668334045,0.06482219696044922,1.2682105487952524e-19
0.08688242309593813,0.08658318587536344,0.10072016542705838,0.10000162548929242,0.1215982437133789,0.004065993672676102,0.004065790702512118,0.0652000904083252,1.2682253712969844e-19
0.08688234116763317,0.08658253447781232,0.10072046777587546,0.10000162944849982,0.11910104751586914,0.0040657907071244975,0.00406558774699306,0.06505060195922852,1.2682401886201843e-19
0.08688225924286705,0.08658188310020545,0.10072077010621852,0.10000163340752043,0.12109637260437012,0.004065587751719347,0.004065384801954508,0.06471872329711914,1.268255003984627e-19
0.08688217732163955,0.08658123174254392,0.10072107241808906,0.10000163736635427,0.11994552612304688,0.004065384806461131,0.00406518186704119,0.06595253944396973,1.2682698273834234e-19
0.08688209540395049,0.08658058040482883,0.1007213747114886,0.10000164132500133,0.12083554267883301,0.004065181871347981,0.004064978941720199,0.06589984893798828,1.2682846438750212e-19
0.08688201348979968,0.0865799290870612,0.10072167698641869,0.10000164528346163,0.11819314956665039,0.004064978946382752,0.004064776027234984,0.0639348030090332,1.2682994572994392e-19
0.08688193157918692,0.08657927778924218,0.10072197924288083,0.10000164924173516,0.11846327781677246,0.004064776031561909,0.004064573121986825,0.0650637149810791,1.2683142762882283e-19
0.08688184967211202,0.08657862651137277,0.10072228148087653,0.10000165319982192,0.11875438690185547,0.00406457312688802,0.0040643702279297145,0.06424903869628906,1.268329096244066e-19
0.08688176776857477,0.08657797525345395,0.10072258370040732,0.10000165715772191,0.119171142578125,0.0040643702323568225,0.004064167343287295,0.06413149833679199,1.2683439077769392e-19
0.086881685868575,0.08657732401548676,0.10072288590147474,0.10000166111543515,0.11925387382507324,0.0040641673479708635,0.004063964469303016,0.06453347206115723,1.2683587215099322e-19
0.0868816039721125,0.08657667279747236,0.10072318808408029,0.10000166507296164,0.11903643608093262,0.004063964473727234,0.004063761604733429,0.0644228458404541,1.2683735363576385e-19
0.08688152207918708,0.08657602159941175,0.1007234902482255,0.10000166903030136,0.11968159675598145,0.0040637616096275385,0.004063558751710161,0.06445074081420898,1.268388348746103e-19
0.08688144018979854,0.08657537042130596,0.1007237923939119,0.10000167298745434,0.11902451515197754,0.004063558755668399,0.004063355907391042,0.06452107429504395,1.2684031634697502e-19
0.0868813583039467,0.08657471926315603,0.100724094521141,0.10000167694442057,0.11763548851013184,0.0040633559118531636,0.004063153074085335,0.06428098678588867,1.268417978107773e-19
0.08688127642163136,0.08657406812496321,0.10072439662991432,0.10000168090120005,0.11816596984863281,0.0040631530781782286,0.004062950250371955,0.06478667259216309,1.2684327883368243e-19
0.08688119454285233,0.0865734170067285,0.10072469872023337,0.1000016848577928,0.1185915470123291,0.004062950254643797,0.004062747437316716,0.06459259986877441,1.2684476005187328e-19
0.08688111266760942,0.08657276590845316,0.10072500079209969,0.10000168881419881,0.1194462776184082,0.00406274744124899,0.004062544633320897,0.06425976753234863,1.2684624069948896e-19
0.08688103079590244,0.08657211483013806,0.10072530284551477,0.10000169277041808,0.11963510513305664,0.0040625446379957434,0.004062341840693762,0.0649406909942627,1.2684772191405422e-19
0.0868809489277312,0.08657146377178436,0.10072560488048016,0.10000169672645061,0.11741280555725098,0.004062341844881733,0.004062139057658953,0.06408214569091797,1.2684920288318748e-19
0.08688086706309547,0.086570812733393,0.10072590689699734,0.10000170068229641,0.11814761161804199,0.004062139061905853,0.004061936284394108,0.06493878364562988,1.268506840124196e-19
0.08688078520199509,0.08657016171496515,0.10072620889506785,0.10000170463795549,0.11714982986450195,0.004061936289069301,0.004061733521787403,0.06485557556152344,1.268521647681444e-19
0.08688070334442986,0.08656951071650185,0.10072651087469321,0.10000170859342786,0.1189115047454834,0.004061733526370788,0.004061530768950661,0.06491827964782715,1.2685364520645832e-19
0.0868806214903996,0.08656885973800416,0.10072681283587495,0.1000017125487135,0.11781573295593262,0.004061530773810265,0.004061328026949695,0.06339216232299805,1.2685512652287963e-19
0.08688053963990411,0.08656820877947326,0.1007271147786146,0.10000171650381243,0.11578369140625,0.004061328031385433,0.004061125294541057,0.0635838508605957,1.2685660666381314e-19
0.08688045779294318,0.08656755784091003,0.10072741670291366,0.10000172045872464,0.11580681800842285,0.004061125299097594,0.0040609225722576525,0.06375575065612793,1.2685808768332558e-19
0.08688037594951664,0.0865669069223155,0.10072771860877365,0.10000172441345015,0.11644530296325684,0.004060922576946088,0.004060719860454753,0.0636441707611084,1.2685956805138606e-19
0.08688029410962429,0.0865662560236907,0.10072802049619609,0.10000172836798894,0.11633610725402832,0.004060719864929164,0.0040605171580665456,0.06350255012512207,1.268610486104751e-19
0.08688021227326594,0.0865656051450369,0.10072832236518249,0.10000173232234104,0.11692595481872559,0.004060517163047999,0.00406031446669175,0.0636434555053711,1.2686252893036153e-19
0.08688013044044138,0.08656495428635509,0.10072862421573438,0.10000173627650642,0.11687946319580078,0.0040603144713003475,0.004060111785442189,0.06373238563537598,1.2686400913972954e-19
0.08688004861115042,0.08656430344764618,0.10072892604785326,0.10000174023048511,0.1170508861541748,0.004060111789685404,0.004059909113252047,0.06338644027709961,1.2686548954698002e-19
0.08687996678539288,0.08656365262891144,0.10072922786154068,0.1000017441842771,0.117950439453125,0.004059909118205656,0.004059706452430589,0.06370735168457031,1.2686697057598968e-19
0.08687988496316856,0.08656300183015181,0.10072952965679813,0.10000174813788239,0.11787986755371094,0.004059706456857205,0.004059503801201458,0.06459927558898926,1.268684500494201e-19
0.08687980314447728,0.08656235105136842,0.10072983143362713,0.100001752091301,0.11817789077758789,0.004059503805641955,0.004059301160275197,0.06347513198852539,1.2686992999259885e-19
0.08687972132931883,0.08656170029256217,0.1007301331920292,0.10000175604453292,0.11728096008300781,0.004059301164558045,0.004059098529296534,0.06391263008117676,1.2687141068128356e-19
0.08687963951769302,0.08656104955373449,0.10073043493200584,0.10000175999757815,0.11772322654724121,0.004059098533604611,0.00405889590826547,0.06364178657531738,1.2687289092396248e-19
0.08687955770959967,0.0865603988348861,0.10073073665355858,0.10000176395043671,0.11741852760314941,0.004058895912783189,0.004058693297359639,0.063018798828125,1.2687437056985065e-19
0.08687947590503857,0.08655974813601831,0.10073103835668895,0.10000176790310858,0.11748790740966797,0.004058693302091605,0.004058490696579042,0.06428742408752441,1.268758506003321e-19
0.08687939410400952,0.08655909745713214,0.10073134004139846,0.10000177185559378,0.11705780029296875,0.004058490701530622,0.004058288106811858,0.06324315071105957,1.268773299578708e-19
0.08687931230651234,0.08655844679822848,0.10073164170768861,0.10000177580789231,0.11858582496643066,0.004058288111097428,0.004058085526459365,0.06366634368896484,1.2687880954279785e-19
0.08687923051254684,0.08655779615930849,0.10073194335556093,0.10000177976000416,0.13274884223937988,0.004058085530792865,0.004057882956765013,0.07353019714355469,1.2688028948896715e-19
0.08687914872211282,0.08655714554037323,0.10073224498501693,0.10000178371192935,0.12660932540893555,0.004057882960615674,0.004057680396130081,0.06821632385253906,1.2688176985320756e-19
0.08687906693521008,0.0865564949414236,0.10073254659605813,0.10000178766366788,0.11732125282287598,0.00405768040056714,0.004057477846863833,0.06534290313720703,1.2688324872092073e-19
0.08687898515183844,0.08655584436246057,0.10073284818868604,0.10000179161521974,0.11789369583129883,0.004057477850645322,0.004057275306301733,0.06592273712158203,1.268847286038481e-19
0.0868789033719977,0.08655519380348542,0.10073314976290218,0.10000179556658495,0.1183767318725586,0.0040572753108518225,0.004057072776930681,0.0658416748046875,1.2688620805451278e-19
0.08687882159568767,0.08655454326449932,0.10073345131870806,0.1000017995177635,0.11821389198303223,0.004057072781184344,0.004056870257329592,0.0658104419708252,1.268876876544794e-19
0.08687873982290818,0.08655389274550339,0.10073375285610521,0.10000180346875541,0.11807656288146973,0.004056870261641431,0.0040566677476761015,0.06597065925598145,1.2688916724705894e-19
0.086878658053659,0.08655324224649852,0.10073405437509513,0.10000180741956066,0.11792731285095215,0.004056667752223964,0.00405646524832548,0.06581521034240723,1.2689064637054117e-19
0.08687857628793995,0.08655259176748571,0.10073435587567933,0.10000181137017926,0.11942338943481445,0.004056465252931706,0.004056262759633,0.06636691093444824,1.2689212610137876e-19
0.08687849452575083,0.08655194130846611,0.10073465735785936,0.10000181532061123,0.11858701705932617,0.0040562627637618,0.004056060280177576,0.06609106063842773,1.2689360470480055e-19
0.08687841276709146,0.08655129086944079,0.10073495882163669,0.10000181927085655,0.11917662620544434,0.004056060284718145,0.004055857811202657,0.0651698112487793,1.268950841446036e-19
0.08687833101196166,0.08655064045041075,0.10073526026701285,0.10000182322091523,0.11923789978027344,0.004055857815797828,0.004055655352175336,0.06641077995300293,1.2689656322387668e-19
0.08687824926036122,0.08654999005137688,0.10073556169398935,0.10000182717078727,0.11947202682495117,0.00405565535699939,0.004055452903450885,0.06653404235839844,1.2689804240381958e-19
0.08687816751228995,0.08654933967234058,0.10073586310256771,0.10000183112047269,0.11771845817565918,0.004055452908323288,0.004055250465739846,0.06531286239624023,1.2689952115254294e-19
0.08687808576774766,0.08654868931330269,0.10073616449274943,0.10000183506997147,0.11964726448059082,0.004055250469767612,0.004055048037265863,0.06663656234741211,1.2690099983982454e-19
0.08687800402673417,0.08654803897426434,0.10073646586453604,0.10000183901928364,0.11815547943115234,0.0040550480413319625,0.004054845618206571,0.06514620780944824,1.269024790146276e-19
0.08687792228924926,0.08654738865522645,0.10073676721792904,0.10000184296840918,0.11907768249511719,0.004054845623019189,0.004054643210693598,0.06605243682861328,1.269039579530588e-19
0.08687784055529274,0.08654673835619021,0.10073706855292996,0.1000018469173481,0.11796212196350098,0.004054643214825343,0.0040544408122400455,0.06525897979736328,1.269054367624401e-19
0.08687775882486443,0.08654608807715654,0.10073736986954031,0.10000185086610042,0.11595273017883301,0.004054440816751316,0.00405423842462227,0.06468892097473145,1.2690691582457169e-19
0.08687767709796415,0.08654543781812661,0.10073767116776158,0.10000185481466611,0.1167755126953125,0.004054238428794622,0.0040540360460639135,0.06464624404907227,1.2690839385166593e-19
0.0868775953745917,0.08654478757910139,0.1007379724475953,0.1000018587630452,0.11877846717834473,0.004054036050958711,0.004053833678874241,0.06557083129882812,1.2690987237273866e-19
0.08687751365474687,0.0865441373600821,0.100738273709043,0.10000186271123766,0.11833953857421875,0.004053833683239391,0.00405363132109926,0.06538772583007812,1.269113515224482e-19
0.08687743193842949,0.08654348716106977,0.10073857495210617,0.10000186665924353,0.11767983436584473,0.004053631325639166,0.00405342897398242,0.06484246253967285,1.2691282957499895e-19
0.08687735022563936,0.08654283698206527,0.10073887617678634,0.1000018706070628,0.11810851097106934,0.004053428978155521,0.004053226636457907,0.06492376327514648,1.2691430816435702e-19
0.08687726851637627,0.0865421868230698,0.100739177383085,0.10000187455469546,0.11835980415344238,0.004053226640788695,0.004053024308525721,0.06468391418457031,1.2691578678902322e-19
0.08687718681064004,0.0865415366840843,0.10073947857100364,0.10000187850214154,0.1182398796081543,0.004053024313538461,0.004052821991962219,0.06405162811279297,1.2691726488639017e-19
0.08687710510843048,0.08654088656511004,0.10073977974054382,0.100001882449401,0.11761164665222168,0.004052821996402934,0.004052619684635772,0.06365966796875,1.2691874260591997e-19
0.08687702340974741,0.08654023646614797,0.10074008089170704,0.10000188639647388,0.11884212493896484,0.0040526196893826945,0.004052417388145102,0.064666748046875,1.269202213258409e-19
0.08687694171459062,0.08653958638719925,0.1007403820244948,0.10000189034336017,0.11706709861755371,0.004052417392475454,0.0040522151014243946,0.06429719924926758,1.269216994087172e-19
0.08687686002295991,0.08653893632826486,0.10074068313890862,0.10000189429005989,0.11942529678344727,0.0040522151056830704,0.00405201282447365,0.06379461288452148,1.2692317717047561e-19
0.0868767783348551,0.08653828628934582,0.10074098423495004,0.10000189823657302,0.12018561363220215,0.004052012829004471,0.004051810557825775,0.06430530548095703,1.2692465517439345e-19
0.086876696650276,0.08653763627044313,0.10074128531262053,0.10000190218289957,0.11824464797973633,0.004051810562439047,0.004051608301303133,0.06371164321899414,1.2692613343720038e-19
0.08687661496922242,0.08653698627155773,0.10074158637192163,0.10000190612903956,0.11958146095275879,0.0040516083059863725,0.004051406055438633,0.06351709365844727,1.2692761127714998e-19
0.08687653329169416,0.08653633629269095,0.10074188741285482,0.10000191007499297,0.11960077285766602,0.004051406059645496,0.004051203818811189,0.06502485275268555,1.2692908878085918e-19
0.08687645161769103,0.08653568633384369,0.10074218843542163,0.10000191402075981,0.12026119232177734,0.004051203823416007,0.004051001592841885,0.06535768508911133,1.2693056695927725e-19
0.08687636994721284,0.086535036395017,0.10074248943962358,0.10000191796634009,0.1174776554107666,0.00405100159729801,0.004050799377175451,0.06361079216003418,1.2693204397677393e-19
0.0868762882802594,0.08653438647621181,0.10074279042546215,0.1000019219117338,0.11757159233093262,0.004050799381288623,0.004050597170923709,0.06496953964233398,1.2693352216546958e-19
0.0868762066168305,0.08653373657742928,0.10074309139293887,0.10000192585694095,0.11767816543579102,0.004050597175390454,0.0040503949751524715,0.0641942024230957,1.2693499982471597e-19
0.08687612495692597,0.08653308669867041,0.10074339234205523,0.10000192980196156,0.11722731590270996,0.0040503949796019435,0.00405019278986174,0.06414532661437988,1.2693647720341703e-19
0.0868760433005456,0.08653243683993653,0.10074369327281275,0.10000193374679558,0.11817312240600586,0.0040501927939211885,0.00404999061434097,0.06460309028625488,1.269379547616975e-19
0.08687596164768921,0.08653178700122856,0.10074399418521296,0.10000193769144307,0.11733222007751465,0.004049990618349396,0.004049788448590164,0.06391406059265137,1.2693943232719017e-19
0.08687587999835661,0.0865311371825474,0.10074429507925733,0.10000194163590401,0.11790800094604492,0.004049788452885147,0.004049586293319862,0.06405186653137207,1.26940910117855e-19
0.08687579835254759,0.08653048738389435,0.10074459595494739,0.1000019455801784,0.1183013916015625,0.004049586297528478,0.004049384147819524,0.06455755233764648,1.2694238719162289e-19
0.08687571671026198,0.08652983760527047,0.10074489681228464,0.10000194952426625,0.11716628074645996,0.0040493841522792765,0.004049182012977326,0.06374859809875488,1.2694386439130048e-19
0.08687563507149958,0.08652918784667679,0.1007451976512706,0.10000195346816755,0.11728405952453613,0.004049182017136012,0.004048979887372184,0.06420636177062988,1.2694534123646111e-19
0.08687555343626019,0.08652853810811434,0.1007454984719068,0.10000195741188232,0.11812424659729004,0.004048979892099526,0.00404877777295809,0.06347870826721191,1.2694681884935735e-19
0.08687547180454361,0.086527888389584,0.1007457992741947,0.10000196135541056,0.11864709854125977,0.004048777777167623,0.004048575667781051,0.06333351135253906,1.2694829595478698e-19
0.08687539017634967,0.08652723869108696,0.10074610005813586,0.10000196529875227,0.11869215965270996,0.004048575672340822,0.00404837357343979,0.06328797340393066,1.2694977293053797e-19
0.08687530855167816,0.08652658901262444,0.10074640082373175,0.10000196924190746,0.11845827102661133,0.004048373577617571,0.004048171489046126,0.0630190372467041,1.269512496896356e-19
0.0868752269305289,0.0865259393541972,0.1007467015709839,0.10000197318487611,0.11977553367614746,0.004048171492998012,0.00404796941424479,0.06384682655334473,1.2695272679794733e-19
0.08687514531290169,0.08652528971580627,0.10074700229989378,0.10000197712765824,0.11849188804626465,0.004047969418482731,0.004047767349923959,0.06398320198059082,1.2695420320851328e-19
0.08687506369879636,0.086524640097453,0.10074730301046292,0.10000198107025385,0.1201786994934082,0.00404776735406917,0.004047565295195454,0.06356215476989746,1.269556802486741e-19
0.08687498208821268,0.08652399049913835,0.10074760370269284,0.10000198501266294,0.11896729469299316,0.004047565299759873,0.004047363251480363,0.06308603286743164,1.269571566173236e-19
0.08687490048115049,0.08652334092086321,0.10074790437658505,0.10000198895488553,0.11608576774597168,0.004047363255551222,0.004047161217002326,0.06309700012207031,1.2695863364285236e-19
0.08687481887760956,0.08652269136262879,0.10074820503214103,0.1000019928969216,0.11811470985412598,0.004047161221443497,0.004046959192649524,0.06392216682434082,1.269601101294594e-19
0.08687473727758972,0.08652204182443608,0.1007485056693623,0.10000199683877117,0.11714363098144531,0.004046959197438494,0.004046757178777227,0.06429362297058105,1.2696158683343822e-19
0.08687465568109079,0.08652139230628618,0.10074880628825036,0.10000200078043424,0.11684966087341309,0.004046757183532681,0.004046555175385436,0.06420135498046875,1.269630633132601e-19
0.08687457408811257,0.08652074280818002,0.10074910688880674,0.10000200472191081,0.11732912063598633,0.00404655517972652,0.004046353181585971,0.06376338005065918,1.2696453968899566e-19
0.08687449249865485,0.08652009333011845,0.10074940747103292,0.10000200866320089,0.11646056175231934,0.004046353186019571,0.004046151198089376,0.06384968757629395,1.2696601621657602e-19
0.08687441091271748,0.08651944387210281,0.10074970803493043,0.10000201260430447,0.11697244644165039,0.004046151202412233,0.004045949224185108,0.06415343284606934,1.2696749269079166e-19
0.08687432933030025,0.08651879443413411,0.10075000858050075,0.10000201654522155,0.11847448348999023,0.0040459492289031205,0.0040457472612942524,0.06429147720336914,1.269689686202826e-19
0.08687424775140296,0.08651814501621351,0.1007503091077454,0.10000202048595214,0.11724185943603516,0.004045747265490259,0.004045545307640452,0.06454610824584961,1.2697044510778941e-19
0.08687416617602542,0.08651749561834214,0.10075060961666589,0.10000202442649625,0.1190805435180664,0.00404554531217561,0.004045343364644793,0.06357645988464355,1.2697192152169394e-19
0.08687408460416744,0.086516846240521,0.10075091010726371,0.10000202836685387,0.11791324615478516,0.004045343368957574,0.004045141431596733,0.06389188766479492,1.2697339736310556e-19
0.08687400303582883,0.08651619688275093,0.10075121057954037,0.10000203230702502,0.11900472640991211,0.004045141435836324,0.004044939508673906,0.06382346153259277,1.2697487396669563e-19
0.0868739214710094,0.08651554754503328,0.10075151103349737,0.10000203624700969,0.11795473098754883,0.004044939512810024,0.004044737595521042,0.06308984756469727,1.269763491045527e-19
0.08687383990970896,0.08651489822736898,0.10075181146913624,0.10000204018680789,0.11953949928283691,0.004044737599879546,0.004044535692493412,0.06468701362609863,1.269778248787659e-19
0.0868737583519273,0.08651424892975894,0.10075211188645847,0.10000204412641962,0.12009167671203613,0.004044535697044402,0.004044333799768651,0.06395244598388672,1.2697930049796571e-19
0.08687367679766424,0.08651359965220437,0.10075241228546555,0.10000204806584488,0.12024283409118652,0.004044333804304005,0.004044131916813853,0.06456756591796875,1.2698077679189622e-19
0.08687359524691958,0.08651295039470613,0.10075271266615901,0.10000205200508368,0.11802148818969727,0.004044131921657204,0.004043930044694832,0.06337761878967285,1.2698225219937724e-19
0.08687351369969314,0.0865123011572652,0.10075301302854035,0.10000205594413601,0.11743354797363281,0.00404393004910319,0.0040437281825234095,0.06351923942565918,1.269837281299365e-19
0.08687343215598473,0.08651165193988278,0.10075331337261105,0.10000205988300188,0.11973929405212402,0.004043728186640686,0.0040435263294114066,0.06552767753601074,1.2698520369019537e-19
0.08687335061579414,0.0865110027425599,0.10075361369837263,0.1000020638216813,0.12015700340270996,0.004043526334271688,0.004043324487668087,0.06570935249328613,1.2698667944689828e-19
0.08687326907912118,0.0865103535652975,0.10075391400582658,0.10000206776017427,0.12074685096740723,0.004043324491993573,0.004043122655694731,0.0658714771270752,1.2698815493742726e-19
0.08687318754596568,0.0865097044080967,0.10075421429497441,0.10000207169848079,0.12038683891296387,0.004043122659806481,0.004042920833846608,0.06626200675964355,1.2698963029677071e-19
0.08687310601632743,0.08650905527095865,0.10075451456581766,0.10000207563660087,0.12058877944946289,0.0040429208377089935,0.004042719021590813,0.06627511978149414,1.2699110560124994e-19
0.08687302449020626,0.08650840615388446,0.1007548148183578,0.10000207957453448,0.1199948787689209,0.00404271902570256,0.004042517218927344,0.06599020957946777,1.2699258107476633e-19
0.08687294296760195,0.086507757056875,0.10075511505259631,0.10000208351228167,0.12025165557861328,0.00404251722378773,0.004042315427632559,0.06592941284179688,1.2699405685469336e-19
0.08687286144851432,0.08650710797993136,0.10075541526853471,0.10000208744984242,0.11931562423706055,0.0040423154319605605,0.004042113646107737,0.06545424461364746,1.269955317686781e-19
0.08687277993294319,0.08650645892305461,0.10075571546617451,0.10000209138721672,0.12088751792907715,0.0040421136502216,0.004041911874530513,0.06530451774597168,1.2699700686443646e-19
0.08687269842088836,0.08650580988624568,0.10075601564551723,0.1000020953244046,0.12003350257873535,0.00404191187857097,0.004041710112723251,0.06653380393981934,1.2699848246439798e-19
0.08687261691234964,0.08650516086950576,0.10075631580656434,0.10000209926140605,0.12102794647216797,0.004041710117008249,0.00404150836121886,0.06683874130249023,1.2699995727141443e-19
0.08687253540732683,0.08650451187283596,0.10075661594931737,0.10000210319822107,0.11880111694335938,0.004041508365532192,0.004041306619662066,0.06580948829650879,1.2700143178300954e-19
0.08687245390581975,0.08650386289623743,0.1007569160737778,0.10000210713484968,0.11940526962280273,0.004041306624143989,0.004041104888230507,0.06647205352783203,1.270029073074678e-19
0.0868723724078282,0.08650321393971092,0.10075721617994715,0.10000211107129187,0.11991548538208008,0.004041104892841811,0.004040903167101817,0.06506705284118652,1.2700438170424655e-19
0.086872290913352,0.08650256500325752,0.1007575162678269,0.10000211500754763,0.1194462776184082,0.004040903171625482,0.004040701456275997,0.06563639640808105,1.270058566560988e-19
0.08687220942239095,0.08650191608687836,0.10075781633741858,0.10000211894361699,0.11966633796691895,0.004040701460493065,0.004040499755042504,0.0657656192779541,1.270073319839835e-19
0.08687212793494484,0.08650126719057458,0.10075811638872367,0.10000212287949993,0.11697649955749512,0.004040499759446529,0.004040298063756609,0.06469535827636719,1.27008805968381e-19
0.0868720464510135,0.0865006183143472,0.10075841642174369,0.10000212681519646,0.11733603477478027,0.004040298068484352,0.004040096383128855,0.06471776962280273,1.2701028107818817e-19
0.08687196497059672,0.08649996945819731,0.10075871643648011,0.10000213075070659,0.1206662654876709,0.00404009638760495,0.004039894712803971,0.06589341163635254,1.270117552564003e-19
0.08687188349369433,0.08649932062212592,0.10075901643293446,0.10000213468603031,0.11945891380310059,0.004039894716808089,0.0040396930515385066,0.06569409370422363,1.2701323030022281e-19
0.08687180202030614,0.08649867180613398,0.10075931641110822,0.10000213862116764,0.11932206153869629,0.004039693056093798,0.004039491401108819,0.06516122817993164,1.270147048925985e-19
0.08687172055043196,0.08649802301022251,0.10075961637100289,0.10000214255611857,0.11941218376159668,0.004039491405461812,0.004039289760449094,0.06565141677856445,1.2701617888715585e-19
0.08687163908407158,0.08649737423439263,0.10075991631262,0.10000214649088311,0.11949539184570312,0.004039289764910899,0.004039088129914603,0.06599235534667969,1.2701765263962433e-19
0.08687155762122482,0.0864967254786454,0.10076021623596103,0.10000215042546126,0.11815404891967773,0.004039088134442274,0.004038886509505346,0.06515002250671387,1.2701912823097992e-19
0.0868714761618915,0.08649607674298183,0.10076051614102748,0.10000215435985303,0.11802244186401367,0.004038886514054473,0.004038684899221323,0.06489944458007812,1.2702060177710678e-19
0.0868713947060714,0.08649542802740283,0.10076081602782083,0.10000215829405841,0.11935782432556152,0.004038684903746238,0.004038483298707263,0.06585311889648438,1.270220763808892e-19
0.08687131325376435,0.08649477933190951,0.10076111589634261,0.10000216222807741,0.11803793907165527,0.004038483303518132,0.0040382817093842505,0.06558990478515625,1.270235503875669e-19
0.08687123180497015,0.08649413065650309,0.10076141574659431,0.10000216616191003,0.1194150447845459,0.004038281713367562,0.004038080128587751,0.06549978256225586,1.2702502429267773e-19
0.08687115035968862,0.08649348200118454,0.10076171557857742,0.10000217009555627,0.11887502670288086,0.004038080133296463,0.0040378785589823,0.06566977500915527,1.2702649823581793e-19
0.08687106891791956,0.08649283336595491,0.10076201539229347,0.10000217402901615,0.11657190322875977,0.004037878563303258,0.004037676999324447,0.06523346900939941,1.2702797239659326e-19
0.08687098747966276,0.08649218475081524,0.10076231518774392,0.10000217796228966,0.11740660667419434,0.00403767700338645,0.004037475449081285,0.0648348331451416,1.2702944622991547e-19
0.08687090604491807,0.08649153615576669,0.10076261496493029,0.10000218189537681,0.11808013916015625,0.0040374754535488855,0.0040372739096739,0.06641125679016113,1.2703092027575484e-19
0.08687082461368527,0.08649088758081028,0.10076291472385407,0.10000218582827759,0.11807370185852051,0.004037273913787671,0.0040370723798588415,0.06634974479675293,1.2703239424993137e-19
0.08687074318596416,0.08649023902594699,0.10076321446451676,0.10000218976099202,0.1151878833770752,0.004037072384101746,0.004036870859991382,0.06373953819274902,1.2703386761087308e-19
0.08687066176175456,0.08648959049117783,0.10076351418691985,0.10000219369352009,0.11602401733398438,0.0040368708644918285,0.004036669350604427,0.06506943702697754,1.2703534122195212e-19
0.08687058034105631,0.08648894197650382,0.10076381389106487,0.1000021976258618,0.11580276489257812,0.004036669354957113,0.004036467851342707,0.06391286849975586,1.2703681509390157e-19
0.0868704989238692,0.08648829348192617,0.1007641135769533,0.10000220155801716,0.11617112159729004,0.004036467855496403,0.004036266361850949,0.06369709968566895,1.270382881754622e-19
0.08687041751019302,0.08648764500744573,0.10076441324458663,0.10000220548998617,0.11602139472961426,0.004036266366109957,0.00403606488266206,0.06398987770080566,1.2703976168238903e-19
0.08687033610002759,0.08648699655306374,0.10076471289396637,0.10000220942176885,0.11594581604003906,0.0040360648867958215,0.004035863412887863,0.06354045867919922,1.270412356993625e-19
0.08687025469337271,0.08648634811878128,0.10076501252509401,0.10000221335336519,0.1154947280883789,0.004035863417555941,0.0040356619537718075,0.06295037269592285,1.2704270916430464e-19
0.08687017329022821,0.08648569970459942,0.10076531213797105,0.10000221728477518,0.1168360710144043,0.004035661958388411,0.0040354605047809855,0.06326150894165039,1.2704418206158543e-19
0.08687009189059389,0.08648505131051891,0.10076561173259897,0.10000222121599883,0.11619138717651367,0.004035460509292369,0.004035259066093033,0.06263089179992676,1.2704565586726284e-19
0.08687001049446953,0.08648440293654083,0.10076591130897931,0.10000222514703615,0.11829876899719238,0.004035259070267664,0.004035057637530315,0.0637197494506836,1.2704712863192874e-19
0.08686992910185498,0.08648375458266627,0.10076621086711356,0.10000222907788714,0.11835980415344238,0.004035057641312403,0.004034856217494109,0.062485456466674805,1.2704860201329296e-19
0.08686984771275004,0.08648310624889623,0.10076651040700316,0.10000223300855181,0.12004208564758301,0.0040348562224309294,0.004034654809181859,0.06315159797668457,1.2705007515418247e-19
0.0868697663271545,0.08648245793523178,0.10076680992864964,0.10000223693903015,0.1192617416381836,0.0040346548136182625,0.004034453410461936,0.06279635429382324,1.2705154783265607e-19
0.08686968494506818,0.08648180964167397,0.10076710943205451,0.10000224086932218,0.1211097240447998,0.004034453414874866,0.0040342520216896105,0.06330180168151855,1.2705302110082884e-19
0.0868696035664909,0.08648116136822376,0.10076740891721925,0.10000224479942788,0.12187457084655762,0.0040342520262006045,0.004034050643220155,0.0644223690032959,1.2705449355411684e-19
0.08686952219142245,0.08648051311488224,0.10076770838414535,0.10000224872934728,0.12031841278076172,0.004034050647594626,0.004033849274875934,0.06437206268310547,1.2705596679562094e-19
0.08686944081986267,0.08647986488165055,0.10076800783283434,0.10000225265908036,0.12248802185058594,0.004033849279056141,0.004033647916124039,0.06423687934875488,1.2705743928225089e-19
0.08686935945181135,0.0864792166685299,0.10076830726328768,0.10000225658862713,0.12064814567565918,0.004033647920584964,0.00403344656785265,0.06363868713378906,1.270589125591126e-19
0.08686927808726828,0.08647856847552117,0.1007686066755069,0.10000226051798759,0.11916017532348633,0.004033446572180927,0.004033245229351223,0.06408905982971191,1.2706038511839166e-19
0.08686919672623329,0.08647792030262537,0.10076890606949346,0.10000226444716176,0.1197512149810791,0.004033245233844502,0.004033043901330302,0.06451225280761719,1.270618576197237e-19
0.08686911536870619,0.0864772721498435,0.10076920544524888,0.10000226837614962,0.12014365196228027,0.004033043905572838,0.004032842582901708,0.06487607955932617,1.2706333036133075e-19
0.08686903401468678,0.08647662401717679,0.10076950480277465,0.10000227230495118,0.12075924873352051,0.004032842587367117,0.004032641274775983,0.0653371810913086,1.2706480283135823e-19
0.08686895266417488,0.08647597590462625,0.10076980414207226,0.10000227623356645,0.12043595314025879,0.004032641279225905,0.004032439976775493,0.06540441513061523,1.2706627546230367e-19
0.08686887131717032,0.08647532781219282,0.1007701034631432,0.10000228016199543,0.12125039100646973,0.004032439981148844,0.0040322386887226,0.06516647338867188,1.2706774747876738e-19
0.08686878997367287,0.08647467973987744,0.10077040276598896,0.10000228409023813,0.1205911636352539,0.004032238693136272,0.004032037410617306,0.06585931777954102,1.2706922031295719e-19
0.08686870863368235,0.08647403168768107,0.10077070205061105,0.10000228801829454,0.11979126930236816,0.004032037415186287,0.004031836142637246,0.06521320343017578,1.2707069217516486e-19
0.08686862729719858,0.08647338365560499,0.10077100131701096,0.10000229194616468,0.12098455429077148,0.004031836147300071,0.0040316348851376915,0.0669863224029541,1.2707216464196536e-19
0.08686854596422137,0.0864727356436501,0.10077130056519018,0.10000229587384854,0.12056326866149902,0.004031634889475774,0.0040314336374080995,0.06503534317016602,1.2707363682156932e-19
0.08686846463475052,0.0864720876518175,0.10077159979515021,0.10000229980134612,0.12151527404785156,0.004031433641713515,0.004031232399803741,0.06598329544067383,1.2707510933327037e-19
0.08686838330878585,0.08647143968010815,0.10077189900689255,0.10000230372865743,0.11966562271118164,0.0040312324040128415,0.00403103117179171,0.06515789031982422,1.2707658083104059e-19
0.08686830198632717,0.08647079172852312,0.10077219820041868,0.10000230765578245,0.11984086036682129,0.004031031176373217,0.004030829953904913,0.06491827964782715,1.270780526930216e-19
0.08686822066737428,0.08647014379706346,0.10077249737573009,0.10000231158272123,0.1206967830657959,0.004030829958794879,0.004030628746676257,0.06587886810302734,1.2707952481024887e-19
0.08686813935192697,0.08646949588573023,0.10077279653282827,0.10000231550947374,0.11951756477355957,0.004030628751275564,0.004030427549217563,0.06576347351074219,1.270809968670931e-19
0.08686805803998507,0.08646884799452442,0.10077309567171473,0.10000231943603999,0.12137246131896973,0.004030427553815771,0.004030226362239375,0.06531500816345215,1.270824687232276e-19
0.0868679767315484,0.08646820012344718,0.10077339479239096,0.10000232336241997,0.12013006210327148,0.0040302263664139994,0.004030025184142971,0.06464958190917969,1.2708394093690504e-19
0.08686789542661676,0.08646755227249942,0.10077369389485842,0.1000023272886137,0.11846542358398438,0.00403002518907183,0.004029824017415251,0.0648808479309082,1.2708541202776716e-19
0.08686781412518994,0.08646690444168224,0.10077399297911861,0.10000233121462118,0.11852216720581055,0.004029824021786316,0.004029622860990401,0.0654759407043457,1.2708688372873223e-19
0.08686773282726777,0.08646625663099673,0.10077429204517305,0.10000233514044242,0.11835050582885742,0.004029622864556949,0.004029421713447334,0.06546974182128906,1.2708835557000279e-19
0.08686765153285006,0.08646560884044366,0.10077459109302321,0.1000023390660774,0.1186983585357666,0.0040294217173853005,0.004029220576207138,0.06567168235778809,1.2708982722399334e-19
0.0868675702419366,0.08646496107002428,0.10077489012267062,0.10000234299152615,0.11874079704284668,0.004029220580270166,0.004029019449092175,0.06548452377319336,1.2709129825418472e-19
0.08686748895452723,0.08646431331973956,0.10077518913411673,0.10000234691678865,0.11816787719726562,0.00402901945321138,0.0040288183319248105,0.06543111801147461,1.270927698446861e-19
0.08686740767062173,0.08646366558959083,0.10077548812736306,0.10000235084186493,0.11893439292907715,0.004028818336207487,0.004028617224527409,0.06587743759155273,1.2709424118328068e-19
0.08686732639021993,0.08646301787957893,0.1007757871024111,0.10000235476675497,0.11782383918762207,0.004028617229259313,0.004028416127965784,0.06570076942443848,1.2709571235840062e-19
0.08686724511332164,0.08646237018970496,0.10077608605926232,0.10000235869145878,0.1196749210357666,0.0040284161323655785,0.004028215041529393,0.0670619010925293,1.2709718359202346e-19
0.08686716383992665,0.08646172251996988,0.10077638499791823,0.10000236261597636,0.11833858489990234,0.004028215045523839,0.004028013964507693,0.06563234329223633,1.2709865497590573e-19
0.0868670825700348,0.08646107487037476,0.10077668391838031,0.10000236654030772,0.11896109580993652,0.004028013968735576,0.004027812897611227,0.06658291816711426,1.2710012613863886e-19
0.08686700130364586,0.08646042724092046,0.10077698282065005,0.10000237046445286,0.1167447566986084,0.004027812902000643,0.004027611841195267,0.06547784805297852,1.27101597166069e-19
0.08686692004075967,0.08645977963160811,0.10077728170472897,0.10000237438841178,0.11738944053649902,0.004027611845318149,0.004027410794016362,0.06537103652954102,1.2710306834221222e-19
0.08686683878137605,0.08645913204243874,0.10077758057061854,0.10000237831218449,0.11633849143981934,0.004027410798687686,0.004027209757495598,0.06470632553100586,1.2710453964857571e-19
0.08686675752549478,0.08645848447341341,0.10077787941832025,0.100002382235771,0.11631631851196289,0.00402720976210876,0.004027008731455339,0.0645139217376709,1.271060102302189e-19
0.08686667627311569,0.08645783692453322,0.1007781782478356,0.1000023861591713,0.11724019050598145,0.0040270087355794,0.004026807714652136,0.06468510627746582,1.2710748102929483e-19
0.08686659502423857,0.08645718939579934,0.10077847705916607,0.10000239008238539,0.11609411239624023,0.004026807719101181,0.004026606708862346,0.06416821479797363,1.2710895189883105e-19
0.08686651377886326,0.08645654188721266,0.10077877585231315,0.10000239400541328,0.11452531814575195,0.004026606712671901,0.0040264057114214324,0.06361126899719238,1.2711042234867963e-19
0.08686643253698954,0.08645589439877434,0.10077907462727834,0.10000239792825497,0.1166081428527832,0.004026405716294482,0.0040262047249939314,0.06535077095031738,1.2711189320142615e-19
0.08686635129861724,0.08645524693048524,0.10077937338406312,0.10000240185091044,0.11657261848449707,0.0040262047299656715,0.004026003749402207,0.06486225128173828,1.271133637054024e-19
0.08686627006374614,0.08645459948234649,0.10077967212266897,0.10000240577337974,0.11659026145935059,0.00402600375368396,0.004025802782869903,0.06460857391357422,1.2711483468809893e-19
0.08686618883237608,0.08645395205435899,0.1007799708430974,0.10000240969566283,0.11655807495117188,0.004025802787450186,0.004025601827173375,0.06469297409057617,1.2711630473154477e-19
0.08686610760450686,0.08645330464652382,0.10078026954534985,0.10000241361775974,0.11562728881835938,0.0040256018312634975,0.00402540088124681,0.06418776512145996,1.271177754519807e-19
0.08686602638013828,0.08645265725884207,0.10078056822942787,0.10000241753967047,0.11606240272521973,0.004025400885122073,0.004025199944557301,0.06454920768737793,1.2711924552562656e-19
0.08686594515927018,0.08645200989131481,0.10078086689533292,0.10000242146139501,0.11623334884643555,0.004025199949028805,0.004024999019058839,0.06416535377502441,1.2712071603215877e-19
0.08686586394190235,0.08645136254394303,0.10078116554306647,0.10000242538293337,0.11554169654846191,0.004024999022980015,0.004024798102797433,0.06297969818115234,1.271221865322971e-19
0.0868657827280346,0.08645071521672776,0.10078146417263004,0.10000242930428556,0.11845803260803223,0.00402479810697706,0.004024597197016533,0.0630960464477539,1.2712365624084318e-19
0.08686570151766672,0.08645006790967001,0.1007817627840251,0.10000243322545158,0.1172027587890625,0.004024597201018973,0.004024396300650324,0.06323122978210449,1.2712512688599674e-19
0.08686562031079854,0.08644942062277085,0.10078206137725317,0.10000243714643142,0.11933231353759766,0.004024396305106008,0.004024195414409348,0.06343245506286621,1.271265969202906e-19
0.08686553910742986,0.08644877335603121,0.1007823599523157,0.1000024410672251,0.11879301071166992,0.0040241954192380405,0.00402399453900415,0.06297564506530762,1.2712806697501513e-19
0.0868654579075605,0.08644812610945232,0.1007826585092142,0.1000024449878326,0.11884903907775879,0.004023994543411098,0.004023793673368914,0.06355690956115723,1.271295364651291e-19
0.08686537671119027,0.08644747888303513,0.10078295704795015,0.10000244890825397,0.12084317207336426,0.004023793677627024,0.004023592817503641,0.06324958801269531,1.2713100641920953e-19
0.08686529551831897,0.08644683167678074,0.10078325556852502,0.10000245282848916,0.12029266357421875,0.004023592821885354,0.004023391971941237,0.0639803409576416,1.2713247671720514e-19
0.08686521432894644,0.08644618449069008,0.10078355407094032,0.1000024567485382,0.12104630470275879,0.0040233919761842665,0.004023191136148796,0.06412649154663086,1.2713394643056953e-19
0.08686513314307245,0.08644553732476415,0.10078385255519753,0.10000246066840109,0.11855649948120117,0.00402319114052557,0.004022990310659225,0.06333231925964355,1.271354164489702e-19
0.08686505196069684,0.086444890179004,0.10078415102129815,0.10000246458807782,0.11980009078979492,0.004022990314907088,0.004022789494939616,0.06417512893676758,1.271368863289369e-19
0.0868649707818194,0.08644424305341075,0.10078444946924364,0.10000246850756841,0.12242245674133301,0.004022789499329347,0.004022588689522877,0.06510758399963379,1.2713835541888895e-19
0.08686488960643994,0.08644359594798535,0.10078474789903552,0.10000247242687288,0.12137532234191895,0.004022588693790781,0.0040223878938761,0.06534123420715332,1.2713982515690908e-19
0.0868648084345583,0.08644294886272885,0.10078504631067525,0.1000024763459912,0.12175273895263672,0.004022387898291293,0.004022187108176922,0.06557321548461914,1.2714129455767751e-19
0.08686472726617424,0.08644230179764233,0.10078534470416432,0.10000248026492338,0.12229132652282715,0.004022187112831657,0.004021986333313521,0.06655168533325195,1.2714276409940404e-19
0.08686464610128761,0.08644165475272672,0.10078564307950422,0.10000248418366942,0.12217950820922852,0.004021986337410012,0.004021785567509539,0.06682062149047852,1.2714423336338154e-19
0.0868645649398982,0.08644100772798313,0.10078594143669643,0.10000248810222932,0.12016797065734863,0.004021785572026318,0.004021584812363699,0.06565117835998535,1.271457027739938e-19
0.08686448378200584,0.08644036072341264,0.10078623977574247,0.1000024920206031,0.12035059928894043,0.004021584816679563,0.004021384067698364,0.06544017791748047,1.271471720367152e-19
0.08686440262761032,0.08643971373901617,0.10078653809664379,0.10000249593879076,0.12121987342834473,0.004021384071367344,0.004021183331559541,0.06605648994445801,1.271486416162936e-19
0.08686432147671146,0.08643906677479476,0.10078683639940188,0.1000024998567923,0.12100577354431152,0.004021183336092529,0.004020982606789403,0.06667613983154297,1.271501105828173e-19
0.08686424032930906,0.08643841983074946,0.10078713468401823,0.10000250377460772,0.12181711196899414,0.004020982610853869,0.004020781890901048,0.06651973724365234,1.2715157939106278e-19
0.08686415918540294,0.0864377729068812,0.10078743295049435,0.10000250769223702,0.12085509300231934,0.004020781895650609,0.0040205811860261065,0.06572318077087402,1.2715304847864393e-19
0.0868640780449929,0.08643712600319124,0.10078773119883169,0.10000251160968021,0.1193075180053711,0.004020581190482785,0.0040203804912763985,0.06588029861450195,1.2715451767077933e-19
0.08686399690807876,0.08643647911968043,0.10078802942903177,0.10000251552693729,0.12093377113342285,0.004020380495347616,0.004020179805408475,0.06499314308166504,1.2715598688768092e-19
0.08686391577466034,0.0864358322563499,0.10078832764109605,0.10000251944400826,0.12012815475463867,0.004020179810247027,0.004019979130731599,0.06610727310180664,1.2715745546790295e-19
0.08686383464473744,0.08643518541320082,0.100788625835026,0.10000252336089313,0.12111306190490723,0.004019979135179431,0.004019778465824686,0.06665253639221191,1.2715892441416235e-19
0.08686375351830988,0.08643453859023398,0.10078892401082312,0.1000025272775919,0.11741518974304199,0.004019778470143944,0.004019577810865371,0.06469559669494629,1.2716039370988382e-19
0.08686367239537746,0.08643389178745034,0.1007892221684889,0.10000253119410457,0.11802291870117188,0.0040195778151401315,0.004019377165853655,0.06551623344421387,1.2716186200381115e-19
0.08686359127593998,0.086433245004851,0.10078952030802481,0.10000253511043115,0.12038564682006836,0.004019377170168453,0.004019176530611901,0.06555700302124023,1.2716333064929288e-19
0.08686351015999726,0.08643259824243707,0.10078981842943235,0.10000253902657165,0.11990213394165039,0.004019176535228162,0.004018975905673017,0.0656747817993164,1.2716479890342963e-19
0.0868634290475491,0.08643195150020952,0.100790116532713,0.10000254294252604,0.1197805404663086,0.004018975910318365,0.004018775291392274,0.0652914047241211,1.2716626765451075e-19
0.08686334793859532,0.08643130477816939,0.10079041461786825,0.10000254685829436,0.12006688117980957,0.004018775295437529,0.004018574685815679,0.0660555362701416,1.2716773626184646e-19
0.08686326683313572,0.08643065807631779,0.10079071268489956,0.1000025507738766,0.12037825584411621,0.004018574690588178,0.0040183740914301325,0.06638574600219727,1.2716920466428824e-19
0.08686318573117012,0.08643001139465584,0.10079101073380842,0.10000255468927276,0.11945199966430664,0.004018374095767074,0.004018173506459277,0.06593012809753418,1.2717067309270949e-19
0.08686310463269833,0.08642936473318441,0.10079130876459631,0.10000255860448283,0.11875057220458984,0.004018173510974501,0.0040179729317912916,0.0653831958770752,1.2717214120420536e-19
0.08686302353772017,0.08642871809190453,0.10079160677726472,0.10000256251950683,0.11971855163574219,0.004017972936210544,0.00401777236724854,0.0661466121673584,1.2717360964374608e-19
0.08686294244623544,0.08642807147081735,0.10079190477181513,0.10000256643434476,0.11876320838928223,0.004017772371473678,0.004017571811942844,0.06628727912902832,1.2717507854954735e-19
0.08686286135824395,0.08642742486992384,0.10079220274824904,0.10000257034899662,0.12000679969787598,0.004017571816765126,0.0040173712674729245,0.0662374496459961,1.271765458400983e-19
0.08686278027374551,0.08642677828922503,0.10079250070656794,0.10000257426346242,0.1193990707397461,0.004017371272083371,0.004017170733128239,0.06604409217834473,1.2717801384467431e-19
0.08686269919273995,0.08642613172872188,0.10079279864677329,0.10000257817774215,0.11784720420837402,0.004017170737427198,0.004016970208375881,0.06595063209533691,1.2717948239625112e-19
0.08686261811522705,0.08642548518841543,0.10079309656886658,0.10000258209183582,0.11797714233398438,0.004016970212796511,0.004016769694104028,0.0650491714477539,1.27180950275115e-19
0.08686253704120665,0.0864248386683068,0.10079339447284928,0.10000258600574345,0.11856579780578613,0.004016769698191052,0.0040165691894245015,0.06699204444885254,1.271824179046814e-19
0.08686245597067854,0.08642419216839706,0.10079369235872286,0.10000258991946502,0.1188352108001709,0.004016569193610059,0.004016368694692574,0.06712603569030762,1.2718388607992436e-19
0.08686237490364254,0.08642354568868711,0.10079399022648883,0.10000259383300054,0.11600708961486816,0.004016368699053975,0.004016168210441151,0.06462383270263672,1.2718535345232246e-19
0.08686229384009846,0.08642289922917798,0.10079428807614865,0.10000259774635002,0.11663985252380371,0.004016168214520026,0.004015967735959691,0.06557440757751465,1.271868216282805e-19
0.0868622127800461,0.08642225278987072,0.10079458590770382,0.10000260165951345,0.11742711067199707,0.004015967740009626,0.004015767271781101,0.06511878967285156,1.2718828910100493e-19
0.0868621317234853,0.08642160637076637,0.1007948837211558,0.10000260557249085,0.11676192283630371,0.004015767275520986,0.004015566816484295,0.06450986862182617,1.2718975719854388e-19
0.08686205067041583,0.08642095997186597,0.10079518151650607,0.10000260948528222,0.11725711822509766,0.00401556682105664,0.004015366372378537,0.06389355659484863,1.2719122445085294e-19
0.08686196962083752,0.08642031359317058,0.10079547929375612,0.10000261339788755,0.11621427536010742,0.004015366376612434,0.004015165937332199,0.06343555450439453,1.271926917660777e-19
0.08686188857475016,0.08641966723468103,0.10079577705290745,0.10000261731030685,0.1172173023223877,0.004015165942191842,0.004014965513654545,0.06335258483886719,1.2719415875674525e-19
0.0868618075321536,0.08641902089639836,0.1007960747939615,0.10000262122254013,0.11772489547729492,0.00401496551779025,0.00401476509903631,0.06332921981811523,1.2719562647920185e-19
0.08686172649304762,0.08641837457832373,0.10079637251691978,0.10000262513458737,0.11768507957458496,0.004014765103407625,0.00401456469454331,0.06304192543029785,1.271970940688223e-19
0.08686164545743204,0.08641772828045828,0.10079667022178378,0.10000262904644859,0.1185007095336914,0.0040145646990457735,0.004014364300353179,0.06361627578735352,1.2719856129213196e-19
0.08686156442530668,0.08641708200280285,0.10079696790855497,0.1000026329581238,0.11895251274108887,0.00401436430470147,0.004014163916110647,0.06309032440185547,1.2720002904134053e-19
0.08686148339667135,0.08641643574535861,0.10079726557723483,0.10000263686961298,0.12141823768615723,0.004014163920375898,0.004013963541993348,0.06304311752319336,1.272014961991721e-19
0.08686140237152584,0.0864157895081265,0.10079756322782484,0.10000264078091615,0.12206029891967773,0.004013963546068878,0.004013763177468377,0.06393742561340332,1.2720296309521566e-19
0.08686132134986997,0.08641514329110754,0.10079786086032647,0.10000264469203332,0.12063312530517578,0.004013763181779234,0.004013562823068639,0.06399226188659668,1.2720442986116082e-19
0.08686124033170356,0.08641449709430271,0.1007981584747412,0.1000026486029645,0.12231993675231934,0.004013562827507522,0.004013362478794136,0.06457233428955078,1.2720589666419089e-19
0.08686115931702643,0.08641385091771295,0.10079845607107053,0.10000265251370966,0.12089848518371582,0.004013362483252522,0.004013162144644866,0.0653238296508789,1.2720736400195678e-19
0.08686107830583838,0.08641320476133943,0.10079875364931591,0.10000265642426882,0.1228785514831543,0.004013162149012127,0.004012961820443195,0.06595945358276367,1.2720883058088193e-19
0.0868609972981392,0.08641255862518336,0.10079905120947882,0.10000266033464199,0.12041664123535156,0.004012961824788436,0.004012761506366758,0.06435990333557129,1.272102974175007e-19
0.08686091629392872,0.08641191250924563,0.10079934875156077,0.10000266424482916,0.12088370323181152,0.0040127615105792665,0.004012561201882647,0.06607699394226074,1.2721176428626527e-19
0.08686083529320675,0.08641126641352723,0.10079964627556323,0.10000266815483033,0.12076139450073242,0.004012561206385212,0.004012360907523771,0.06509137153625488,1.2721323099885482e-19
0.08686075429597309,0.08641062033802915,0.10079994378148767,0.10000267206464553,0.12248969078063965,0.004012360912206044,0.004012160623467764,0.06576013565063477,1.2721469830747364e-19
0.08686067330222758,0.08640997428275257,0.10080024126933555,0.10000267597427473,0.12094402313232422,0.004012160628039577,0.00401196034918172,0.0655820369720459,1.2721616417815513e-19
0.08686059231196999,0.08640932824769842,0.10080053873910837,0.10000267988371794,0.12094640731811523,0.004011960353886333,0.004011760084843274,0.06554913520812988,1.2721763075288414e-19
0.08686051132520016,0.08640868223286785,0.10080083619080758,0.1000026837929752,0.1212761402130127,0.004011760089746443,0.004011559830807698,0.06552815437316895,1.2721909717410428e-19
0.08686043034191789,0.08640803623826182,0.1008011336244347,0.10000268770204647,0.12032938003540039,0.00401155983561874,0.004011359586897356,0.06543326377868652,1.2722056358541544e-19
0.086860349362123,0.08640739026388125,0.10080143103999117,0.10000269161093177,0.12111210823059082,0.004011359591502788,0.004011159353289884,0.06517934799194336,1.272220302109237e-19
0.0868602683858153,0.08640674430972742,0.1008017284374785,0.1000026955196311,0.12143802642822266,0.004011159357396285,0.004010959128919467,0.06595396995544434,1.272234963193183e-19
0.0868601874129946,0.08640609837580115,0.10080202581689816,0.10000269942814446,0.1201791763305664,0.0040109591333002195,0.004010758915029555,0.06593823432922363,1.2722496228985668e-19
0.0868601064436607,0.0864054524621035,0.10080232317825162,0.10000270333647186,0.1217653751373291,0.0040107589192143024,0.004010558710909606,0.06537389755249023,1.2722642886409785e-19
0.08686002547781342,0.08640480656863553,0.10080262052154036,0.10000270724461331,0.1214139461517334,0.00401055871513743,0.004010358516737256,0.06510090827941895,1.2722789461880427e-19
0.08685994451545256,0.0864041606953982,0.10080291784676586,0.10000271115256879,0.11886358261108398,0.004010358521070132,0.004010158332690139,0.06439685821533203,1.27229361330228e-19
0.08685986355657796,0.08640351484239245,0.10080321515392958,0.10000271506033831,0.11959052085876465,0.004010158337011151,0.004009958158235349,0.06426072120666504,1.2723082731134473e-19
0.08685978260118939,0.08640286900961927,0.10080351244303301,0.10000271896792189,0.11984634399414062,0.004009958162961032,0.004009757994438701,0.06596684455871582,1.2723229298871737e-19
0.08685970164928668,0.08640222319707969,0.10080380971407762,0.10000272287531951,0.12035632133483887,0.004009757998917925,0.004009557840234379,0.06614446640014648,1.2723375858391365e-19
0.08685962070086965,0.08640157740477476,0.10080410696706488,0.10000272678253119,0.11686015129089355,0.004009557844881713,0.004009357696865834,0.06365132331848145,1.272352250307371e-19
0.08685953975593812,0.08640093163270565,0.10080440420199627,0.10000273068955694,0.11802339553833008,0.0040093577008521245,0.0040091575622014375,0.06522345542907715,1.272366906928155e-19
0.08685945881449188,0.0864002858808732,0.10080470141887327,0.10000273459639673,0.11929440498352051,0.004009157566829427,0.004008957438372818,0.06468462944030762,1.2723815561489383e-19
0.08685937787653074,0.08639964014927842,0.10080499861769734,0.10000273850305061,0.11751937866210938,0.004008957442812054,0.004008757324491796,0.06432104110717773,1.272396224415373e-19
0.08685929694205452,0.08639899443792247,0.10080529579846997,0.10000274240951855,0.11764717102050781,0.004008757328798795,0.004008557220380737,0.0646517276763916,1.2724108805194336e-19
0.08685921601106303,0.0863983487468063,0.10080559296119264,0.10000274631580056,0.11646771430969238,0.004008557224791244,0.004008357126750184,0.06444287300109863,1.2724255379925581e-19
0.08685913508355608,0.08639770307593093,0.10080589010586681,0.10000275022189664,0.1178281307220459,0.004008357130786523,0.004008157042356686,0.06434106826782227,1.2724401850940704e-19
0.08685905415953349,0.08639705742529755,0.10080618723249396,0.10000275412780679,0.11769723892211914,0.004008157046785132,0.004007956968443693,0.06445813179016113,1.2724548430864004e-19
0.08685897323899505,0.08639641179490698,0.10080648434107557,0.10000275803353104,0.11697912216186523,0.00400795697278695,0.004007756904300663,0.06434392929077148,1.2724694926607455e-19
0.08685889232194058,0.08639576618476037,0.10080678143161312,0.10000276193906935,0.11623549461364746,0.004007756908792082,0.004007556850638139,0.06449508666992188,1.2724841453984306e-19
0.08685881140836992,0.08639512059485863,0.10080707850410807,0.10000276584442175,0.11667108535766602,0.004007556854798713,0.004007356806745577,0.06394720077514648,1.2724987965751425e-19
0.08685873049828284,0.08639447502520295,0.1008073755585619,0.10000276974958823,0.11776423454284668,0.004007356810805948,0.004007156772800613,0.06342172622680664,1.272513453576371e-19
0.08685864959167919,0.08639382947579433,0.1008076725949761,0.10000277365456882,0.11773514747619629,0.004007156776814047,0.004006956748625612,0.06343245506286621,1.272528100520099e-19
0.08685856868855875,0.08639318394663363,0.10080796961335213,0.1000027775593635,0.11709403991699219,0.004006956752823788,0.0040067567342205734,0.06266641616821289,1.272542758771693e-19
0.08685848778892134,0.0863925384377219,0.10080826661369147,0.10000278146397228,0.11957406997680664,0.004006756738833694,0.004006556730828947,0.06330251693725586,1.272557408160514e-19
0.08685840689276679,0.08639189294906016,0.10080856359599558,0.10000278536839516,0.11782145500183105,0.0040065567348419396,0.00400635673614147,0.0630502700805664,1.2725720559347614e-19
0.08685832600009488,0.08639124748064961,0.10080886056026594,0.10000278927263215,0.12083935737609863,0.004006356740850676,0.00400615675264504,0.06340289115905762,1.2725867057062027e-19
0.08685824511090544,0.08639060203249127,0.10080915750650402,0.10000279317668323,0.12086009979248047,0.004006156756857031,0.004005956778208031,0.06258630752563477,1.272601351969674e-19
0.08685816422519828,0.08638995660458602,0.10080945443471129,0.10000279708054842,0.12006092071533203,0.004005956782862248,0.004005756814784434,0.06411457061767578,1.272616004163061e-19
0.08685808334297321,0.08638931119693496,0.10080975134488922,0.10000280098422773,0.11968421936035156,0.0040057568188637625,0.004005556860597892,0.06377077102661133,1.2726306486230026e-19
0.08685800246423005,0.08638866580953905,0.10081004823703929,0.10000280488772115,0.1209712028503418,0.004005556864862721,0.004005356916536584,0.06384968757629395,1.2726452920870694e-19
0.08685792158896859,0.0863880204423992,0.10081034511116298,0.10000280879102869,0.12111210823059082,0.004005356920858652,0.004005156982600511,0.06425762176513672,1.2726599402912168e-19
0.08685784071718865,0.08638737509551642,0.10081064196726175,0.10000281269415036,0.12115240097045898,0.004005156986850409,0.004004957058612035,0.06444907188415527,1.2726745940191347e-19
0.08685775984889005,0.08638672976889193,0.10081093880533708,0.10000281659708615,0.12123560905456543,0.004004957062837772,0.004004757144748794,0.06427645683288574,1.2726892289445033e-19
0.08685767898407258,0.08638608446252655,0.10081123562539043,0.10000282049983607,0.12110209465026855,0.004004757148819318,0.004004557240300244,0.06497693061828613,1.2727038771992154e-19
0.08685759812273608,0.08638543917642137,0.1008115324274233,0.1000028244024001,0.12148594856262207,0.004004557244796159,0.004004357346332199,0.06483340263366699,1.2727185229234682e-19
0.08685751726488035,0.08638479391057739,0.10081182921143714,0.10000282830477827,0.12256765365600586,0.004004357350766477,0.004004157462311753,0.06603503227233887,1.272733168331245e-19
0.0868574364105052,0.08638414866499565,0.10081212597743343,0.10000283220697058,0.12106633186340332,0.004004157466731084,0.00400395758841654,0.06585121154785156,1.2727478088254764e-19
0.08685735555961042,0.08638350343967727,0.10081242272541363,0.10000283610897702,0.1229102611541748,0.004003957592688113,0.00400375772429129,0.06539463996887207,1.2727624488785769e-19
0.08685727471219587,0.0863828582346233,0.10081271945537924,0.10000284001079761,0.12270998954772949,0.004003757728637521,0.004003557870291274,0.06608462333679199,1.272777094765347e-19
0.08685719386826132,0.0863822130498346,0.1008130161673317,0.10000284391243235,0.12079834938049316,0.004003557874579691,0.004003358026061221,0.06596112251281738,1.2727917369048434e-19
0.08685711302780662,0.08638156788531226,0.10081331286127249,0.10000284781388123,0.12157893180847168,0.0040033580305131496,0.0040031581916011305,0.06516051292419434,1.2728063763405023e-19
0.08685703219083155,0.08638092274105731,0.10081360953720307,0.10000285171514428,0.12214159965515137,0.004003158196438128,0.004002958367976817,0.06713438034057617,1.2728210160490021e-19
0.08685695135733593,0.08638027761707087,0.10081390619512495,0.10000285561622148,0.12144804000854492,0.004002958372352652,0.004002758553589558,0.06680941581726074,1.2728356548648299e-19
0.08685687052731957,0.08637963251335379,0.10081420283503958,0.10000285951711284,0.11874723434448242,0.004002758558257678,0.004002558749682805,0.0645899772644043,1.2728502956197977e-19
0.08685678970078228,0.08637898742990721,0.10081449945694841,0.10000286341781836,0.11885929107666016,0.0040025587541519785,0.004002358955546015,0.06549453735351562,1.2728649360260168e-19
0.08685670887772388,0.08637834236673218,0.10081479606085292,0.10000286731833805,0.12029457092285156,0.004002358960035396,0.004002159171712094,0.0650475025177002,1.2728795675027618e-19
0.08685662805814416,0.08637769732382974,0.1008150926467546,0.1000028712186719,0.12012815475463867,0.00400215917590737,0.004001959397292865,0.06495785713195801,1.2728942061740843e-19
0.08685654724204296,0.08637705230120082,0.1008153892146549,0.10000287511881992,0.12080621719360352,0.004001959401767561,0.004001759633176505,0.06534147262573242,1.2729088418713572e-19
0.08685646642942008,0.0863764072988463,0.10081568576455527,0.10000287901878212,0.12085509300231934,0.004001759637614666,0.004001559879363015,0.06566095352172852,1.2729234751315547e-19
0.08685638562027533,0.08637576231676727,0.10081598229645722,0.1000028829185585,0.12003231048583984,0.004001559883447837,0.004001360134964216,0.0656590461730957,1.2729381159458976e-19
0.08685630481460851,0.0863751173549646,0.10081627881036219,0.10000288681814905,0.12037825584411621,0.004001360139267684,0.004001160400690651,0.06539082527160645,1.272952748509253e-19
0.08685622401241945,0.08637447241343923,0.10081657530627165,0.10000289071755379,0.11951208114624023,0.004001160405073929,0.004000960676897591,0.06570816040039062,1.2729673857784526e-19
0.08685614321370796,0.08637382749219247,0.10081687178418708,0.10000289461677271,0.12003803253173828,0.00400096068086549,0.004000760962696859,0.06623291969299316,1.2729820170224537e-19
0.08685606241847385,0.08637318259122519,0.10081716824410994,0.10000289851580582,0.11959028244018555,0.004000760966642097,0.004000561257555546,0.06633210182189941,1.2729966486683272e-19
0.08685598162671693,0.0863725377105383,0.1008174646860417,0.10000290241465312,0.12053608894348145,0.00400056126240477,0.004000361563960553,0.06602048873901367,1.2730112825157708e-19
0.086855900838437,0.086371892850133,0.10081776110998385,0.10000290631331461,0.12045693397521973,0.004000361568149781,0.004000161879780251,0.06615376472473145,1.2730259149783146e-19
0.0868558200536339,0.08637124801001043,0.10081805751593784,0.10000291021179031,0.11788034439086914,0.004000161883877738,0.00399996220501464,0.06585240364074707,1.2730405494656064e-19
0.08685573927230744,0.08637060319017129,0.10081835390390513,0.1000029141100802,0.11948657035827637,0.0039999622095904875,0.0039997625407295345,0.06537771224975586,1.273055175809325e-19
0.08685565849445741,0.08636995839061677,0.1008186502738872,0.10000291800818428,0.1191720962524414,0.003999762545285211,0.003999562886747299,0.06727933883666992,1.2730698084665214e-19
0.08685557772008362,0.08636931361134778,0.10081894662588552,0.10000292190610259,0.11936068534851074,0.003999562890961001,0.003999363242535026,0.06702303886413574,1.27308443626702e-19
0.08685549694918591,0.08636866885236548,0.10081924295990154,0.1000029258038351,0.11715412139892578,0.003999363246617725,0.003999163607915079,0.06563711166381836,1.2730990680038096e-19
0.08685541618176407,0.08636802411367077,0.10081953927593675,0.10000292970138183,0.11708998680114746,0.0039991636122562145,0.003998963983598003,0.06595826148986816,1.2731136983746464e-19
0.08685533541781791,0.08636737939526479,0.1008198355739926,0.10000293359874278,0.11713600158691406,0.003998963987874958,0.003998764369583796,0.06561517715454102,1.273128322046188e-19
0.08685525465734725,0.08636673469714835,0.10082013185407056,0.10000293749591796,0.11749410629272461,0.003998764373473464,0.003998564764629009,0.06578993797302246,1.2731429501327268e-19
0.0868551739003519,0.08636609001932262,0.1008204281161721,0.10000294139290734,0.11655974388122559,0.003998564769051914,0.003998365170332363,0.06553244590759277,1.273157574687225e-19
0.08685509314683167,0.0863654453617886,0.10082072436029872,0.10000294528971097,0.11696267127990723,0.003998365174609485,0.003998165586160951,0.06578898429870605,1.2731722030992252e-19
0.08685501239678636,0.08636480072454729,0.10082102058645186,0.10000294918632882,0.11687111854553223,0.003998165590144357,0.003997966011226595,0.06441617012023926,1.2731868307183065e-19
0.08685493165021581,0.08636415610759973,0.10082131679463296,0.10000295308276091,0.11681866645812988,0.003997966015657609,0.003997766446239837,0.0645294189453125,1.2732014523768147e-19
0.08685485090711981,0.08636351151094696,0.10082161298484353,0.10000295697900724,0.11661362648010254,0.003997766451149861,0.0039975668919112195,0.0643606185913086,1.2732160780188972e-19
0.08685477016749817,0.08636286693458975,0.10082190915708503,0.10000296087506781,0.11676216125488281,0.003997566896618864,0.003997367347530201,0.06481218338012695,1.27323070417114e-19
0.0868546894313507,0.08636222237852927,0.10082220531135892,0.10000296477094262,0.11598753929138184,0.003997367352064456,0.003997167812919145,0.06368732452392578,1.2732453285742767e-19
0.08685460869867725,0.08636157784276635,0.10082250144766665,0.10000296866663166,0.11581850051879883,0.003997167817485126,0.003996968288255687,0.06387591361999512,1.2732599482274973e-19
0.08685452796947761,0.08636093332730221,0.10082279756600969,0.10000297256213496,0.11649966239929199,0.003996968292881391,0.003996768774072734,0.06380724906921387,1.2732745694372893e-19
0.08685444724375159,0.08636028883213798,0.10082309366638952,0.1000029764574525,0.11500310897827148,0.003996768778253052,0.003996569269126837,0.06300187110900879,1.2732891933749213e-19
0.086854366521499,0.08635964435727475,0.1008233897488076,0.1000029803525843,0.11782550811767578,0.003996569273598644,0.00399636977448381,0.06302905082702637,1.2733038126922881e-19
0.08685428580271964,0.0863589999027133,0.10082368581326538,0.10000298424753036,0.11885666847229004,0.003996369778918357,0.00399617028943311,0.06290769577026367,1.2733184354383261e-19
0.08685420508741334,0.08635835546845477,0.10082398185976435,0.10000298814229068,0.11931514739990234,0.003996170294213338,0.003995970815218186,0.06307125091552734,1.2733330588702224e-19
0.0868541243755799,0.08635771105450028,0.10082427788830593,0.10000299203686526,0.12122058868408203,0.003995970819479702,0.003995771350595589,0.06351613998413086,1.2733476751330947e-19
0.08685404366721916,0.08635706666085081,0.10082457389889163,0.1000029959312541,0.12162041664123535,0.003995771354718304,0.003995571895387684,0.06437993049621582,1.2733622926879315e-19
0.08685396296233089,0.08635642228750731,0.1008248698915229,0.10000299982545723,0.12071728706359863,0.00399557189992972,0.00399537245083792,0.06393814086914062,1.2733769099474682e-19
0.08685388226091494,0.08635577793447063,0.1008251658662012,0.10000300371947461,0.12120485305786133,0.003995372455112675,0.003995173016058118,0.06402230262756348,1.273391532238943e-19
0.0868538015629711,0.08635513360174182,0.10082546182292801,0.10000300761330627,0.12206530570983887,0.003995173020264724,0.003994973591225914,0.0646669864654541,1.273406149797942e-19
0.08685372086849917,0.086354489289322,0.10082575776170477,0.10000301150695222,0.12124037742614746,0.003994973595387047,0.0039947741761636735,0.06579184532165527,1.273420762729314e-19
0.086853640177499,0.08635384499721216,0.10082605368253297,0.10000301540041244,0.12250757217407227,0.0039947741804810975,0.003994574771049031,0.06545042991638184,1.2734353833778638e-19
0.08685355948997038,0.08635320072541333,0.10082634958541407,0.10000301929368695,0.12294244766235352,0.003994574775544137,0.003994375376237258,0.06591010093688965,1.273449992292167e-19
0.08685347880591311,0.08635255647392637,0.10082664547034952,0.10000302318677574,0.12194943428039551,0.003994375380575561,0.0039941759913730834,0.06641316413879395,1.2734646116782757e-19
0.08685339812532704,0.08635191224275222,0.10082694133734077,0.10000302707967883,0.12206101417541504,0.003994175995575874,0.003993976616456507,0.06548810005187988,1.2734792193152257e-19
0.08685331744821194,0.08635126803189204,0.10082723718638932,0.10000303097239621,0.12195205688476562,0.00399397662054303,0.003993777250776986,0.0665750503540039,1.2734938373284933e-19
0.08685323677456763,0.08635062384134683,0.10082753301749661,0.1000030348649279,0.12093257904052734,0.003993777255479071,0.003993577896643785,0.06620597839355469,1.2735084571943383e-19
0.08685315610439395,0.0863499796711177,0.1008278288306641,0.10000303875727388,0.12227344512939453,0.003993577900379169,0.003993378551037097,0.06629633903503418,1.2735230602219096e-19
0.0868530754376907,0.08634933552120558,0.10082812462589327,0.10000304264943417,0.12072181701660156,0.003993378555247223,0.003993179215910914,0.0665898323059082,1.2735376730617728e-19
0.0868529947744577,0.0863486913916114,0.10082842040318557,0.10000304654140876,0.12239694595336914,0.003993179220081987,0.003992979890554693,0.06550812721252441,1.2735522842506098e-19
0.08685291411469472,0.08634804728233628,0.10082871616254246,0.10000305043319767,0.1208353042602539,0.003992979894883324,0.003992780575501342,0.06620931625366211,1.273566897910925e-19
0.08685283345840161,0.08634740319338127,0.10082901190396541,0.10000305432480089,0.12007737159729004,0.0039927805796487505,0.0039925812700403185,0.06576108932495117,1.2735815053467814e-19
0.08685275280557819,0.08634675912474743,0.10082930762745587,0.10000305821621842,0.12003254890441895,0.003992581274379094,0.003992381973993986,0.06525468826293945,1.273596120450385e-19
0.08685267215622426,0.08634611507643566,0.10082960333301531,0.10000306210745027,0.12073302268981934,0.0039923819790749345,0.003992182689493973,0.06608819961547852,1.273610726647426e-19
0.08685259151033962,0.08634547104844693,0.1008298990206452,0.10000306599849644,0.12053894996643066,0.003992182693732311,0.003991983413875744,0.06606650352478027,1.2736253331652188e-19
0.08685251086792409,0.0863448270407823,0.10083019469034696,0.10000306988935694,0.12134003639221191,0.0039919834183531145,0.003991784148382749,0.06563949584960938,1.2736399428040435e-19
0.08685243022897747,0.08634418305344262,0.1008304903421221,0.10000307378003176,0.12150192260742188,0.003991784152936204,0.003991584892837352,0.06610655784606934,1.2736545501149598e-19
0.08685234959349959,0.0863435390864289,0.10083078597597207,0.10000307767052093,0.11971569061279297,0.003991584897481666,0.003991385647239554,0.06568598747253418,1.2736691563999751e-19
0.08685226896149026,0.08634289513974235,0.10083108159189834,0.10000308156082441,0.12008213996887207,0.00399138565198872,0.003991186412299896,0.06618070602416992,1.2736837659237515e-19
0.08685218833294929,0.0863422512133839,0.10083137718990236,0.10000308545094225,0.11941051483154297,0.003991186416455511,0.003990987186952566,0.06596493721008301,1.2736983702042099e-19
0.08685210770787649,0.08634160730735449,0.10083167276998559,0.10000308934087442,0.12109088897705078,0.003990987190881865,0.003990787970842291,0.06581974029541016,1.2737129745116447e-19
0.08685202708627168,0.08634096342165529,0.10083196833214948,0.10000309323062093,0.1210181713104248,0.003990787975269648,0.003990588765034886,0.06599783897399902,1.2737275756965284e-19
0.08685194646813468,0.08634031955628724,0.10083226387639552,0.10000309712018178,0.11858987808227539,0.00399058876961779,0.0039903895700632575,0.06540942192077637,1.273742187455388e-19
0.08685186585346528,0.08633967571125138,0.10083255940272516,0.10000310100955698,0.11962723731994629,0.003990389573922955,0.0039901903837957775,0.06631207466125488,1.27375678674872e-19
0.08685178524226332,0.08633903188654853,0.10083285491113986,0.10000310489874653,0.1186375617980957,0.003990190388187386,0.003989991208008803,0.06630086898803711,1.273771388361889e-19
0.0868517046345286,0.0863383880821799,0.10083315040164106,0.10000310878775044,0.12033796310424805,0.003989991212410239,0.003989792041814155,0.06638145446777344,1.2737859949056037e-19
0.08685162403026093,0.08633774429814653,0.10083344587423024,0.10000311267656871,0.12301778793334961,0.003989792046591056,0.00398959288663292,0.06851625442504883,1.2738005951506404e-19
0.08685154342946014,0.08633710053444929,0.10083374132890884,0.10000311656520133,0.12405967712402344,0.0039895928907272785,0.00398939374068874,0.06835174560546875,1.2738151912326516e-19
0.086851462832126,0.08633645679108926,0.10083403676567833,0.10000312045364833,0.12298059463500977,0.00398939374481971,0.003989194604869795,0.06806826591491699,1.273829793187037e-19
0.08685138223825836,0.08633581306806735,0.10083433218454017,0.1000031243419097,0.12349224090576172,0.003989194608868238,0.003988995478643176,0.06838846206665039,1.273844392357386e-19
0.08685130164785702,0.08633516936538461,0.10083462758549583,0.10000312822998543,0.12202048301696777,0.003988995482872992,0.003988796362541791,0.0679469108581543,1.2738589945365346e-19
0.08685122106092179,0.08633452568304213,0.10083492296854675,0.10000313211787554,0.12233495712280273,0.0039887963668325515,0.003988597256920912,0.06801819801330566,1.273873592572192e-19
0.08685114047745249,0.0863338820210407,0.10083521833369442,0.10000313600558002,0.12273764610290527,0.003988597260746627,0.003988398160359452,0.06777620315551758,1.273888194122707e-19
0.08685105989744893,0.08633323837938152,0.10083551368094028,0.10000313989309888,0.12315893173217773,0.003988398164614892,0.003988199074633769,0.06742262840270996,1.2739027875663938e-19
0.08685097932091092,0.08633259475806565,0.10083580901028578,0.10000314378043212,0.12234210968017578,0.003988199078435998,0.003987999997789871,0.06750202178955078,1.2739173854193077e-19
0.08685089874783829,0.08633195115709395,0.1008361043217324,0.10000314766757976,0.12279939651489258,0.003988000002210266,0.003987800931959384,0.06680727005004883,1.2739319796856044e-19
0.08685081817823082,0.08633130757646748,0.1008363996152816,0.10000315155454179,0.12321233749389648,0.003987800935937107,0.003987601875721225,0.06646895408630371,1.2739465774823266e-19
0.08685073761208835,0.08633066401618729,0.10083669489093483,0.1000031554413182,0.12369179725646973,0.00398760187961504,0.0039874028296083,0.06620311737060547,1.2739611740671934e-19
0.08685065704941068,0.08633002047625433,0.10083699014869354,0.100003159327909,0.1244668960571289,0.0039874028332441535,0.003987203792554794,0.0660245418548584,1.2739757690918794e-19
0.08685057649019762,0.08632937695666969,0.1008372853885592,0.10000316321431421,0.12490344047546387,0.003987203796825788,0.00398700476615943,0.06584286689758301,1.2739903607683839e-19
0.08685049593444899,0.08632873345743433,0.10083758061053325,0.10000316710053381,0.12508201599121094,0.00398700477035835,0.003986805750066935,0.06567955017089844,1.2740049601422865e-19
0.0868504153821646,0.08632808997854913,0.10083787581461714,0.10000317098656782,0.12546682357788086,0.003986805753839616,0.003986606743389132,0.06612181663513184,1.2740195501156582e-19
0.08685033483334428,0.08632744652001516,0.10083817100081237,0.10000317487241624,0.1250290870666504,0.003986606747269509,0.0039864077466589265,0.06605744361877441,1.2740341386857607e-19
0.08685025428798783,0.08632680308183353,0.10083846616912034,0.10000317875807907,0.1257796287536621,0.003986407750649149,0.003986208759698684,0.06625843048095703,1.2740487330513959e-19
0.08685017374609506,0.08632615966400514,0.10083876131954254,0.10000318264355632,0.12572693824768066,0.003986208763977422,0.003986009782508404,0.06625986099243164,1.2740633215063504e-19
0.0868500932076658,0.086325516266531,0.10083905645208041,0.10000318652884797,0.12614893913269043,0.003986009787255194,0.003985810816153901,0.06675076484680176,1.2740779102364558e-19
0.08685001267269983,0.08632487288941224,0.10083935156673543,0.10000319041395404,0.12653899192810059,0.0039858108204791605,0.003985611859746996,0.06674408912658691,1.2740925094474515e-19
0.08684993214119698,0.08632422953264958,0.10083964666350904,0.10000319429887454,0.1261141300201416,0.003985611863649865,0.003985412912044239,0.06703686714172363,1.2741070954551827e-19
0.08684985161315706,0.08632358619624426,0.10083994174240271,0.10000319818360946,0.12661170959472656,0.003985412916767902,0.003985213975532531,0.06742978096008301,1.2741216875051943e-19
0.08684977108857989,0.08632294288019735,0.10084023680341789,0.10000320206815883,0.12653493881225586,0.003985213979831993,0.003985015048080243,0.0675663948059082,1.2741362707764607e-19
0.08684969056746528,0.08632229958450971,0.10084053184655604,0.10000320595252263,0.1260817050933838,0.003985015052842042,0.003984816131463731,0.06768083572387695,1.274150863911539e-19
0.08684961004981304,0.08632165630918232,0.10084082687181861,0.10000320983670086,0.12671661376953125,0.003984816135796502,0.0039846172242619105,0.06804776191711426,1.2741654433634597e-19
0.08684952953562299,0.08632101305421637,0.10084112187920706,0.10000321372069353,0.1257486343383789,0.003984617228695272,0.003984418327007688,0.06789350509643555,1.2741800384067711e-19
0.08684944902489493,0.08632036981961272,0.10084141686872283,0.10000321760450065,0.1258394718170166,0.003984418331539162,0.0039842194398787,0.06788420677185059,1.2741946192326217e-19
0.08684936851762869,0.08631972660537243,0.1008417118403674,0.10000322148812221,0.12555646896362305,0.003984219444325619,0.003984020562874946,0.06791329383850098,1.274209210046007e-19
0.08684928801382408,0.08631908341149662,0.10084200679414218,0.10000322537155822,0.12563729286193848,0.003984020567054879,0.003983821695108247,0.06786394119262695,1.2742237954615896e-19
0.08684920751348091,0.08631844023798628,0.10084230173004868,0.10000322925480867,0.12459230422973633,0.003983821699727437,0.003983622837822054,0.06774616241455078,1.2742383759787653e-19
0.08684912701659898,0.08631779708484225,0.10084259664808834,0.10000323313787358,0.12582159042358398,0.003983622842342052,0.003983423990483459,0.06791234016418457,1.274252958731008e-19
0.08684904652317813,0.0863171539520656,0.1008428915482626,0.10000323702075295,0.1247711181640625,0.003983423994897629,0.003983225153270098,0.06801247596740723,1.2742675429396477e-19
0.08684896603321816,0.08631651083965707,0.10084318643057291,0.10000324090344677,0.12491869926452637,0.003983225157393272,0.003983026325649064,0.06776785850524902,1.2742821249365344e-19
0.08684888554671889,0.08631586774761799,0.10084348129502076,0.10000324478595507,0.12550973892211914,0.003983026329829854,0.0039828275077979924,0.06798768043518066,1.2742967074060668e-19
0.0868488050636801,0.08631522467594933,0.10084377614160757,0.10000324866827784,0.1249237060546875,0.003982827512207603,0.003982628700605062,0.06809377670288086,1.274311290398904e-19
0.08684872458410164,0.086314581624652,0.10084407097033482,0.10000325255041508,0.12457966804504395,0.003982628704523562,0.003982429902649187,0.06789779663085938,1.2743258735587117e-19
0.08684864410798332,0.08631393859372705,0.10084436578120395,0.10000325643236678,0.12484192848205566,0.003982429906779364,0.003982231114463275,0.06813502311706543,1.274340447046631e-19
0.08684856363532494,0.08631329558317533,0.10084466057421641,0.10000326031413297,0.1248023509979248,0.0039822311189738405,0.003982032337113139,0.06809568405151367,1.2743550343571604e-19
0.0868484831661263,0.08631265259299796,0.10084495534937367,0.10000326419571363,0.12473654747009277,0.003982032341105716,0.0039818335690000595,0.06796050071716309,1.2743696079480582e-19
0.08684840270038724,0.0863120096231959,0.10084525010667716,0.10000326807710878,0.12424182891845703,0.003981833573175509,0.003981634811189849,0.06796431541442871,1.274384187511991e-19
0.08684832223810757,0.08631136667377035,0.10084554484612836,0.10000327195831842,0.12425613403320312,0.003981634815182437,0.00398143606279433,0.06785869598388672,1.2743987688922266e-19
0.08684824177928709,0.08631072374472218,0.10084583956772869,0.10000327583934254,0.12449312210083008,0.0039814360671256875,0.003981237324701681,0.06791281700134277,1.274413342773885e-19
0.08684816132392564,0.08631008083605238,0.10084613427147962,0.10000327972018117,0.12423491477966309,0.003981237329004764,0.003981038596734265,0.06808090209960938,1.2744279184648418e-19
0.086848080872023,0.08630943794776212,0.10084642895738262,0.10000328360083427,0.12338614463806152,0.003981038600818751,0.003980839878359177,0.06799077987670898,1.2744424945358284e-19
0.08684800042357901,0.08630879507985231,0.10084672362543913,0.10000328748130188,0.1234433650970459,0.003980839882568519,0.0039806411695764155,0.06768536567687988,1.2744570751585444e-19
0.08684791997859348,0.08630815223232408,0.1008470182756506,0.10000329136158399,0.12302422523498535,0.003980641174253672,0.003980442471451795,0.06785869598388672,1.2744716526979857e-19
0.08684783953706621,0.0863075094051782,0.10084731290801846,0.10000329524168061,0.1233057975769043,0.003980442475871916,0.0039802437834524085,0.06779909133911133,1.2744862232541697e-19
0.08684775909899703,0.08630686659841584,0.1008476075225442,0.10000329912159173,0.1230471134185791,0.0039802437874230595,0.003980045105045349,0.06809663772583008,1.2745008025812335e-19
0.08684767866438574,0.08630622381203773,0.10084790211922924,0.10000330300131735,0.12319350242614746,0.003980045108907338,0.003979846435875345,0.06787872314453125,1.2745153732647746e-19
0.08684759823323214,0.08630558104604479,0.10084819669807504,0.1000033068808575,0.12267923355102539,0.0039798464403256115,0.003979647777541118,0.06787419319152832,1.2745299408905476e-19
0.08684751780553605,0.08630493830043824,0.10084849125908306,0.10000331076021216,0.1232442855834961,0.003979647781674995,0.003979449128443946,0.0681154727935791,1.274544512399221e-19
0.0868474373812973,0.08630429557521907,0.10084878580225476,0.10000331463938134,0.12229204177856445,0.003979449132956084,0.003979250489649644,0.06787681579589844,1.2745590936493046e-19
0.0868473569605157,0.08630365287038823,0.10084908032759159,0.10000331851836504,0.12166500091552734,0.003979250494168261,0.003979051860980576,0.06798124313354492,1.2745736609600643e-19
0.08684727654319105,0.08630301018594672,0.10084937483509498,0.10000332239716327,0.12171244621276855,0.00397905186531073,0.00397885324208147,0.06770873069763184,1.2745882269849995e-19
0.08684719612932318,0.08630236752189559,0.1008496693247664,0.10000332627577603,0.12186908721923828,0.003978853246383376,0.003978654632774692,0.06774687767028809,1.2746027981133941e-19
0.0868471157189119,0.08630172487823587,0.1008499637966073,0.10000333015420332,0.12202596664428711,0.003978654637386021,0.003978456033770783,0.06781911849975586,1.2746173749457608e-19
0.08684703531195702,0.0863010822549685,0.10085025825061912,0.10000333403244514,0.12198877334594727,0.003978456038318136,0.003978257444892108,0.06779909133911133,1.274631941057438e-19
0.08684695490845835,0.08630043965209454,0.1008505526868033,0.1000033379105015,0.12120556831359863,0.003978257449177888,0.003978058865783396,0.06749200820922852,1.274646508229036e-19
0.08684687450841572,0.08629979706961496,0.10085084710516132,0.10000334178837242,0.12158584594726562,0.003978058869965432,0.003977860296444646,0.06693649291992188,1.2746610782653988e-19
0.08684679411182894,0.0862991545075307,0.10085114150569463,0.10000334566605786,0.1214900016784668,0.00397786030067997,0.003977661736875859,0.06652998924255371,1.2746756445088416e-19
0.08684671371869782,0.08629851196584283,0.10085143588840469,0.10000334954355786,0.1217491626739502,0.003977661741322997,0.003977463187965213,0.06714177131652832,1.2746902109310283e-19
0.08684663332902216,0.08629786944455216,0.10085173025329293,0.1000033534208724,0.12086105346679688,0.003977463191891295,0.003977264647936352,0.06559324264526367,1.2747047775309966e-19
0.08684655294280179,0.08629722694365985,0.10085202460036079,0.1000033572980015,0.12163639068603516,0.003977264652386484,0.003977066118387995,0.06556558609008789,1.2747193418864606e-19
0.08684647256003653,0.0862965844631669,0.10085231892960972,0.10000336117494517,0.12226557731628418,0.003977066122805966,0.003976867598964873,0.06510448455810547,1.2747339066513405e-19
0.08684639218072616,0.08629594200307432,0.1008526132410412,0.10000336505170339,0.1229090690612793,0.003976867603150623,0.003976669089311713,0.06511211395263672,1.2747484661510085e-19
0.08684631180487053,0.08629529956338305,0.10085290753465663,0.10000336892827617,0.12389278411865234,0.003976669093420259,0.00397647058925088,0.06509542465209961,1.2747630353200871e-19
0.08684623143246943,0.08629465714409407,0.1008532018104575,0.10000337280466352,0.12518310546875,0.003976470593614725,0.0039762720996705525,0.06582951545715332,1.2747775978271368e-19
0.08684615106352267,0.08629401474520834,0.10085349606844524,0.10000337668086544,0.12508177757263184,0.003976272103731849,0.003976073619504916,0.06609153747558594,1.274792157789709e-19
0.08684607069803009,0.08629337236672693,0.1008537903086213,0.10000338055688193,0.12508296966552734,0.003976073623773162,0.003975875149286878,0.06639933586120605,1.2748067319443955e-19
0.08684599033599148,0.08629273000865083,0.10085408453098711,0.100003384432713,0.12347769737243652,0.003975875153737174,0.00397567668937171,0.06534528732299805,1.2748212874398167e-19
0.08684590997740667,0.08629208767098104,0.10085437873554416,0.10000338830835866,0.12396478652954102,0.003975676693622652,0.003975478239226504,0.06560587882995605,1.2748358443207614e-19
0.08684582962227545,0.08629144535371837,0.1008546729222939,0.10000339218381889,0.12492918968200684,0.003975478243429489,0.0039752797992065325,0.06603717803955078,1.2748504058228348e-19
0.08684574927059766,0.08629080305686405,0.10085496709123776,0.1000033960590937,0.12310910224914551,0.003975279803157155,0.003975081368601252,0.06603312492370605,1.2748649658872185e-19
0.0868456689223731,0.0862901607804191,0.10085526124237719,0.1000033999341831,0.12467384338378906,0.003975081372805501,0.003974882947765934,0.06638765335083008,1.2748795253997264e-19
0.08684558857760158,0.08628951852438431,0.10085555537571363,0.1000034038090871,0.12467551231384277,0.0039748829523750485,0.003974684537766393,0.06653976440429688,1.2748940848003738e-19
0.08684550823628291,0.08628887628876103,0.10085584949124851,0.10000340768380568,0.12452363967895508,0.003974684541862936,0.003974486137359179,0.06692910194396973,1.2749086429619215e-19
0.08684542789841693,0.08628823407354996,0.1008561435889833,0.10000341155833888,0.12493562698364258,0.003974486141270328,0.00397428774618902,0.0675349235534668,1.274923199550706e-19
0.08684534756400344,0.08628759187875222,0.10085643766891945,0.10000341543268666,0.12427926063537598,0.003974287750597101,0.003974089365677003,0.06685948371887207,1.274937757698128e-19
0.08684526723304226,0.08628694970436884,0.10085673173105843,0.10000341930684906,0.12378931045532227,0.003974089369840715,0.003973890994579676,0.06664490699768066,1.2749523130830043e-19
0.08684518690553318,0.08628630755040072,0.10085702577540165,0.10000342318082606,0.12352895736694336,0.003973890999002067,0.003973692633429948,0.06664466857910156,1.2749668731751573e-19
0.08684510658147605,0.08628566541684893,0.10085731980195058,0.10000342705461766,0.12373089790344238,0.00397369263808194,0.003973494282938361,0.06706476211547852,1.2749814238288007e-19
0.08684502626087065,0.08628502330371435,0.10085761381070667,0.10000343092822388,0.12330055236816406,0.003973494287076486,0.00397329594168383,0.0668187141418457,1.2749959746831872e-19
0.0868449459437168,0.08628438121099802,0.10085790780167134,0.10000343480164471,0.12387967109680176,0.003973295945987222,0.003973097610554532,0.06701087951660156,1.275010534510774e-19
0.08684486563001433,0.08628373913870103,0.10085820177484606,0.10000343867488015,0.12376117706298828,0.003973097614813622,0.003972899289372833,0.06652426719665527,1.2750250862103078e-19
0.08684478531976303,0.08628309708682416,0.10085849573023227,0.10000344254793023,0.12315082550048828,0.00397289929355595,0.003972700977605825,0.06636166572570801,1.2750396445037742e-19
0.08684470501296275,0.08628245505536866,0.1008587896678314,0.10000344642079492,0.1227426528930664,0.003972700982213337,0.003972502676496958,0.06607794761657715,1.2750541915461227e-19
0.08684462470961328,0.0862818130443355,0.10085908358764493,0.10000345029347424,0.12061715126037598,0.003972502680784549,0.0039723043849804185,0.06506204605102539,1.2750687464590474e-19
0.08684454440971442,0.0862811710537257,0.10085937748967429,0.1000034541659682,0.12028050422668457,0.003972304389268807,0.003972106103233841,0.06689929962158203,1.2750832998942763e-19
0.08684446411326602,0.08628052908354002,0.1008596713739209,0.1000034580382768,0.12134647369384766,0.003972106107665967,0.003971907831612498,0.06607246398925781,1.2750978459782677e-19
0.08684438382026786,0.08627988713377967,0.10085996524038622,0.10000346191040002,0.12178277969360352,0.003971907835976831,0.003971709569405846,0.06647491455078125,1.2751123949410013e-19
0.0868443035307198,0.08627924520444552,0.1008602590890717,0.10000346578233789,0.12120485305786133,0.0039717095742005815,0.00397151131803497,0.06599235534667969,1.275126948544971e-19
0.08684422324462161,0.08627860329553885,0.10086055291997878,0.1000034696540904,0.11918306350708008,0.003971511322335049,0.003971313076256422,0.06495094299316406,1.2751414967033753e-19
0.08684414296197311,0.0862779614070604,0.10086084673310891,0.10000347352565757,0.11875534057617188,0.0039713130803797556,0.003971114843892565,0.06532168388366699,1.2751560432095385e-19
0.08684406268277413,0.08627731953901105,0.10086114052846355,0.10000347739703938,0.11826086044311523,0.003971114848336482,0.003970916622186849,0.06516265869140625,1.2751705884181865e-19
0.08684398240702446,0.08627667769139191,0.10086143430604412,0.10000348126823584,0.11838102340698242,0.0039709166262020985,0.003970718409540552,0.06544661521911621,1.275185140536118e-19
0.08684390213472393,0.08627603586420415,0.10086172806585207,0.10000348513924696,0.11881661415100098,0.003970718413977863,0.003970520207197126,0.06563282012939453,1.2751996855776708e-19
0.08684382186587236,0.08627539405744843,0.10086202180788885,0.10000348901007275,0.11824536323547363,0.003970520211663488,0.0039703220153342045,0.06573486328125,1.275214228969681e-19
0.08684374160046957,0.08627475227112599,0.10086231553215591,0.1000034928807132,0.11818122863769531,0.003970322019255484,0.00397012383306361,0.06577920913696289,1.2752287777338062e-19
0.08684366133851536,0.08627411050523777,0.1008626092386547,0.10000349675116832,0.1199641227722168,0.003970123836755712,0.003969925659852436,0.06593179702758789,1.2752433225354665e-19
0.08684358108000956,0.08627346875978488,0.10086290292738664,0.1000035006214381,0.11833930015563965,0.0039699256641653425,0.003969727497121767,0.06621384620666504,1.2752578663260177e-19
0.08684350082495196,0.08627282703476813,0.10086319659835319,0.10000350449152257,0.11908173561096191,0.003969727501481638,0.003969529344693967,0.06505608558654785,1.275272408613313e-19
0.08684342057334239,0.08627218533018859,0.1008634902515558,0.1000035083614217,0.11893510818481445,0.003969529348704302,0.003969331201680859,0.06585526466369629,1.2752869512837853e-19
0.08684334032518067,0.08627154364604724,0.1008637838869959,0.10000351223113552,0.1194159984588623,0.003969331205833239,0.0039691330684377135,0.06614995002746582,1.2753014976843748e-19
0.0868432600804666,0.08627090198234504,0.10086407750467495,0.100003516100664,0.11787247657775879,0.003969133072867911,0.003968934945497438,0.06502819061279297,1.2753160432122698e-19
0.0868431798392,0.08627026033908287,0.10086437110459437,0.10000351997000718,0.11969161033630371,0.003968934949807837,0.00396873683250476,0.0669107437133789,1.275330583692577e-19
0.08684309960138067,0.08626961871626196,0.10086466468675562,0.10000352383916505,0.11833524703979492,0.003968736836651521,0.003968538729104409,0.06529378890991211,1.2753451240138057e-19
0.08684301936700846,0.08626897711388311,0.10086495825116014,0.10000352770813761,0.11871576309204102,0.0039685387334005146,0.003968340635296386,0.0657660961151123,1.2753596621558434e-19
0.08684293913608314,0.08626833553194727,0.10086525179780936,0.10000353157692488,0.11778092384338379,0.003968340640053249,0.003968142551791232,0.06503772735595703,1.2753742015038224e-19
0.08684285890860455,0.0862676939704553,0.10086554532670472,0.10000353544552683,0.12029051780700684,0.003968142556609583,0.003967944478766583,0.06578683853149414,1.2753887398838605e-19
0.0868427786845725,0.08626705242940845,0.10086583883784767,0.10000353931394347,0.11938858032226562,0.0039679444830687015,0.003967746415334261,0.06547307968139648,1.2754032744723665e-19
0.08684269846398682,0.08626641090880759,0.10086613233123966,0.10000354318217482,0.11955809593200684,0.003967746419429681,0.003967548361316631,0.06500530242919922,1.2754178141670993e-19
0.0868426182468473,0.0862657694086538,0.10086642580688213,0.10000354705022088,0.11914396286010742,0.003967548365692169,0.003967350317424234,0.06545066833496094,1.275432356353819e-19
0.08684253803315378,0.08626512792894803,0.10086671926477651,0.10000355091808166,0.11898541450500488,0.00396735032185626,0.003967152283834707,0.06549906730651855,1.2754468881461924e-19
0.08684245782290605,0.0862644864696914,0.10086701270492426,0.10000355478575715,0.11762762069702148,0.003967152287919472,0.0039669542593046,0.06463932991027832,1.2754614303499564e-19
0.08684237761610394,0.08626384503088466,0.10086730612732682,0.10000355865324735,0.11824607849121094,0.003966954263884326,0.003966756245787906,0.06483101844787598,1.2754759662273785e-19
0.08684229741274727,0.08626320361252894,0.10086759953198562,0.10000356252055227,0.11907601356506348,0.003966756249748274,0.003966558241330631,0.06580662727355957,1.2754904963269675e-19
0.08684221721283583,0.08626256221462514,0.10086789291890211,0.10000356638767191,0.11797070503234863,0.00396655824551085,0.003966360247176226,0.06539702415466309,1.2755050348379804e-19
0.08684213701636946,0.08626192083717428,0.10086818628807773,0.10000357025460628,0.12161445617675781,0.003966360251171568,0.003966162262436512,0.06580805778503418,1.2755195679726036e-19
0.08684205682334796,0.08626127948017746,0.10086847963951391,0.10000357412135538,0.12173128128051758,0.003966162266730932,0.003965964288177304,0.06568574905395508,1.2755341009455257e-19
0.08684197663377115,0.08626063814363553,0.1008687729732121,0.10000357798791921,0.11899900436401367,0.003965964292187393,0.003965766323510422,0.0653834342956543,1.2755486319126262e-19
0.08684189644763882,0.0862599968275496,0.10086906628917375,0.10000358185429778,0.12041687965393066,0.003965766327542219,0.003965568368435868,0.06497836112976074,1.275563170441558e-19
0.08684181626495081,0.08625935553192067,0.10086935958740026,0.10000358572049109,0.11994600296020508,0.003965568372793847,0.003965370423841819,0.0668940544128418,1.2755777039495846e-19
0.08684173608570694,0.08625871425674975,0.10086965286789311,0.10000358958649914,0.1205894947052002,0.003965370427941112,0.003965172488840096,0.0669550895690918,1.2755922301276344e-19
0.08684165590990701,0.0862580730020377,0.10086994613065371,0.10000359345232193,0.11740708351135254,0.003965172492984147,0.003964974563430701,0.06504154205322266,1.275606757119787e-19
0.08684157573755084,0.08625743176778572,0.10087023937568353,0.10000359731795948,0.11846017837524414,0.003964974567923259,0.003964776648501811,0.06517195701599121,1.2756212938896306e-19
0.08684149556863825,0.08625679055399467,0.100870532602984,0.10000360118341177,0.1188957691192627,0.003964776652757806,0.003964578743165248,0.06563162803649902,1.2756358180022307e-19
0.08684141540316906,0.08625614936066578,0.10087082581255656,0.1000036050486788,0.1177206039428711,0.0039645787474853564,0.003964380847243376,0.06535696983337402,1.275650348256424e-19
0.08684133524114306,0.08625550818779981,0.10087111900440267,0.1000036089137606,0.11778926849365234,0.0039643808521091,0.003964182962334917,0.06541323661804199,1.2756648801089486e-19
0.08684125508256009,0.08625486703539766,0.10087141217852373,0.10000361277865717,0.11768269538879395,0.003964182966624143,0.003963985087018784,0.0652616024017334,1.275679403977945e-19
0.08684117492741995,0.08625422590346031,0.10087170533492121,0.1000036166433685,0.11867642402648926,0.003963985091031643,0.003963787220762072,0.06583952903747559,1.2756939339927952e-19
0.08684109477572245,0.08625358479198877,0.10087199847359654,0.10000362050789459,0.11813163757324219,0.0039637872253322085,0.003963589365696407,0.06591510772705078,1.2757084611883124e-19
0.08684101462746743,0.08625294370098426,0.10087229159455116,0.10000362437223545,0.1194150447845459,0.003963589369522908,0.003963391519512527,0.06512904167175293,1.2757229865053489e-19
0.08684093448265469,0.08625230263044754,0.10087258469778651,0.10000362823639108,0.1186983585357666,0.0039633915236056624,0.003963193682743338,0.06675505638122559,1.2757375112949155e-19
0.08684085434128405,0.08625166158037967,0.10087287778330402,0.10000363210036149,0.11897420883178711,0.003963193687580955,0.003962995856987561,0.06658315658569336,1.275752032264482e-19
0.08684077420335531,0.08625102055078147,0.10087317085110512,0.10000363596414667,0.11849164962768555,0.003962995861445913,0.003962798041179383,0.06593751907348633,1.2757665598509494e-19
0.0868406940688683,0.08625037954165432,0.10087346390119124,0.10000363982774664,0.1189427375793457,0.003962798045199368,0.003962600234963531,0.0664973258972168,1.275781083416221e-19
0.08684061393782283,0.0862497385529988,0.10087375693356386,0.10000364369116138,0.11863851547241211,0.003962600238841472,0.0039624024378071,0.06533050537109375,1.2757956102209489e-19
0.08684053381021871,0.0862490975848161,0.10087404994822438,0.10000364755439091,0.1174156665802002,0.003962402442373564,0.003962204651664081,0.06587386131286621,1.2758101355790594e-19
0.08684045368605575,0.08624845663710723,0.10087434294517426,0.10000365141743522,0.1180107593536377,0.00396220465579431,0.003962006874935753,0.06548953056335449,1.275824657089759e-19
0.08684037356533379,0.08624781570987332,0.10087463592441495,0.10000365528029434,0.11621928215026855,0.003962006879102302,0.003961809107799752,0.06453514099121094,1.2758391742312817e-19
0.08684029344805262,0.08624717480311518,0.10087492888594786,0.10000365914296826,0.11701488494873047,0.003961809112297689,0.003961611350788985,0.0648045539855957,1.2758536958809931e-19
0.08684021333421206,0.08624653391683376,0.10087522182977444,0.10000366300545697,0.11749935150146484,0.003961611355381246,0.003961413604258723,0.06476831436157227,1.2758682159507357e-19
0.08684013322381193,0.08624589305103009,0.10087551475589612,0.1000036668677605,0.1170952320098877,0.003961413608348849,0.003961215866787882,0.06438422203063965,1.2758827358977626e-19
0.08684005311685206,0.08624525220570518,0.10087580766431434,0.10000367072987883,0.11763381958007812,0.003961215871203701,0.003961018139975181,0.0638577938079834,1.2758972585162209e-19
0.08683997301333224,0.08624461138086005,0.10087610055503053,0.10000367459181196,0.11807084083557129,0.003961018143943587,0.003960820422399536,0.06488180160522461,1.2759117738004698e-19
0.08683989291325228,0.08624397057649552,0.10087639342804613,0.10000367845355991,0.11710190773010254,0.003960820426567365,0.003960622715304396,0.06387114524841309,1.2759262932021128e-19
0.08683981281661202,0.08624332979261241,0.10087668628336258,0.10000368231512267,0.11758661270141602,0.0039606227190752095,0.003960425017268676,0.06449389457702637,1.2759408101392407e-19
0.08683973272341126,0.08624268902921187,0.1008769791209813,0.10000368617650027,0.11726212501525879,0.003960425021468271,0.00396022732935819,0.06321358680725098,1.275955327909488e-19
0.08683965263364982,0.08624204828629485,0.10087727194090376,0.10000369003769267,0.12061190605163574,0.003960227333744124,0.003960029652283481,0.06307482719421387,1.2759698419689532e-19
0.0868395725473275,0.08624140756386231,0.10087756474313136,0.10000369389869991,0.12162971496582031,0.003960029655901495,0.003959831984090556,0.06364989280700684,1.2759843567192053e-19
0.08683949246444414,0.0862407668619154,0.10087785752766557,0.10000369775952198,0.12059950828552246,0.003959831987941317,0.003959634326200501,0.06333684921264648,1.2759988767352108e-19
0.08683941238499955,0.08624012618045511,0.1008781502945078,0.10000370162015888,0.12124252319335938,0.003959634329862753,0.003959436677725137,0.06403207778930664,1.276013393880925e-19
0.08683933230899353,0.08623948551948252,0.1008784430436595,0.10000370548061062,0.12048172950744629,0.003959436681665624,0.0039592390393750065,0.06479597091674805,1.2760279029262894e-19
0.08683925223642591,0.08623884487899836,0.10087873577512212,0.10000370934087718,0.1229104995727539,0.003959239043351045,0.003959041410972475,0.06550359725952148,1.276042415454035e-19
0.0868391721672965,0.08623820425900366,0.10087902848889707,0.1000037132009586,0.12180614471435547,0.003959041414916225,0.003958843792517541,0.06484460830688477,1.276056930967175e-19
0.08683909210160512,0.08623756365949956,0.1008793211849858,0.10000371706085487,0.12068843841552734,0.0039588437963610276,0.003958646182944392,0.06565451622009277,1.2760714446481318e-19
0.08683901203935157,0.08623692308048693,0.10087961386338974,0.10000372092056599,0.12161922454833984,0.003958646187687336,0.003958448584384655,0.06572175025939941,1.2760859539934182e-19
0.08683893198053569,0.08623628252196655,0.10087990652411032,0.10000372478009195,0.12109851837158203,0.003958448588891869,0.0039582509957725165,0.06551671028137207,1.2761004646800796e-19
0.08683885192515728,0.0862356419839396,0.10088019916714897,0.10000372863943276,0.12080192565917969,0.003958250999973218,0.003958053416575069,0.06624579429626465,1.2761149802680583e-19
0.08683877187321615,0.08623500146640739,0.10088049179250712,0.10000373249858843,0.12076449394226074,0.003958053420933185,0.003957855847502856,0.06621575355529785,1.2761294832583358e-19
0.08683869182471213,0.08623436096937069,0.10088078440018622,0.10000373635755896,0.1371936798095703,0.003957855851770954,0.003957658288555876,0.07653021812438965,1.2761440011670507e-19
0.08683861177964504,0.08623372049283037,0.1008810769901877,0.10000374021634435,0.12814640998840332,0.003957658292484949,0.003957460738490681,0.07127046585083008,1.2761585009969821e-19
0.08683853173801469,0.08623308003678744,0.10088136956251298,0.10000374407494461,0.11692929267883301,0.003957460743076148,0.0039572631994388985,0.06570887565612793,1.2761730169397635e-19
0.08683845169982086,0.08623243960124272,0.1008816621171635,0.10000374793335974,0.11843395233154297,0.003957263203542306,0.003957065669091264,0.06677722930908203,1.2761875168533336e-19
0.08683837166506339,0.0862317991861973,0.10088195465414068,0.10000375179158974,0.11734819412231445,0.003957065673884975,0.003956868149934678,0.06590628623962402,1.276202032161396e-19
0.08683829163374211,0.08623115879165204,0.10088224717344597,0.10000375564963462,0.11815667152404785,0.003956868154101884,0.0039566706400151475,0.06595253944396973,1.2762165372027787e-19
0.08683821160585681,0.08623051841760818,0.10088253967508083,0.10000375950749438,0.11805319786071777,0.003956670644193331,0.0039564731398655795,0.06646871566772461,1.2762310428310692e-19
0.08683813158140731,0.08622987806406646,0.10088283215904667,0.10000376336516902,0.11832737922668457,0.003956473144158091,0.003956275650551788,0.06574034690856934,1.2762455485505433e-19
0.08683805156039345,0.08622923773102797,0.10088312462534495,0.10000376722265854,0.12015342712402344,0.003956275653994946,0.003956078169053967,0.06619596481323242,1.2762600475423426e-19
0.08683797154281503,0.08622859741849373,0.10088341707397706,0.10000377107996294,0.12153744697570801,0.00395607817370792,0.00395588069892483,0.0667417049407959,1.276274559750287e-19
0.08683789152867184,0.08622795712646456,0.10088370950494446,0.10000377493708225,0.1192781925201416,0.0039558807032920185,0.003955683238032748,0.06687474250793457,1.2762890624819653e-19
0.08683781151796374,0.08622731685494157,0.10088400191824858,0.10000377879401645,0.11886954307556152,0.003955683242749193,0.003955485787798807,0.06706595420837402,1.2763035602180493e-19
0.08683773151069052,0.08622667660392563,0.10088429431389083,0.10000378265076554,0.11934590339660645,0.003955485792076811,0.003955288347334829,0.06668448448181152,1.2763180687591704e-19
0.08683765150685199,0.08622603637341766,0.10088458669187268,0.10000378650732954,0.11914300918579102,0.003955288351273777,0.003955090916107906,0.06678175926208496,1.2763325737381929e-19
0.086837571506448,0.0862253961634188,0.10088487905219554,0.10000379036370843,0.11915135383605957,0.003955090920342584,0.0039548934950062176,0.06686186790466309,1.276347067539707e-19
0.08683749150947832,0.08622475597393015,0.10088517139486082,0.10000379421990223,0.11884117126464844,0.003954893499281143,0.003954696083852127,0.06637454032897949,1.2763615699338163e-19
0.0868374115159428,0.08622411580495266,0.10088546371986999,0.10000379807591095,0.11867237091064453,0.003954696088089568,0.0039544986824679995,0.06581473350524902,1.2763760712973954e-19
0.08683733152584124,0.0862234756564872,0.10088575602722445,0.10000380193173457,0.11899042129516602,0.003954498686766658,0.0039543012913867415,0.06549382209777832,1.2763905719817869e-19
0.08683725153917346,0.08622283552853474,0.10088604831692566,0.10000380578737313,0.11949467658996582,0.0039543012953122585,0.003954103909364903,0.06678128242492676,1.276405073325398e-19
0.08683717155593927,0.08622219542109631,0.10088634058897503,0.10000380964282658,0.12056660652160645,0.003954103913725631,0.003953906537645935,0.06703829765319824,1.2764195703264017e-19
0.08683709157613849,0.08622155533417301,0.10088663284337399,0.10000381349809498,0.11907315254211426,0.003953906542007234,0.0039537091760522,0.06600093841552734,1.2764340697217512e-19
0.08683701159977093,0.08622091526776558,0.10088692508012397,0.1000038173531783,0.11826252937316895,0.003953709180155513,0.003953511823873157,0.06612062454223633,1.2764485704196078e-19
0.08683693162683642,0.08622027522187531,0.10088721729922642,0.10000382120807655,0.11907839775085449,0.003953511828170043,0.003953314481996983,0.06523489952087402,1.2764630628831834e-19
0.08683685165733476,0.08621963519650293,0.10088750950068277,0.10000382506278972,0.11840009689331055,0.0039533144860496375,0.003953117149357865,0.06649065017700195,1.2764775598463865e-19
0.08683677169126577,0.08621899519164955,0.10088780168449445,0.10000382891731785,0.11898970603942871,0.003953117153796458,0.003952919826843981,0.06625628471374512,1.2764920594308445e-19
0.08683669172862928,0.0862183552073162,0.10088809385066287,0.10000383277166092,0.11704707145690918,0.003952919831407393,0.003952722514455331,0.06519651412963867,1.276506552201393e-19
0.08683661176942509,0.08621771524350386,0.10088838599918948,0.10000383662581891,0.11661553382873535,0.003952722518883556,0.003952525211659008,0.06507682800292969,1.2765210420179738e-19
0.086836531813653,0.08621707530021346,0.1008886781300757,0.10000384047979184,0.11673784255981445,0.003952525216223433,0.00395232791934319,0.06544685363769531,1.27653554034387e-19
0.08683645186131285,0.08621643537744589,0.10088897024332297,0.10000384433357973,0.11689043045043945,0.003952327923426573,0.0039521306366196995,0.06528759002685547,1.2765500297197895e-19
0.08683637191240445,0.08621579547520201,0.10088926233893271,0.10000384818718257,0.1168677806854248,0.003952130640492165,0.003951933363488536,0.06470894813537598,1.2765645242624604e-19
0.08683629196692762,0.0862151555934828,0.10088955441690636,0.10000385204060036,0.11698579788208008,0.003951933367420652,0.003951736099416792,0.06515192985534668,1.276579022243786e-19
0.08683621202488216,0.0862145157322895,0.10088984647724535,0.10000385589383311,0.11546468734741211,0.00395173610421233,0.003951538846713731,0.06412768363952637,1.2765935132432197e-19
0.0868361320862679,0.08621387589162305,0.10089013851995109,0.10000385974688084,0.11728072166442871,0.003951538850864199,0.003951341603425362,0.06560444831848145,1.2766080036970562e-19
0.08683605215108466,0.08621323607148418,0.10089043054502501,0.10000386359974352,0.11601877212524414,0.003951341607377495,0.003951144369551685,0.06403994560241699,1.2766224965303675e-19
0.08683597221933224,0.086212596271874,0.10089072255246856,0.10000386745242117,0.1162872314453125,0.003951144373750467,0.003950947145625605,0.06450700759887695,1.2766369822717002e-19
0.08683589229101048,0.0862119564927935,0.10089101454228315,0.10000387130491378,0.11553430557250977,0.0039509471499846,0.003950749931647124,0.06398367881774902,1.27665147103942e-19
0.08683581236611917,0.0862113167342436,0.10089130651447022,0.10000387515722138,0.11615180969238281,0.003950749936078008,0.003950552727616241,0.06359124183654785,1.2766659609762202e-19
0.08683573244465814,0.08621067699622549,0.10089159846903119,0.10000387900934396,0.11746859550476074,0.0039505527320311965,0.003950355533710592,0.06365537643432617,1.2766804518603836e-19
0.0868356525266272,0.08621003727873995,0.10089189040596751,0.10000388286128152,0.11818599700927734,0.003950355537842363,0.003950158349219635,0.06277894973754883,1.2766949341655363e-19
0.08683557261202617,0.08620939758178801,0.10089218232528059,0.10000388671303406,0.12019801139831543,0.003950158353512053,0.003949961174676275,0.06322264671325684,1.276709424936128e-19
0.08683549270085485,0.08620875790537054,0.10089247422697188,0.10000389056460159,0.12088394165039062,0.0039499611790393616,0.00394976401025815,0.06331849098205566,1.2767239130485828e-19
0.08683541279311309,0.08620811824948846,0.10089276611104278,0.1000038944159841,0.12086701393127441,0.003949764014423147,0.0039495668554323515,0.06385064125061035,1.2767384060688884e-19
0.08683533288880067,0.08620747861414295,0.10089305797749472,0.10000389826718162,0.1216728687286377,0.003949566859663925,0.003949369710554151,0.06467461585998535,1.2767528827797e-19
0.08683525298791742,0.0862068389993349,0.10089334982632915,0.10000390211819413,0.12113237380981445,0.003949369714760884,0.00394917257562355,0.06509113311767578,1.2767673704749702e-19
0.08683517309046314,0.08620619940506545,0.10089364165754748,0.10000390596902163,0.12171459197998047,0.003949172579713507,0.003948975450285275,0.0654304027557373,1.2767818538911716e-19
0.08683509319643767,0.0862055598313354,0.10089393347115114,0.10000390981966414,0.1217048168182373,0.003948975454521018,0.0039487783352498695,0.06576061248779297,1.2767963352654035e-19
0.08683501330584083,0.08620492027814584,0.10089422526714155,0.10000391367012165,0.12099981307983398,0.00394877833918284,0.003948581229806791,0.06563878059387207,1.2768108200783469e-19
0.08683493341867242,0.0862042807454977,0.10089451704552013,0.10000391752039417,0.12182927131652832,0.003948581233698142,0.003948384133245497,0.06558394432067871,1.2768253055298364e-19
0.08683485353493227,0.08620364123339179,0.10089480880628833,0.10000392137048171,0.12235093116760254,0.003948384138069291,0.0039481870476976155,0.06531596183776855,1.2768397904116128e-19
0.08683477365462018,0.08620300174182922,0.10089510054944754,0.10000392522038426,0.12208890914916992,0.003948187052293565,0.0039479899724526035,0.06690263748168945,1.2768542699298185e-19
0.08683469377773596,0.0862023622708111,0.10089539227499923,0.10000392907010182,0.12259435653686523,0.003947989976368833,0.00394779290591174,0.06695365905761719,1.2768687516784304e-19
0.08683461390427946,0.08620172282033847,0.10089568398294481,0.1000039329196344,0.12001919746398926,0.003947792910297694,0.003947595849673746,0.06590461730957031,1.276883226408182e-19
0.08683453403425047,0.08620108339041235,0.10089597567328569,0.100003936768982,0.12038516998291016,0.003947595854078617,0.003947398804093893,0.06647300720214844,1.2768977064636464e-19
0.0868344541676488,0.08620044398103344,0.10089626734602333,0.10000394061814463,0.12028789520263672,0.003947398807708019,0.0039472017670405535,0.06546139717102051,1.2769121919297338e-19
0.08683437430447427,0.08619980459220285,0.10089655900115914,0.1000039444671223,0.12045001983642578,0.00394720177118953,0.003947004740290083,0.06610655784606934,1.2769266713520845e-19
0.0868342944447267,0.08619916522392138,0.10089685063869454,0.100003948315915,0.12051820755004883,0.00394700474452196,0.003946807723842483,0.06550168991088867,1.2769411438848893e-19
0.08683421458840593,0.08619852587619026,0.10089714225863096,0.10000395216452274,0.11892557144165039,0.003946807727701136,0.0039466107166319375,0.06512665748596191,1.276955627981419e-19
0.08683413473551174,0.0861978865490103,0.10089743386096985,0.10000395601294551,0.11967778205871582,0.0039466107207315245,0.003946413719368991,0.0649268627166748,1.2769701047796591e-19
0.08683405488604397,0.08619724724238226,0.1008977254457126,0.10000395986118334,0.12074995040893555,0.003946413723611066,0.003946216732053642,0.06507134437561035,1.2769845772700788e-19
0.08683397504000241,0.08619660795630722,0.10089801701286065,0.10000396370923621,0.11932563781738281,0.003946216736338523,0.0039460197545082565,0.06469464302062988,1.2769990516473922e-19
0.08683389519738689,0.08619596869078609,0.10089830856241541,0.10000396755710414,0.12011265754699707,0.003946019758913737,0.003945822787088105,0.06502366065979004,1.2770135307916478e-19
0.08683381535819723,0.08619532944581994,0.10089860009437832,0.10000397140478712,0.11985969543457031,0.003945822791336182,0.003945625829615551,0.0653085708618164,1.2770280038476409e-19
0.08683373552243323,0.0861946902214097,0.10089889160875079,0.10000397525228515,0.11955499649047852,0.003945625833604763,0.003945428881557689,0.0653388500213623,1.2770424781753373e-19
0.08683365569009471,0.08619405101755645,0.10089918310553425,0.10000397909959824,0.11982870101928711,0.003945428885719951,0.003945231943447425,0.06569981575012207,1.2770569550341503e-19
0.08683357586118151,0.086193411834261,0.10089947458473011,0.1000039829467264,0.11981582641601562,0.003945231947680633,0.003945035015462395,0.06593918800354004,1.2770714251284729e-19
0.08683349603569344,0.08619277267152445,0.10089976604633984,0.10000398679366963,0.12043571472167969,0.003945035019485926,0.003944838096892056,0.06561136245727539,1.2770858997476997e-19
0.08683341621363032,0.08619213352934772,0.10090005749036482,0.10000399064042792,0.12053298950195312,0.003944838101136695,0.003944641188624587,0.06609153747558594,1.2771003655723073e-19
0.08683333639499194,0.08619149440773179,0.10090034891680648,0.10000399448700129,0.11836433410644531,0.003944641192631669,0.00394444429012708,0.06532835960388184,1.2771148432487448e-19
0.08683325657977814,0.0861908553066778,0.10090064032566624,0.10000399833338972,0.11897921562194824,0.0039444442939698164,0.003944247401044265,0.06573820114135742,1.277129310598929e-19
0.08683317676798874,0.08619021622618657,0.10090093171694554,0.10000400217959324,0.11840105056762695,0.003944247405151975,0.003944050521909048,0.0664215087890625,1.2771437823285511e-19
0.08683309695962353,0.08618957716625912,0.1009012230906458,0.10000400602561184,0.11995983123779297,0.003944050526176643,0.003943853652366158,0.06677365303039551,1.2771582509095704e-19
0.08683301715468235,0.08618893812689646,0.10090151444676844,0.10000400987144553,0.11808156967163086,0.00394385365704534,0.003943656792948502,0.06557035446166992,1.2771727211057214e-19
0.086832937353165,0.08618829910809958,0.1009018057853149,0.1000040137170943,0.1176903247833252,0.0039436567977555485,0.00394345994365608,0.06594133377075195,1.277187187279913e-19
0.08683285755507131,0.08618766010986928,0.10090209710628659,0.10000401756255817,0.11649584770202637,0.003943459948306729,0.003943263104133621,0.06536746025085449,1.277201658908716e-19
0.08683277776040109,0.08618702113220654,0.10090238840968493,0.10000402140783712,0.11744308471679688,0.003943263108699423,0.003943066275269302,0.06575179100036621,1.2772161251178786e-19
0.08683269796915416,0.08618638217511249,0.10090267969551135,0.10000402525293117,0.11675715446472168,0.003943066278929078,0.0039428694551091326,0.06537127494812012,1.2772305921960085e-19
0.08683261818133034,0.08618574323858799,0.10090297096376727,0.10000402909784033,0.11627650260925293,0.003942869458999955,0.003942672644363654,0.06533241271972656,1.2772450593469622e-19
0.08683253839692943,0.08618510432263403,0.1009032622144541,0.10000403294256457,0.11800670623779297,0.003942672648910881,0.003942475844809223,0.06518983840942383,1.2772595231154328e-19
0.08683245861595128,0.08618446542725154,0.10090355344757326,0.10000403678710394,0.11670875549316406,0.003942475848659353,0.003942279053426034,0.0652780532836914,1.277273987843812e-19
0.08683237883839567,0.0861838265524416,0.1009038446631262,0.10000404063145842,0.11683034896850586,0.003942279058247917,0.003942082273233893,0.06387090682983398,1.2772884565147738e-19
0.08683229906426244,0.08618318769820514,0.10090413586111432,0.10000404447562801,0.1164236068725586,0.003942082277673998,0.003941885501923537,0.06489133834838867,1.277302919842561e-19
0.08683221929355138,0.08618254886454309,0.10090442704153905,0.10000404831961272,0.11672425270080566,0.003941885506938217,0.003941688741093685,0.06421327590942383,1.2773173864105894e-19
0.08683213952626233,0.0861819100514564,0.1009047182044018,0.10000405216341254,0.11580777168273926,0.003941688746039982,0.003941491990389068,0.06333231925964355,1.2773318450784861e-19
0.08683205976239508,0.08618127125894606,0.10090500934970399,0.10000405600702748,0.11774039268493652,0.0039414919949764555,0.003941295249809684,0.06423306465148926,1.2773463107245394e-19
0.08683198000194947,0.08618063248701316,0.10090530047744707,0.10000405985045756,0.11794137954711914,0.0039412952537474216,0.003941098518467356,0.06279325485229492,1.2773607659909494e-19
0.08683190024492532,0.08617999373565857,0.10090559158763243,0.10000406369370275,0.11920046806335449,0.0039410985223538204,0.003940901796184448,0.06337833404541016,1.2773752320073033e-19
0.08683182049132245,0.08617935500488322,0.10090588268026152,0.10000406753676308,0.11892080307006836,0.003940901800796535,0.003940705084914953,0.06294512748718262,1.2773896883298952e-19
0.08683174074114065,0.08617871629468815,0.10090617375533575,0.10000407137963856,0.12136960029602051,0.00394070508907296,0.003940508382882513,0.06328034400939941,1.2774041515150007e-19
0.08683166099437976,0.08617807760507427,0.10090646481285656,0.10000407522232917,0.12144207954406738,0.003940508387183691,0.003940311690620035,0.06363868713378906,1.2774186114138885e-19
0.0868315812510396,0.08617743893604261,0.10090675585282534,0.10000407906483491,0.12001204490661621,0.00394031169512886,0.003940115009015699,0.0632936954498291,1.2774330647047215e-19
0.08683150151111997,0.08617680028759413,0.1009070468752435,0.1000040829071558,0.12000870704650879,0.003940115012905604,0.003939918336115511,0.06357645988464355,1.2774475233985304e-19
0.0868314217746207,0.08617616165972962,0.10090733788011248,0.10000408674929184,0.12085080146789551,0.003939918340515175,0.003939721673518193,0.06367015838623047,1.2774619822830904e-19
0.0868313420415416,0.08617552305245013,0.1009076288674337,0.10000409059124303,0.12177920341491699,0.0039397216779567396,0.003939525021223744,0.06440949440002441,1.277476449671968e-19
0.08683126231188248,0.0861748844657567,0.10090791983720857,0.10000409443300938,0.11844372749328613,0.003939525025229024,0.003939328378166351,0.06403183937072754,1.2774908984230325e-19
0.08683118258564317,0.08617424589965036,0.1009082107894385,0.10000409827459088,0.11844658851623535,0.003939328382332326,0.003939131745411828,0.06410980224609375,1.2775053557632357e-19
0.08683110286282346,0.08617360735413207,0.10090850172412494,0.10000410211598754,0.12222170829772949,0.003939131749265753,0.00393893512189436,0.06518101692199707,1.2775198139411922e-19
0.08683102314342317,0.08617296882920276,0.1009087926412693,0.10000410595719936,0.12214088439941406,0.0039389351260291985,0.0039387385085021265,0.06521201133728027,1.2775342642197588e-19
0.08683094342744214,0.08617233032486321,0.10090908354087298,0.10000410979822635,0.12143898010253906,0.0039387385126224425,0.003938541904879855,0.06505274772644043,1.2775487175924438e-19
0.08683086371488019,0.08617169184111455,0.10090937442293743,0.10000411363906851,0.12252116203308105,0.003938541909044752,0.003938345310849911,0.06611180305480957,1.277563175069269e-19
0.08683078400573713,0.08617105337795788,0.10090966528746405,0.10000411747972585,0.12211132049560547,0.00393834531529625,0.003938148727122837,0.06623148918151855,1.2775776280368403e-19
0.08683070430001276,0.08617041493539401,0.10090995613445428,0.10000412132019836,0.12073206901550293,0.003938148731375368,0.003937952152277546,0.06562399864196777,1.2775920809475744e-19
0.08683062459770692,0.08616977651342406,0.10091024696390952,0.10000412516048604,0.12073326110839844,0.003937952157282119,0.00393775558880094,0.06540989875793457,1.277606536925651e-19
0.08683054489881942,0.08616913811204897,0.10091053777583119,0.10000412900058891,0.1219933032989502,0.0039377555930151485,0.003937559033850846,0.06615281105041504,1.2776209804482577e-19
0.08683046520335005,0.08616849973126978,0.10091082857022071,0.10000413284050698,0.11962604522705078,0.0039375590385754625,0.003937362489736529,0.06624722480773926,1.2776354335209286e-19
0.08683038551129865,0.08616786137108723,0.10091111934707948,0.10000413668024023,0.12241148948669434,0.003937362493961404,0.003937165955214539,0.0663003921508789,1.277649884599496e-19
0.08683030582266503,0.0861672230315024,0.10091141010640894,0.10000414051978868,0.1212000846862793,0.0039371659591718915,0.003936969429929604,0.06582260131835938,1.2776643278499125e-19
0.086830226137449,0.08616658471251622,0.10091170084821051,0.10000414435915232,0.11947965621948242,0.003936969434208133,0.003936772914769904,0.0656900405883789,1.277678784743242e-19
0.08683014645565039,0.08616594641412967,0.1009119915724856,0.10000414819833116,0.1215214729309082,0.003936772919069242,0.003936576409735437,0.06505203247070312,1.277693232901523e-19
0.08683006677726902,0.08616530813634354,0.10091228227923561,0.1000041520373252,0.11976480484008789,0.003936576413753397,0.0039363799137603905,0.06643915176391602,1.2777076842213367e-19
0.0868299871023047,0.0861646698791591,0.10091257296846198,0.10000415587613445,0.12088847160339355,0.0039363799182618505,0.003936183428621121,0.06682872772216797,1.2777221248081652e-19
0.08682990743075725,0.08616403164257727,0.1009128636401661,0.10000415971475891,0.11732959747314453,0.00393618343259238,0.0039359869525412705,0.06479740142822266,1.2777365768262794e-19
0.08682982776262649,0.08616339342659914,0.10091315429434942,0.10000416355319859,0.11757922172546387,0.003935986956746525,0.003935790486941926,0.06525397300720215,1.2777510242751847e-19
0.08682974809791223,0.08616275523122553,0.10091344493101333,0.10000416739145347,0.1203453540802002,0.003935790490721678,0.003935594030224365,0.06542205810546875,1.277765465840614e-19
0.0868296684366143,0.08616211705645746,0.10091373555015924,0.10000417122952357,0.11973214149475098,0.003935594034519822,0.00393539758398731,0.06532502174377441,1.2777799161191793e-19
0.08682958877873252,0.08616147890229577,0.1009140261517886,0.1000041750674089,0.11916136741638184,0.003935397588138748,0.0039352011475202175,0.06514596939086914,1.277794354637221e-19
0.08682950912426668,0.08616084076874127,0.10091431673590283,0.10000417890510944,0.1205599308013916,0.003935201151578257,0.003935004720467816,0.06593775749206543,1.277808799359816e-19
0.08682942947321662,0.08616020265579499,0.10091460730250333,0.10000418274262524,0.11981892585754395,0.003935004724837303,0.003934808303540649,0.06588339805603027,1.2778232454366445e-19
0.08682934982558214,0.08615956456345779,0.10091489785159151,0.10000418657995624,0.11821126937866211,0.003934808307916317,0.003934611896383444,0.06506228446960449,1.2778376877634467e-19
0.08682927018136309,0.08615892649173085,0.10091518838316879,0.1000041904171025,0.11862635612487793,0.003934611900814442,0.0039344154993514735,0.06529116630554199,1.2778521341186562e-19
0.08682919054055926,0.08615828844061506,0.10091547889723658,0.10000419425406398,0.11952543258666992,0.003934415503530883,0.00393421911191183,0.06637144088745117,1.2778665710371175e-19
0.08682911090317047,0.0861576504101113,0.1009157693937963,0.1000041980908407,0.11827421188354492,0.003934219116066143,0.003934022734419784,0.066131591796875,1.2778810137859247e-19
0.08682903126919654,0.08615701240022058,0.10091605987284936,0.10000420192743266,0.11968851089477539,0.003934022738417722,0.003933826366164794,0.0659639835357666,1.2778954561876566e-19
0.08682895163863728,0.08615637441094387,0.10091635033439719,0.10000420576383987,0.12007832527160645,0.003933826370587549,0.003933630008035038,0.06596970558166504,1.2779098928295395e-19
0.08682887201149252,0.08615573644228203,0.10091664077844119,0.10000420960006233,0.11703372001647949,0.003933630012573724,0.003933433660385788,0.06527829170227051,1.277924334255213e-19
0.08682879238776206,0.08615509849423625,0.10091693120498278,0.10000421343610004,0.11848306655883789,0.0039334336643756795,0.00393323732126305,0.06482529640197754,1.277938772794431e-19
0.08682871276744573,0.08615446056680746,0.10091722161402338,0.10000421727195301,0.1176609992980957,0.003933237325994746,0.003933040993686632,0.06653237342834473,1.277953210499191e-19
0.08682863315054334,0.08615382265999662,0.1009175120055644,0.10000422110762124,0.11796808242797852,0.0039330409974262645,0.003932844674636726,0.06630945205688477,1.2779676472596687e-19
0.08682855353705471,0.08615318477380468,0.10091780237960726,0.10000422494310472,0.11553430557250977,0.00393284467867349,0.003932648365534419,0.06406664848327637,1.2779820896110629e-19
0.08682847392697965,0.08615254690823256,0.10091809273615338,0.10000422877840348,0.11591124534606934,0.003932648369735983,0.00393245206637971,0.06485509872436523,1.277996525343553e-19
0.08682839432031798,0.08615190906328123,0.10091838307520415,0.10000423261351751,0.11634087562561035,0.003932452070611185,0.003932255776639693,0.06456351280212402,1.2780109617940872e-19
0.08682831471706955,0.08615127123895173,0.100918673396761,0.1000042364484468,0.11611151695251465,0.003932255781301347,0.003932059497735452,0.06377291679382324,1.2780253926802718e-19
0.08682823511723413,0.08615063343524504,0.10091896370082534,0.10000424028319137,0.11616110801696777,0.003932059501802211,0.003931863228245902,0.06374168395996094,1.2780398311089442e-19
0.08682815552081155,0.08614999565216193,0.10091925398739861,0.10000424411775122,0.11571431159973145,0.003931863232115638,0.003931666968171044,0.06374430656433105,1.278054269524928e-19
0.08682807592780163,0.08614935788970343,0.10091954425648217,0.10000424795212634,0.1158742904663086,0.003931666972240788,0.003931470717688512,0.0630340576171875,1.2780686958320861e-19
0.08682799633820419,0.08614872014787052,0.10091983450807747,0.10000425178631675,0.11709308624267578,0.003931470722178278,0.003931274477864122,0.0635073184967041,1.278083133932777e-19
0.08682791675201905,0.08614808242666415,0.10092012474218591,0.10000425562032245,0.11690807342529297,0.003931274481925472,0.0039310782469215155,0.06293869018554688,1.2780975612373715e-19
0.08682783716924602,0.08614744472608514,0.10092041495880893,0.10000425945414344,0.11812305450439453,0.003931078251483673,0.003930882026814686,0.06330227851867676,1.2781119977984807e-19
0.08682775758988494,0.08614680704613473,0.10092070515794792,0.10000426328777974,0.11833572387695312,0.003930882030851238,0.003930685815412005,0.0625619888305664,1.2781264293284173e-19
0.0868276780139356,0.08614616938681369,0.10092099533960427,0.10000426712123134,0.12036705017089844,0.003930685820029522,0.003930489614489829,0.06343746185302734,1.2781408601593251e-19
0.08682759844139783,0.08614553174812302,0.10092128550377942,0.10000427095449822,0.12093663215637207,0.0039304896190155555,0.003930293423692888,0.06335949897766113,1.2781552902417347e-19
0.08682751887227144,0.0861448941300638,0.10092157565047478,0.10000427478758042,0.1209726333618164,0.003930293427808909,0.003930097242133002,0.06351161003112793,1.2781697183758608e-19
0.08682743930655627,0.086144256532637,0.10092186577969177,0.10000427862047792,0.12161612510681152,0.003930097246410379,0.0039299010701654424,0.06424856185913086,1.2781841486122555e-19
0.08682735974425212,0.0861436189558435,0.1009221558914318,0.10000428245319073,0.12044715881347656,0.0039299010748209285,0.003929704908678389,0.06459474563598633,1.2781985807715957e-19
0.08682728018535882,0.08614298139968422,0.10092244598569629,0.10000428628571886,0.12202644348144531,0.00392970491303658,0.003929508756961297,0.06415653228759766,1.2782130059854414e-19
0.08682720062987616,0.08614234386416018,0.10092273606248664,0.10000429011806232,0.12173628807067871,0.003929508761058921,0.0039293126151918045,0.06396889686584473,1.2782274357351825e-19
0.08682712107780396,0.08614170634927223,0.10092302612180426,0.10000429395022108,0.1194615364074707,0.003929312618886716,0.003929116482304096,0.06483602523803711,1.2782418623002686e-19
0.08682704152914207,0.08614106885502135,0.10092331616365056,0.10000429778219516,0.1193079948425293,0.003929116486520235,0.003928920359541621,0.06464862823486328,1.2782562859143308e-19
0.0868269619838903,0.08614043138140863,0.10092360618802697,0.10000430161398459,0.1206197738647461,0.003928920363958991,0.003928724247082016,0.06476020812988281,1.2782707116605014e-19
0.08682688244204843,0.0861397939284349,0.10092389619493489,0.10000430544558934,0.12146234512329102,0.0039287242512007665,0.003928528143859467,0.06534361839294434,1.2782851377574405e-19
0.08682680290361632,0.08613915649610114,0.10092418618437574,0.10000430927700943,0.11980485916137695,0.003928528148247423,0.0039283320511174225,0.06513357162475586,1.2782995685679577e-19
0.08682672336859376,0.08613851908440852,0.10092447615635092,0.10000431310824484,0.11999750137329102,0.00392833205509678,0.003928135967434798,0.06482887268066406,1.2783139891549554e-19
0.08682664383698059,0.08613788169335801,0.10092476611086183,0.1000043169392956,0.11969470977783203,0.003928135971749067,0.003927939894055044,0.06502914428710938,1.27832840746687e-19
0.0868265643087766,0.08613724432295042,0.10092505604790988,0.10000432077016169,0.11745548248291016,0.0039279398982037285,0.003927743830622887,0.06383728981018066,1.2783428350711763e-19
0.08682648478398163,0.08613660697318648,0.1009253459674965,0.10000432460084313,0.11888813972473145,0.003927743834460288,0.003927547776605422,0.0653219223022461,1.2783572578980613e-19
0.0868264052625955,0.0861359696440673,0.10092563586962308,0.10000432843133991,0.11875391006469727,0.003927547780518271,0.003927351732713191,0.06443071365356445,1.278371677375229e-19
0.086826325744618,0.08613533233559384,0.10092592575429103,0.10000433226165205,0.12017297744750977,0.003927351736375817,0.003927155697169837,0.06461048126220703,1.278386100514534e-19
0.08682624623004898,0.08613469504776695,0.10092621562150177,0.10000433609177954,0.11907744407653809,0.00392715570203693,0.003926959673350439,0.06409835815429688,1.2784005165928075e-19
0.08682616671888824,0.0861340577805877,0.10092650547125669,0.10000433992172239,0.11867785453796387,0.003926959677496233,0.003926763658768095,0.06373000144958496,1.27841494453902e-19
0.08682608721113559,0.08613342053405705,0.10092679530355722,0.10000434375148061,0.12026619911193848,0.003926763662754962,0.0039265676536004435,0.06478381156921387,1.2784293603426982e-19
0.08682600770679087,0.08613278330817599,0.10092708511840476,0.10000434758105418,0.11894822120666504,0.00392656765781335,0.0039263716585580255,0.06506037712097168,1.2784437819038693e-19
0.08682592820585389,0.08613214610294516,0.10092737491580073,0.10000435141044314,0.12026715278625488,0.003926371662669853,0.00392617567328557,0.06438112258911133,1.2784581997346804e-19
0.08682584870832445,0.08613150891836571,0.10092766469574654,0.10000435523964747,0.1190481185913086,0.003926175677323332,0.003925979697072535,0.06387114524841309,1.2784726129943038e-19
0.08682576921420239,0.0861308717544388,0.10092795445824362,0.10000435906866717,0.1159522533416748,0.003925979701775699,0.003925783731872912,0.06359267234802246,1.278487031812005e-19
0.08682568972348752,0.0861302346111652,0.10092824420329337,0.10000436289750224,0.11814546585083008,0.003925783736024032,0.00392558777608798,0.06419944763183594,1.2785014475218394e-19
0.08682561023617966,0.08612959748854575,0.10092853393089717,0.10000436672615269,0.11680006980895996,0.003925587780068842,0.003925391830073011,0.06461691856384277,1.2785158712234517e-19
0.08682553075227863,0.08612896038658172,0.10092882364105644,0.10000437055461853,0.11665654182434082,0.003925391833909334,0.003925195893295097,0.06443190574645996,1.2785302838730018e-19
0.08682545127178423,0.08612832330527401,0.10092911333377261,0.10000437438289976,0.11678361892700195,0.003925195897546383,0.003924999966997689,0.06434988975524902,1.2785446983206967e-19
0.08682537179469631,0.0861276862446236,0.10092940300904706,0.10000437821099638,0.11670446395874023,0.003924999970977426,0.003924804050825514,0.0646829605102539,1.2785591143043595e-19
0.08682529232101466,0.0861270492046314,0.1009296926668812,0.1000043820389084,0.11695003509521484,0.003924804054201967,0.003924608142824582,0.06470727920532227,1.2785735286489028e-19
0.0868252128507391,0.08612641218529861,0.10092998230727647,0.1000043858666358,0.11725735664367676,0.003924608147222607,0.0039244122461923325,0.06449699401855469,1.2785879444911686e-19
0.08682513338386948,0.08612577518662602,0.10093027193023424,0.10000438969417862,0.11731719970703125,0.003924412250035135,0.003924216358797139,0.06455039978027344,1.278602353005317e-19
0.08682505392040558,0.08612513820861446,0.10093056153575593,0.10000439352153684,0.11755657196044922,0.003924216362640674,0.003924020480461365,0.0640249252319336,1.2786167664608708e-19
0.08682497446034725,0.0861245012512649,0.10093085112384294,0.10000439734871047,0.11641597747802734,0.003924020485040512,0.003923824612783733,0.06429576873779297,1.2786311766653034e-19
0.08682489500369428,0.08612386431457827,0.1009311406944967,0.1000044011756995,0.11678647994995117,0.003923824617232779,0.003923628755053699,0.06398415565490723,1.2786455881640514e-19
0.08682481555044651,0.08612322739855532,0.10093143024771861,0.10000440500250396,0.11607837677001953,0.0039236287592152655,0.0039234329067383555,0.0634000301361084,1.2786599984955634e-19
0.08682473610060375,0.08612259050319719,0.1009317197835101,0.10000440882912381,0.11652064323425293,0.003923432910989175,0.003923237068370611,0.06412243843078613,1.2786744077930017e-19
0.0868246566541658,0.08612195362850479,0.10093200930187253,0.1000044126555591,0.11698293685913086,0.003923237072553366,0.003923041239062286,0.0630655288696289,1.278688824094465e-19
0.0868245772111325,0.08612131677447919,0.10093229880280732,0.1000044164818098,0.11793136596679688,0.0039230412439097,0.0039228454207673735,0.06357073783874512,1.2787032266165186e-19
0.08682449777150365,0.08612067994112137,0.1009325882863159,0.10000442030787593,0.11698794364929199,0.003922845425054315,0.003922649612064788,0.06306838989257812,1.278717635549415e-19
0.0868244183352791,0.0861200431284321,0.10093287775239969,0.10000442413375749,0.11552572250366211,0.0039226496159870455,0.003922453812599258,0.06233835220336914,1.2787320428800876e-19
0.08682433890245862,0.08611940633641246,0.10093316720106006,0.10000442795945448,0.1179807186126709,0.003922453816709088,0.003922258023081326,0.06475186347961426,1.2787464515831808e-19
0.08682425947304208,0.08611876956506345,0.10093345663229844,0.10000443178496692,0.11764335632324219,0.003922258027218596,0.003922062243688629,0.06385445594787598,1.2787608580757999e-19
0.08682418004702926,0.08611813281438588,0.10093374604611621,0.10000443561029479,0.11866211891174316,0.0039220622475153845,0.003921866473532987,0.06415247917175293,1.2787752609089123e-19
0.08682410062441998,0.08611749608438067,0.1009340354425148,0.1000044394354381,0.11953973770141602,0.003921866477599381,0.0039216707135025786,0.06415390968322754,1.2787896659731068e-19
0.08682402120521407,0.08611685937504894,0.10093432482149557,0.10000444326039686,0.12041568756103516,0.003921670717471081,0.003921474962886862,0.06428122520446777,1.2788040712066282e-19
0.08682394178941134,0.08611622268639163,0.10093461418305999,0.10000444708517107,0.12054634094238281,0.003921474967128982,0.003921279222396379,0.0647273063659668,1.2788184816046387e-19
0.08682386237701163,0.08611558601840978,0.10093490352720942,0.10000445090976073,0.12140727043151855,0.003921279226571545,0.0039210834911429515,0.06499266624450684,1.2788328839889476e-19
0.08682378296801473,0.08611494937110432,0.10093519285394527,0.10000445473416585,0.12019228935241699,0.00392108349580136,0.003920887770192394,0.06429696083068848,1.2788472873604371e-19
0.08682370356242046,0.08611431274447612,0.10093548216326895,0.10000445855838642,0.12188029289245605,0.003920887774815589,0.003920692059544706,0.06438899040222168,1.2788616885918463e-19
0.08682362416022867,0.08611367613852607,0.10093577145518187,0.10000446238242246,0.12142038345336914,0.00392069206361292,0.0039204963581340735,0.06614494323730469,1.278876086905609e-19
0.08682354476143914,0.0861130395532552,0.10093606072968545,0.10000446620627396,0.1224069595336914,0.003920496362193709,0.003920300665960497,0.06638431549072266,1.2788904923220174e-19
0.0868234653660517,0.08611240298866449,0.10093634998678107,0.10000447002994092,0.12041759490966797,0.003920300670559393,0.003920104984445061,0.06548643112182617,1.2789048916732401e-19
0.08682338597406619,0.08611176644475478,0.10093663922647016,0.10000447385342337,0.12052130699157715,0.003920104988706785,0.003919909312344316,0.06625890731811523,1.278919292783669e-19
0.08682330658548239,0.0861111299215269,0.10093692844875411,0.10000447767672128,0.12050843238830566,0.003919909316636478,0.00391971365019117,0.06516623497009277,1.2789336902700498e-19
0.08682322720030014,0.086110493418982,0.10093721765363431,0.10000448149983468,0.120025634765625,0.003919713654348221,0.003919517997985622,0.06566119194030762,1.278948093208936e-19
0.08682314781851926,0.08610985693712095,0.10093750684111219,0.10000448532276356,0.12093663215637207,0.00391951800184094,0.00391932235501713,0.06588244438171387,1.2789624962541875e-19
0.08682306844013955,0.0861092204759447,0.10093779601118914,0.10000448914550793,0.11867594718933105,0.003919322359113451,0.0039191267218186,0.06483864784240723,1.2789768846927141e-19
0.08682298906516085,0.0861085840354542,0.10093808516386657,0.10000449296806778,0.11922097206115723,0.003919126726166947,0.003918931098745304,0.06541728973388672,1.2789912828422738e-19
0.08682290969358297,0.08610794761565055,0.10093837429914587,0.10000449679044313,0.12131905555725098,0.003918931103000541,0.003918735485441971,0.06631064414978027,1.2790056807392584e-19
0.08682283032540573,0.08610731121653459,0.10093866341702847,0.10000450061263397,0.12067651748657227,0.003918735489612476,0.003918539881375693,0.06636309623718262,1.27902008179578e-19
0.08682275096062894,0.08610667483810731,0.10093895251751574,0.10000450443464029,0.12071895599365234,0.003918539886004285,0.003918344287789921,0.0659482479095459,1.2790344741005093e-19
0.08682267159925243,0.08610603848036963,0.10093924160060908,0.10000450825646212,0.12043905258178711,0.003918344292174033,0.003918148703974111,0.06634259223937988,1.2790488774849546e-19
0.08682259224127602,0.08610540214332264,0.10093953066630991,0.10000451207809945,0.12046456336975098,0.0039181487081212515,0.003917953129572993,0.06644487380981445,1.2790632691787827e-19
0.08682251288669951,0.08610476582696719,0.10093981971461964,0.10000451589955228,0.1186525821685791,0.00391795313384686,0.003917757565119473,0.06517720222473145,1.2790776621699275e-19
0.08682243353552273,0.0861041295313043,0.10094010874553969,0.10000451972082064,0.11494112014770508,0.003917757569348317,0.003917562010791187,0.0638275146484375,1.2790920533562805e-19
0.0868223541877455,0.08610349325633483,0.10094039775907143,0.1000045235419045,0.11603784561157227,0.003917562014625074,0.003917366465522321,0.06407523155212402,1.2791064444852473e-19
0.08682227484336764,0.08610285700205982,0.10094068675521627,0.10000452736280388,0.11658215522766113,0.003917366469678147,0.003917170930378688,0.0651853084564209,1.2791208351679058e-19
0.08682219550238897,0.0861022207684801,0.10094097573397563,0.10000453118351878,0.11827635765075684,0.0039171709345075505,0.003916975404649747,0.06542348861694336,1.2791352330152772e-19
0.08682211616480928,0.08610158455559673,0.10094126469535089,0.10000453500404918,0.11706781387329102,0.003916975409111869,0.00391677988904604,0.06459903717041016,1.2791496224476916e-19
0.08682203683062843,0.08610094836341056,0.10094155363934346,0.10000453882439513,0.11444854736328125,0.003916779893491263,0.003916584383389932,0.06391119956970215,1.279164016504358e-19
0.08682195749984623,0.08610031219192264,0.10094184256595473,0.1000045426445566,0.11629414558410645,0.0039165843876445925,0.0039163888875037856,0.06392836570739746,1.2791784044060119e-19
0.08682187817246248,0.08609967604113382,0.10094213147518612,0.1000045464645336,0.11633133888244629,0.003916388891569265,0.003916193401209966,0.06581377983093262,1.2791927937494502e-19
0.086821798848477,0.08609903991104506,0.10094242036703902,0.10000455028432614,0.11676287651062012,0.003916193405267566,0.003915997924508474,0.06566238403320312,1.279207182567478e-19
0.08682171952788963,0.08609840380165729,0.10094270924151484,0.10000455410393422,0.11383938789367676,0.003915997928739316,0.00391580245775458,0.06346487998962402,1.279221566943088e-19
0.08682164021070016,0.0860977677129715,0.10094299809861498,0.10000455792335784,0.11380767822265625,0.003915802461982694,0.003915607001303556,0.06416964530944824,1.2792359585111183e-19
0.08682156089690843,0.08609713164498853,0.10094328693834084,0.100004561742597,0.11392331123352051,0.003915607004997154,0.00391541155355668,0.06307816505432129,1.2792503423726433e-19
0.08682148158651426,0.0860964955977095,0.10094357576069382,0.10000456556165171,0.11729621887207031,0.003915411557783001,0.003915216116645581,0.06435894966125488,1.2792647308942315e-19
0.08682140227951746,0.08609585957113543,0.1009438645656753,0.10000456938052199,0.11712193489074707,0.003915216120337923,0.003915020688616266,0.06410765647888184,1.2792791180440576e-19
0.08682132297591783,0.08609522356526711,0.10094415335328671,0.10000457319920782,0.11732339859008789,0.003915020692664194,0.0039148252701792785,0.0638577938079834,1.2792935032522369e-19
0.08682124367571521,0.08609458758010574,0.10094444212352943,0.10000457701770919,0.1162722110748291,0.003914825274761019,0.003914629862933339,0.0632174015045166,1.279307890997785e-19
0.08682116437890941,0.08609395161565216,0.10094473087640486,0.10000458083602613,0.11637425422668457,0.003914629866625147,0.003914434464391547,0.06320810317993164,1.2793222749737907e-19
0.08682108508550028,0.08609331567190724,0.10094501961191442,0.10000458465415862,0.11645245552062988,0.003914434468257459,0.003914239075264447,0.06366086006164551,1.2793366589885827e-19
0.0868210057954876,0.0860926797488717,0.10094530833005949,0.10000458847210669,0.11708879470825195,0.003914239079659143,0.003914043696440217,0.06433391571044922,1.2793510395356268e-19
0.0868209265088712,0.08609204384654666,0.1009455970308415,0.10000459228987033,0.11670613288879395,0.003914043700828406,0.003913848327563585,0.06364941596984863,1.279365426313457e-19
0.08682084722565091,0.08609140796493314,0.1009458857142618,0.10000459610744954,0.11801791191101074,0.003913848331764034,0.003913652968101644,0.0635528564453125,1.2793798089573912e-19
0.08682076794582654,0.08609077210403203,0.10094617438032183,0.10000459992484433,0.11774921417236328,0.003913652972466259,0.003913457618942573,0.06331586837768555,1.2793941894102198e-19
0.08682068866939789,0.08609013626384426,0.10094646302902296,0.10000460374205469,0.1169440746307373,0.0039134576229338325,0.003913262279198193,0.06279110908508301,1.2794085748039431e-19
0.08682060939636482,0.08608950044437082,0.10094675166036664,0.10000460755908065,0.11850094795227051,0.003913262283166641,0.003913066948868504,0.0633242130279541,1.2794229515778847e-19
0.08682053012672712,0.08608886464561248,0.10094704027435422,0.10000461137592219,0.11766505241394043,0.003913066953165911,0.00391287162866405,0.06384801864624023,1.2794373266300316e-19
0.08682045086048462,0.08608822886757035,0.10094732887098713,0.10000461519257932,0.1199495792388916,0.003912871632929134,0.0039126763189401,0.0635535717010498,1.279451707544978e-19
0.08682037159763713,0.08608759311024529,0.10094761745026674,0.10000461900905205,0.12190437316894531,0.003912676322455384,0.003912481017742664,0.0645596981048584,1.2794660857180638e-19
0.08682029233818447,0.08608695737363808,0.10094790601219447,0.10000462282534037,0.1081998348236084,0.003912481021745285,0.003912285726670461,0.0613558292388916,1.2794804654269102e-19
0.08682021308212647,0.0860863216577498,0.10094819455677172,0.10000462664144429,0.11335039138793945,0.003912285730799017,0.003912090445545857,0.06361699104309082,1.279494838394722e-19
0.08682013382946294,0.08608568596258126,0.10094848308399987,0.10000463045736381,0.11767029762268066,0.003912090449615423,0.003911895173835944,0.06283116340637207,1.2795092245512146e-19
0.08682005458019369,0.08608505028813351,0.10094877159388031,0.10000463427309894,0.1178138256072998,0.003911895178195309,0.003911699912606537,0.0627589225769043,1.2795236022023698e-19
0.08681997533431854,0.08608441463440776,0.10094906008641447,0.10000463808864969,0.11757993698120117,0.003911699916535808,0.003911504660258913,0.06252002716064453,1.2795379738824467e-19
0.08681989609183732,0.08608377900140468,0.10094934856160373,0.10000464190401605,0.11849594116210938,0.003911504664638514,0.0039113094182141595,0.06262755393981934,1.2795523513589265e-19
0.08681981685274984,0.08608314338912533,0.10094963701944949,0.10000464571919802,0.11438274383544922,0.0039113094225015806,0.003911114186472275,0.062139272689819336,1.2795667247103762e-19
0.08681973761705591,0.08608250779757051,0.10094992545995318,0.10000464953419562,0.11737632751464844,0.003911114190123767,0.00391091896343454,0.06273245811462402,1.2795811011483913e-19
0.08681965838475539,0.08608187222674142,0.10095021388311616,0.10000465334900883,0.11861133575439453,0.003910918967505736,0.003910723750522038,0.06386089324951172,1.2795954731115904e-19
0.08681957915584806,0.08608123667663888,0.10095050228893983,0.10000465716363767,0.11770844459533691,0.003910723754646867,0.003910528547201864,0.06261849403381348,1.27960984618603e-19
0.08681949993033376,0.08608060114726372,0.10095079067742557,0.10000466097808214,0.11897397041320801,0.003910528551547091,0.003910333354184559,0.06342506408691406,1.279624217209661e-19
0.08681942070821229,0.0860799656386168,0.10095107904857481,0.10000466479234224,0.11473631858825684,0.00391033335820484,0.003910138170049038,0.06248664855957031,1.279638594116175e-19
0.08681934148948348,0.0860793301506993,0.10095136740238893,0.10000466860641798,0.11589193344116211,0.003910138174622082,0.003909942996216387,0.06283855438232422,1.279652962864917e-19
0.08681926227414714,0.08607869468351206,0.10095165573886934,0.10000467242030936,0.11816048622131348,0.00390994300079653,0.00390974783250897,0.06317448616027832,1.279667333398685e-19
0.08681918306220311,0.08607805923705612,0.10095194405801743,0.10000467623401638,0.11840200424194336,0.003909747836726085,0.003909552678216244,0.06291580200195312,1.2796817027800377e-19
0.08681910385365119,0.08607742381133236,0.1009522323598346,0.10000468004753904,0.11579489707946777,0.0039095526824125945,0.003909357534048752,0.062416791915893555,1.2796960745997678e-19
0.08681902464849119,0.0860767884063418,0.10095252064432224,0.10000468386087737,0.11563539505004883,0.003909357537854494,0.0039091623985854085,0.062270164489746094,1.2797104421694564e-19
0.08681894544672294,0.08607615302208532,0.10095280891148176,0.10000468767403134,0.11656808853149414,0.0039091624030530535,0.003908967273780206,0.062196969985961914,1.2797248113058112e-19
0.08681886624834628,0.0860755176585639,0.10095309716131455,0.10000469148700096,0.11705613136291504,0.003908967278005721,0.003908772158389695,0.06314253807067871,1.27973917688285e-19
0.086818787053361,0.08607488231577841,0.10095338539382198,0.10000469529978624,0.11832976341247559,0.003908772162713087,0.003908577052946782,0.06331849098205566,1.2797535468501895e-19
0.08681870786176694,0.08607424699372991,0.10095367360900546,0.10000469911238719,0.11774682998657227,0.003908577057174273,0.003908381957096196,0.06328225135803223,1.2797679163910797e-19
0.08681862867356392,0.08607361169241927,0.1009539618068664,0.10000470292480378,0.11787128448486328,0.0039083819613884765,0.0039081868713708445,0.06361746788024902,1.2797822813434037e-19
0.08681854948875174,0.0860729764118473,0.1009542499874062,0.10000470673703604,0.11770939826965332,0.0039081868753544574,0.003907991795060184,0.06412291526794434,1.2797966458646728e-19
0.08681847030733024,0.08607234115201498,0.10095453815062622,0.10000471054908398,0.11824917793273926,0.003907991799074175,0.00390779672834185,0.06409764289855957,1.2798110158883715e-19
0.0868183911292992,0.08607170591292301,0.10095482629652786,0.1000047143609476,0.11803936958312988,0.003907796732546096,0.003907601671393479,0.0639350414276123,1.2798253789584492e-19
0.08681831195465849,0.08607107069457255,0.10095511442511251,0.10000471817262689,0.11402654647827148,0.003907601675769429,0.003907406624747978,0.06298661231994629,1.2798397412333334e-19
0.08681823278340789,0.08607043549696465,0.1009554025363816,0.10000472198412186,0.11469054222106934,0.0039074066287432645,0.003907211587161896,0.06218290328979492,1.2798541066591723e-19
0.08681815361554725,0.08606980032010042,0.1009556906303365,0.10000472579543251,0.11612701416015625,0.00390721159146757,0.003907016559701049,0.06474733352661133,1.279868463297517e-19
0.08681807445107637,0.08606916516398067,0.10095597870697864,0.10000472960655886,0.11848187446594238,0.003907016563942034,0.003906821542187799,0.06433820724487305,1.2798828270810197e-19
0.08681799528999508,0.08606853002860643,0.10095626676630938,0.1000047334175009,0.11730098724365234,0.00390682154616558,0.003906626534089241,0.06361269950866699,1.2798971907410553e-19
0.08681791613230319,0.08606789491397872,0.10095655480833012,0.10000473722825863,0.11527228355407715,0.003906626538138755,0.003906431535405375,0.06302475929260254,1.2799115532232548e-19
0.08681783697800052,0.08606725982009848,0.10095684283304224,0.10000474103883204,0.11669182777404785,0.003906431539860796,0.003906236547379649,0.062485694885253906,1.279925912968992e-19
0.08681775782708691,0.08606662474696652,0.10095713084044715,0.10000474484922117,0.11687350273132324,0.003906236551329356,0.00390604156894625,0.06382441520690918,1.27994027103419e-19
0.08681767867956215,0.08606598969458383,0.10095741883054624,0.10000474865942599,0.11817121505737305,0.003906041572544051,0.0039058465990393643,0.06362175941467285,1.2799546308653725e-19
0.08681759953542607,0.08606535466295111,0.10095770680334089,0.10000475246944651,0.11594223976135254,0.0039058466035077595,0.0039056516401458907,0.062120914459228516,1.2799689942425415e-19
0.0868175203946785,0.08606471965206933,0.10095799475883253,0.10000475627928275,0.11438560485839844,0.0039056516442166414,0.0039054566904894727,0.062218427658081055,1.2799833504818006e-19
0.08681744125731923,0.08606408466193945,0.10095828269702252,0.1000047600889347,0.11580300331115723,0.0039054566946718676,0.003905261750780653,0.062039852142333984,1.279997708950942e-19
0.0868173621233481,0.08606344969256235,0.10095857061791225,0.10000476389840238,0.11721396446228027,0.003905261754872916,0.0039050668204865246,0.06217050552368164,1.280012065393292e-19
0.08681728299276494,0.08606281474393923,0.1009588585215031,0.10000476770768577,0.11775803565979004,0.003905066824819648,0.0039048719006729016,0.06322765350341797,1.2800264201427541e-19
0.08681720386556954,0.08606217981607092,0.1009591464077965,0.10000477151678487,0.11964917182922363,0.0039048719045099095,0.0039046769892081556,0.0632021427154541,1.2800407774327055e-19
0.08681712474176174,0.08606154490895837,0.10095943427679382,0.10000477532569971,0.1197500228881836,0.0039046769939452986,0.003904482088934458,0.06377530097961426,1.2800551348601453e-19
0.08681704562134138,0.08606091002260247,0.10095972212849647,0.10000477913443027,0.119171142578125,0.0039044820931234576,0.003904287198075451,0.06356334686279297,1.2800694835789336e-19
0.08681696650430824,0.08606027515700426,0.1009600099629058,0.10000478294297657,0.11949372291564941,0.003904287202044705,0.003904092316098229,0.0642232894897461,1.2800838472605158e-19
0.08681688739066216,0.08605964031216468,0.10096029778002324,0.1000047867513386,0.11964797973632812,0.003904092320708594,0.003903897445134419,0.06484532356262207,1.2800981972465242e-19
0.08681680828040296,0.08605900548808447,0.1009605855798502,0.10000479055951637,0.11771368980407715,0.003903897449113185,0.003903702583052393,0.06440877914428711,1.2801125522109245e-19
0.08681672917353044,0.08605837068476467,0.10096087336238803,0.10000479436750989,0.11697840690612793,0.0039037025872603326,0.0039035077309179655,0.06345963478088379,1.2801269034260057e-19
0.08681665007004442,0.08605773590220618,0.10096116112763816,0.10000479817531917,0.1188201904296875,0.0039035077351492874,0.0039033128890864077,0.06441450119018555,1.2801412585597634e-19
0.08681657096994473,0.08605710114041003,0.10096144887560195,0.10000480198294419,0.11792111396789551,0.003903312892777822,0.0039031180559589984,0.06447744369506836,1.2801556043275798e-19
0.0868164918732312,0.08605646639937725,0.10096173660628079,0.10000480579038495,0.11858582496643066,0.003903118060146543,0.0039029232331344588,0.06433248519897461,1.2801699558169712e-19
0.08681641277990365,0.08605583167910863,0.10096202431967609,0.10000480959764148,0.11801695823669434,0.003902923237255206,0.003902728419902246,0.06543302536010742,1.2801843094648007e-19
0.08681633368996189,0.08605519697960512,0.10096231201578924,0.10000481340471375,0.11835312843322754,0.003902728424103728,0.0039025336166176317,0.06580710411071777,1.2801986622096498e-19
0.08681625460340574,0.08605456230086775,0.10096259969462164,0.10000481721160179,0.11851644515991211,0.003902533620690214,0.003902338822570073,0.06406664848327637,1.2802130057301811e-19
0.08681617552023503,0.0860539276428972,0.10096288735617466,0.10000482101830559,0.11685466766357422,0.003902338827015259,0.0039021440388253836,0.06475615501403809,1.2802273579677328e-19
0.08681609644044957,0.0860532930056946,0.1009631750004497,0.10000482482482516,0.11646723747253418,0.0039021440430776523,0.00390194926431775,0.06361198425292969,1.280241708637726e-19
0.08681601736404919,0.08605265838926086,0.10096346262744814,0.1000048286311605,0.11558294296264648,0.003901949268879195,0.0039017545002906218,0.0634918212890625,1.280256050725528e-19
0.08681593829103368,0.08605202379359686,0.10096375023717137,0.10000483243731162,0.11760616302490234,0.0039017545044157933,0.003901559745500549,0.06468844413757324,1.2802703986715564e-19
0.08681585922140289,0.08605138921870358,0.10096403782962078,0.10000483624327852,0.1167762279510498,0.0039015597496889235,0.003901365000480439,0.06386685371398926,1.2802847431185176e-19
0.08681578015515663,0.08605075466458191,0.10096432540479776,0.1000048400490612,0.11462879180908203,0.0039013650046978545,0.00390117026487502,0.06318235397338867,1.2802990928558551e-19
0.08681570109229474,0.08605012013123287,0.1009646129627037,0.10000484385465966,0.11754751205444336,0.003901170269442378,0.0039009755399277424,0.06504201889038086,1.2803134396004163e-19
0.08681562203281701,0.08604948561865715,0.10096490050334,0.10000484766007392,0.11767101287841797,0.003900975543920252,0.0039007808235069774,0.06448650360107422,1.2803277825193155e-19
0.08681554297672327,0.08604885112685588,0.10096518802670806,0.10000485146530397,0.11791586875915527,0.0039007808281341736,0.003900586117921989,0.06609272956848145,1.2803421278672404e-19
0.08681546392401333,0.08604821665583018,0.10096547553280925,0.1000048552703498,0.1160423755645752,0.00390058612208045,0.003900391421751692,0.06476688385009766,1.2803564685394022e-19
0.08681538487468701,0.08604758220558072,0.10096576302164496,0.10000485907521144,0.11910605430603027,0.0039003914257597274,0.003900196735173722,0.0654137134552002,1.2803708194835542e-19
0.08681530582874415,0.0860469477761085,0.1009660504932166,0.10000486287988887,0.11843395233154297,0.0039001967391730803,0.0039000020578328076,0.06473231315612793,1.2803851537440547e-19
0.08681522678618456,0.08604631336741433,0.10096633794752553,0.10000486668438212,0.11830878257751465,0.003900002062318474,0.003899807391150034,0.06468486785888672,1.2803995019791e-19
0.08681514774700803,0.08604567897949925,0.10096662538457318,0.10000487048869115,0.11874222755432129,0.003899807395196001,0.003899612733349045,0.06537270545959473,1.280413842270988e-19
0.08681506871121443,0.08604504461236417,0.1009669128043609,0.10000487429281602,0.11828970909118652,0.003899612737805219,0.0038994180858509253,0.06517744064331055,1.2804281830048661e-19
0.08681498967880354,0.0860444102660102,0.1009672002068901,0.10000487809675668,0.11787128448486328,0.0038994180901455976,0.0038992234479451326,0.0638730525970459,1.28044252134574e-19
0.08681491064977519,0.0860437759404383,0.10096748759216216,0.10000488190051317,0.11552906036376953,0.003899223452215682,0.0038990288198093026,0.06355500221252441,1.2804568595165197e-19
0.08681483162412922,0.0860431416356493,0.10096777496017847,0.10000488570408547,0.11342477798461914,0.003899028824016614,0.003898834201621071,0.06361126899719238,1.2804711994808955e-19
0.08681475260186543,0.08604250735164415,0.10096806231094041,0.1000048895074736,0.11586117744445801,0.003898834205545292,0.0038986395928475304,0.06541180610656738,1.2804855390228015e-19
0.08681467358298364,0.08604187308842377,0.10096834964444938,0.10000489331067755,0.1170039176940918,0.003898639596802523,0.0038984449938439525,0.06517863273620605,1.2804998786037894e-19
0.0868145945674837,0.08604123884598906,0.10096863696070678,0.10000489711369732,0.11672830581665039,0.0038984449977881195,0.003898250404255066,0.06517982482910156,1.2805142178471546e-19
0.0868145155553654,0.08604060462434102,0.10096892425971397,0.10000490091653294,0.11843109130859375,0.0038982504085029925,0.003898055824969049,0.06562256813049316,1.2805285481076606e-19
0.08681443654662856,0.08603997042348055,0.10096921154147236,0.1000049047191844,0.11716175079345703,0.003898055828943964,0.003897861255097723,0.06530570983886719,1.2805428890501722e-19
0.08681435754127301,0.08603933624340858,0.10096949880598331,0.1000049085216517,0.11657285690307617,0.0038978612591122107,0.003897666694463453,0.06511163711547852,1.2805572285844946e-19
0.08681427853929856,0.08603870208412602,0.10096978605324823,0.10000491232393482,0.11822247505187988,0.003897666699007988,0.0038974721446649596,0.06539511680603027,1.2805715621342617e-19
0.08681419954070504,0.08603806794563387,0.1009700732832685,0.10000491612603381,0.11724376678466797,0.0038974721486286475,0.003897277603925886,0.06519865989685059,1.2805858959004814e-19
0.08681412054549228,0.08603743382793314,0.1009703604960455,0.10000491992794863,0.11822652816772461,0.0038972776079745277,0.003897083072423868,0.06398153305053711,1.2806002336403665e-19
0.0868140415536601,0.08603679973102468,0.10097064769158062,0.10000492372967931,0.1174323558807373,0.003897083077046451,0.0038968885514023555,0.06534552574157715,1.2806145606320603e-19
0.0868139625652083,0.08603616565490936,0.10097093486987523,0.10000492753122585,0.11828112602233887,0.0038968885558431704,0.003896694040328441,0.06547737121582031,1.2806288929305391e-19
0.08681388358013671,0.0860355315995882,0.10097122203093072,0.10000493133258825,0.11643075942993164,0.0038966940443625,0.003896499538669218,0.06436347961425781,1.280643233715824e-19
0.08681380459844514,0.0860348975650622,0.10097150917474851,0.10000493513376651,0.11857724189758301,0.0038964995426060446,0.0038963050464246862,0.06546354293823242,1.2806575646153914e-19
0.0868137256201334,0.08603426355133215,0.10097179630132996,0.10000493893476065,0.11683464050292969,0.0038963050505726364,0.00389611056341721,0.06344842910766602,1.280671890584262e-19
0.08681364664520132,0.08603362955839869,0.10097208341067648,0.10000494273557063,0.11709904670715332,0.003896110568262832,0.003895916091600782,0.06464719772338867,1.2806862189213713e-19
0.08681356767364871,0.08603299558626298,0.10097237050278943,0.1000049465361965,0.11906003952026367,0.003895916095674695,0.003895721628488502,0.06399846076965332,1.2807005507011717e-19
0.08681348870547542,0.08603236163492593,0.10097265757767022,0.10000495033663824,0.11747860908508301,0.0038957216328081414,0.0038955271753238208,0.06380891799926758,1.2807148813501243e-19
0.08681340974068125,0.08603172770438879,0.10097294463532022,0.10000495413689586,0.11866545677185059,0.003895527179663046,0.0038953327317514663,0.06413078308105469,1.2807292114266415e-19
0.08681333077926601,0.08603109379465247,0.10097323167574082,0.10000495793696937,0.11864638328552246,0.0038953327362382245,0.003895138298304346,0.0649271011352539,1.28074353669623e-19
0.08681325182122954,0.08603045990571774,0.1009735186989334,0.10000496173685876,0.11951231956481934,0.0038951383025331394,0.0038949438742719167,0.06481552124023438,1.2807578657038313e-19
0.08681317286657166,0.08602982603758547,0.10097380570489935,0.10000496553656404,0.12007355690002441,0.0038949438785483717,0.003894749460542357,0.06442117691040039,1.2807721945181536e-19
0.08681309391529218,0.08602919219025666,0.10097409269364005,0.10000496933608521,0.11795520782470703,0.0038947494642816863,0.0038945550551616748,0.06475615501403809,1.2807865237684266e-19
0.08681301496739094,0.08602855836373229,0.10097437966515689,0.10000497313542228,0.11966657638549805,0.003894555059734073,0.003894360661149676,0.0649271011352539,1.2808008495217828e-19
0.08681293602286774,0.08602792455801327,0.10097466661945124,0.10000497693457525,0.12015485763549805,0.0038943606649038754,0.0038941662761970974,0.06494021415710449,1.2808151700742415e-19
0.0868128570817224,0.0860272907731002,0.1009749535565245,0.10000498073354411,0.1193084716796875,0.003894166279790618,0.0038939719004815743,0.06453227996826172,1.280829500426879e-19
0.08681277814395474,0.08602665700899431,0.10097524047637806,0.10000498453232888,0.11937189102172852,0.003893971904395311,0.003893777534358378,0.06467533111572266,1.2808438251698064e-19
0.0868126992095646,0.08602602326569647,0.10097552737901326,0.10000498833092956,0.11864089965820312,0.003893777538718361,0.003893583178360416,0.06543231010437012,1.2808581453903503e-19
0.08681262027855177,0.08602538954320746,0.10097581426443153,0.10000499212934616,0.12050437927246094,0.003893583182756978,0.003893388832310052,0.0651862621307373,1.2808724710956283e-19
0.08681254135091611,0.08602475584152831,0.10097610113263424,0.10000499592757867,0.12048840522766113,0.003893388836511252,0.003893194495674379,0.06519341468811035,1.2808867932850598e-19
0.0868124624266574,0.08602412216065994,0.10097638798362274,0.10000499972562708,0.11884260177612305,0.003893194499981491,0.0038930001686310334,0.06516385078430176,1.2809011148880162e-19
0.08681238350577547,0.08602348850060336,0.10097667481739846,0.10000500352349143,0.11907839775085449,0.0038930001731664844,0.0038928058518905573,0.06387758255004883,1.2809154370484052e-19
0.08681230458827018,0.08602285486135944,0.10097696163396278,0.1000050073211717,0.11759424209594727,0.003892805856065029,0.003892611544920044,0.06581974029541016,1.2809297599255e-19
0.08681222567414129,0.086022221242929,0.10097724843331708,0.1000050111186679,0.12100648880004883,0.0038926115486773386,0.00389241724700895,0.06642484664916992,1.280944075351865e-19
0.08681214676338866,0.08602158764531315,0.10097753521546275,0.10000501491598003,0.11709761619567871,0.0038924172510022862,0.003892222959045455,0.06415557861328125,1.2809584000469033e-19
0.08681206785601212,0.08602095406851266,0.10097782198040114,0.1000050187131081,0.11561322212219238,0.003892222963040692,0.003892028680319015,0.06445550918579102,1.2809727172381614e-19
0.08681198895201145,0.08602032051252852,0.10097810872813366,0.1000050225100521,0.12018656730651855,0.003892028684791468,0.0038918344122507165,0.06487631797790527,1.2809870311022617e-19
0.08681191005138648,0.08601968697736158,0.10097839545866169,0.10000502630681204,0.11950945854187012,0.0038918344162533446,0.0038916401532418377,0.06485629081726074,1.2810013564541915e-19
0.08681183115413706,0.08601905346301283,0.10097868217198659,0.10000503010338793,0.11889791488647461,0.003891640157427885,0.003891445904180557,0.0646054744720459,1.2810156735052864e-19
0.08681175226026298,0.08601841996948323,0.10097896886810977,0.10000503389977977,0.12023138999938965,0.0038914459083126797,0.0038912516647116036,0.0653533935546875,1.2810299901515249e-19
0.08681167336976407,0.0860177864967739,0.1009792555470326,0.10000503769598755,0.11705589294433594,0.003891251668908114,0.0038910574350126126,0.06471824645996094,1.2810443055047166e-19
0.08681159448264016,0.08601715304488557,0.10097954220875648,0.10000504149201128,0.1167759895324707,0.0038910574392134363,0.0038908632149059486,0.06488943099975586,1.2810586273548033e-19
0.08681151559889104,0.08601651961381925,0.10097982885328274,0.100005045287851,0.11936736106872559,0.0038908632192278395,0.003890669004569247,0.0652470588684082,1.2810729395432622e-19
0.08681143671851656,0.08601588620357564,0.10098011548061281,0.10000504908350666,0.11957621574401855,0.003890669008951796,0.0038904748043577797,0.06586050987243652,1.2810872552038203e-19
0.08681135784151653,0.08601525281415566,0.10098040209074804,0.10000505287897828,0.11800670623779297,0.003890474808383831,0.0038902806135610035,0.06587553024291992,1.2811015676766728e-19
0.08681127896789079,0.08601461944556028,0.10098068868368984,0.10000505667426586,0.11938118934631348,0.00389028061752345,0.0038900864327118256,0.06499433517456055,1.2811158892461766e-19
0.08681120009763912,0.08601398609779035,0.10098097525943957,0.10000506046936943,0.1204981803894043,0.0038900864363688083,0.0038898922609220676,0.06594252586364746,1.2811301946623284e-19
0.08681112123076139,0.08601335277084698,0.10098126181799862,0.10000506426428897,0.11608481407165527,0.0038898922649227754,0.003889698099079908,0.06443333625793457,1.2811445046877872e-19
0.08681104236725737,0.08601271946473124,0.10098154835936839,0.1000050680590245,0.11690449714660645,0.003889698103183293,0.0038895039477182536,0.0646812915802002,1.2811588235266947e-19
0.08681096350712691,0.086012086179444,0.10098183488355024,0.10000507185357599,0.11642026901245117,0.003889503951148318,0.0038893098045278407,0.06583285331726074,1.2811731342525273e-19
0.08681088465036983,0.08601145291498613,0.10098212139054556,0.10000507564794348,0.12025952339172363,0.0038893098088203116,0.003889115671995569,0.06603837013244629,1.2811874418307092e-19
0.08681080579698594,0.08601081967135847,0.10098240788035576,0.10000507944212694,0.11735868453979492,0.003889115676197919,0.0038889215488779882,0.06404232978820801,1.2812017540961068e-19
0.08681072694697507,0.08601018644856213,0.10098269435298216,0.10000508323612639,0.11655163764953613,0.00388892155328042,0.0038887274360632773,0.06463265419006348,1.2812160637903203e-19
0.08681064810033705,0.08600955324659784,0.10098298080842615,0.10000508702994185,0.11516475677490234,0.0038887274400652644,0.0038885333328408933,0.06415653228759766,1.2812303730187898e-19
0.08681056925707169,0.08600892006546654,0.10098326724668913,0.1000050908235733,0.11797976493835449,0.0038885333365539215,0.003888339238322658,0.06386542320251465,1.2812446778833006e-19
0.08681049041717881,0.0860082869051693,0.10098355366777245,0.10000509461702074,0.11880111694335938,0.0038883392427473745,0.003888145154107292,0.06421542167663574,1.2812589862435334e-19
0.08681041158065823,0.08600765376570704,0.10098384007167753,0.1000050984102842,0.11780166625976562,0.003888145158642737,0.0038879510798395245,0.06378412246704102,1.281273301297098e-19
0.08681033274750978,0.08600702064708073,0.10098412645840571,0.10000510220336366,0.11750221252441406,0.0038879510842398718,0.003887757014986448,0.06305909156799316,1.2812876027760862e-19
0.08681025391773328,0.08600638754929117,0.10098441282795838,0.10000510599625913,0.11748528480529785,0.0038877570195399395,0.003887562960258606,0.06369805335998535,1.281301912870565e-19
0.08681017509132856,0.08600575447233925,0.10098469918033694,0.1000051097889706,0.11529159545898438,0.0038875629645400683,0.003887368914767819,0.06314539909362793,1.281316220092582e-19
0.08681009626829542,0.08600512141622588,0.10098498551554276,0.1000051135814981,0.11872124671936035,0.003887368919240849,0.003887174879757538,0.06495094299316406,1.281330524157772e-19
0.08681001744863369,0.08600448838095208,0.10098527183357724,0.10000511737384161,0.12007308006286621,0.0038871748836417034,0.0038869808532737693,0.06441617012023926,1.2813448220627744e-19
0.0868099386323432,0.08600385536651879,0.10098555813444172,0.10000512116600115,0.12131237983703613,0.003886980857742613,0.0038867868369152347,0.06526947021484375,1.2813591315364713e-19
0.08680985981942374,0.08600322237292694,0.1009858444181376,0.1000051249579767,0.1192781925201416,0.0038867868415429782,0.0038865928312148412,0.06433725357055664,1.2813734357077973e-19
0.08680978100987516,0.0860025894001773,0.10098613068466625,0.10000512874976829,0.11769890785217285,0.003886592835040974,0.0038863988340409605,0.06444072723388672,1.281387735396151e-19
0.08680970220369727,0.08600195644827079,0.10098641693402906,0.1000051325413759,0.12070679664611816,0.0038863988382378386,0.003886204846814678,0.06505560874938965,1.2814020424734633e-19
0.0868096234008899,0.08600132351720843,0.1009867031662274,0.10000513633279956,0.11993122100830078,0.003886204851133431,0.003886010869535994,0.06525254249572754,1.2814163388143666e-19
0.08680954460145283,0.08600069060699107,0.10098698938126265,0.10000514012403924,0.1221916675567627,0.0038860108737255664,0.0038858169016720012,0.06517219543457031,1.281430646925813e-19
0.08680946580538594,0.0860000577176196,0.10098727557913617,0.10000514391509498,0.12067055702209473,0.0038858169060141,0.003885622943577971,0.06412053108215332,1.2814449467740752e-19
0.08680938701268902,0.08599942484909497,0.10098756175984935,0.10000514770596676,0.1185455322265625,0.0038856229479992295,0.003885428995431539,0.06476521492004395,1.2814592441657272e-19
0.08680930822336189,0.08599879200141818,0.10098784792340358,0.10000515149665459,0.11733317375183105,0.0038854289996804302,0.0038852350572327055,0.06475472450256348,1.2814735461783106e-19
0.08680922943740438,0.08599815917459012,0.10098813406980021,0.10000515528715848,0.11669278144836426,0.0038852350610548998,0.0038850411277380204,0.06473422050476074,1.281487846348761e-19
0.0868091506548163,0.08599752636861177,0.10098842019904064,0.10000515907747841,0.1161806583404541,0.003885041132125816,0.0038848472092567476,0.06461572647094727,1.281502138055854e-19
0.08680907187559748,0.0859968935834841,0.10098870631112625,0.10000516286761439,0.11594438552856445,0.003884847212890022,0.0038846532993019878,0.0645608901977539,1.2815164400206352e-19
0.08680899309974772,0.08599626081920808,0.10098899240605842,0.10000516665756645,0.11644935607910156,0.003884653303348676,0.003884459400005369,0.06471562385559082,1.281530734245563e-19
0.08680891432726687,0.0859956280757844,0.10098927848383853,0.10000517044733458,0.11662483215332031,0.003884459403498664,0.0038842655094128986,0.0646352767944336,1.2815450330788544e-19
0.08680883555815475,0.08599499535321413,0.10098956454446795,0.10000517423691876,0.11687779426574707,0.0038842655133424523,0.0038840716287680266,0.06467771530151367,1.2815593369373e-19
0.08680875679241115,0.08599436265149826,0.10098985058794804,0.10000517802631902,0.11768889427185059,0.0038840716328799848,0.0038838777577154815,0.06609487533569336,1.2815736245697831e-19
0.08680867803003592,0.08599372997063776,0.10099013661428019,0.10000518181553535,0.1172323226928711,0.0038838777621094268,0.0038836838967881704,0.06434464454650879,1.2815879238639e-19
0.08680859927102887,0.08599309731063358,0.10099042262346578,0.10000518560456775,0.11649918556213379,0.0038836839010305156,0.0038834900458084576,0.06451082229614258,1.28160221489657e-19
0.08680852051538981,0.08599246467148652,0.10099070861550616,0.10000518939341625,0.1165151596069336,0.0038834900496418027,0.0038832962035328933,0.06450080871582031,1.2816165071913775e-19
0.0868084417631186,0.08599183205319753,0.10099099459040274,0.10000519318208084,0.11605978012084961,0.0038832962079442986,0.0038831023722707414,0.06394839286804199,1.281630802123556e-19
0.08680836301421502,0.08599119945576746,0.1009912805481569,0.10000519697056151,0.11601805686950684,0.003883102375934904,0.0038829085490021953,0.06449294090270996,1.281645101410198e-19
0.0868082842686789,0.08599056687919725,0.10099156648876999,0.10000520075885827,0.11712908744812012,0.003882908553616707,0.0038827147367470616,0.06456875801086426,1.28165939022846e-19
0.08680820552651006,0.0859899343234878,0.1009918524122434,0.10000520454697114,0.12033462524414062,0.0038827147409877215,0.0038825209337289834,0.06489396095275879,1.2816736813805823e-19
0.08680812678770834,0.08598930178864013,0.10099213831857849,0.10000520833490009,0.11896729469299316,0.00388252093804724,0.003882327140480868,0.0641469955444336,1.2816879739752946e-19
0.08680804805227356,0.08598866927465498,0.10099242420777665,0.10000521212264515,0.11696219444274902,0.0038823271447940575,0.0038821333573579864,0.06401419639587402,1.2817022613631482e-19
0.08680796932020553,0.08598803678153341,0.10099271007983926,0.10000521591020632,0.11898326873779297,0.0038821333612276783,0.003881939583116889,0.06569766998291016,1.281716553530417e-19
0.08680789059150405,0.08598740430927629,0.10099299593476767,0.1000052196975836,0.11958742141723633,0.0038819395873493064,0.0038817458186457543,0.06544828414916992,1.2817308439492752e-19
0.08680781186616897,0.08598677185788464,0.10099328177256327,0.10000522348477699,0.11993789672851562,0.003881745823158137,0.003881552064122218,0.06569552421569824,1.281745135331707e-19
0.08680773314420011,0.0859861394273594,0.10099356759322745,0.10000522727178648,0.12018179893493652,0.0038815520686530103,0.0038813583195462797,0.06626725196838379,1.2817594215899355e-19
0.08680765442559728,0.0859855070177013,0.10099385339676156,0.10000523105861209,0.11952590942382812,0.003881358323833391,0.0038811645847403042,0.06566476821899414,1.2817737088371685e-19
0.08680757571036031,0.0859848746289113,0.10099413918316699,0.10000523484525382,0.11989474296569824,0.0038811645886975294,0.0038809708589937486,0.06604146957397461,1.281787998539018e-19
0.08680749699848903,0.08598424226099045,0.10099442495244511,0.10000523863171168,0.12022638320922852,0.003880970863246909,0.0038807771431947913,0.06559586524963379,1.2818022822098176e-19
0.08680741828998323,0.08598360991393948,0.10099471070459728,0.10000524241798567,0.11987876892089844,0.003880777147480657,0.0038805834371657966,0.0658106803894043,1.2818165701594597e-19
0.08680733958484274,0.08598297758775947,0.10099499643962491,0.10000524620407579,0.12016963958740234,0.0038805834413980587,0.003880389740729129,0.06516599655151367,1.2818308539033635e-19
0.0868072608830674,0.08598234528245134,0.10099528215752934,0.10000524998998205,0.11956477165222168,0.0038803897449981818,0.0038801960545953307,0.06656813621520996,1.2818451450083774e-19
0.08680718218465701,0.08598171299801587,0.10099556785831196,0.10000525377570443,0.11936736106872559,0.0038801960582796075,0.0038800023769880454,0.06585097312927246,1.281859423425654e-19
0.08680710348961142,0.08598108073445379,0.10099585354197413,0.10000525756124297,0.11576509475708008,0.0038800023812448825,0.00387980870968363,0.06486201286315918,1.2818737108523606e-19
0.08680702479793041,0.08598044849176613,0.10099613920851722,0.10000526134659765,0.11691999435424805,0.003879808713891794,0.003879615051971541,0.06571650505065918,1.281887989436268e-19
0.08680694610961383,0.08597981626995398,0.10099642485794261,0.10000526513176848,0.11967706680297852,0.003879615056219871,0.0038794214038517794,0.06471371650695801,1.2819022738319618e-19
0.08680686742466148,0.08597918406901837,0.10099671049025165,0.10000526891675544,0.11836433410644531,0.0038794214082292933,0.003879227765679616,0.06516051292419434,1.2819165573038104e-19
0.08680678874307321,0.08597855188896021,0.10099699610544575,0.10000527270155857,0.11858773231506348,0.0038792277699185905,0.0038790341370997794,0.06464695930480957,1.2819308360268549e-19
0.0868067100648488,0.08597791972978025,0.10099728170352629,0.10000527648617785,0.11631059646606445,0.0038790341412886023,0.003878840517934634,0.06331753730773926,1.2819451161229472e-19
0.08680663138998812,0.08597728759147945,0.1009975672844946,0.1000052802706133,0.11741256713867188,0.003878840522337849,0.003878646908717087,0.06353902816772461,1.2819593987964084e-19
0.08680655271849097,0.08597665547405874,0.10099785284835211,0.1000052840548649,0.11999058723449707,0.0038786469130652245,0.003878453309269503,0.06383562088012695,1.2819736796415392e-19
0.08680647405035716,0.08597602337751893,0.10099813839510015,0.10000528783893267,0.11702871322631836,0.003878453313470126,0.003878259719058974,0.06292533874511719,1.2819879613010808e-19
0.08680639538558653,0.08597539130186091,0.1009984239247401,0.10000529162281661,0.11683106422424316,0.0038782597235538082,0.0038780661389736792,0.06339502334594727,1.2820022403003541e-19
0.08680631672417889,0.08597475924708567,0.10099870943727333,0.10000529540651673,0.11938738822937012,0.0038780661433147883,0.0038778725688359827,0.06488656997680664,1.282016515004037e-19
0.08680623806613408,0.08597412721319396,0.10099899493270123,0.10000529919003302,0.12090420722961426,0.0038778725727512007,0.003877679007935342,0.06508493423461914,1.2820307964801537e-19
0.08680615941145191,0.08597349520018702,0.10099928041102516,0.10000530297336549,0.1175687313079834,0.003877679011864201,0.0038774854568046635,0.06400775909423828,1.2820450699731278e-19
0.0868060807601322,0.08597286320806559,0.10099956587224647,0.10000530675651415,0.1179802417755127,0.0038774854606527407,0.003877291915266312,0.06482672691345215,1.2820593441832704e-19
0.08680600211217476,0.08597223123683059,0.10099985131636655,0.10000531053947899,0.12082839012145996,0.0038772919191169724,0.003877098383142652,0.06575655937194824,1.2820736245764067e-19
0.08680592346757944,0.08597159928648301,0.10100013674338676,0.10000531432226004,0.12050676345825195,0.0038770983872570526,0.003876904861144226,0.06610393524169922,1.282087895562021e-19
0.08680584482634604,0.08597096735702385,0.1010004221533085,0.10000531810485727,0.12311100959777832,0.00387690486507052,0.003876711348560491,0.0658576488494873,1.2821021766980508e-19
0.08680576618847438,0.08597033544845399,0.10100070754613312,0.1000053218872707,0.1222238540649414,0.003876711352558196,0.0038765178457467186,0.06530117988586426,1.2821164486379348e-19
0.08680568755396428,0.08596970356077442,0.10100099292186199,0.10000532566950032,0.12027478218078613,0.0038765178497192623,0.0038763243523476376,0.06529617309570312,1.282130722322979e-19
0.08680560892281558,0.08596907169398586,0.10100127828049647,0.10000532945154615,0.12104535102844238,0.003876324356552942,0.0038761308690737906,0.06446313858032227,1.2821449947478214e-19
0.08680553029502808,0.08596843984808936,0.10100156362203797,0.10000533323340818,0.11954545974731445,0.003876130873059336,0.003875937395036999,0.06578755378723145,1.2821592636479775e-19
0.08680545167060161,0.08596780802308573,0.10100184894648781,0.10000533701508643,0.11931252479553223,0.003875937399238038,0.00387574393077017,0.06645894050598145,1.2821735422610525e-19
0.08680537304953599,0.08596717621897576,0.1010021342538474,0.10000534079658091,0.1191399097442627,0.003875743935088924,0.003875550476806211,0.06469535827636719,1.2821878135469254e-19
0.08680529443183105,0.08596654443576046,0.1010024195441181,0.10000534457789159,0.11880350112915039,0.0038755504806097137,0.0038753570313687646,0.0650796890258789,1.2822020794525972e-19
0.08680521581748661,0.08596591267344067,0.10100270481730125,0.1000053483590185,0.12043380737304688,0.0038753570358023475,0.003875163596234188,0.06453371047973633,1.2822163502134582e-19
0.08680513720650249,0.0859652809320173,0.10100299007339826,0.10000535213996163,0.11786484718322754,0.0038751636006646674,0.0038749701710472095,0.06483149528503418,1.2822306190063103e-19
0.08680505859887849,0.08596464921149133,0.10100327531241048,0.10000535592072099,0.1203153133392334,0.0038749701751964625,0.0038747767547420153,0.06498146057128906,1.2822448952414137e-19
0.08680497999461446,0.08596401751186376,0.10100356053433927,0.10000535970129658,0.12057685852050781,0.003874776759398009,0.0038745833489173265,0.06486749649047852,1.282259160574022e-19
0.08680490139371023,0.08596338583313548,0.10100384573918603,0.1000053634816884,0.11995553970336914,0.0038745833532677814,0.0038743899521520575,0.06470298767089844,1.282273429438595e-19
0.0868048227961656,0.08596275417530742,0.10100413092695211,0.10000536726189645,0.1173710823059082,0.0038743899568056293,0.003874196565689658,0.06459903717041016,1.2822876969795023e-19
0.0868047442019804,0.08596212253838037,0.1010044160976389,0.10000537104192074,0.11878395080566406,0.003874196570010963,0.003874003188819586,0.06501507759094238,1.2823019652583045e-19
0.08680466561115446,0.0859614909223552,0.10100470125124773,0.10000537482176128,0.12062335014343262,0.0038740031928834167,0.003873809821719476,0.06518101692199707,1.282316231805635e-19
0.0868045870236876,0.08596085932723307,0.10100498638778,0.10000537860141805,0.11925864219665527,0.003873809825421488,0.003873616463856422,0.06531715393066406,1.2823304938874463e-19
0.08680450843957961,0.08596022775301473,0.10100527150723707,0.10000538238089109,0.12101006507873535,0.003873616467626303,0.0038734231150527876,0.0650780200958252,1.282344758791593e-19
0.08680442985883033,0.08595959619970121,0.1010055566096203,0.10000538616018037,0.12094426155090332,0.003873423119497176,0.00387322977708493,0.06536126136779785,1.282359025931608e-19
0.0868043512814396,0.08595896466729357,0.10100584169493106,0.1000053899392859,0.11882472038269043,0.003873229781032133,0.003873036448354128,0.06528544425964355,1.2823732910678058e-19
0.08680427270740723,0.08595833315579247,0.10100612676317071,0.1000053937182077,0.11851096153259277,0.003873036452232425,0.0038728431288603815,0.06342744827270508,1.2823875532596895e-19
0.08680419413673303,0.08595770166519902,0.10100641181434063,0.10000539749694576,0.11659932136535645,0.003872843133097304,0.0038726498198471404,0.06539535522460938,1.2824018160921985e-19
0.08680411556941683,0.08595707019551409,0.10100669684844218,0.10000540127550009,0.1177663803100586,0.0038726498236251357,0.003872456519360412,0.06590056419372559,1.282416077470732e-19
0.08680403700545847,0.08595643874673856,0.10100698186547674,0.10000540505387069,0.11874699592590332,0.0038724565238165577,0.0038722632297094606,0.06474137306213379,1.2824303383157739e-19
0.08680395844485773,0.08595580731887342,0.10100726686544569,0.10000540883205757,0.11650657653808594,0.0038722632336713816,0.003872069949117929,0.06446170806884766,1.2824445994169332e-19
0.08680387988761447,0.08595517591191953,0.10100755184835038,0.10000541261006071,0.11746335029602051,0.003872069953188088,0.003871876678118724,0.06407308578491211,1.282458865128697e-19
0.0868038013337285,0.08595454452587771,0.10100783681419218,0.10000541638788014,0.11829876899719238,0.003871876682366604,0.0038716834170671177,0.06421756744384766,1.2824731233052742e-19
0.08680372278319964,0.08595391316074877,0.10100812176297244,0.10000542016551585,0.11742115020751953,0.003871683421205665,0.0038714901654302025,0.06378602981567383,1.2824873820125748e-19
0.08680364423602772,0.08595328181653379,0.10100840669469255,0.10000542394296784,0.11795687675476074,0.003871490169706582,0.00387129692356325,0.06410551071166992,1.2825016402990212e-19
0.08680356569221256,0.08595265049323364,0.10100869160935386,0.10000542772023613,0.11912894248962402,0.003871296927868111,0.0038711036918215314,0.0632627010345459,1.282515900696991e-19
0.086803487151754,0.0859520191908493,0.10100897650695774,0.1000054314973207,0.11521458625793457,0.0038711036956884442,0.0038709104693168683,0.06257200241088867,1.2825301606091673e-19
0.08680340861465181,0.08595138790938166,0.10100926138750556,0.10000543527422157,0.11628365516662598,0.00387091047316807,0.0038707172556939895,0.06260967254638672,1.2825444131235495e-19
0.08680333008090585,0.08595075664883167,0.1010095462509987,0.10000543905093873,0.11759018898010254,0.0038707172603086324,0.0038705240529068874,0.06420540809631348,1.2825586700192944e-19
0.08680325155051594,0.08595012540920012,0.10100983109743851,0.1000054428274722,0.11896443367004395,0.003870524057105546,0.003870330859179205,0.06385064125061035,1.282572933556079e-19
0.0868031730234819,0.08594949419048799,0.10101011592682638,0.10000544660382198,0.12041711807250977,0.0038703308635613057,0.003870137675576757,0.06399321556091309,1.28258718474164e-19
0.08680309449980353,0.08594886299269604,0.10101040073916363,0.10000545037998806,0.12104320526123047,0.0038701376796741547,0.0038699445010337286,0.06427741050720215,1.2826014401545727e-19
0.08680301597948067,0.08594823181582532,0.10101068553445167,0.10000545415597045,0.11865067481994629,0.0038699445054448988,0.003869751336615934,0.06424403190612793,1.2826156953135157e-19
0.08680293746251316,0.08594760065987672,0.10101097031269182,0.10000545793176915,0.12018156051635742,0.003869751340871419,0.003869558181612831,0.06361722946166992,1.2826299447225568e-19
0.0868028589489008,0.08594696952485115,0.1010112550738855,0.10000546170738418,0.11988568305969238,0.003869558185953556,0.0038693650369125976,0.0644998550415039,1.2826441999060684e-19
0.08680278043864342,0.08594633841074946,0.10101153981803407,0.10000546548281554,0.1208491325378418,0.0038693650406907377,0.003869171901271784,0.06460332870483398,1.2826584560861447e-19
0.08680270193174083,0.0859457073175727,0.10101182454513888,0.10000546925806321,0.11946320533752441,0.0038691719050839525,0.0038689787750456617,0.0646357536315918,1.2826727060501663e-19
0.08680262342819287,0.08594507624532163,0.10101210925520128,0.10000547303312722,0.12102818489074707,0.003868978779131317,0.003868785658589502,0.06513309478759766,1.2826869541346674e-19
0.08680254492799934,0.08594444519399731,0.10101239394822263,0.10000547680800756,0.12042927742004395,0.003868785662832991,0.003868592551903305,0.06409764289855957,1.2827012136658375e-19
0.08680246643116007,0.08594381416360053,0.10101267862420431,0.10000548058270424,0.11898159980773926,0.003868592556188562,0.0038683994548094347,0.06288409233093262,1.2827154561093095e-19
0.0868023879376749,0.08594318315413207,0.10101296328314767,0.10000548435721726,0.11872982978820801,0.003868399459197823,0.003868206367485527,0.06457734107971191,1.282729711091036e-19
0.08680230944754362,0.08594255216559313,0.10101324792505408,0.10000548813154661,0.12066435813903809,0.0038682063718596038,0.003868013289576311,0.06582498550415039,1.2827439588331155e-19
0.08680223096076606,0.08594192119798456,0.10101353254992487,0.10000549190569231,0.12252998352050781,0.003868013294172492,0.0038678202219699642,0.06587052345275879,1.282758214151155e-19
0.08680215247734206,0.08594129025130709,0.10101381715776145,0.10000549567965437,0.1223146915435791,0.003867820226136967,0.0038676271634230375,0.06571197509765625,1.2827724584387843e-19
0.08680207399727144,0.08594065932556169,0.10101410174856519,0.10000549945343279,0.12034106254577637,0.0038676271677528405,0.003867434114823709,0.06537890434265137,1.2827867084180954e-19
0.08680199552055401,0.08594002842074931,0.10101438632233746,0.10000550322702756,0.11780548095703125,0.003867434119020673,0.003867241075461436,0.06424403190612793,1.2828009535279226e-19
0.0868019170471896,0.08593939753687073,0.10101467087907959,0.10000550700043868,0.12069368362426758,0.003867241079938654,0.0038670480462243972,0.06539440155029297,1.2828152010702192e-19
0.08680183857717805,0.0859387666739269,0.10101495541879296,0.10000551077366616,0.12021446228027344,0.003867048050505221,0.0038668550264020496,0.06537461280822754,1.2828294481758835e-19
0.08680176011051915,0.08593813583191869,0.10101523994147894,0.10000551454671001,0.12051987648010254,0.0038668550307216663,0.0038666620165273002,0.06523609161376953,1.282843694016405e-19
0.08680168164721275,0.08593750501084722,0.10101552444713889,0.10000551831957022,0.11986637115478516,0.003866662020586065,0.003866469015534335,0.06478333473205566,1.2828579408021599e-19
0.08680160318725864,0.08593687421071323,0.10101580893577417,0.10000552209224679,0.12146115303039551,0.0038664690200993735,0.0038662760243113325,0.06500959396362305,1.2828721837993827e-19
0.08680152473065668,0.08593624343151766,0.10101609340738614,0.10000552586473975,0.12065935134887695,0.003866276029261418,0.0038660830441017424,0.0661923885345459,1.282886421872607e-19
0.08680144627740667,0.08593561267326152,0.10101637786197618,0.10000552963704908,0.12151765823364258,0.003866083048068564,0.003865890072418665,0.0658712387084961,1.2829006731394446e-19
0.08680136782750843,0.0859349819359459,0.10101666229954563,0.1000055334091748,0.12172913551330566,0.003865890076523195,0.0038656971103279147,0.06573724746704102,1.2829149112996845e-19
0.0868012893809618,0.08593435121957148,0.10101694672009585,0.10000553718111689,0.11935830116271973,0.00386569711462443,0.003865504158540034,0.06493639945983887,1.2829291543726753e-19
0.08680121093776659,0.08593372052413935,0.10101723112362822,0.10000554095287538,0.12038922309875488,0.003865504162370719,0.003865311215989209,0.06458044052124023,1.2829433949199501e-19
0.08680113249792261,0.08593308984965027,0.10101751551014407,0.10000554472445027,0.12033677101135254,0.003865311219762339,0.0038651182826754393,0.06510758399963379,1.282957637759745e-19
0.0868010540614297,0.08593245919610519,0.10101779987964479,0.10000554849584155,0.11767029762268066,0.00386511828679976,0.0038649253589539967,0.06570172309875488,1.2829718766623628e-19
0.08680097562828767,0.08593182856350505,0.10101808423213175,0.10000555226704923,0.11750221252441406,0.0038649253634814966,0.0038647324457130594,0.06528568267822266,1.2829861203987193e-19
0.08680089719849637,0.08593119795185074,0.10101836856760629,0.1000055560380733,0.11770319938659668,0.0038647324498070753,0.0038645395418868134,0.06568098068237305,1.283000356631486e-19
0.0868008187720556,0.08593056736114303,0.10101865288606979,0.10000555980891378,0.12060880661010742,0.003864539545774667,0.0038643466469423515,0.06510591506958008,1.283014596351583e-19
0.08680074034896518,0.08592993679138297,0.10101893718752358,0.10000556357957066,0.12033581733703613,0.0038643466513864286,0.0038641537626560307,0.06678938865661621,1.2830288354960746e-19
0.08680066192922495,0.0859293062425714,0.10101922147196905,0.10000556735004394,0.12111926078796387,0.003864153766639237,0.0038639608876067655,0.06660223007202148,1.2830430722598737e-19
0.0868005835128347,0.08592867571470918,0.10101950573940759,0.10000557112033365,0.12111663818359375,0.0038639608915346296,0.0038637680219721915,0.06590437889099121,1.2830573117648909e-19
0.0868005050997943,0.08592804520779712,0.1010197899898405,0.10000557489043976,0.11918258666992188,0.0038637680260720716,0.0038635751659299444,0.06516003608703613,1.2830715468972347e-19
0.08680042669010353,0.08592741472183621,0.10102007422326918,0.1000055786603623,0.12015247344970703,0.0038635751702498404,0.0038633823200129314,0.06616926193237305,1.283085779703148e-19
0.08680034828376224,0.08592678425682727,0.101020358439695,0.10000558243010128,0.1180577278137207,0.0038633823240684,0.003863189483155338,0.06539225578308105,1.283100019141945e-19
0.08680026988077025,0.0859261538127712,0.10102064263911928,0.10000558619965669,0.11629748344421387,0.0038631894875276107,0.003862996656422979,0.06429719924926758,1.2831142504714204e-19
0.08680019148112736,0.08592552338966893,0.10102092682154341,0.10000558996902853,0.11640238761901855,0.003862996660625566,0.0038628038389276753,0.06486201286315918,1.2831284868453273e-19
0.08680011308483342,0.0859248929875214,0.10102121098696876,0.1000055937382168,0.11949753761291504,0.0038628038433635922,0.0038626110317352413,0.06485867500305176,1.2831427249990078e-19
0.08680003469188824,0.08592426260632952,0.10102149513539667,0.1000055975072215,0.12131285667419434,0.0038626110357387515,0.003862418233779863,0.06584692001342773,1.2831569527027413e-19
0.08679995630229163,0.08592363224609421,0.1010217792668285,0.10000560127604265,0.12366271018981934,0.0038624182377528966,0.00386222544506154,0.06596088409423828,1.2831711860139203e-19
0.08679987791604345,0.0859230019068164,0.10102206338126561,0.10000560504468023,0.1226656436920166,0.003862225449404678,0.0038620326664684512,0.06559443473815918,1.2831854198397283e-19
0.08679979953314348,0.08592237158849697,0.10102234747870939,0.10000560881313426,0.12135910987854004,0.003862032670693835,0.003861839897645325,0.0658414363861084,1.2831996499277662e-19
0.08679972115359158,0.08592174129113703,0.10102263155916115,0.10000561258140475,0.12349319458007812,0.003861839901619535,0.00386164713823689,0.06549811363220215,1.2832138784375858e-19
0.08679964277738755,0.08592111101473753,0.10102291562262226,0.10000561634949169,0.12245392799377441,0.0038616471421806754,0.0038614543885984176,0.06446099281311035,1.2832281153304292e-19
0.08679956440453121,0.08592048075929923,0.10102319966909408,0.1000056201173951,0.12209320068359375,0.003861454392376759,0.003861261648019365,0.06539440155029297,1.2832423441064038e-19
0.0867994860350224,0.08591985052482298,0.10102348369857798,0.10000562388511496,0.12522411346435547,0.0038612616522090215,0.003861068917920818,0.06517267227172852,1.283256573278752e-19
0.08679940766886092,0.08591922031130965,0.10102376771107534,0.10000562765265128,0.12432265281677246,0.003861068921675509,0.0038608761968816907,0.06579208374023438,1.2832707975600047e-19
0.08679932930604661,0.0859185901187603,0.10102405170658749,0.10000563142000407,0.1226348876953125,0.003860876200776241,0.003860683485612526,0.0658411979675293,1.2832850246023024e-19
0.08679925094657928,0.08591795994717563,0.10102433568511579,0.10000563518717333,0.12315917015075684,0.003860683489510937,0.003860490783580417,0.06630373001098633,1.2832992601512266e-19
0.08679917259045877,0.08591732979655664,0.10102461964666162,0.10000563895415907,0.1251358985900879,0.0038604907878791866,0.0038602980920288132,0.06660342216491699,1.2833134823978697e-19
0.0867990942376849,0.08591669966690428,0.10102490359122633,0.10000564272096128,0.12538814544677734,0.003860298095879776,0.0038601054098919008,0.06679940223693848,1.2833277094515302e-19
0.0867990158882575,0.08591606955821934,0.10102518751881126,0.10000564648757998,0.12611842155456543,0.0038601054135115904,0.0038599127366367725,0.06702065467834473,1.283341938082691e-19
0.08679893754217637,0.08591543947050259,0.10102547142941777,0.10000565025401516,0.1254262924194336,0.0038599127407771524,0.0038597200738621495,0.06706094741821289,1.2833561593268669e-19
0.08679885919944133,0.08591480940375505,0.10102575532304722,0.10000565402026683,0.12588095664978027,0.0038597200776740136,0.003859527419969311,0.06729888916015625,1.2833703881214727e-19
0.08679878086005223,0.08591417935797784,0.10102603919970099,0.100005657786335,0.12482476234436035,0.003859527424202653,0.0038593347765569774,0.06741642951965332,1.2833846104128854e-19
0.08679870252400887,0.0859135493331718,0.10102632305938042,0.10000566155221965,0.12452030181884766,0.003859334780360259,0.0038591421420264282,0.0671544075012207,1.2833988344602644e-19
0.08679862419131108,0.08591291932933777,0.10102660690208684,0.10000566531792081,0.13888216018676758,0.0038591421461476793,0.0038589495172658417,0.07788467407226562,1.2834130547230342e-19
0.08679854586195869,0.08591228934647648,0.10102689072782163,0.10000566908343847,0.1273634433746338,0.003858949521565103,0.0038587569019199464,0.07036232948303223,1.283427279957127e-19
0.08679846753595152,0.08591165938458903,0.10102717453658616,0.10000567284877263,0.12050366401672363,0.003858756906612768,0.0038585642968769207,0.06851935386657715,1.283441503700354e-19
0.08679838921328939,0.08591102944367636,0.1010274583283818,0.10000567661392329,0.12239527702331543,0.003858564301288084,0.0038583717012485863,0.06821203231811523,1.2834557225225851e-19
0.08679831089397212,0.08591039952373916,0.10102774210320989,0.10000568037889046,0.12301874160766602,0.003858371705590579,0.0038581791153902145,0.0683279037475586,1.28346994178293e-19
0.08679823257799953,0.08590976962477849,0.10102802586107178,0.10000568414367415,0.12208676338195801,0.003858179119520486,0.003857986538946534,0.06746888160705566,1.2834841629460523e-19
0.08679815426537145,0.08590913974679525,0.10102830960196882,0.10000568790827435,0.11955380439758301,0.0038579865430773087,0.0038577939713846376,0.0667116641998291,1.2834983819924219e-19
0.0867980759560877,0.08590850988979025,0.10102859332590239,0.10000569167269108,0.12064981460571289,0.003857793976261953,0.003857601415191425,0.06785750389099121,1.2835126059699225e-19
0.0867979976501481,0.08590788005376454,0.10102887703287383,0.10000569543692432,0.12321090698242188,0.0038576014190701497,0.0038574088673470897,0.06801557540893555,1.2835268192618585e-19
0.08679791934755249,0.08590725023871884,0.1010291607228845,0.1000056992009741,0.12695097923278809,0.0038574088715047777,0.0038572163299832596,0.0718071460723877,1.283541035221431e-19
0.08679784104830067,0.08590662044465411,0.10102944439593575,0.1000057029648404,0.11657428741455078,0.0038572163335627175,0.0038570238015012137,0.0711672306060791,1.2835552638121455e-19
0.08679776275239248,0.08590599067157113,0.10102972805202895,0.10000570672852326,0.12237548828125,0.003857023805246532,0.003856831282433859,0.06817340850830078,1.2835694710126398e-19
0.08679768445982773,0.0859053609194711,0.10103001169116545,0.10000571049202263,0.12073993682861328,0.0038568312865550148,0.0038566387733141028,0.06807947158813477,1.2835836895718866e-19
0.08679760617060625,0.08590473118835486,0.10103029531334658,0.10000571425533854,0.12305402755737305,0.0038566387774873687,0.0038564462741419447,0.06778144836425781,1.2835979082034922e-19
0.08679752788472786,0.08590410147822315,0.10103057891857373,0.10000571801847101,0.12282180786132812,0.0038564462780420567,0.0038562537842068423,0.06785845756530762,1.2836121231180442e-19
0.08679744960219239,0.08590347178907703,0.10103086250684826,0.10000572178142003,0.12318301200866699,0.0038562537882186826,0.0038560613038640668,0.06792163848876953,1.2836263366870772e-19
0.08679737132299967,0.08590284212091714,0.10103114607817149,0.10000572554418559,0.12272262573242188,0.0038560613080187356,0.0038558688336465252,0.06752753257751465,1.283640549502879e-19
0.08679729304714949,0.08590221247374441,0.1010314296325448,0.10000572930676771,0.12216997146606445,0.0038558688374390046,0.0038556763726660392,0.06699132919311523,1.2836547610838177e-19
0.0867972147746417,0.08590158284755996,0.10103171316996956,0.1000057330691664,0.12212920188903809,0.0038556763764817613,0.0038554839216331516,0.06810688972473145,1.2836689780593273e-19
0.08679713650547612,0.08590095324236446,0.10103199669044712,0.10000573683138163,0.12325882911682129,0.0038554839251441044,0.0038552914796596838,0.06740117073059082,1.2836831898902232e-19
0.08679705823965257,0.08590032365815897,0.1010322801939788,0.10000574059341344,0.12318134307861328,0.003855291483427287,0.0038550990476338143,0.06748056411743164,1.2836974017222487e-19
0.0867969799771709,0.08589969409494445,0.10103256368056597,0.10000574435526181,0.1206521987915039,0.0038550990513301978,0.0038549066248450004,0.06644392013549805,1.2837116134105338e-19
0.0867969017180309,0.08589906455272187,0.10103284715020999,0.10000574811692677,0.11979007720947266,0.003854906628852608,0.0038547142114708777,0.06578421592712402,1.2837258254598678e-19
0.0867968234622324,0.08589843503149204,0.10103313060291223,0.10000575187840828,0.11989474296569824,0.003854714215995118,0.0038545218091101674,0.0657045841217041,1.2837400312630202e-19
0.08679674520977523,0.08589780553125578,0.10103341403867402,0.10000575563970639,0.12017607688903809,0.0038545218127537043,0.0038543294150983343,0.06538772583007812,1.2837542418572674e-19
0.08679666696065921,0.08589717605201394,0.10103369745749673,0.10000575940082107,0.1220862865447998,0.0038543294191307927,0.0038541370305011924,0.06602883338928223,1.2837684493732352e-19
0.08679658871488416,0.08589654659376737,0.10103398085938169,0.10000576316175235,0.12060904502868652,0.003854137035126484,0.0038539446565621915,0.0645747184753418,1.2837826615133387e-19
0.0867965104724499,0.08589591715651693,0.10103426424433026,0.1000057669225002,0.11873316764831543,0.003853944660738598,0.0038537522916826106,0.06411051750183105,1.2837968723855402e-19
0.08679643223335627,0.08589528774026356,0.10103454761234382,0.10000577068306464,0.1193387508392334,0.003853752295967661,0.0038535599365729922,0.06478190422058105,1.2838110752781024e-19
0.08679635399760306,0.08589465834500812,0.10103483096342368,0.10000577444344567,0.11901426315307617,0.003853559940812214,0.003853367590878065,0.06465530395507812,1.2838252810092168e-19
0.08679627576519013,0.08589402897075164,0.10103511429757123,0.10000577820364331,0.12139105796813965,0.0038533675952721422,0.0038531752549531006,0.06499338150024414,1.2838394869600647e-19
0.08679619753611728,0.0858933996174949,0.1010353976147878,0.10000578196365756,0.12176680564880371,0.0038531752593475342,0.0038529829287980988,0.0648350715637207,1.2838536947362096e-19
0.08679611931038433,0.08589277028523883,0.10103568091507475,0.1000057857234884,0.12190103530883789,0.003852982933036644,0.003852790612057788,0.06487178802490234,1.2838678958149246e-19
0.08679604108799113,0.0858921409739843,0.10103596419843343,0.10000578948313585,0.12026572227478027,0.003852790616339639,0.003852598305265076,0.06422758102416992,1.283882103027851e-19
0.08679596286893748,0.0858915116837322,0.10103624746486518,0.10000579324259992,0.11959123611450195,0.0038525983092556546,0.003852406007887055,0.06334304809570312,1.2838963102168542e-19
0.0867958846532232,0.08589088241448349,0.1010365307143714,0.1000057970018806,0.11867666244506836,0.0038524060117842264,0.0038522137201013607,0.06334733963012695,1.2839105141790625e-19
0.08679580644084813,0.0858902531662392,0.10103681394695338,0.1000058007609779,0.11828422546386719,0.003852213723925941,0.0038520214411974507,0.06344032287597656,1.2839247128445346e-19
0.08679572823181209,0.08588962393900007,0.10103709716261251,0.10000580451989183,0.11901569366455078,0.0038520214456802867,0.0038518291725964104,0.06441211700439453,1.2839389165192681e-19
0.08679565002611489,0.08588899473276702,0.10103738036135014,0.10000580827862238,0.12131762504577637,0.00385182917704643,0.0038516369139429685,0.06362199783325195,1.2839531171384893e-19
0.08679557182375637,0.08588836554754098,0.10103766354316762,0.10000581203716956,0.12105011940002441,0.0038516369180228924,0.0038514446647042178,0.06353259086608887,1.2839673201008305e-19
0.08679549362473635,0.08588773638332282,0.10103794670806629,0.10000581579553337,0.12129998207092285,0.0038514446686091584,0.0038512524247025226,0.06360745429992676,1.2839815211144116e-19
0.08679541542905464,0.0858871072401134,0.10103822985604752,0.1000058195537138,0.11816883087158203,0.003851252428806449,0.0038510601948260614,0.06305265426635742,1.2839957215660764e-19
0.08679533723671107,0.08588647811791378,0.10103851298711264,0.10000582331171089,0.1198740005493164,0.0038510601986122507,0.00385086797400902,0.0637357234954834,1.2840099234388444e-19
0.08679525904770546,0.08588584901672475,0.10103879610126303,0.1000058270695246,0.12051510810852051,0.0038508679780281368,0.003850675763139577,0.06260251998901367,1.2840241178123973e-19
0.08679518086203765,0.08588521993654707,0.10103907919850001,0.10000583082715496,0.11970925331115723,0.003850675767052912,0.003850483561329554,0.062433481216430664,1.2840383179612153e-19
0.08679510267970746,0.08588459087738189,0.10103936227882496,0.10000583458460197,0.11875128746032715,0.0038504835656858584,0.003850291370177672,0.06237387657165527,1.2840525197724668e-19
0.0867950245007147,0.08588396183922994,0.10103964534223919,0.10000583834186562,0.11934113502502441,0.003850291373925341,0.0038500991882628455,0.06312799453735352,1.2840667110554938e-19
0.0867949463250592,0.08588333282209211,0.1010399283887441,0.10000584209894593,0.12104940414428711,0.0038500991917712734,0.003849907014874532,0.06294393539428711,1.284080906832267e-19
0.08679486815274079,0.0858827038259693,0.10104021141834099,0.1000058458558429,0.11903786659240723,0.003849907019225899,0.003849714852321995,0.06242108345031738,1.2840951095713532e-19
0.08679478998375928,0.08588207485086237,0.10104049443103125,0.10000584961255653,0.12018322944641113,0.003849714856285348,0.003849522698651242,0.06342411041259766,1.2841092995660472e-19
0.08679471181811449,0.08588144589677232,0.10104077742681619,0.10000585336908682,0.12061738967895508,0.0038495227029521272,0.0038493305551057233,0.06299304962158203,1.2841234985759722e-19
0.08679463365580627,0.08588081696370009,0.10104106040569719,0.10000585712543379,0.12009382247924805,0.0038493305592234893,0.00384913842079726,0.06316137313842773,1.2841376905224626e-19
0.08679455549683442,0.0858801880516465,0.1010413433676756,0.10000586088159742,0.118988037109375,0.003849138425100221,0.0038489462962587595,0.06283736228942871,1.2841518846467681e-19
0.08679447734119877,0.0858795591606125,0.10104162631275276,0.10000586463757773,0.11689209938049316,0.003848946300581517,0.0038487541820231286,0.06246137619018555,1.2841660764263635e-19
0.08679439918889915,0.08587893029059886,0.10104190924093001,0.1000058683933747,0.11941885948181152,0.003848754185664812,0.0038485620763140105,0.06337475776672363,1.2841802728870953e-19
0.08679432103993538,0.08587830144160653,0.10104219215220872,0.10000587214898837,0.11891841888427734,0.0038485620803527963,0.0038483699807301264,0.06338334083557129,1.284194466489367e-19
0.0867942428943073,0.08587767261363641,0.10104247504659024,0.10000587590441871,0.11853480339050293,0.0038483699846421837,0.003848177894383298,0.06379532814025879,1.284208656757236e-19
0.0867941647520147,0.08587704380668934,0.10104275792407592,0.10000587965966576,0.11724233627319336,0.003848177898535964,0.0038479858181617033,0.06341719627380371,1.2842228420770332e-19
0.08679408661305742,0.08587641502076625,0.10104304078466711,0.10000588341472949,0.11672043800354004,0.0038479858220308505,0.0038477937513548,0.06334400177001953,1.2842370400973804e-19
0.08679400847743529,0.08587578625586788,0.10104332362836514,0.10000588716960991,0.11643671989440918,0.0038477937551263768,0.0038476016936073165,0.0637819766998291,1.284251224720982e-19
0.08679393034514812,0.08587515751199533,0.10104360645517137,0.10000589092430703,0.11672568321228027,0.003847601697823797,0.0038474096463403384,0.06424474716186523,1.2842654143982065e-19
0.08679385221619576,0.08587452878914939,0.10104388926508714,0.10000589467882086,0.1164083480834961,0.003847409650120949,0.0038472176081327802,0.06487417221069336,1.2842796024130532e-19
0.08679377409057801,0.08587390008733091,0.10104417205811382,0.1000058984331514,0.11683440208435059,0.003847217612018323,0.0038470255793399133,0.06577944755554199,1.284293797152042e-19
0.08679369596829468,0.08587327140654093,0.10104445483425274,0.10000590218729864,0.11615920066833496,0.0038470255835161725,0.0038468335604946446,0.06519937515258789,1.284307982995454e-19
0.08679361784934563,0.08587264274678041,0.10104473759350525,0.10000590594126259,0.11638379096984863,0.003846833564613212,0.003846641550708796,0.06541848182678223,1.2843221688406508e-19
0.08679353973373066,0.0858720141080501,0.1010450203358727,0.10000590969504325,0.11716818809509277,0.0038466415553097674,0.003846449551581088,0.06629252433776855,1.2843363580028342e-19
0.0867934616214496,0.08587138549035092,0.10104530306135645,0.10000591344864063,0.11776232719421387,0.0038464495556039474,0.0038462575615128003,0.06619572639465332,1.2843505425694268e-19
0.08679338351250229,0.08587075689368383,0.10104558576995783,0.10000591720205472,0.11837983131408691,0.0038462575654939542,0.003846065580681568,0.06659412384033203,1.2843647265660263e-19
0.08679330540688855,0.08587012831804962,0.10104586846167818,0.10000592095528556,0.11609292030334473,0.0038460655849829476,0.003845873610330841,0.06557941436767578,1.284378915188613e-19
0.08679322730460819,0.08586949976344915,0.10104615113651887,0.10000592470833312,0.11444878578186035,0.0038458736140671032,0.0038456816481513556,0.06547737121582031,1.2843930962026165e-19
0.08679314920566103,0.0858688712298833,0.10104643379448124,0.10000592846119742,0.1140592098236084,0.003845681652748405,0.0038454896969852825,0.06480669975280762,1.2844072768678926e-19
0.0867930711100469,0.08586824271735312,0.10104671643556665,0.10000593221387845,0.11646127700805664,0.003845489701024194,0.003845297754523358,0.06722760200500488,1.284421463031509e-19
0.08679299301776564,0.08586761422585933,0.10104699905977643,0.1000059359663762,0.11908149719238281,0.0038452977588964874,0.003845105822364303,0.0663290023803711,1.2844356471262223e-19
0.08679291492881705,0.08586698575540277,0.10104728166711194,0.1000059397186907,0.11772346496582031,0.0038451058263620063,0.0038449138990870324,0.06624269485473633,1.2844498261768739e-19
0.08679283684320097,0.08586635730598433,0.1010475642575745,0.10000594347082195,0.11504101753234863,0.0038449139034226606,0.0038447219859349957,0.06488966941833496,1.2844640060779585e-19
0.08679275876091722,0.08586572887760517,0.10104784683116547,0.10000594722276995,0.11678123474121094,0.0038447219900769342,0.003844530082375286,0.06598043441772461,1.284478190256065e-19
0.0867926806819656,0.08586510047026605,0.10104812938788622,0.1000059509745347,0.11880278587341309,0.0038445300863236822,0.003844338187874996,0.06557083129882812,1.2844923698348644e-19
0.08679260260634597,0.08586447208396772,0.10104841192773809,0.1000059547261162,0.11923098564147949,0.003844338192163804,0.003844146303677576,0.0657496452331543,1.284506554029535e-19
0.08679252453405815,0.08586384371871109,0.10104869445072241,0.10000595847751448,0.1193077564239502,0.0038441463075960585,0.003843954428717211,0.06597137451171875,1.2845207230938358e-19
0.08679244646510195,0.08586321537449697,0.10104897695684054,0.10000596222872951,0.1172478199005127,0.0038439544326187534,0.003843762563526809,0.06589627265930176,1.2845349097603238e-19
0.08679236839947718,0.08586258705132652,0.1010492594460938,0.1000059659797613,0.11731457710266113,0.0038437625672332965,0.0038435707075734626,0.0651082992553711,1.284549085842495e-19
0.08679229033718369,0.08586195874920043,0.10104954191848357,0.10000596973060986,0.11876702308654785,0.003843570711438948,0.0038433788610348074,0.06480765342712402,1.2845632651837217e-19
0.0867922122782213,0.0858613304681198,0.10104982437401117,0.1000059734812752,0.12031793594360352,0.003843378865235509,0.003843187024799022,0.0654439926147461,1.2845774448680203e-19
0.08679213422258983,0.08586070220808545,0.10105010681267795,0.1000059772317573,0.11629080772399902,0.003843187028621584,0.003842995197622656,0.06571650505065918,1.284591613071803e-19
0.0867920561702891,0.08586007396909812,0.10105038923448527,0.1000059809820562,0.12091398239135742,0.003842995201596938,0.003842803380216253,0.06569457054138184,1.2846057929176232e-19
0.08679197812131893,0.08585944575115877,0.10105067163943446,0.10000598473217186,0.12062454223632812,0.0038428033841607706,0.0038426115720469056,0.06544804573059082,1.2846199695484364e-19
0.08679190007567916,0.0858588175542685,0.10105095402752688,0.10000598848210432,0.11560893058776855,0.0038426115763139793,0.0038424197736475207,0.06376004219055176,1.2846341480908418e-19
0.08679182203336962,0.08585818937842804,0.10105123639876387,0.10000599223185357,0.11687493324279785,0.003842419778055062,0.0038422279850180985,0.0637354850769043,1.284648317366029e-19
0.08679174399439013,0.08585756122363808,0.10105151875314677,0.10000599598141961,0.11689996719360352,0.0038422279893841798,0.003842036205981003,0.06569623947143555,1.284662499429534e-19
0.0867916659587405,0.08585693308989978,0.1010518010906769,0.10000599973080244,0.11990046501159668,0.0038420362102995513,0.003841844437069142,0.06635546684265137,1.2846766670803216e-19
0.08679158792642055,0.0858563049772139,0.10105208341135563,0.10000600348000208,0.11849284172058105,0.0038418444408003134,0.0038416526766837933,0.06503653526306152,1.2846908374886468e-19
0.08679150989743012,0.08585567688558148,0.10105236571518429,0.1000060072290185,0.11739754676818848,0.0038416526808880656,0.00384146092677895,0.0647130012512207,1.2847050131465922e-19
0.08679143187176903,0.08585504881500343,0.10105264800216425,0.10000601097785174,0.1175074577331543,0.003841460930560525,0.0038412691855782555,0.06468987464904785,1.284719182017247e-19
0.08679135384943712,0.08585442076548047,0.10105293027229684,0.10000601472650178,0.11932086944580078,0.003841269189818701,0.0038410774546804305,0.06465363502502441,1.2847333580484326e-19
0.0867912758304342,0.08585379273701375,0.1010532125255834,0.10000601847496862,0.11871337890625,0.0038410774586616642,0.0038408857326643897,0.06465625762939453,1.28474752015873e-19
0.08679119781476008,0.08585316472960393,0.10105349476202527,0.10000602222325229,0.11837553977966309,0.003840885737090069,0.003840694020773583,0.0651254653930664,1.2847616929983583e-19
0.0867911198024146,0.08585253674325184,0.1010537769816238,0.10000602597135277,0.11735248565673828,0.003840694025101241,0.0038405023186527387,0.06437087059020996,1.2847758666912307e-19
0.08679104179339758,0.08585190877795852,0.10105405918438033,0.10000602971927008,0.11596393585205078,0.003840502322694877,0.0038403106255913144,0.06464290618896484,1.2847900320198863e-19
0.08679096378770886,0.08585128083372473,0.10105434137029622,0.10000603346700422,0.11644911766052246,0.0038403106298717272,0.003840118942122217,0.06447005271911621,1.2848041980688222e-19
0.08679088578534824,0.08585065291055148,0.10105462353937279,0.10000603721455519,0.11697959899902344,0.003840118946631367,0.0038399272687783537,0.066192626953125,1.284818364438257e-19
0.08679080778631555,0.0858500250084395,0.10105490569161138,0.10000604096192298,0.1210324764251709,0.003839927272972583,0.0038397356048491815,0.06605911254882812,1.2848325365393613e-19
0.08679072979061062,0.08584939712738963,0.10105518782701335,0.10000604470910761,0.11627197265625,0.003839735608894542,0.003839543950157065,0.06431031227111816,1.2848466991930577e-19
0.08679065179823327,0.08584876926740279,0.10105546994558004,0.10000604845610908,0.11803126335144043,0.003839543954397514,0.0038393523050572753,0.06678080558776855,1.2848608646868115e-19
0.08679057380918333,0.08584814142848012,0.10105575204731279,0.10000605220292741,0.1194767951965332,0.0038393523094806927,0.0038391606702603553,0.06532621383666992,1.2848750345438701e-19
0.08679049582346061,0.08584751361062241,0.10105603413221294,0.10000605594956258,0.12047100067138672,0.003839160674143821,0.003838969044167584,0.0659334659576416,1.284889194456004e-19
0.08679041784106496,0.08584688581383051,0.10105631620028183,0.1000060596960146,0.1187582015991211,0.003838969048385877,0.003838777428377682,0.0653388500213623,1.2849033622985134e-19
0.08679033986199619,0.0858462580381053,0.10105659825152079,0.10000606344228347,0.11968755722045898,0.003838777432205975,0.0038385858220024716,0.06517958641052246,1.2849175216075746e-19
0.08679026188625412,0.08584563028344762,0.1010568802859312,0.10000606718836919,0.11747193336486816,0.003838585825603622,0.003838394224686681,0.06452441215515137,1.284931682443226e-19
0.08679018391383858,0.08584500254985854,0.10105716230351434,0.10000607093427177,0.1166541576385498,0.003838394228580697,0.003838202636963217,0.0648491382598877,1.2849458533389708e-19
0.0867901059447494,0.08584437483733866,0.1010574443042716,0.10000607467999122,0.116302490234375,0.0038382026411354474,0.003838011059542623,0.06465458869934082,1.2849600096513365e-19
0.08679002797898637,0.085843747145889,0.10105772628820431,0.10000607842552751,0.11633467674255371,0.0038380110632663224,0.0038378194908261776,0.06402850151062012,1.28497417597224e-19
0.08678995001654935,0.08584311947551039,0.10105800825531382,0.1000060821708807,0.11562204360961914,0.0038378194949745398,0.003837627932234966,0.06409049034118652,1.2849883327717845e-19
0.08678987205743816,0.08584249182620368,0.10105829020560143,0.10000608591605074,0.1160585880279541,0.0038376279362585643,0.00383743638288081,0.06410479545593262,1.2850024918041628e-19
0.08678979410165262,0.0858418641979697,0.10105857213906852,0.10000608966103766,0.11767339706420898,0.0038374363871179536,0.0038372448434742523,0.06570005416870117,1.2850166550511883e-19
0.08678971614919256,0.08584123659080936,0.10105885405571645,0.10000609340584148,0.1179502010345459,0.0038372448475526323,0.00383705331330475,0.0654134750366211,1.2850308117310227e-19
0.08678963820005779,0.08584060900472353,0.10105913595554653,0.10000609715046217,0.11989474296569824,0.0038370533175606965,0.0038368617929052107,0.06515765190124512,1.2850449703630483e-19
0.08678956025424815,0.08583998143971304,0.10105941783856008,0.10000610089489975,0.11953473091125488,0.0038368617971440344,0.0038366702824532695,0.06533932685852051,1.2850591277999994e-19
0.08678948231176346,0.08583935389577878,0.10105969970475848,0.10000610463915421,0.11746335029602051,0.003836670286300043,0.0038364787808831124,0.06473565101623535,1.2850732859942743e-19
0.08678940437260355,0.08583872637292178,0.10105998155414307,0.10000610838322556,0.11927676200866699,0.0038364787850290833,0.0038362872894381894,0.0652766227722168,1.2850874383384547e-19
0.08678932643676823,0.08583809887114295,0.10106026338671517,0.10000611212711381,0.11771607398986816,0.0038362872933299244,0.0038360958074079576,0.06530427932739258,1.2851016001767897e-19
0.08678924850425734,0.08583747139044298,0.10106054520247613,0.10000611587081897,0.11938762664794922,0.003836095811203398,0.0038359043346147814,0.06532645225524902,1.285115754579216e-19
0.0867891705750707,0.08583684393082296,0.10106082700142731,0.10000611961434103,0.11766481399536133,0.003835904338648783,0.0038357128717692035,0.06417012214660645,1.285129912336008e-19
0.08678909264920812,0.08583621649228358,0.10106110878357001,0.10000612335767999,0.1152036190032959,0.0038357128756651773,0.003835521418338317,0.06307339668273926,1.2851440658794998e-19
0.08678901472666943,0.08583558907482575,0.10106139054890559,0.10000612710083585,0.11249566078186035,0.0038355214222521635,0.0038353299748550285,0.0622859001159668,1.2851582210346616e-19
0.08678893680745446,0.08583496167845027,0.10106167229743539,0.10000613084380863,0.11460447311401367,0.003835329978408508,0.0038351385400758886,0.06320548057556152,1.285172372015184e-19
0.08678885889156303,0.08583433430315807,0.10106195402916074,0.10000613458659834,0.11644506454467773,0.0038351385441357947,0.003834947115777254,0.06254076957702637,1.2851865232479694e-19
0.08678878097899498,0.08583370694894998,0.10106223574408298,0.10000613832920496,0.11710000038146973,0.0038349471194311794,0.0038347557005380395,0.06258225440979004,1.2852006800161288e-19
0.08678870306975012,0.08583307961582695,0.10106251744220346,0.1000061420716285,0.11607909202575684,0.0038347557042952406,0.003834564295246423,0.06252861022949219,1.2852148302270303e-19
0.08678862516382828,0.08583245230379002,0.1010627991235235,0.10000614581386896,0.11595988273620605,0.003834564298728085,0.003834372898836591,0.06266093254089355,1.285228984075064e-19
0.0867885472612293,0.08583182501283998,0.10106308078804448,0.10000614955592636,0.12065958976745605,0.0038343729027283,0.0038341815123743572,0.06264543533325195,1.2852431347002e-19
0.08678846936195297,0.08583119774297775,0.1010633624357677,0.1000061532978007,0.11925625801086426,0.003834181516296396,0.0038339901353268147,0.06386899948120117,1.285257282566827e-19
0.08678839146599915,0.08583057049420392,0.1010636440666945,0.10000615703949196,0.119842529296875,0.0038339901394325356,0.0038337987680492347,0.06380295753479004,1.2852714360341823e-19
0.08678831357336764,0.08582994326651962,0.10106392568082624,0.10000616078100018,0.11861729621887207,0.0038337987721349413,0.003833607410186346,0.06286334991455078,1.285285582996637e-19
0.08678823568405827,0.08582931605992568,0.10106420727816423,0.10000616452232533,0.11947965621948242,0.0038336074144024153,0.003833416061560513,0.06390118598937988,1.2852997309677317e-19
0.0867881577980709,0.08582868887442306,0.10106448885870985,0.10000616826346743,0.12003827095031738,0.0038334160662369127,0.0038332247230599137,0.0629730224609375,1.2853138774687444e-19
0.08678807991540531,0.08582806171001257,0.10106477042246438,0.10000617200442649,0.11954140663146973,0.003833224727634521,0.0038330333941516415,0.06376171112060547,1.2853280270828633e-19
0.08678800203606132,0.08582743456669512,0.10106505196942919,0.1000061757452025,0.11968183517456055,0.003833033398597434,0.0038328420746580605,0.06352806091308594,1.2853421734626028e-19
0.08678792416003879,0.08582680744447167,0.10106533349960564,0.10000617948579547,0.11914396286010742,0.0038328420791242067,0.003832650764934442,0.06286811828613281,1.2853563222758697e-19
0.08678784628733752,0.08582618034334308,0.10106561501299505,0.1000061832262054,0.11900687217712402,0.003832650769213338,0.0038324594649807864,0.06307101249694824,1.2853704664926661e-19
0.08678776841795735,0.08582555326331022,0.10106589650959875,0.10000618696643228,0.11676692962646484,0.003832459468865978,0.003832268174441822,0.06325531005859375,1.285384608941483e-19
0.08678769055189811,0.08582492620437403,0.10106617798941808,0.10000619070647612,0.11777544021606445,0.0038322681780803176,0.0038320768927846416,0.06363558769226074,1.2853987572505363e-19
0.0867876126891596,0.08582429916653525,0.10106645945245438,0.10000619444633696,0.12032580375671387,0.0038320768968572753,0.0038318856207197882,0.06327295303344727,1.285412897034207e-19
0.08678753482974166,0.08582367214979493,0.10106674089870898,0.10000619818601476,0.11999225616455078,0.0038318856251959932,0.0038316943589578045,0.06338810920715332,1.2854270426276094e-19
0.08678745697364414,0.08582304515415387,0.10106702232818322,0.10000620192550955,0.11915826797485352,0.0038316943630957003,0.0038315031064328764,0.06344103813171387,1.2854411843102547e-19
0.08678737912086681,0.08582241817961292,0.10106730374087844,0.10000620566482131,0.11893105506896973,0.0038315031105565413,0.003831311862967368,0.06367945671081543,1.2854553261644924e-19
0.08678730127140953,0.08582179122617306,0.10106758513679596,0.10000620940395005,0.11607980728149414,0.0038313118675790906,0.003831120630692908,0.06401848793029785,1.2854694696268607e-19
0.08678722342527212,0.08582116429383514,0.10106786651593713,0.10000621314289579,0.11708807945251465,0.0038311206341576937,0.0038309294060567822,0.06277942657470703,1.2854836083316373e-19
0.0867871455824544,0.08582053738259994,0.10106814787830329,0.10000621688165852,0.11797451972961426,0.0038309294102974543,0.0038307381920787975,0.06298637390136719,1.2854977524668278e-19
0.0867870677429562,0.0858199104924682,0.10106842922389575,0.10000622062023823,0.1164093017578125,0.003830738195995073,0.0038305469871602327,0.06348156929016113,1.2855118943606282e-19
0.08678698990677734,0.08581928362344109,0.10106871055271587,0.10000622435863495,0.1178128719329834,0.00383054699125112,0.003830355791656359,0.06461834907531738,1.2855260314216539e-19
0.08678691207391763,0.08581865677551936,0.10106899186476499,0.10000622809684867,0.11896252632141113,0.0038303557960647754,0.0038301646068106265,0.06474447250366211,1.2855401681068813e-19
0.08678683424437691,0.0858180299487038,0.10106927316004445,0.10000623183487939,0.11950254440307617,0.0038301646104345255,0.003829973430313771,0.06463313102722168,1.2855543036284796e-19
0.08678675641815502,0.08581740314299546,0.10106955443855557,0.10000623557272713,0.1166982650756836,0.003829973434361575,0.003829782263764514,0.06540083885192871,1.2855684443251282e-19
0.08678667859525176,0.08581677635839517,0.10106983570029969,0.10000623931039186,0.11819291114807129,0.003829782267845483,0.0038295911069852195,0.06431841850280762,1.2855825831762273e-19
0.08678660077566697,0.08581614959490366,0.10107011694527815,0.10000624304787362,0.11780810356140137,0.0038295911108853593,0.0038293999596206163,0.0641326904296875,1.2855967173356048e-19
0.08678652295940048,0.08581552285252171,0.10107039817349227,0.10000624678517239,0.11816596984863281,0.003829399963479447,0.00382920882184834,0.06412482261657715,1.2856108589894247e-19
0.08678644514645212,0.08581489613125047,0.10107067938494341,0.10000625052228818,0.11776065826416016,0.003829208825628946,0.0038290176931354836,0.06406116485595703,1.2856249930519886e-19
0.08678636733682171,0.08581426943109081,0.10107096057963288,0.10000625425922098,0.11824202537536621,0.0038290176973337225,0.0038288265749031325,0.06390047073364258,1.2856391229003785e-19
0.08678628953050908,0.08581364275204348,0.10107124175756205,0.10000625799597082,0.120025634765625,0.0038288265785909057,0.003828635464842023,0.0644083023071289,1.2856532648014344e-19
0.08678621172751404,0.08581301609410953,0.10107152291873223,0.10000626173253768,0.11936759948730469,0.0038286354694034826,0.0038284443657943257,0.06439781188964844,1.2856673965553872e-19
0.08678613392783642,0.08581238945728968,0.10107180406314473,0.10000626546892158,0.12022972106933594,0.003828444369767459,0.0038282532758060484,0.06375932693481445,1.2856815304596437e-19
0.08678605613147605,0.08581176284158477,0.10107208519080092,0.10000626920512252,0.11980319023132324,0.0038282532796834216,0.0038280621950548266,0.06514763832092285,1.2856956636962562e-19
0.08678597833843274,0.0858111362469959,0.10107236630170212,0.1000062729411405,0.12148690223693848,0.0038280621991522564,0.003827871124428839,0.06586980819702148,1.285709797751997e-19
0.08678590054870633,0.08581050967352392,0.10107264739584966,0.10000627667697552,0.11913037300109863,0.0038278711281721093,0.0038276800625069995,0.0649571418762207,1.2857239275063215e-19
0.08678582276229665,0.08580988312116938,0.10107292847324488,0.10000628041262759,0.11947846412658691,0.003827680066743254,0.0038274890110656656,0.06579875946044922,1.2857380596771997e-19
0.08678574497920351,0.08580925658993337,0.10107320953388912,0.1000062841480967,0.11845874786376953,0.003827489014863416,0.003827297968506116,0.06428766250610352,1.285752186449426e-19
0.08678566719942674,0.08580863007981668,0.10107349057778373,0.10000628788338288,0.11881208419799805,0.0038272979725355047,0.0038271069358941645,0.06472897529602051,1.2857663147230324e-19
0.08678558942296617,0.08580800359082028,0.10107377160492999,0.10000629161848612,0.11847782135009766,0.0038271069397560224,0.0038269159125192687,0.06455278396606445,1.2857804426038282e-19
0.08678551164982162,0.08580737712294498,0.10107405261532927,0.10000629535340641,0.11817002296447754,0.0038269159165268667,0.0038267248989143354,0.0642094612121582,1.2857945776337713e-19
0.08678543387999292,0.08580675067619162,0.1010743336089829,0.10000629908814379,0.11818051338195801,0.0038267249028452128,0.0038265338945464578,0.06421542167663574,1.2858087061574247e-19
0.0867853561134799,0.08580612425056106,0.1010746145858922,0.10000630282269823,0.11779999732971191,0.003826533898712235,0.0038263428999485427,0.06415891647338867,1.2858228350161244e-19
0.08678527835028237,0.08580549784605415,0.10107489554605853,0.10000630655706975,0.11792254447937012,0.0038263429041274716,0.0038261519149429546,0.06412982940673828,1.285836959647014e-19
0.08678520059040017,0.08580487146267181,0.10107517648948319,0.10000631029125834,0.11835265159606934,0.003826151919089778,0.003825960939174422,0.0637974739074707,1.2858510896797236e-19
0.0867851228338331,0.085804245100415,0.10107545741616751,0.100006314025264,0.1155087947845459,0.0038259609435990303,0.003825769973353488,0.06359601020812988,1.2858652108617715e-19
0.08678504508058103,0.08580361875928459,0.10107573832611284,0.10000631775908675,0.11462950706481934,0.0038257699776543435,0.003825579017302516,0.0635836124420166,1.2858793364966376e-19
0.08678496733064375,0.08580299243928133,0.1010760192193205,0.10000632149272658,0.11688518524169922,0.0038255790212558998,0.0038253880701333287,0.063629150390625,1.285893462849094e-19
0.0867848895840211,0.08580236614040639,0.10107630009579181,0.1000063252261835,0.11708545684814453,0.0038253880744016323,0.0038251971330893753,0.06362724304199219,1.285907588228692e-19
0.08678481184071289,0.08580173986266032,0.10107658095552813,0.1000063289594575,0.11918807029724121,0.0038251971370920285,0.003825006204927206,0.0635828971862793,1.285921712192141e-19
0.08678473410071896,0.08580111360604407,0.10107686179853077,0.10000633269254862,0.11959433555603027,0.00382500620932696,0.0038248152868902707,0.06328797340393066,1.2859358334113906e-19
0.08678465636403913,0.08580048737055858,0.10107714262480111,0.10000633642545684,0.11768817901611328,0.0038248152911062533,0.003824624378623298,0.06266212463378906,1.2859499589534105e-19
0.08678457863067324,0.08579986115620467,0.10107742343434044,0.10000634015818216,0.1165323257446289,0.003824624382428088,0.003824433479060474,0.06354832649230957,1.285964084171827e-19
0.0867845009006211,0.08579923496298332,0.10107770422715011,0.10000634389072459,0.1165919303894043,0.0038244334832926996,0.003824242589445248,0.0639955997467041,1.2859781993278945e-19
0.08678442317388255,0.0857986087908954,0.10107798500323142,0.10000634762308412,0.12154674530029297,0.0038242425936992584,0.003824051709067078,0.06435918807983398,1.2859923195741078e-19
0.08678434545045739,0.08579798263994165,0.10107826576258575,0.10000635135526076,0.12247419357299805,0.0038240517136492944,0.003823860839169413,0.06496071815490723,1.2860064463060335e-19
0.08678426773034548,0.08579735651012278,0.10107854650521438,0.10000635508725453,0.1196591854095459,0.0038238608431392738,0.003823669978153532,0.06453251838684082,1.2860205611356054e-19
0.08678419001354662,0.08579673040143984,0.10107882723111865,0.10000635881906542,0.11995863914489746,0.0038236699821710823,0.0038234791270852497,0.06524109840393066,1.2860346869672057e-19
0.08678411230006063,0.08579610431389385,0.10107910794029991,0.10000636255069342,0.11943697929382324,0.003823479130741497,0.0038232882848987515,0.06490516662597656,1.2860488076494654e-19
0.08678403458988734,0.0857954782474857,0.10107938863275948,0.10000636628213855,0.11994743347167969,0.0038232882888535403,0.003823097452482216,0.06523370742797852,1.2860629204478567e-19
0.08678395688302659,0.08579485220221614,0.1010796693084987,0.10000637001340082,0.11998319625854492,0.0038230974565046172,0.0038229066301909143,0.06524825096130371,1.286077037679449e-19
0.08678387917947819,0.08579422617808602,0.10107994996751889,0.10000637374448022,0.11824321746826172,0.0038229066336935985,0.003822715816603761,0.06534075736999512,1.2860911555046395e-19
0.08678380147924197,0.08579360017509643,0.10108023060982138,0.10000637747537676,0.12075138092041016,0.0038227158204226785,0.0038225250129642063,0.06572151184082031,1.2861052726321634e-19
0.08678372378231776,0.08579297419324793,0.10108051123540752,0.10000638120609044,0.12224149703979492,0.0038225250166897193,0.0038223342183840714,0.06498336791992188,1.2861193901033374e-19
0.08678364608870538,0.08579234823254146,0.10108079184427862,0.10000638493662126,0.12059354782104492,0.003822334222494274,0.0038221434337515348,0.06605100631713867,1.2861335062782526e-19
0.08678356839840466,0.08579172229297789,0.101081072436436,0.10000638866696922,0.12079191207885742,0.003822143437835485,0.0038219526588889607,0.06582832336425781,1.28614762022272e-19
0.08678349071141543,0.08579109637455824,0.10108135301188104,0.10000639239713432,0.11886167526245117,0.0038219526627131786,0.0038217618937963493,0.06484365463256836,1.2861617389108305e-19
0.08678341302773751,0.08579047047728347,0.101081633570615,0.10000639612711659,0.12104082107543945,0.00382176189712625,0.0038215711368749794,0.0666351318359375,1.2861758435775513e-19
0.08678333534737072,0.08578984460115417,0.10108191411263925,0.10000639985691602,0.11940193176269531,0.0038215711410776046,0.003821380390434115,0.06501173973083496,1.2861899606080177e-19
0.0867832576703149,0.08578921874617133,0.10108219463795512,0.10000640358653261,0.11997079849243164,0.003821380394562414,0.003821189653585577,0.06531095504760742,1.2862040718656588e-19
0.08678317999656987,0.08578859291233587,0.10108247514656392,0.10000640731596636,0.11643528938293457,0.0038211896575818458,0.003820998925974095,0.06418013572692871,1.2862181873222232e-19
0.08678310232613547,0.08578796709964863,0.10108275563846697,0.10000641104521726,0.11834859848022461,0.0038209989301357305,0.0038208082086654827,0.06498527526855469,1.2862323005841794e-19
0.0867830246590115,0.08578734130811032,0.10108303611366563,0.10000641477428535,0.12015414237976074,0.003820808212223522,0.0038206175000610187,0.06483292579650879,1.2862464073796866e-19
0.0867829469951978,0.08578671553772194,0.10108331657216121,0.10000641850317062,0.12022995948791504,0.00382061750384454,0.003820426800871246,0.06487917900085449,1.2862605210223556e-19
0.08678286933469419,0.08578608978848422,0.10108359701395504,0.10000642223187305,0.12115216255187988,0.0038204268049992773,0.0038202361118067074,0.06552815437316895,1.286274627145205e-19
0.0867827916775005,0.08578546406039829,0.10108387743904845,0.10000642596039265,0.1180567741394043,0.003820236115685242,0.0038200454318015886,0.06583905220031738,1.2862887329033963e-19
0.08678271402361655,0.085784838353465,0.10108415784744276,0.10000642968872946,0.11993789672851562,0.0038200454359032573,0.0038198547615664324,0.06493496894836426,1.2863028488609676e-19
0.08678263637304218,0.08578421266768498,0.10108443823913932,0.10000643341688345,0.12000393867492676,0.0038198547656528633,0.003819664101101239,0.06512570381164551,1.286316954933413e-19
0.0867825587257772,0.08578358700305895,0.10108471861413942,0.10000643714485463,0.12075662612915039,0.003819664104932865,0.003819473449340194,0.06581830978393555,1.2863310630738235e-19
0.08678248108182145,0.0857829613595881,0.10108499897244444,0.10000644087264302,0.11909294128417969,0.0038194734537449135,0.003819282808059654,0.06591629981994629,1.2863451676730202e-19
0.08678240344117474,0.08578233573727331,0.10108527931405567,0.10000644460024859,0.11887121200561523,0.0038192828120857435,0.00381909217601617,0.06548285484313965,1.2863592720376206e-19
0.08678232580383691,0.08578171013611534,0.10108555963897445,0.10000644832767136,0.12128067016601562,0.003819092179955962,0.003818901553565013,0.06577682495117188,1.286373381329787e-19
0.08678224816980777,0.08578108455611494,0.10108583994720209,0.10000645205491134,0.1179201602935791,0.0038189015573546793,0.0038187109401732755,0.06496906280517578,1.2863874872006742e-19
0.08678217053908716,0.08578045899727293,0.10108612023873995,0.10000645578196851,0.11644172668457031,0.0038187109442831607,0.003818520336551501,0.06448245048522949,1.286401592124084e-19
0.0867820929116749,0.08577983345959049,0.10108640051358932,0.10000645950884292,0.11652970314025879,0.003818520340739863,0.0038183297423444174,0.06572675704956055,1.2864156984717236e-19
0.08678201528757082,0.08577920794306819,0.10108668077175155,0.10000646323553454,0.11956286430358887,0.003818329746724391,0.003818139158262568,0.06560206413269043,1.2864297996393257e-19
0.08678193766677474,0.08577858244770714,0.10108696101322796,0.10000646696204336,0.11677765846252441,0.0038181391622368133,0.0038179485835954097,0.06417155265808105,1.2864439035407787e-19
0.0867818600492865,0.08577795697350815,0.10108724123801989,0.10000647068836942,0.11409211158752441,0.0038179485872740495,0.0038177580178100357,0.06342506408691406,1.2864580048655606e-19
0.08678178243510591,0.08577733152047204,0.10108752144612865,0.1000064744145127,0.11733317375183105,0.0038177580218373194,0.0038175674621498956,0.06430697441101074,1.2864721087852337e-19
0.08678170482423281,0.08577670608859986,0.10108780163755558,0.10000647814047321,0.12125253677368164,0.0038175674659257156,0.0038173769155491755,0.06658530235290527,1.2864862081180922e-19
0.08678162721666702,0.08577608067789247,0.10108808181230199,0.10000648186625095,0.11922359466552734,0.003817376919540232,0.0038171863783631466,0.06853556632995605,1.2865003070275466e-19
0.08678154961240836,0.08577545528835069,0.1010883619703692,0.10000648559184593,0.11397147178649902,0.0038171863826793016,0.0038169958514799873,0.06546950340270996,1.2865144128164694e-19
0.08678147201145665,0.08577482991997536,0.10108864211175857,0.10000648931725813,0.1186830997467041,0.003816995855342742,0.0038168053329457052,0.06444454193115234,1.2865285095343458e-19
0.08678139441381172,0.08577420457276731,0.10108892223647138,0.10000649304248757,0.11859798431396484,0.003816805337531568,0.0038166148254248355,0.06484723091125488,1.2865426097779977e-19
0.0867813168194734,0.08577357924672753,0.10108920234450897,0.10000649676753427,0.12078571319580078,0.0038166148292414414,0.0038164243258975716,0.06441473960876465,1.2865567111720626e-19
0.08678123922844153,0.08577295394185672,0.10108948243587267,0.10000650049239822,0.1197965145111084,0.0038164243304757263,0.003816233836850813,0.06505441665649414,1.2865708047369049e-19
0.0867811616407159,0.08577232865815573,0.1010897625105638,0.10000650421707942,0.12083029747009277,0.003816233841230798,0.0038160433572187458,0.06573772430419922,1.2865849014466273e-19
0.08678108405629636,0.08577170339562538,0.1010900425685837,0.10000650794157788,0.11950302124023438,0.0038160433615079085,0.0038158528871790054,0.06492042541503906,1.2865990039952214e-19
0.08678100647518275,0.0857710781542666,0.1010903226099337,0.1000065116658936,0.12017512321472168,0.0038158528913059325,0.003815662426198685,0.0658869743347168,1.286613102183379e-19
0.08678092889737486,0.08577045293408031,0.1010906026346151,0.10000651539002657,0.12032294273376465,0.0038156624306250305,0.0038154719756988698,0.06525468826293945,1.2866271998830515e-19
0.08678085132287254,0.0857698277350673,0.10109088264262925,0.1000065191139768,0.12057995796203613,0.0038154719794640593,0.0038152815337255674,0.0658564567565918,1.2866412956766213e-19
0.08678077375167563,0.08576920255722849,0.10109116263397747,0.1000065228377443,0.12094283103942871,0.0038152815378242003,0.0038150911011669564,0.06562137603759766,1.286655383691898e-19
0.08678069618378392,0.08576857740056455,0.10109144260866108,0.10000652656132908,0.11958432197570801,0.0038150911057037024,0.003814900679444122,0.0651862621307373,1.2866694787743656e-19
0.08678061861919728,0.08576795226507652,0.10109172256668142,0.10000653028473112,0.1173090934753418,0.003814900683100967,0.0038147102662478005,0.0652165412902832,1.28668357211241e-19
0.08678054105791551,0.08576732715076534,0.10109200250803979,0.10000653400795045,0.11878585815429688,0.0038147102700172705,0.0038145198628214416,0.06437277793884277,1.286697661377416e-19
0.08678046349993844,0.0857667020576317,0.10109228243273752,0.10000653773098707,0.11967921257019043,0.0038145198664513913,0.0038143294684545026,0.06444430351257324,1.2867117645810747e-19
0.08678038594526588,0.0857660769856765,0.10109256234077593,0.10000654145384097,0.11990237236022949,0.003814329472402984,0.003814139083857526,0.06435346603393555,1.286725852645417e-19
0.08678030839389769,0.08576545193490052,0.10109284223215637,0.10000654517651217,0.11638426780700684,0.003814139087871855,0.0038139487090305124,0.06414675712585449,1.2867399405638961e-19
0.08678023084583367,0.08576482690530476,0.10109312210688014,0.10000654889900065,0.11560654640197754,0.0038139487128568154,0.003813758342907647,0.06380105018615723,1.2867540322313828e-19
0.08678015330107364,0.08576420189689017,0.10109340196494856,0.10000655262130644,0.11589407920837402,0.0038137583473587533,0.003813567987442923,0.06438302993774414,1.2867681225846363e-19
0.08678007575961744,0.08576357690965754,0.10109368180636297,0.10000655634342952,0.11716294288635254,0.0038135679913762054,0.0038133776405047115,0.06458044052124023,1.2867822131290776e-19
0.08677999822146489,0.08576295194360768,0.10109396163112466,0.1000065600653699,0.11611604690551758,0.003813377644909674,0.003813187304224641,0.06450176239013672,1.2867962999247208e-19
0.08677992068661583,0.0857623269987417,0.10109424143923498,0.1000065637871276,0.11594152450561523,0.003813187307956373,0.0038129969766487193,0.06452536582946777,1.2868103890249878e-19
0.08677984315507008,0.08576170207506029,0.10109452123069526,0.10000656750870261,0.1188206672668457,0.0038129969805173886,0.0038128066590203957,0.06502223014831543,1.2868244770270083e-19
0.08677976562682746,0.08576107717256437,0.1010948010055068,0.10000657123009493,0.1175236701965332,0.0038128066625919754,0.0038126163497409493,0.06444907188415527,1.2868385656339002e-19
0.08677968810188783,0.08576045229125463,0.10109508076367095,0.10000657495130456,0.11545419692993164,0.003812616354180412,0.0038124260509420083,0.06408882141113281,1.2868526532564118e-19
0.08677961058025098,0.0857598274311321,0.10109536050518901,0.10000657867233151,0.11639976501464844,0.003812426055281472,0.0038122357615577585,0.06443333625793457,1.286866740921255e-19
0.08677953306191674,0.08575920259219734,0.10109564023006232,0.10000658239317578,0.11762332916259766,0.0038122357658953556,0.003812045482121107,0.06537008285522461,1.2868808261010655e-19
0.08677945554688493,0.0857585777744512,0.10109591993829219,0.10000658611383739,0.1169133186340332,0.0038120454860195493,0.0038118552115662396,0.06514954566955566,1.2868949101317833e-19
0.0867793780351554,0.08575795297789487,0.10109619962987992,0.10000658983431633,0.11785769462585449,0.003811855215654924,0.003811664950248428,0.0644826889038086,1.2869089957093266e-19
0.08677930052672794,0.08575732820252908,0.10109647930482688,0.1000065935546126,0.1179814338684082,0.003811664954802745,0.003811474699233486,0.06477189064025879,1.2869230794784029e-19
0.0867792230216024,0.08575670344835455,0.10109675896313434,0.1000065972747262,0.11594939231872559,0.003811474703460765,0.0038112844574555993,0.06401968002319336,1.2869371631512176e-19
0.08677914551977862,0.0857560787153723,0.10109703860480365,0.10000660099465715,0.11485791206359863,0.0038112844616278972,0.0038110942252700397,0.0640859603881836,1.2869512515525122e-19
0.08677906802125641,0.0857554540035833,0.10109731822983613,0.10000660471440545,0.11601424217224121,0.0038110942293049996,0.0038109040017886286,0.06604266166687012,1.286965334382979e-19
0.0867789905260356,0.08575482931298802,0.10109759783823308,0.10000660843397109,0.11748099327087402,0.0038109040064919593,0.0038107137891429943,0.06598305702209473,1.2869794177918545e-19
0.08677891303411601,0.08575420464358759,0.10109787742999583,0.10000661215335407,0.11642694473266602,0.0038107137931865055,0.0038105235852015085,0.06460046768188477,1.2869934966024361e-19
0.08677883554549748,0.08575357999538294,0.10109815700512573,0.10000661587255441,0.11542558670043945,0.003810523589388588,0.0038103333910299853,0.0648186206817627,1.287007575147211e-19
0.08677875806017983,0.08575295536837486,0.10109843656362408,0.10000661959157212,0.11664056777954102,0.0038103333950983715,0.0038101432062731533,0.06580352783203125,1.2870216568081558e-19
0.08677868057816289,0.0857523307625643,0.10109871610549219,0.10000662331040719,0.11632108688354492,0.0038101432103153903,0.0038099530309310126,0.06556391716003418,1.287035738448942e-19
0.08677860309944647,0.085751706177952,0.1010989956307314,0.10000662702905962,0.11646699905395508,0.003809953035038811,0.00380976286553647,0.0656588077545166,1.2870498138672066e-19
0.08677852562403042,0.08575108161453887,0.10109927513934301,0.10000663074752943,0.11594724655151367,0.0038097628692674995,0.003809572709023712,0.06513476371765137,1.287063894875148e-19
0.08677844815191454,0.08575045707232581,0.10109955463132834,0.1000066344658166,0.11380290985107422,0.003809572713002688,0.003809382562458552,0.06458234786987305,1.287077972894334e-19
0.0867783706830987,0.08574983255131373,0.10109983410668873,0.10000663818392115,0.11718010902404785,0.003809382566242205,0.0038091924251304476,0.06569409370422363,1.2870920497112203e-19
0.08677829321758268,0.0857492080515034,0.10110011356542548,0.10000664190184307,0.11831378936767578,0.0038091924289872306,0.0038090022972170345,0.0658578872680664,1.2871061325737043e-19
0.08677821575536633,0.08574858357289583,0.10110039300753991,0.10000664561958238,0.11775636672973633,0.003809002301236663,0.0038088121788959484,0.06626296043395996,1.2871202021138937e-19
0.08677813829644947,0.08574795911549164,0.10110067243303338,0.10000664933713907,0.11844348907470703,0.003808812182988678,0.003808622070167189,0.06498384475708008,1.287134278944102e-19
0.08677806084083191,0.08574733467929169,0.10110095184190718,0.10000665305451314,0.11475849151611328,0.003808622074245091,0.0038084319706754854,0.06478738784790039,1.2871483568129956e-19
0.08677798338851352,0.085746710264297,0.10110123123416262,0.10000665677170462,0.11698722839355469,0.003808431975003474,0.0038082418807761087,0.06644630432128906,1.2871624262634747e-19
0.08677790593949408,0.08574608587050825,0.10110151060980103,0.10000666048871348,0.11682724952697754,0.0038082418852649754,0.003808051801534873,0.06486630439758301,1.2871765020709725e-19
0.08677782849377345,0.08574546149792635,0.10110178996882374,0.10000666420553975,0.11847805976867676,0.003808051805025754,0.003807861730287243,0.06591463088989258,1.2871905784244482e-19
0.08677775105135146,0.0857448371465523,0.10110206931123207,0.1000066679221834,0.11768126487731934,0.0038078617342897064,0.0038076716695201185,0.06448531150817871,1.2872046485836543e-19
0.08677767361222792,0.08574421281638692,0.10110234863702731,0.10000667163864448,0.1182408332824707,0.003807671673054026,0.0038074816174571424,0.06510567665100098,1.2872187240259005e-19
0.08677759617640264,0.08574358850743108,0.1011026279462108,0.10000667535492296,0.11684560775756836,0.0038074816213195823,0.0038072915748088576,0.0640406608581543,1.2872327954959656e-19
0.08677751874387549,0.08574296421968564,0.10110290723878385,0.10000667907101884,0.11331415176391602,0.003807291579085585,0.0038071015422858068,0.06317138671875,1.2872468677184029e-19
0.08677744131464626,0.0857423399531515,0.10110318651474776,0.10000668278693216,0.11439824104309082,0.0038071015463502153,0.003806911519355083,0.06372499465942383,1.2872609343532477e-19
0.08677736388871479,0.08574171570782935,0.10110346577410387,0.10000668650266288,0.11834907531738281,0.003806911523112898,0.0038067215056614145,0.0640108585357666,1.2872750049857817e-19
0.0867772864660809,0.08574109148371999,0.10110374501685349,0.10000669021821103,0.11922883987426758,0.003806721509374583,0.003806531501027166,0.0643317699432373,1.2872890775167647e-19
0.08677720904674444,0.08574046728082431,0.10110402424299794,0.10000669393357661,0.11981868743896484,0.0038065315051347822,0.0038063415061628803,0.06466412544250488,1.2873031425821062e-19
0.0867771316307052,0.08573984309914334,0.10110430345253855,0.10000669764875962,0.11945009231567383,0.0038063415103930668,0.0038061515217790998,0.06444668769836426,1.2873172137222505e-19
0.08677705421796303,0.08573921893867792,0.10110458264547663,0.10000670136376005,0.12004947662353516,0.003806151525145807,0.0038059615452112894,0.06472492218017578,1.2873312781542112e-19
0.08677697680851776,0.08573859479942883,0.1011048618218135,0.10000670507857792,0.1165609359741211,0.0038059615493976993,0.00380577157930162,0.06414484977722168,1.2873453497559735e-19
0.08677689940236921,0.08573797068139698,0.10110514098155046,0.10000670879321323,0.11668682098388672,0.0038057715831438226,0.003805581622273735,0.06398677825927734,1.2873594118363679e-19
0.08677682199951722,0.08573734658458321,0.10110542012468884,0.10000671250766599,0.12073230743408203,0.0038055816263864554,0.003805391675193448,0.06479096412658691,1.2873734829440663e-19
0.0867767445999616,0.0857367225089882,0.10110569925122996,0.1000067162219362,0.12031149864196777,0.0038053916791243774,0.003805201737172581,0.06587004661560059,1.287387549040426e-19
0.08677666720370217,0.08573609845461298,0.10110597836117513,0.10000671993602385,0.12116098403930664,0.003805201741356844,0.0038050118090993124,0.06560897827148438,1.2874016172083349e-19
0.08677658981073877,0.08573547442145847,0.10110625745452569,0.10000672364992896,0.1208651065826416,0.0038050118130829756,0.003804821889907828,0.06551218032836914,1.2874156798076436e-19
0.08677651242107123,0.08573485040952535,0.10110653653128292,0.10000672736365154,0.11809921264648438,0.003804821894303382,0.0038046319808415774,0.06489348411560059,1.2874297441386959e-19
0.08677643503469938,0.08573422641881448,0.10110681559144814,0.10000673107719157,0.1169278621673584,0.003804631985017161,0.003804442081367654,0.06400942802429199,1.2874438063172239e-19
0.08677635765162305,0.0857336024493267,0.10110709463502268,0.10000673479054907,0.11686062812805176,0.003804442085223546,0.00380425219095315,0.0657510757446289,1.287457872540341e-19
0.08677628027184205,0.08573297850106296,0.10110737366200785,0.10000673850372403,0.11882877349853516,0.0038042521949214012,0.0038040623099533377,0.06604981422424316,1.2874719339246607e-19
0.08677620289535622,0.08573235457402408,0.10110765267240497,0.10000674221671646,0.11769819259643555,0.0038040623141119044,0.003803872438723488,0.06438016891479492,1.2874859936364473e-19
0.08677612552216538,0.0857317306682108,0.10110793166621536,0.10000674592952637,0.11740946769714355,0.003803872442792888,0.0038036825769083293,0.06463623046875,1.287500054838026e-19
0.08677604815226936,0.08573110678362408,0.10110821064344032,0.10000674964215375,0.11673355102539062,0.0038036825809655657,0.0038034927246854977,0.06406617164611816,1.2875141130533008e-19
0.08677597078566798,0.08573048292026465,0.10110848960408118,0.10000675335459862,0.11938309669494629,0.003803492728628773,0.0038033028818773573,0.06449031829833984,1.2875281751897285e-19
0.08677589342236108,0.08572985907813344,0.10110876854813927,0.10000675706686098,0.11924982070922852,0.0038033028857817315,0.003803113048483908,0.06442904472351074,1.287542235102804e-19
0.0867758160623485,0.08572923525723129,0.1011090474756159,0.10000676077894081,0.11655497550964355,0.003803113052423971,0.0038029232243275146,0.0639944076538086,1.2875562982835776e-19
0.08677573870563003,0.08572861145755906,0.10110932638651236,0.10000676449083816,0.11765289306640625,0.003802923228555373,0.003802733410296355,0.06501197814941406,1.2875703523750494e-19
0.08677566135220553,0.08572798767911782,0.10110960528082999,0.100006768202553,0.11936593055725098,0.0038027334141740718,0.003802543604969344,0.06499576568603516,1.2875844119280016e-19
0.08677558400207482,0.08572736392190843,0.10110988415857008,0.10000677191408532,0.11865878105163574,0.0038025436092816245,0.003802353809767567,0.0650184154510498,1.2875984681570188e-19
0.08677550665523771,0.08572674018593167,0.10111016301973397,0.10000677562543515,0.1191706657409668,0.003802353813875229,0.0038021640238028453,0.0657052993774414,1.287612523368722e-19
0.08677542931169405,0.0857261164711884,0.10111044186432296,0.10000677933660249,0.11859393119812012,0.003802164027956377,0.003801974247785722,0.06526398658752441,1.2876265801477556e-19
0.08677535197144363,0.08572549277767934,0.10111072069233835,0.10000678304758732,0.11962747573852539,0.0038019742515242186,0.0038017844810056545,0.0650489330291748,1.2876406421443186e-19
0.08677527463448632,0.08572486910540535,0.10111099950378148,0.10000678675838968,0.11941075325012207,0.0038017844845779775,0.0038015947232850067,0.0653848648071289,1.2876546913335382e-19
0.08677519730082192,0.08572424545436723,0.10111127829865367,0.10000679046900957,0.11475062370300293,0.0038015947271175504,0.003801404975156686,0.06425690650939941,1.2876687506562554e-19
0.08677511997045026,0.08572362182456585,0.1011115570769562,0.10000679417944697,0.11595821380615234,0.003801404979142443,0.003801215236620692,0.0652766227722168,1.2876828030561514e-19
0.08677504264337117,0.08572299821600209,0.1011118358386904,0.10000679788970189,0.11775898933410645,0.0038012152406518658,0.0038010255078546606,0.06581783294677734,1.2876968532561542e-19
0.08677496531958448,0.08572237462867678,0.1011121145838576,0.10000680159977433,0.11872196197509766,0.0038010255116449794,0.003800835788325685,0.06550788879394531,1.2877109073043954e-19
0.08677488799909003,0.0857217510625908,0.10111239331245911,0.1000068053096643,0.11634421348571777,0.0038008357921219685,0.003800646078566672,0.06353616714477539,1.2877249668886801e-19
0.08677481068188762,0.08572112751774501,0.10111267202449623,0.10000680901937181,0.1143653392791748,0.0038006460820820378,0.003800456377511807,0.06323456764221191,1.28773901208711e-19
0.08677473336797709,0.08572050399414015,0.10111295071997026,0.10000681272889686,0.11349105834960938,0.0038004563815254074,0.003800266686404541,0.06402778625488281,1.2877530695373856e-19
0.08677465605735826,0.08571988049177699,0.10111322939888254,0.10000681643823944,0.11306023597717285,0.0038002666904519327,0.003800077005244873,0.0636129379272461,1.2877671117552805e-19
0.08677457875003097,0.0857192570106564,0.10111350806123438,0.10000682014739957,0.11328339576721191,0.0038000770088577303,0.0037998873333222605,0.06400537490844727,1.2877811643234792e-19
0.08677450144599504,0.08571863355077942,0.10111378670702711,0.10000682385637726,0.11500048637390137,0.0037998873367453426,0.0037996976702814322,0.06394791603088379,1.28779521274469e-19
0.08677442414525029,0.08571801011214687,0.10111406533626202,0.10000682756517248,0.11460137367248535,0.003799697674115016,0.003799508016832931,0.06411600112915039,1.2878092696028873e-19
0.08677434684779656,0.08571738669475971,0.10111434394894042,0.10000683127378528,0.11378145217895508,0.003799508020964594,0.0037993183735096636,0.0636441707611084,1.2878233136769699e-19
0.08677426955363368,0.08571676329861884,0.10111462254506362,0.10000683498221562,0.11472010612487793,0.003799318377294257,0.003799128739423452,0.06430578231811523,1.2878373645136786e-19
0.08677419226276148,0.08571613992372484,0.10111490112463294,0.10000683869046352,0.11505484580993652,0.0037991287431038724,0.0037989391145742957,0.06446552276611328,1.2878514131182087e-19
0.08677411497517977,0.08571551657007878,0.1011151796876497,0.10000684239852899,0.11536359786987305,0.003798939118392258,0.003798749498962195,0.06299114227294922,1.287865457413636e-19
0.08677403769088839,0.08571489323768162,0.1011154582341152,0.10000684610641203,0.1136937141418457,0.003798749503159657,0.003798559893120057,0.0642855167388916,1.2878795049007963e-19
0.08677396040988716,0.08571426992653385,0.10111573676403077,0.10000684981411263,0.1167452335357666,0.0037985598974039463,0.0037983702970478816,0.0647122859954834,1.287893548948317e-19
0.08677388313217592,0.0857136466366365,0.10111601527739769,0.10000685352163081,0.11465144157409668,0.003798370301126919,0.003798180710745669,0.06368851661682129,1.2879075919678765e-19
0.08677380585775447,0.0857130233679905,0.10111629377421731,0.10000685722896657,0.1158454418182373,0.003798180714325111,0.0037979911327923332,0.06431293487548828,1.28792164184278e-19
0.08677372858662268,0.08571240012059653,0.10111657225449093,0.10000686093611992,0.1162881851196289,0.00379799113700173,0.0037978015649642316,0.06348657608032227,1.287935683213409e-19
0.08677365131878033,0.0857117768944555,0.10111685071821984,0.10000686464309085,0.11649632453918457,0.003797801569154293,0.0037976120069060926,0.06419777870178223,1.2879497266235669e-19
0.08677357405422728,0.08571115368956816,0.10111712916540537,0.10000686834987936,0.11664032936096191,0.0037976120107816253,0.0037974224579073734,0.06397724151611328,1.2879637698732542e-19
0.08677349679296335,0.08571053050593558,0.10111740759604881,0.10000687205648547,0.11487293243408203,0.0037974224618833275,0.003797232918500981,0.06361222267150879,1.2879778121055955e-19
0.08677341953498836,0.0857099073435586,0.10111768601015149,0.10000687576290918,0.11515498161315918,0.0037972329224608293,0.0037970433885092802,0.06375527381896973,1.2879918544640437e-19
0.08677334228030215,0.08570928420243773,0.10111796440771473,0.10000687946915048,0.11714410781860352,0.0037970433925124183,0.003796853868287542,0.06407546997070312,1.2880059007056878e-19
0.08677326502890453,0.08570866108257391,0.10111824278873982,0.10000688317520938,0.11646366119384766,0.0037968538720372326,0.003796664356769952,0.06392741203308105,1.28801993534861e-19
0.08677318778079535,0.08570803798396819,0.1011185211532281,0.10000688688108589,0.11686229705810547,0.003796664361035853,0.003796474855555232,0.06423830986022949,1.288033976285227e-19
0.08677311053597443,0.08570741490662138,0.10111879950118086,0.10000689058678001,0.11666011810302734,0.0037964748595070395,0.0037962853633999316,0.06421065330505371,1.2880480176634394e-19
0.0867730332944416,0.08570679185053431,0.1011190778325994,0.10000689429229176,0.11705493927001953,0.0037962853674507486,0.003796095881014594,0.06427288055419922,1.2880620573084248e-19
0.08677295605619667,0.08570616881570779,0.10111935614748505,0.10000689799762111,0.1167137622833252,0.003796095884865785,0.0037959064080439475,0.06443405151367188,1.28807609273305e-19
0.08677287882123948,0.08570554580214275,0.10111963444583909,0.10000690170276809,0.11670041084289551,0.0037959064117526146,0.0037957169439550853,0.06461215019226074,1.2880901309155314e-19
0.08677280158956985,0.08570492280984018,0.10111991272766284,0.10000690540773269,0.11689424514770508,0.003795716948109204,0.003795527489991457,0.06505250930786133,1.2881041707494749e-19
0.08677272436118763,0.0857042998388006,0.10112019099295763,0.10000690911251492,0.11638975143432617,0.003795527493936716,0.0037953380450872487,0.0646212100982666,1.2881182069973336e-19
0.08677264713609263,0.08570367688902518,0.10112046924172476,0.10000691281711477,0.11657571792602539,0.0037953380492349734,0.003795148609953003,0.06481003761291504,1.288132242374965e-19
0.08677256991428467,0.08570305396051468,0.10112074747396552,0.10000691652153225,0.1185915470123291,0.003795148614002204,0.0037949591842334485,0.06473016738891602,1.288146276935065e-19
0.08677249269576359,0.08570243105326977,0.10112102568968123,0.10000692022576736,0.1170344352722168,0.0037949591882392164,0.003794769767395678,0.06466889381408691,1.2881603139420927e-19
0.08677241548052922,0.0857018081672914,0.1011213038888732,0.10000692392982012,0.11821985244750977,0.0037947697719453383,0.0037945803608607775,0.06499290466308594,1.2881743477484245e-19
0.08677233826858138,0.08570118530258043,0.10112158207154277,0.10000692763369051,0.11463165283203125,0.003794580365118259,0.0037943909635629325,0.06438970565795898,1.2881883815696603e-19
0.0867722610599199,0.08570056245913758,0.10112186023769122,0.10000693133737855,0.11677145957946777,0.0037943909677586006,0.003794201576567957,0.06425118446350098,1.2882024181333078e-19
0.08677218385454462,0.08569993963696382,0.10112213838731987,0.10000693504088425,0.11650490760803223,0.00379420157986446,0.003794012197211316,0.0634000301361084,1.288216444999331e-19
0.08677210665245536,0.08569931683606005,0.10112241652043003,0.1000069387442076,0.11716079711914062,0.0037940122014384616,0.0037938228283351805,0.06339263916015625,1.288230480532425e-19
0.08677202945365194,0.08569869405642709,0.101122694637023,0.1000069424473486,0.11875224113464355,0.0037938228324790975,0.0037936334686961004,0.06413626670837402,1.2882445126967914e-19
0.08677195225813418,0.08569807129806575,0.1011229727371001,0.10000694615030728,0.11791253089904785,0.0037936334729852103,0.0037934441190046186,0.06392741203308105,1.2882585465374917e-19
0.08677187506590192,0.08569744856097684,0.1011232508206626,0.1000069498530836,0.11662554740905762,0.0037934441229556404,0.0037932547785501924,0.06418776512145996,1.2882725790397766e-19
0.086771797876955,0.08569682584516132,0.10112352888771187,0.1000069535556776,0.11646056175231934,0.0037932547823906733,0.003793065447155186,0.06446194648742676,1.2882866051079196e-19
0.08677172069129324,0.08569620315061978,0.10112380693824917,0.10000695725808927,0.11846446990966797,0.003793065451290113,0.0037928761255301424,0.06424379348754883,1.2883006393241278e-19
0.08677164350891647,0.08569558047735305,0.1011240849722758,0.10000696096031861,0.1181640625,0.003792876129652823,0.00379268681331979,0.06407308578491211,1.2883146625870686e-19
0.08677156632982451,0.0856949578253623,0.10112436298979312,0.10000696466236562,0.11539268493652344,0.003792686817479289,0.0037924975108794,0.06359434127807617,1.288328691310977e-19
0.0867714891540172,0.08569433519464818,0.1011246409908024,0.10000696836423031,0.11670947074890137,0.0037924975147683995,0.003792308217676066,0.06507134437561035,1.2883427200423399e-19
0.08677141198149435,0.08569371258521175,0.10112491897530497,0.10000697206591269,0.11797547340393066,0.003792308221518983,0.0037921189335321515,0.06337785720825195,1.2883567477103186e-19
0.0867713348122558,0.08569308999705368,0.10112519694330212,0.10000697576741276,0.11778521537780762,0.003792118937732304,0.0037919296593358354,0.06399345397949219,1.2883707783388126e-19
0.08677125764630138,0.08569246743017496,0.10112547489479515,0.10000697946873051,0.11796307563781738,0.0037919296634075107,0.003791740394198939,0.06351995468139648,1.2883847983175067e-19
0.0867711804836309,0.08569184488457628,0.10112575282978536,0.10000698316986596,0.11715459823608398,0.0037917403985447467,0.003791551139187277,0.0633087158203125,1.2883988264626288e-19
0.08677110332424422,0.08569122236025845,0.10112603074827409,0.10000698687081912,0.11791467666625977,0.0037915511431405756,0.0037913618928797632,0.06400132179260254,1.288412852236419e-19
0.08677102616814114,0.08569059985722238,0.10112630865026263,0.10000699057158997,0.11668705940246582,0.003791361897197554,0.003791172656342212,0.06300926208496094,1.2884268737983208e-19
0.0867709490153215,0.08568997737546877,0.10112658653575231,0.10000699427217853,0.11584973335266113,0.003791172660714595,0.0037909834295746236,0.06319403648376465,1.2884409024185017e-19
0.08677087186578511,0.08568935491499863,0.1011268644047444,0.1000069979725848,0.11623787879943848,0.003790983433690732,0.0037907942122217264,0.06207275390625,1.2884549219970415e-19
0.08677079471953182,0.08568873247581264,0.10112714225724023,0.10000700167280878,0.1148672103881836,0.00379079421612456,0.003790605003928249,0.06156754493713379,1.288468949683803e-19
0.08677071757656145,0.08568811005791177,0.10112742009324109,0.10000700537285047,0.11449337005615234,0.0037906050080159783,0.0037904158052270986,0.06254124641418457,1.2884829694982417e-19
0.08677064043687382,0.08568748766129683,0.10112769791274828,0.10000700907270987,0.11695265769958496,0.003790415809365134,0.003790226616295911,0.06254124641418457,1.2884969921444144e-19
0.08677056330046878,0.08568686528596867,0.10112797571576312,0.10000701277238701,0.11689519882202148,0.0037902266201708702,0.003790037436424143,0.06263947486877441,1.2885110111144025e-19
0.08677048616734614,0.08568624293192818,0.10112825350228692,0.10000701647188187,0.11763668060302734,0.0037900374404334315,0.0037898482659670663,0.06245613098144531,1.2885250375859767e-19
0.08677040903750574,0.08568562059917616,0.10112853127232098,0.10000702017119446,0.1177675724029541,0.0037898482701530217,0.003789659104747045,0.06245303153991699,1.2885390526813143e-19
0.0867703319109474,0.08568499828771343,0.10112880902586661,0.1000070238703248,0.11633682250976562,0.0037896591093288306,0.0037894699538298937,0.06265544891357422,1.288553074421346e-19
0.08677025478767093,0.08568437599754065,0.10112908676292512,0.10000702756927286,0.11598658561706543,0.003789469957958671,0.003789280811616891,0.06283998489379883,1.288567089161151e-19
0.0867701776676762,0.08568375372865884,0.1011293644834978,0.10000703126803867,0.11867713928222656,0.0037892808160441297,0.0037890916797067575,0.06231570243835449,1.2885811118534406e-19
0.08677010055096301,0.08568313148106886,0.10112964218758595,0.10000703496662221,0.11969709396362305,0.0037890916835822937,0.003788902556500773,0.06232333183288574,1.2885951286450086e-19
0.08677002343753121,0.0856825092547717,0.10112991987519088,0.10000703866502349,0.11887097358703613,0.003788902560574102,0.0037887134430647507,0.06336426734924316,1.2886091441267465e-19
0.0867699463273806,0.0856818870497681,0.10113019754631389,0.10000704236324254,0.1203620433807373,0.0037887134470190598,0.0037885243385105127,0.0636744499206543,1.2886231660108384e-19
0.08676986922051101,0.08568126486605891,0.10113047520095629,0.10000704606127933,0.11968803405761719,0.0037885243429180374,0.003788335244081509,0.06304359436035156,1.2886371760760703e-19
0.0867697921169223,0.08568064270364503,0.10113075283911939,0.1000070497591339,0.11880946159362793,0.0037883352482692336,0.0037881461592448318,0.0637052059173584,1.2886511976174343e-19
0.08676971501661426,0.08568002056252712,0.10113103046080449,0.1000070534568062,0.12047934532165527,0.00378814616307176,0.003787957083289939,0.06313395500183105,1.2886652089279467e-19
0.08676963791958675,0.0856793984427062,0.10113130806601288,0.10000705715429628,0.12008833885192871,0.003787957087324885,0.0037877680165721017,0.06399250030517578,1.288679222857124e-19
0.08676956082583957,0.085678776344183,0.10113158565474586,0.10000706085160413,0.12088584899902344,0.003787768021030853,0.0037875789599794984,0.06426191329956055,1.2886932441952867e-19
0.08676948373537256,0.08567815426695854,0.10113186322700478,0.10000706454872975,0.11812710762023926,0.0037875789641860867,0.0037873899133344935,0.06341052055358887,1.288707255289073e-19
0.08676940664818555,0.08567753221103354,0.10113214078279091,0.10000706824567314,0.11576080322265625,0.0037873899167907635,0.0037872008746830943,0.06322503089904785,1.2887212650553105e-19
0.08676932956427838,0.08567691017640881,0.10113241832210557,0.10000707194243431,0.119476318359375,0.003787200878845551,0.003787011846156929,0.06487298011779785,1.2887352756257301e-19
0.08676925248365085,0.0856762881630851,0.10113269584495006,0.10000707563901326,0.12126421928405762,0.0037870118503501938,0.003786822827578362,0.0649104118347168,1.2887492867089053e-19
0.08676917540630281,0.08567566617106333,0.10113297335132569,0.10000707933540999,0.12057662010192871,0.0037868228313018715,0.003786633817703944,0.06461906433105469,1.2887633024517642e-19
0.08676909833223409,0.0856750442003443,0.10113325084123376,0.10000708303162452,0.12170934677124023,0.003786633821701504,0.003786444817599488,0.06513381004333496,1.288777309982908e-19
0.0867690212614445,0.08567442225092914,0.10113352831467556,0.10000708672765683,0.12019062042236328,0.0037864448215495687,0.0037862558269097235,0.0650782585144043,1.2887913189495256e-19
0.0867689441939339,0.08567380032281845,0.10113380577165242,0.10000709042350694,0.11674952507019043,0.003786255830844962,0.0037860668454570146,0.06406259536743164,1.288805329471513e-19
0.08676886712970208,0.08567317841601303,0.10113408321216562,0.10000709411917486,0.1175079345703125,0.0037860668495866227,0.003785877873774268,0.06457710266113281,1.288819341848226e-19
0.08676879006874891,0.0856725565305138,0.10113436063621646,0.10000709781466056,0.12097954750061035,0.0037858778777745813,0.003785688911683849,0.06518387794494629,1.2888333523676713e-19
0.08676871301107418,0.0856719346663216,0.10113463804380625,0.10000710150996409,0.11949610710144043,0.003785688915408391,0.0037854999586528493,0.06529521942138672,1.2888473616841068e-19
0.08676863595667775,0.0856713128234372,0.10113491543493626,0.10000710520508542,0.12201857566833496,0.003785499962487309,0.003785311015036541,0.06514763832092285,1.2888613667240603e-19
0.08676855890555943,0.08567069100186156,0.10113519280960784,0.10000710890002457,0.12127137184143066,0.003785311019010893,0.003785122081367831,0.06510019302368164,1.2888753693899193e-19
0.08676848185771904,0.08567006920159538,0.10113547016782226,0.10000711259478152,0.11940455436706543,0.003785122084977579,0.003784933156758541,0.0650482177734375,1.2888893798500487e-19
0.08676840481315642,0.0856694474226396,0.10113574750958082,0.1000071162893563,0.11842513084411621,0.0037849331603889043,0.003784744241563942,0.06434822082519531,1.2889033845278115e-19
0.0867683277718714,0.08566882566499506,0.10113602483488483,0.1000071199837489,0.11766195297241211,0.0037847442452434085,0.0037845553352511274,0.06591916084289551,1.2889173878765685e-19
0.08676825073386381,0.08566820392866246,0.1011363021437356,0.1000071236779593,0.11899971961975098,0.0037845553395417465,0.0037843664390635467,0.06688570976257324,1.2889313912536355e-19
0.08676817369913346,0.0856675822136427,0.10113657943613444,0.10000712737198755,0.11840534210205078,0.0037843664432826623,0.0037841775526459287,0.06444144248962402,1.2889453963922771e-19
0.0867680966676802,0.08566696051993668,0.10113685671208264,0.10000713106583364,0.11926126480102539,0.00378417755646497,0.0037839886747548235,0.06568503379821777,1.288959398079633e-19
0.08676801963950385,0.0856663388475452,0.1011371339715815,0.10000713475949757,0.11933612823486328,0.0037839886790902296,0.003783799807166588,0.06487107276916504,1.288973406756775e-19
0.08676794261460424,0.08566571719646908,0.10113741121463232,0.10000713845297934,0.12002253532409668,0.0037837998111556565,0.003783610948815408,0.06497335433959961,1.2889874035550998e-19
0.08676786559298119,0.08566509556670919,0.10113768844123643,0.10000714214627895,0.12070965766906738,0.003783610952661432,0.0037834220997012835,0.06505537033081055,1.2890014046297866e-19
0.08676778857463455,0.08566447395826644,0.1011379656513951,0.1000071458393964,0.11997199058532715,0.003783422103607134,0.0037832332598242147,0.06514906883239746,1.2890154067115718e-19
0.08676771155956413,0.08566385237114157,0.10113824284510962,0.10000714953233172,0.11988544464111328,0.0037832332639928974,0.0037830444295394727,0.06493687629699707,1.2890294088359993e-19
0.08676763454776976,0.0856632308053355,0.10113852002238131,0.10000715322508488,0.11769556999206543,0.003783044433818562,0.003782855608669422,0.06462740898132324,1.2890434128659194e-19
0.08676755753925126,0.08566260926084887,0.10113879718321145,0.10000715691765591,0.11606645584106445,0.0037828556130826887,0.003782666797569334,0.06460189819335938,1.2890574132514233e-19
0.08676748053400847,0.08566198773768263,0.10113907432760136,0.10000716061004479,0.11586451530456543,0.003782666801784158,0.003782477995883937,0.06519794464111328,1.2890714083483921e-19
0.08676740353204122,0.08566136623583756,0.10113935145555232,0.10000716430225154,0.11479473114013672,0.0037824779999231515,0.003782289203968503,0.06393909454345703,1.2890854082794307e-19
0.08676732653334934,0.08566074475531454,0.10113962856706564,0.10000716799427616,0.11623454093933105,0.003782289207498457,0.003782100420401946,0.06398582458496094,1.2890994031938274e-19
0.08676724953793266,0.08566012329611417,0.10113990566214265,0.10000717168611864,0.11761999130249023,0.003782100424510995,0.003781911646960623,0.06474184989929199,1.289113406222148e-19
0.086767172545791,0.08565950185823744,0.1011401827407846,0.10000717537777899,0.11789107322692871,0.003781911650959706,0.0037817228825787197,0.06450915336608887,1.2891274028182872e-19
0.08676709555692419,0.0856588804416851,0.10114045980299281,0.10000717906925724,0.11865997314453125,0.0037817228868446424,0.003781534128499686,0.06486177444458008,1.2891413945807033e-19
0.08676701857133204,0.08565825904645803,0.1011407368487686,0.10000718276055336,0.1176140308380127,0.0037815341321633797,0.0037813453829471655,0.06507349014282227,1.289155391070456e-19
0.08676694158901439,0.08565763767255723,0.10114101387811326,0.10000718645166737,0.11898064613342285,0.003781345386917776,0.003781156647342243,0.0644979476928711,1.2891693913010092e-19
0.08676686460997109,0.0856570163199834,0.10114129089102808,0.10000719014259926,0.1193699836730957,0.003781156651106058,0.003780967920619105,0.06375718116760254,1.2891833817965236e-19
0.08676678763420194,0.08565639498873742,0.10114156788751436,0.10000719383334905,0.11797499656677246,0.0037809679247290595,0.0037807792041988364,0.06435203552246094,1.2891973763789892e-19
0.0867667106617068,0.08565577367882024,0.1011418448675734,0.10000719752391674,0.11869955062866211,0.0037807792077846165,0.003780590496127445,0.06437420845031738,1.2892113682120788e-19
0.08676663369248548,0.08565515239023276,0.10114212183120651,0.10000720121430233,0.11899399757385254,0.0037805905002740083,0.0037804017981812876,0.06426143646240234,1.2892253605467708e-19
0.08676655672653781,0.08565453112297561,0.10114239877841495,0.10000720490450582,0.11958861351013184,0.0037804018021956676,0.003780213109472186,0.06474494934082031,1.2892393534408663e-19
0.08676647976386362,0.08565390987704968,0.10114267570920006,0.1000072085945272,0.11939311027526855,0.0037802131135502076,0.003780024430355411,0.06435346603393555,1.2892533415289014e-19
0.08676640280446274,0.08565328865245594,0.10114295262356313,0.1000072122843665,0.11930608749389648,0.0037800244343350426,0.003779835760298056,0.06425976753234863,1.2892673393179705e-19
0.08676632584833499,0.08565266744919502,0.10114322952150544,0.1000072159740237,0.12064003944396973,0.0037798357645511703,0.003779647100365935,0.06543755531311035,1.289281330933386e-19
0.08676624889548021,0.08565204626726786,0.10114350640302829,0.10000721966349883,0.11924195289611816,0.003779647104197934,0.003779458449315598,0.06479597091674805,1.2892953233448788e-19
0.08676617194589822,0.08565142510667528,0.10114378326813299,0.10000722335279189,0.11925005912780762,0.0037794584532747123,0.0037792698075023168,0.06497907638549805,1.289309308862594e-19
0.08676609499958887,0.08565080396741824,0.10114406011682085,0.10000722704190286,0.1181187629699707,0.003779269811781257,0.003779081175636634,0.0636754035949707,1.289323296002677e-19
0.08676601805655197,0.08565018284949737,0.10114433694909318,0.10000723073083176,0.11911416053771973,0.0037790811797174936,0.0037788925530080064,0.06500506401062012,1.2893372878298016e-19
0.08676594111678736,0.08564956175291354,0.10114461376495122,0.1000072344195786,0.12028646469116211,0.003778892557082519,0.0037787039397940703,0.06432366371154785,1.2893512755327537e-19
0.08676586418029486,0.08564894067766765,0.10114489056439631,0.10000723810814337,0.12073493003845215,0.003778703943875271,0.003778515335639554,0.0644216537475586,1.28936526132474e-19
0.08676578724707432,0.08564831962376061,0.10114516734742975,0.10000724179652606,0.12098383903503418,0.0037785153400969945,0.0037783267421431788,0.06540632247924805,1.2893792498092285e-19
0.08676571031712553,0.08564769859119323,0.10114544411405281,0.1000072454847267,0.11945033073425293,0.0037783267457437474,0.0037781381566404093,0.06504702568054199,1.2893932335588964e-19
0.08676563339044836,0.08564707757996627,0.10114572086426682,0.10000724917274528,0.1204366683959961,0.003778138160819511,0.003777949581262874,0.06401443481445312,1.2894072134841675e-19
0.08676555646704262,0.08564645659008047,0.10114599759807306,0.10000725286058182,0.11738324165344238,0.0037779495853206974,0.003777761015655301,0.06343770027160645,1.2894212060974672e-19
0.08676547954690812,0.08564583562153677,0.10114627431547284,0.1000072565482363,0.1174778938293457,0.003777761019246229,0.003777572458574241,0.06487822532653809,1.2894351873950324e-19
0.08676540263004472,0.08564521467433601,0.10114655101646743,0.10000726023570874,0.11904478073120117,0.003777572462598709,0.003777383911618415,0.06478118896484375,1.2894491726153525e-19
0.08676532571645222,0.08564459374847917,0.10114682770105812,0.10000726392299913,0.11924099922180176,0.003777383915375178,0.003777195373544373,0.0650339126586914,1.28946315818278e-19
0.08676524880613047,0.0856439728439669,0.10114710436924625,0.10000726761010749,0.11910080909729004,0.003777195377577306,0.003777006845240294,0.06527495384216309,1.289477140463634e-19
0.0867651718990793,0.08564335196079992,0.10114738102103307,0.10000727129703381,0.11923933029174805,0.003777006849202849,0.003776818326350906,0.06508755683898926,1.2894911254499086e-19
0.08676509499529854,0.08564273109897923,0.1011476576564199,0.10000727498377811,0.1180412769317627,0.003776818330250715,0.003776629817053845,0.06389117240905762,1.2895051054102117e-19
0.086765018094788,0.08564211025850574,0.10114793427540804,0.10000727867034037,0.11937522888183594,0.0037766298207220416,0.003776441316638568,0.06489324569702148,1.289519088677094e-19
0.0867649411975475,0.0856414894393803,0.10114821087799876,0.10000728235672061,0.11639189720153809,0.003776441320615816,0.0037762528259932537,0.06357669830322266,1.289533065417752e-19
0.08676486430357691,0.08564086864160368,0.10114848746419337,0.10000728604291884,0.11787700653076172,0.003776252829932124,0.0037760643449402664,0.06555986404418945,1.2895470452306116e-19
0.08676478741287603,0.08564024786517675,0.10114876403399317,0.10000728972893505,0.11858510971069336,0.0037760643486698447,0.003775875872413792,0.06396317481994629,1.2895610291266511e-19
0.08676471052544471,0.0856396271101002,0.10114904058739944,0.10000729341476924,0.11974740028381348,0.00377587587682924,0.0037756874105454585,0.06505179405212402,1.2895750071674315e-19
0.08676463364128276,0.08563900637637502,0.10114931712441348,0.10000729710042143,0.11829853057861328,0.0037756874144080485,0.003775498957203638,0.06416153907775879,1.2895889859286992e-19
0.08676455676039,0.08563838566400186,0.10114959364503662,0.10000730078589161,0.11838078498840332,0.003775498961408617,0.00377531051363178,0.06373906135559082,1.2896029600153463e-19
0.08676447988276627,0.0856377649729816,0.10114987014927011,0.10000730447117978,0.11626386642456055,0.0037753105178293337,0.003775122080185156,0.06442499160766602,1.2896169386951746e-19
0.08676440300841141,0.08563714430331522,0.10115014663711527,0.10000730815628596,0.11676621437072754,0.003775122083667732,0.0037749336549097734,0.0651705265045166,1.2896309166305907e-19
0.08676432613732525,0.08563652365500332,0.10115042310857339,0.10000731184121014,0.11926603317260742,0.0037749336589257684,0.0037747452394043535,0.06452703475952148,1.2896448927476978e-19
0.08676424926950761,0.08563590302804683,0.10115069956364578,0.10000731552595234,0.1184699535369873,0.003774745243601953,0.003774556833313625,0.06422853469848633,1.2896588666000217e-19
0.08676417240495832,0.08563528242244643,0.1011509760023337,0.10000731921051255,0.11484694480895996,0.003774556837696093,0.0037743684371704944,0.0628352165222168,1.2896728393231183e-19
0.08676409554367721,0.0856346618382032,0.10115125242463847,0.10000732289489077,0.11561036109924316,0.003774368441206403,0.0037741800502644196,0.06444263458251953,1.2896868198943913e-19
0.08676401868566412,0.08563404127531801,0.10115152883056137,0.10000732657908701,0.11635065078735352,0.00377418005413401,0.0037739916725954004,0.06491589546203613,1.2897007939111026e-19
0.08676394183091886,0.08563342073379158,0.10115180522010371,0.10000733026310125,0.11858081817626953,0.003773991676477592,0.0037738033043410724,0.06497383117675781,1.28971476487661e-19
0.08676386497944127,0.08563280021362477,0.10115208159326676,0.10000733394693354,0.11822080612182617,0.0037738033082368857,0.003773614945856707,0.06477117538452148,1.2897287383097193e-19
0.08676378813123119,0.08563217971481828,0.10115235795005181,0.10000733763058385,0.11659121513366699,0.0037736149494118146,0.0037734265957212187,0.0639960765838623,1.2897427136741163e-19
0.08676371128628843,0.08563155923737306,0.10115263429046017,0.10000734131405219,0.11540484428405762,0.0037734266000038867,0.0037732382564215072,0.06395888328552246,1.2897566829582418e-19
0.08676363444461282,0.08563093878128993,0.10115291061449314,0.10000734499733857,0.1164708137512207,0.003773238260008596,0.0037730499256483085,0.06409287452697754,1.2897706519475047e-19
0.08676355760620422,0.08563031834656959,0.101153186922152,0.10000734868044299,0.11566567420959473,0.0037730499294265155,0.0037728616041121654,0.06361842155456543,1.289784624539801e-19
0.08676348077106243,0.0856296979332129,0.10115346321343807,0.10000735236336546,0.12033700942993164,0.0037728616082595232,0.0037726732932341633,0.06369185447692871,1.2897985933303154e-19
0.08676340393918727,0.08562907754122093,0.10115373948835263,0.10000735604610596,0.11927986145019531,0.003772673296504411,0.0037724849907050384,0.06427955627441406,1.2898125633001375e-19
0.08676332711057859,0.08562845717059435,0.10115401574689697,0.10000735972866451,0.11830353736877441,0.0037724849941617195,0.003772296697412969,0.06388258934020996,1.2898265324082666e-19
0.08676325028523622,0.08562783682133385,0.10115429198907239,0.1000073634110411,0.11785459518432617,0.0037722967012320738,0.0037721084137132266,0.06331300735473633,1.2898405049689373e-19
0.08676317346316,0.0856272164934403,0.10115456821488014,0.10000736709323575,0.11908245086669922,0.0037721084177139022,0.0037719201399610824,0.06409692764282227,1.2898544742417856e-19
0.08676309664434971,0.08562659618691479,0.10115484442432154,0.10000737077524847,0.11907792091369629,0.003771920143607081,0.0037717318750907225,0.06297063827514648,1.2898684395230413e-19
0.08676301982880523,0.0856259759017579,0.1011551206173979,0.10000737445707925,0.11666011810302734,0.003771731878911182,0.003771543619990325,0.06351828575134277,1.289882408527555e-19
0.08676294301652636,0.08562535563797063,0.1011553967941105,0.10000737813872809,0.11661696434020996,0.003771543623624295,0.0037713553735940764,0.06359553337097168,1.2898963678130971e-19
0.08676286620751293,0.08562473539555374,0.10115567295446061,0.100007381820195,0.11572575569152832,0.0037713553777491172,0.003771167137145426,0.06377363204956055,1.2899103317363948e-19
0.0867627894017648,0.08562411517450778,0.10115594909844954,0.10000738550147999,0.11820793151855469,0.0037711671412823736,0.0037709789102891023,0.06369447708129883,1.2899243066726086e-19
0.08676271259928177,0.08562349497483362,0.10115622522607857,0.10000738918258305,0.12116003036499023,0.003770978914224647,0.0037707906926698342,0.06435513496398926,1.2899382653925749e-19
0.08676263580006369,0.08562287479653216,0.10115650133734902,0.1000073928635042,0.12121272087097168,0.0037707906965747696,0.003770602484109986,0.06464219093322754,1.2899522292457213e-19
0.08676255900411037,0.08562225463960425,0.10115677743226216,0.10000739654424343,0.1200723648071289,0.0037706024883343223,0.003770414285675372,0.06361246109008789,1.289966194396741e-19
0.08676248221142165,0.08562163450405065,0.10115705351081929,0.10000740022480074,0.11850786209106445,0.003770414289499759,0.0037702260963001777,0.06414365768432617,1.28998016360552e-19
0.08676240542199735,0.08562101438987238,0.10115732957302168,0.10000740390517615,0.11809086799621582,0.0037702261000726227,0.0037700379158067676,0.06458497047424316,1.2899941232159947e-19
0.08676232863583734,0.08562039429707034,0.10115760561887065,0.10000740758536966,0.11784529685974121,0.0037700379200525276,0.0037698497459714986,0.06455373764038086,1.2900080830839972e-19
0.08676225185294141,0.08561977422564532,0.10115788164836746,0.10000741126538126,0.11667299270629883,0.003769849749436861,0.003769661584307471,0.0635225772857666,1.2900220464060667e-19
0.0867621750733094,0.085619154175598,0.10115815766151344,0.10000741494521095,0.12147140502929688,0.003769661588227567,0.0037694734327686774,0.06580591201782227,1.2900360044611079e-19
0.08676209829694115,0.08561853414692941,0.10115843365830987,0.10000741862485876,0.1199483871459961,0.0037694734364234588,0.0037692852899340323,0.06581544876098633,1.2900499665249796e-19
0.08676202152383648,0.08561791413964014,0.10115870963875803,0.10000742230432468,0.1208195686340332,0.003769285294024851,0.00376909715686935,0.0645287036895752,1.290063921272247e-19
0.08676194475399522,0.08561729415373104,0.10115898560285923,0.1000074259836087,0.12001228332519531,0.003769097161030176,0.0037689090332193587,0.06509995460510254,1.2900778849882377e-19
0.0867618679874172,0.08561667418920288,0.10115926155061472,0.10000742966271084,0.11992335319519043,0.0037689090374386537,0.0037687209191616944,0.0655057430267334,1.2900918459907153e-19
0.08676179122410224,0.0856160542460565,0.10115953748202583,0.1000074333416311,0.12070417404174805,0.0037687209232511653,0.0037685328148739927,0.06492877006530762,1.2901057953917033e-19
0.08676171446405018,0.0856154343242929,0.10115981339709383,0.10000743702036949,0.11886453628540039,0.0037685328184645494,0.0037683447187575325,0.06657242774963379,1.2901197565933396e-19
0.08676163770726085,0.08561481442391282,0.10116008929582,0.100007440698926,0.11846470832824707,0.003768344723081963,0.0037681566338321204,0.06622910499572754,1.2901337166458486e-19
0.08676156095373408,0.08561419454491694,0.10116036517820565,0.10000744437730064,0.11456108093261719,0.003768156637098922,0.0037679685567226784,0.06332254409790039,1.290147671031424e-19
0.08676148420346969,0.08561357468730624,0.10116064104425204,0.1000074480554934,0.11498856544494629,0.0037679685605183175,0.003767780489383199,0.0644998550415039,1.290161632243686e-19
0.0867614074564675,0.08561295485108152,0.10116091689396049,0.1000074517335043,0.11806917190551758,0.003767780493338739,0.0037675924316360465,0.06529760360717773,1.29017558786777e-19
0.08676133071272736,0.08561233503624369,0.10116119272733227,0.10000745541133334,0.12019801139831543,0.0037675924355586735,0.0037674043836588567,0.06511425971984863,1.2901895383664711e-19
0.0867612539722491,0.08561171524279375,0.10116146854436867,0.10000745908898052,0.11962246894836426,0.0037674043871786045,0.0037672163443858153,0.06481146812438965,1.2902034938399469e-19
0.08676117723503256,0.08561109547073219,0.10116174434507097,0.10000746276644586,0.11653733253479004,0.0037672163481978355,0.0037670283143498295,0.06431388854980469,1.2902174462342145e-19
0.08676110050107755,0.08561047572005988,0.10116202012944048,0.10000746644372933,0.11798834800720215,0.0037670283186178356,0.0037668402944390778,0.06557178497314453,1.2902313962499327e-19
0.08676102377038389,0.08560985599077772,0.10116229589747848,0.10000747012083097,0.1184544563293457,0.0037668402984351148,0.00376665228341011,0.06409883499145508,1.2902453535104584e-19
0.08676094704295143,0.08560923628288652,0.10116257164918627,0.10000747379775077,0.11605405807495117,0.0037666522876511734,0.0037664642825063765,0.06406974792480469,1.2902593000104593e-19
0.08676087031877999,0.0856086165963871,0.10116284738456514,0.10000747747448872,0.11962246894836426,0.0037664642862642326,0.003766276290662063,0.06630802154541016,1.2902732467417082e-19
0.08676079359786941,0.08560799693128032,0.10116312310361636,0.10000748115104484,0.11749768257141113,0.003766276294273508,0.003766088307877169,0.06522941589355469,1.2902871996918724e-19
0.08676071688021951,0.08560737728756715,0.10116339880634122,0.10000748482741913,0.11876726150512695,0.0037660883116792223,0.0037659003345069664,0.06558561325073242,1.2903011526298057e-19
0.08676064016583014,0.08560675766524822,0.10116367449274101,0.10000748850361159,0.11582303047180176,0.0037659003384818363,0.003765712370551455,0.06379532814025879,1.2903151023553132e-19
0.08676056345470111,0.08560613806432435,0.10116395016281704,0.10000749217962222,0.1166834831237793,0.003765712374680638,0.003765524416010635,0.06410479545593262,1.2903290509303569e-19
0.08676048674683225,0.08560551848479662,0.10116422581657059,0.10000749585545103,0.11723661422729492,0.0037655244202747856,0.003765336470884506,0.06239581108093262,1.290342998183795e-19
0.08676041004222339,0.08560489892666573,0.10116450145400292,0.10000749953109803,0.11223745346069336,0.0037653364752634182,0.00376514853552834,0.06573891639709473,1.290356948599747e-19
0.08676033334087437,0.08560427938993255,0.10116477707511536,0.1000075032065632,0.11090660095214844,0.003765148539645772,0.003764960609409229,0.06467342376708984,1.2903708988605417e-19
0.08676025664278501,0.08560365987459777,0.10116505267990916,0.10000750688184655,0.10681915283203125,0.003764960613422029,0.003764772693060081,0.060906171798706055,1.290384844597642e-19
0.08676017994795514,0.08560304038066215,0.10116532826838565,0.1000075105569481,0.11442923545837402,0.0037647726965913536,0.003764584785237446,0.0630638599395752,1.2903987893073542e-19
0.08676010325638457,0.08560242090812646,0.10116560384054608,0.10000751423186785,0.1159365177154541,0.0037645847891532858,0.003764396887362409,0.06270122528076172,1.2904127339562177e-19
0.08676002656807318,0.08560180145699155,0.10116587939639175,0.1000075179066058,0.11859917640686035,0.003764396891107023,0.003764208998546792,0.06303238868713379,1.2904266775904537e-19
0.08675994988302076,0.08560118202725828,0.10116615493592396,0.10000752158116194,0.11868119239807129,0.0037642090024535236,0.003764021119145866,0.06326508522033691,1.290440626929333e-19
0.08675987320122716,0.08560056261892748,0.10116643045914395,0.1000075252555363,0.11810636520385742,0.0037640211231912517,0.0037638332493372673,0.06254339218139648,1.2904545661017049e-19
0.08675979652269218,0.08559994323200003,0.10116670596605305,0.10000752892972888,0.1166224479675293,0.0037638332533200267,0.0037636453885880883,0.06327438354492188,1.2904685181435813e-19
0.08675971984741568,0.08559932386647659,0.10116698145665252,0.10000753260373965,0.1186976432800293,0.0037636453928394575,0.0037634575379641433,0.06328129768371582,1.2904824554027258e-19
0.08675964317539749,0.08559870452235807,0.10116725693094367,0.10000753627756864,0.11792445182800293,0.003763457541748271,0.003763269696399618,0.06239485740661621,1.2904964009745662e-19
0.08675956650663744,0.08559808519964514,0.10116753238892777,0.10000753995121585,0.11930656433105469,0.00376326970004679,0.00376308186318397,0.06260180473327637,1.290510340155831e-19
0.08675948984113535,0.0855974658983386,0.10116780783060611,0.10000754362468128,0.12039780616760254,0.0037630818677362324,0.0037628940406264633,0.06288290023803711,1.2905242828464108e-19
0.08675941317889105,0.08559684661843957,0.10116808325597997,0.10000754729796495,0.11699819564819336,0.0037628940448137206,0.0037627062269507405,0.0635833740234375,1.2905382261404587e-19
0.08675933651990438,0.08559622735994883,0.10116835866505063,0.10000755097106685,0.12035298347473145,0.0037627062312787654,0.0037625184235778875,0.06451201438903809,1.2905521630947978e-19
0.08675925986417515,0.08559560812286694,0.10116863405781938,0.10000755464398697,0.1329483985900879,0.0037625184271302065,0.00376233062819864,0.0712594985961914,1.29056610442512e-19
0.08675918321170321,0.08559498890719483,0.10116890943428752,0.10000755831672534,0.12890958786010742,0.0037623306323696726,0.003762142842944627,0.07263565063476562,1.2905800482777418e-19
0.08675910656248838,0.08559436971293344,0.10116918479445633,0.10000756198928194,0.11569404602050781,0.00376214284699566,0.003761955067105305,0.06435251235961914,1.290593977334227e-19
0.08675902991653049,0.08559375054008371,0.1011694601383271,0.1000075656616568,0.11646103858947754,0.003761955071008005,0.0037617673003254026,0.06614995002746582,1.2906079242205598e-19
0.08675895327382938,0.08559313138864653,0.1011697354659011,0.10000756933384991,0.11943864822387695,0.0037617673044059146,0.003761579542782556,0.06681108474731445,1.2906218562589225e-19
0.08675887663438486,0.08559251225862241,0.10117001077717964,0.10000757300586127,0.11636161804199219,0.0037615795471899636,0.0037613917951873077,0.06509995460510254,1.2906357937086228e-19
0.08675879999819679,0.08559189315001231,0.101170286072164,0.10000757667769088,0.11550545692443848,0.00376139179935827,0.0037612040570067506,0.06430482864379883,1.2906497317129058e-19
0.08675872336526498,0.0855912740628168,0.10117056135085543,0.10000758034933875,0.11710190773010254,0.0037612040609107085,0.003761016327530342,0.06511902809143066,1.2906636669692526e-19
0.08675864673558925,0.08559065499703673,0.10117083661325524,0.10000758402080487,0.11965417861938477,0.0037610163318479084,0.003760828608356803,0.06592416763305664,1.290677603457571e-19
0.08675857010916946,0.08559003595267309,0.1011711118593647,0.10000758769208926,0.11833739280700684,0.003760828612166562,0.0037606408980650485,0.06488609313964844,1.2906915379175752e-19
0.08675849348600542,0.08558941692972669,0.10117138708918509,0.10000759136319193,0.11641192436218262,0.003760640901868298,0.003760453197187985,0.06514573097229004,1.2907054750210114e-19
0.08675841686609698,0.08558879792819823,0.10117166230271774,0.10000759503411287,0.11675000190734863,0.0037604532009529647,0.0037602655055479772,0.06534457206726074,1.2907194057636357e-19
0.08675834024944394,0.0855881789480885,0.1011719374999639,0.10000759870485208,0.11748766899108887,0.0037602655094197733,0.0037600778235002963,0.06589317321777344,1.2907333368571174e-19
0.08675826363604616,0.08558755998939833,0.10117221268092484,0.10000760237540958,0.1196436882019043,0.0037600778272672336,0.0037598901510449423,0.06592392921447754,1.2907472716553818e-19
0.08675818702590345,0.08558694105212858,0.10117248784560187,0.10000760604578536,0.1351933479309082,0.0037598901544952526,0.0037597024880042795,0.07674264907836914,1.2907612008485668e-19
0.08675811041901564,0.08558632213628008,0.10117276299399627,0.10000760971597943,0.12796902656555176,0.003759702491103245,0.003759514832779587,0.07125020027160645,1.290775132830499e-19
0.08675803381538257,0.08558570324185365,0.10117303812610934,0.10000761338599179,0.11476540565490723,0.0037595148370942423,0.0037593271885683066,0.06446623802185059,1.2907890638714585e-19
0.08675795721500407,0.0855850843688503,0.10117331324194233,0.10000761705582245,0.11415624618530273,0.0037593271924643047,0.0037591395532388105,0.0645294189453125,1.2908029951035718e-19
0.08675788061787996,0.08558446551727059,0.10117358834149653,0.10000762072547141,0.11553478240966797,0.0037591395572130057,0.003758951927679277,0.06589603424072266,1.290816926773216e-19
0.08675780402401008,0.08558384668711523,0.10117386342477325,0.10000762439493867,0.11775851249694824,0.003758951931340541,0.003758764311001528,0.06619143486022949,1.290830853916764e-19
0.08675772743339426,0.0855832278783853,0.10117413849177376,0.10000762806422424,0.11752200126647949,0.0037587643148461105,0.003758576704271377,0.06613421440124512,1.290844779191705e-19
0.0867576508460323,0.0855826090910817,0.10117441354249931,0.1000076317333281,0.11784076690673828,0.003758576707728914,0.0037583891062453745,0.0630333423614502,1.2908587082013632e-19
0.0867575742619241,0.08558199032520505,0.10117468857695121,0.10000763540225029,0.1123647689819336,0.0037583891099881367,0.0037582015176340633,0.0665140151977539,1.2908726400235212e-19
0.08675749768106943,0.0855813715807562,0.10117496359513073,0.10000763907099078,0.11615419387817383,0.003758201521626681,0.003758013938615079,0.06551599502563477,1.2908865655420495e-19
0.08675742110346814,0.08558075285773603,0.10117523859703917,0.1000076427395496,0.1175527572631836,0.0037580139426407156,0.0037578263691884217,0.06550145149230957,1.2909004851927196e-19
0.08675734452912007,0.08558013415614518,0.10117551358267778,0.10000764640792674,0.11686825752258301,0.003757826373029744,0.0037576388093540913,0.06565022468566895,1.29091442103848e-19
0.08675726795802502,0.08557951547598457,0.10117578855204787,0.1000076500761222,0.11458635330200195,0.0037576388127932613,0.0037574512582239095,0.06395816802978516,1.2909283418197116e-19
0.08675719139018284,0.0855788968172549,0.10117606350515072,0.10000765374413598,0.11408019065856934,0.0037574512619335983,0.003757263716330783,0.06412982940673828,1.2909422619382743e-19
0.08675711482559337,0.08557827817995713,0.1011763384419876,0.1000076574119681,0.11423158645629883,0.0037572637204481988,0.003757076184918162,0.06456828117370605,1.2909561904796497e-19
0.08675703826425642,0.08557765956409198,0.1011766133625598,0.10000766107961856,0.11393618583679199,0.0037570761883365597,0.003756888662032054,0.06442737579345703,1.2909701144338717e-19
0.08675696170617184,0.08557704096966035,0.10117688826686858,0.10000766474708736,0.11651825904846191,0.0037568886655978987,0.00375670114802773,0.06558847427368164,1.2909840388192239e-19
0.08675688515133945,0.08557642239666305,0.10117716315491522,0.1000076684143745,0.11619973182678223,0.0037567011522334944,0.003756513644326276,0.06495308876037598,1.2909979589038303e-19
0.0867568085997591,0.08557580384510112,0.10117743802670102,0.10000767208147998,0.11812567710876465,0.00375651364824018,0.003756326149861877,0.06372451782226562,1.2910118819445146e-19
0.0867567320514306,0.08557518531497516,0.10117771288222727,0.1000076757484038,0.11551523208618164,0.0037563261536194053,0.0037561386644568984,0.0650167465209961,1.2910257987623967e-19
0.08675665550635378,0.08557456680628578,0.10117798772149522,0.10000767941514599,0.11690855026245117,0.0037561386683707537,0.003755951188288975,0.06521964073181152,1.291039726950421e-19
0.08675657896452847,0.08557394831903405,0.10117826254450618,0.10000768308170653,0.11687755584716797,0.0037559511924931356,0.0037557637224239215,0.06554794311523438,1.2910536447363845e-19
0.08675650242595452,0.08557332985322082,0.10117853735126141,0.10000768674808544,0.12104606628417969,0.003755763725985922,0.0037555762650853808,0.06714773178100586,1.2910675612395923e-19
0.08675642589063173,0.08557271140884669,0.10117881214176219,0.10000769041428272,0.13515710830688477,0.0037555762688484757,0.0037553888176944383,0.07611966133117676,1.2910814863345698e-19
0.08675634935855996,0.08557209298591248,0.10117908691600982,0.10000769408029836,0.12035250663757324,0.0037553888210808814,0.0037552013788300087,0.06624865531921387,1.291095407390401e-19
0.08675627282973901,0.08557147458441929,0.10117936167400558,0.10000769774613237,0.1157374382019043,0.0037552013826827792,0.0037550139497355417,0.06531286239624023,1.2911093251366343e-19
0.08675619630416875,0.08557085620436754,0.10117963641575076,0.10000770141178476,0.1139211654663086,0.003755013953654263,0.003754826529522859,0.0641946792602539,1.2911232387473786e-19
0.08675611978184898,0.0855702378457583,0.10117991114124661,0.10000770507725552,0.11553740501403809,0.0037548265339955996,0.0037546391196130458,0.06621432304382324,1.291137155569267e-19
0.08675604326277954,0.08556961950859235,0.10118018585049443,0.10000770874254467,0.11844420433044434,0.00375463912370298,0.0037544517187626525,0.0671854019165039,1.2911510712856333e-19
0.08675596674696028,0.08556900119287057,0.10118046054349551,0.1000077124076522,0.11861920356750488,0.0037544517227781895,0.003754264327504586,0.0668950080871582,1.2911649905398994e-19
0.086755890234391,0.08556838289859389,0.1011807352202511,0.10000771607257812,0.11889791488647461,0.0037542643312191253,0.003754076945128304,0.06697869300842285,1.2911789023012396e-19
0.08675581372507153,0.08556776462576302,0.10118100988076249,0.10000771973732243,0.11948728561401367,0.0037540769490273674,0.003753889572166713,0.06684589385986328,1.2911928185763244e-19
0.0867557372190017,0.08556714637437875,0.10118128452503097,0.10000772340188514,0.11938023567199707,0.003753889576202465,0.0037537022086198135,0.06707501411437988,1.2912067327105447e-19
0.08675566071618136,0.08556652814444174,0.1011815591530578,0.10000772706626626,0.11941719055175781,0.003753702212742532,0.003753514854487605,0.06637239456176758,1.2912206453815154e-19
0.08675558421661034,0.08556590993595295,0.1011818337648443,0.10000773073046577,0.11806583404541016,0.0037535148586478355,0.0037533275099477237,0.06478476524353027,1.2912345602535818e-19
0.08675550772028846,0.08556529174891307,0.10118210836039171,0.10000773439448368,0.11786699295043945,0.0037533275139171995,0.003753140175000169,0.06566905975341797,1.2912484748875718e-19
0.08675543122721556,0.08556467358332294,0.10118238293970129,0.10000773805832001,0.1202702522277832,0.003753140178549416,0.003752952848401492,0.06730484962463379,1.2912623828837664e-19
0.08675535473739146,0.08556405543918343,0.10118265750277436,0.10000774172197475,0.11763310432434082,0.0037529528525474826,0.0037527655319280484,0.06586432456970215,1.291276297057716e-19
0.086755278250816,0.08556343731649538,0.10118293204961219,0.10000774538544792,0.11811518669128418,0.003752765535908172,0.0037525782246916606,0.06678175926208496,1.2912902069837447e-19
0.08675520176748899,0.08556281921525942,0.10118320658021605,0.1000077490487395,0.11927032470703125,0.003752578228632424,0.0037523909266923283,0.06678628921508789,1.2913041200403215e-19
0.08675512528741028,0.08556220113547638,0.10118348109458722,0.10000775271184952,0.12049603462219238,0.003752390930717029,0.0037522036384629587,0.06578326225280762,1.291318032764205e-19
0.08675504881057969,0.08556158307714717,0.10118375559272696,0.10000775637477793,0.11840963363647461,0.0037522036421632383,0.0037520163589377376,0.06604123115539551,1.2913319359744526e-19
0.08675497233699705,0.08556096504027257,0.10118403007463658,0.10000776003752479,0.11759805679321289,0.0037520163629715534,0.0037518290890048434,0.06595611572265625,1.2913458409904248e-19
0.08675489586666221,0.08556034702485339,0.10118430454031736,0.10000776370009008,0.11432170867919922,0.0037518290931411744,0.0037516418288419118,0.06428813934326172,1.291359754786514e-19
0.086754819399575,0.0855597290308904,0.10118457898977057,0.10000776736247381,0.11436605453491211,0.0037516418326703077,0.0037514545777384,0.06428289413452148,1.2913736641056815e-19
0.08675474293573522,0.08555911105838464,0.10118485342299746,0.10000777102467599,0.11839747428894043,0.003751454581559145,0.0037512673360495796,0.06597113609313965,1.2913875695396344e-19
0.08675466647514274,0.08555849310733667,0.10118512783999933,0.10000777468669661,0.11897778511047363,0.0037512673398084817,0.0037510801035978147,0.06603264808654785,1.2914014728072786e-19
0.08675459001779738,0.08555787517774732,0.10118540224077746,0.10000777834853568,0.11803030967712402,0.0037510801074166437,0.003750892880738377,0.06532049179077148,1.2914153818489598e-19
0.08675451356369895,0.08555725726961734,0.10118567662533312,0.10000778201019321,0.11768031120300293,0.003750892884382715,0.0037507056669383587,0.06507563591003418,1.2914292826755468e-19
0.0867544371128473,0.0855566393829476,0.10118595099366758,0.10000778567166918,0.11558294296264648,0.003750705670706656,0.003750518462375396,0.06505298614501953,1.2914431930358197e-19
0.08675436066524225,0.08555602151773875,0.10118622534578213,0.10000778933296363,0.11504602432250977,0.003750518466388595,0.0037503312670494893,0.0645151138305664,1.2914570944758746e-19
0.08675428422088365,0.08555540367399178,0.10118649968167805,0.10000779299407653,0.11609530448913574,0.003750331271428445,0.0037501440823817234,0.06576681137084961,1.2914709993224856e-19
0.0867542077797713,0.08555478585170749,0.10118677400135662,0.10000779665500789,0.11952328681945801,0.003750144085823623,0.003749956905885199,0.06653308868408203,1.2914849026518005e-19
0.08675413134190506,0.08555416805088674,0.10118704830481907,0.10000780031575773,0.11764860153198242,0.0037499569095748187,0.00374976973862573,0.06616878509521484,1.2914988035060084e-19
0.08675405490728474,0.08555355027153043,0.10118732259206673,0.10000780397632605,0.11889314651489258,0.003749769742682826,0.0037495825806033167,0.06549215316772461,1.2915127082291574e-19
0.0867539784759102,0.08555293251363942,0.10118759686310085,0.10000780763671285,0.11924433708190918,0.0037495825851462123,0.0037493954327061374,0.06574392318725586,1.291526606025999e-19
0.08675390204778123,0.08555231477721464,0.10118787111792271,0.10000781129691813,0.11390376091003418,0.0037493954369644472,0.0037492082940460136,0.06383347511291504,1.2915405149193236e-19
0.08675382562289768,0.08555169706225672,0.10118814535653359,0.1000078149569419,0.11544322967529297,0.0037492082981367336,0.0037490211646229454,0.06386709213256836,1.2915544126995117e-19
0.08675374920125939,0.08555107936876637,0.10118841957893475,0.10000781861678415,0.11448001861572266,0.00374902116866223,0.0037488340453251112,0.0641477108001709,1.2915683094984546e-19
0.08675367278286618,0.08555046169674436,0.10118869378512747,0.10000782227644489,0.11630988121032715,0.0037488340485394905,0.00374864693331034,0.06494474411010742,1.2915822125715238e-19
0.08675359636771789,0.08554984404619154,0.10118896797511305,0.10000782593592411,0.13094329833984375,0.0037486469377715007,0.003748459832486617,0.07389211654663086,1.2915961029725985e-19
0.08675351995581435,0.08554922641710881,0.10118924214889276,0.10000782959522184,0.12262701988220215,0.0037484598363559897,0.003748272740544678,0.06667804718017578,1.2916100093098575e-19
0.08675344354715538,0.08554860880949704,0.10118951630646783,0.10000783325433807,0.11482739448547363,0.003748272744291569,0.0037480856574845234,0.06390571594238281,1.2916239010007777e-19
0.08675336714174081,0.08554799122335689,0.10118979044783959,0.10000783691327281,0.11519098281860352,0.003748085661579391,0.0037478985841943313,0.06345582008361816,1.2916378000905419e-19
0.0867532907395705,0.08554737365868921,0.1011900645730093,0.10000784057202605,0.11313748359680176,0.0037478985882183225,0.003747711520496466,0.063568115234375,1.2916516990028946e-19
0.08675321434064424,0.08554675611549466,0.10119033868197823,0.10000784423059782,0.11371207237243652,0.0037477115242065444,0.0037475244660356566,0.06392908096313477,1.2916655969896204e-19
0.08675313794496191,0.08554613859377415,0.10119061277474764,0.10000784788898809,0.11521053314208984,0.0037475244695449224,0.00374733742010136,0.06345677375793457,1.291679489275727e-19
0.08675306155252331,0.08554552109352836,0.10119088685131881,0.10000785154719688,0.11616921424865723,0.0037473374242334287,0.0037471503846475684,0.0639650821685791,1.2916933883935562e-19
0.08675298516332827,0.08554490361475811,0.10119116091169304,0.1000078552052242,0.11618232727050781,0.0037471503882701472,0.0037469633573650185,0.06415915489196777,1.2917072782897498e-19
0.08675290877737664,0.08554428615746396,0.1011914349558716,0.10000785886307004,0.11703228950500488,0.003746963361657269,0.003746776340562974,0.0647890567779541,1.291721173304082e-19
0.08675283239466823,0.085543668721647,0.10119170898385575,0.1000078625207344,0.12033653259277344,0.003746776344391972,0.0037465893326427135,0.0671696662902832,1.2917350618297809e-19
0.08675275601520288,0.08554305130730809,0.10119198299564676,0.1000078661782173,0.10747456550598145,0.0037465893364742285,0.0037464023346700515,0.061026811599731445,1.2917489577525236e-19
0.08675267963898042,0.08554243391444814,0.10119225699124591,0.10000786983551875,0.10953283309936523,0.003746402337902453,0.0037462153450462665,0.0630342960357666,1.2917628494279999e-19
0.0867526032660007,0.08554181654306782,0.1011925309706545,0.10000787349263873,0.11659908294677734,0.0037462153486776057,0.0037460283650148085,0.06414675712585449,1.2917767415200174e-19
0.08675252689626353,0.08554119919316801,0.10119280493387378,0.10000787714957726,0.11828398704528809,0.0037460283687995467,0.0037458413938651347,0.06394219398498535,1.2917906344316754e-19
0.08675245052976875,0.08554058186474937,0.101193078880905,0.10000788080633434,0.11908888816833496,0.003745841398269178,0.0037456544330183306,0.06416511535644531,1.2918045277008984e-19
0.08675237416651618,0.0855399645578127,0.10119335281174945,0.10000788446290997,0.11797451972961426,0.003745654437083231,0.003745467481408582,0.06450057029724121,1.2918184145023637e-19
0.08675229780650567,0.08553934727235883,0.10119362672640841,0.10000788811930415,0.12087392807006836,0.0037454674852413217,0.003745280538502982,0.06568288803100586,1.2918323029441203e-19
0.08675222144973704,0.08553873000838857,0.10119390062488315,0.10000789177551689,0.12029004096984863,0.0037452805427446324,0.003745093606077887,0.06574440002441406,1.2918461922543441e-19
0.08675214509621013,0.08553811276590294,0.10119417450717495,0.1000078954315482,0.11923813819885254,0.003745093609590318,0.0037449066816463983,0.06502842903137207,1.2918600804708971e-19
0.08675206874592475,0.0855374955449026,0.10119444837328509,0.10000789908739807,0.11970973014831543,0.0037449066857803727,0.0037447197671625077,0.0649721622467041,1.2918739708645827e-19
0.08675199239888076,0.08553687834538844,0.10119472222321482,0.10000790274306652,0.12039756774902344,0.0037447197713148467,0.0037445328624485796,0.06579852104187012,1.2918878541527797e-19
0.08675191605507797,0.08553626116736122,0.10119499605696543,0.10000790639855354,0.11960101127624512,0.0037445328661906236,0.0037443459662611644,0.06633687019348145,1.2919017468824543e-19
0.08675183971451622,0.08553564401082182,0.10119526987453818,0.10000791005385914,0.12134718894958496,0.0037443459704083436,0.0037441590800213476,0.06574487686157227,1.2919156277860874e-19
0.08675176337719534,0.085535026875771,0.10119554367593434,0.10000791370898332,0.12134552001953125,0.003744159083968102,0.003743972203196222,0.06546187400817871,1.2919295109553392e-19
0.08675168704311516,0.08553440976220944,0.10119581746115519,0.10000791736392609,0.11903071403503418,0.003743972206868105,0.003743785335430516,0.06512188911437988,1.2919434006638326e-19
0.08675161071227551,0.08553379267013807,0.10119609123020198,0.10000792101868743,0.11752700805664062,0.0037437853391085792,0.0037435984765465946,0.06401705741882324,1.2919572827435776e-19
0.08675153438467621,0.08553317559955759,0.10119636498307602,0.10000792467326736,0.11775565147399902,0.003743598480691077,0.003743411627255,0.06637001037597656,1.2919711695170099e-19
0.08675145806031712,0.08553255855046901,0.10119663871977858,0.10000792832766589,0.1208183765411377,0.0037434116316121405,0.0037432247879110037,0.06646394729614258,1.2919850499240717e-19
0.08675138173919805,0.08553194152287286,0.1011969124403109,0.10000793198188301,0.1186521053314209,0.0037432247918725275,0.003743037957804063,0.06500673294067383,1.291998934954067e-19
0.08675130542131886,0.08553132451677002,0.10119718614467427,0.10000793563591875,0.11588144302368164,0.0037430379614714765,0.003742851136756542,0.06462335586547852,1.2920128159450077e-19
0.08675122910667936,0.08553070753216133,0.10119745983286996,0.1000079392897731,0.11790132522583008,0.00374285114040788,0.0037426643245908053,0.06530952453613281,1.2920266964428704e-19
0.08675115279527937,0.08553009056904765,0.10119773350489925,0.10000794294344605,0.11957907676696777,0.0037426643286842948,0.0037424775227279383,0.0664985179901123,1.292040575860487e-19
0.08675107648711873,0.08552947362742958,0.1011980071607634,0.1000079465969376,0.12063837051391602,0.0037424775262968803,0.00374229072956922,0.06701898574829102,1.2920544603244278e-19
0.08675100018219728,0.085528856707308,0.10119828080046368,0.10000795025024777,0.1168520450592041,0.003742290733245843,0.0037421039458251926,0.06462597846984863,1.29206833488995e-19
0.08675092388051484,0.08552823980868372,0.10119855442400137,0.10000795390337656,0.11623907089233398,0.003742103949532067,0.0037419171709629495,0.06563687324523926,1.2920822112912161e-19
0.08675084758207123,0.0855276229315576,0.10119882803137774,0.10000795755632398,0.11681914329528809,0.0037419171751547717,0.003741730405870669,0.06545281410217285,1.2920960993807326e-19
0.08675077128686631,0.08552700607593036,0.10119910162259405,0.10000796120909002,0.1188356876373291,0.0037417304101124635,0.0037415436503707156,0.06625723838806152,1.2921099769912282e-19
0.0867506949948999,0.08552638924180292,0.10119937519765154,0.1000079648616747,0.11622786521911621,0.0037415436544050128,0.0037413569035749106,0.06454277038574219,1.2921238549256413e-19
0.08675061870617184,0.0855257724291759,0.10119964875655153,0.10000796851407799,0.11688423156738281,0.003741356908033633,0.0037411701669043396,0.06394290924072266,1.2921377295137565e-19
0.08675054242068195,0.08552515563805031,0.10119992229929528,0.10000797216629993,0.11377406120300293,0.0037411701709950994,0.0037409834392931884,0.06427574157714844,1.2921516056090984e-19
0.08675046613843006,0.08552453886842691,0.10120019582588405,0.10000797581834052,0.11564850807189941,0.003740983443290367,0.0037407967205638215,0.0645284652709961,1.2921654832343256e-19
0.08675038985941601,0.08552392212030639,0.1012004693363191,0.10000797947019974,0.11762189865112305,0.003740796724919636,0.003740610011782053,0.06549692153930664,1.2921793553748096e-19
0.0867503135836396,0.08552330539368981,0.10120074283060174,0.10000798312187761,0.11881470680236816,0.003740610015880725,0.003740423312059704,0.06595826148986816,1.2921932336173369e-19
0.08675023731110071,0.08552268868857774,0.10120101630873321,0.10000798677337415,0.11820054054260254,0.0037404233161735054,0.0037402366213967753,0.06510114669799805,1.2922071087059114e-19
0.08675016104179914,0.085522072004971,0.10120128977071477,0.10000799042468934,0.11711382865905762,0.00374023662579922,0.0037400499406814447,0.0650322437286377,1.2922209821598673e-19
0.08675008477573473,0.08552145534287045,0.1012015632165477,0.1000079940758232,0.1170952320098877,0.003740049944754972,0.0037398632692031697,0.06384968757629395,1.2922348548343708e-19
0.08675000851290732,0.08552083870227677,0.10120183664623328,0.1000079977267757,0.11548900604248047,0.0037398632730417302,0.003739676607139586,0.06404972076416016,1.292248730775088e-19
0.08674993225331674,0.08552022208319074,0.10120211005977275,0.10000800137754687,0.11706924438476562,0.0037396766106575366,0.0037394899537801507,0.06507539749145508,1.292262601788723e-19
0.08674985599696283,0.08551960548561316,0.10120238345716741,0.1000080050281367,0.12455558776855469,0.003739489957604737,0.0037393033100130424,0.06685733795166016,1.2922764732209305e-19
0.08674977974384541,0.08551898890954503,0.10120265683841852,0.1000080086785452,0.12347579002380371,0.0037393033138812225,0.0037391166756606253,0.06599235534667969,1.2922903460672175e-19
0.08674970349396433,0.08551837235498698,0.10120293020352734,0.10000801232877238,0.12357926368713379,0.003739116679486729,0.0037389300507228995,0.06706380844116211,1.2923042101214817e-19
0.08674962724731938,0.08551775582193977,0.10120320355249515,0.10000801597881824,0.12496137619018555,0.003738930054420918,0.0037387434348445936,0.0675969123840332,1.29231808678018e-19
0.08674955100391042,0.08551713931040417,0.10120347688532322,0.10000801962868278,0.12279152870178223,0.003738743438682849,0.0037385568285586146,0.06616020202636719,1.2923319554124599e-19
0.08674947476373727,0.0855165228203811,0.10120375020201279,0.100008023278366,0.12324810028076172,0.0037385568322735162,0.0037383702313320555,0.0665431022644043,1.2923458237386052e-19
0.08674939852679979,0.08551590635187113,0.10120402350256515,0.10000802692786792,0.12457060813903809,0.0037383702351910476,0.0037381836436978233,0.06732773780822754,1.2923596916844073e-19
0.08674932229309777,0.08551528990487518,0.10120429678698155,0.10000803057718854,0.12380385398864746,0.0037381836474343474,0.0037379970654782824,0.06711816787719727,1.292373562596104e-19
0.08674924606263108,0.08551467347939401,0.10120457005526329,0.10000803422632785,0.12319326400756836,0.0037379970690029187,0.0037378104961405256,0.06777048110961914,1.2923874249896758e-19
0.08674916983539953,0.08551405707542852,0.10120484330741161,0.10000803787528587,0.12645411491394043,0.0037378104998976756,0.00373762393621746,0.06739211082458496,1.2924012935307063e-19
0.08674909361140296,0.08551344069297942,0.1012051165434278,0.10000804152406259,0.12700176239013672,0.0037376239401184187,0.0037374373858867216,0.06792545318603516,1.2924151614566137e-19
0.0867490173906412,0.08551282433204782,0.10120538976331311,0.10000804517265802,0.12500572204589844,0.003737437389664375,0.0037372508444377672,0.0664527416229248,1.2924290233835073e-19
0.08674894117311406,0.08551220799263426,0.10120566296706883,0.10000804882107216,0.125504732131958,0.0037372508485337755,0.003737064313114047,0.0671849250793457,1.2924428899121826e-19
0.0867488649588214,0.0855115916747398,0.1012059361546962,0.10000805246930501,0.12569212913513184,0.003737064316726371,0.0037368777906721107,0.06740069389343262,1.2924567552277617e-19
0.08674878874776307,0.08551097537836523,0.10120620932619648,0.10000805611735658,0.14151382446289062,0.0037368777942421985,0.0037366912771119587,0.07920193672180176,1.2924706231269397e-19
0.08674871253993886,0.08551035910351118,0.10120648248157095,0.10000805976522688,0.12459397315979004,0.003736691281081386,0.003736504773499405,0.06745386123657227,1.2924844821066252e-19
0.08674863633534861,0.08550974285017827,0.10120675562082088,0.1000080634129159,0.11816215515136719,0.0037365047772430406,0.0037363182787686355,0.06666898727416992,1.2924983468381277e-19
0.08674856013399217,0.08550912661836751,0.10120702874394755,0.10000806706042366,0.1214301586151123,0.003736318282727167,0.0037361317938078287,0.06860470771789551,1.292512206080136e-19
0.08674848393586934,0.08550851040807969,0.10120730185095222,0.10000807070775014,0.12221932411193848,0.003736131797531514,0.003735945317728806,0.0682680606842041,1.2925260675778965e-19
0.08674840774097999,0.08550789421931554,0.10120757494183616,0.10000807435489537,0.12353205680847168,0.0037359453216573545,0.0037357588515973816,0.06841921806335449,1.292539932361884e-19
0.08674833154932392,0.08550727805207592,0.10120784801660063,0.10000807800185932,0.12329936027526855,0.003735758855104172,0.0037355723938148344,0.06837320327758789,1.292553793317461e-19
0.08674825536090097,0.08550666190636144,0.10120812107524688,0.10000808164864201,0.12215423583984375,0.0037355723978712103,0.0037353859459798855,0.06704378128051758,1.2925676546223646e-19
0.086748179175711,0.085506045782173,0.10120839411777618,0.10000808529524347,0.12002110481262207,0.0037353859499583064,0.0037351995077372635,0.0670313835144043,1.292581515018272e-19
0.08674810299375381,0.08550542967951144,0.1012086671441898,0.10000808894166366,0.1195380687713623,0.0037351995113636518,0.0037350130778435187,0.06680965423583984,1.292595367613218e-19
0.08674802681502926,0.08550481359837747,0.10120894015448902,0.10000809258790261,0.12143349647521973,0.0037350130820891997,0.003734826658430279,0.06819820404052734,1.29260922759504e-19
0.08674795063953716,0.0855041975387718,0.10120921314867508,0.10000809623396031,0.12264561653137207,0.003734826662131723,0.0037346402475435525,0.06832313537597656,1.2926230899704836e-19
0.08674787446727736,0.08550358150069529,0.10120948612674927,0.10000809987983678,0.12315654754638672,0.0037346402514923764,0.0037344538457162457,0.0682528018951416,1.2926369477370186e-19
0.08674779829824966,0.0855029654841487,0.10120975908871283,0.10000810352553201,0.1226963996887207,0.003734453850171548,0.0037342674541918086,0.06810808181762695,1.2926507993838976e-19
0.08674772213245392,0.08550234948913281,0.10121003203456702,0.10000810717104601,0.12193775177001953,0.0037342674581672423,0.00373408107137152,0.06774473190307617,1.2926646562909568e-19
0.08674764596988996,0.0855017335156486,0.10121030496431312,0.10000811081637878,0.11839747428894043,0.0037340810754780763,0.0037338946981435583,0.06547021865844727,1.2926785174917918e-19
0.08674756981055762,0.08550111756369662,0.1012105778779524,0.10000811446153032,0.11836409568786621,0.0037338947021051984,0.003733708334330288,0.06541967391967773,1.2926923713906127e-19
0.08674749365445672,0.08550050163327791,0.10121085077548612,0.10000811810650065,0.11907076835632324,0.003733708338047209,0.0037335219795764374,0.06544661521911621,1.292706223899888e-19
0.08674741750158711,0.08549988572439313,0.10121112365691556,0.10000812175128976,0.12173748016357422,0.003733521983302926,0.0037333356340596424,0.06637859344482422,1.2927200777255444e-19
0.08674734135194861,0.08549926983704309,0.10121139652224198,0.10000812539589765,0.12169671058654785,0.0037333356378742456,0.0037331492981351744,0.06608796119689941,1.292733933432172e-19
0.08674726520554107,0.08549865397122862,0.10121166937146664,0.10000812904032434,0.12076544761657715,0.0037331493017590343,0.0037329629712701262,0.06558036804199219,1.2927477822582386e-19
0.08674718906236431,0.08549803812695068,0.1012119422045908,0.10000813268456983,0.11942362785339355,0.0037329629749567952,0.0037327766532868623,0.06566905975341797,1.29276163585607e-19
0.08674711292241817,0.0854974223042099,0.10121221502161573,0.10000813632863412,0.1194612979888916,0.0037327766574691626,0.0037325903452511966,0.0659642219543457,1.292775488948767e-19
0.08674703678570246,0.08549680650300713,0.10121248782254269,0.10000813997251722,0.12060904502868652,0.0037325903492942203,0.003732404046274951,0.06712865829467773,1.292789339044664e-19
0.08674696065221703,0.08549619072334314,0.10121276060737293,0.1000081436162191,0.12276005744934082,0.003732404050431528,0.003732217756891032,0.06701111793518066,1.292803189656159e-19
0.0867468845219617,0.08549557496521878,0.10121303337610774,0.10000814725973979,0.12201881408691406,0.0037322177608796305,0.003732031476566533,0.0666055679321289,1.292817041606324e-19
0.08674680839493631,0.08549495922863484,0.10121330612874836,0.10000815090307931,0.12219834327697754,0.003732031480639353,0.0037318452061896323,0.0664680004119873,1.2928308939752705e-19
0.0867467322711407,0.08549434351359206,0.10121357886529608,0.10000815454623763,0.12238812446594238,0.0037318452097088823,0.0037316589443392445,0.06613802909851074,1.292844741562298e-19
0.0867466561505747,0.08549372782009121,0.10121385158575215,0.10000815818921477,0.1231374740600586,0.003731658948088503,0.0037314726922588193,0.06607699394226074,1.292858587887712e-19
0.08674658003323812,0.08549311214813321,0.10121412429011784,0.10000816183201072,0.12178158760070801,0.0037314726957776694,0.0037312864494154496,0.06561779975891113,1.2928724358510722e-19
0.08674650391913082,0.08549249649771867,0.1012143969783944,0.10000816547462552,0.12209248542785645,0.0037312864527766307,0.003731100215453864,0.06547689437866211,1.29288628025875e-19
0.08674642780825262,0.08549188086884847,0.10121466965058311,0.10000816911705913,0.11983656883239746,0.00373110021908459,0.00373091399090697,0.06500458717346191,1.2929001302499736e-19
0.08674635170060335,0.08549126526152341,0.10121494230668521,0.10000817275931159,0.12020540237426758,0.003730913994701779,0.00373072777524186,0.06614470481872559,1.2929139782624362e-19
0.08674627559618285,0.08549064967574427,0.10121521494670198,0.10000817640138288,0.12333393096923828,0.0037307277796277457,0.0037305415700572553,0.0657651424407959,1.2929278245414845e-19
0.08674619949499093,0.0854900341115118,0.10121548757063467,0.100008180043273,0.12259244918823242,0.003730541573860869,0.003730355373754435,0.06577754020690918,1.2929416700086635e-19
0.08674612339702745,0.08548941856882664,0.10121576017848455,0.10000818368498196,0.12159514427185059,0.003730355377400403,0.003730169185978127,0.06505537033081055,1.2929555129890672e-19
0.08674604730229224,0.08548880304768972,0.10121603277025286,0.10000818732650978,0.12186837196350098,0.0037301691902470084,0.0037299830085046892,0.0662374496459961,1.292969358824297e-19
0.08674597121078513,0.0854881875481018,0.10121630534594091,0.10000819096785644,0.12418055534362793,0.0037299830123990966,0.0037297968404459425,0.06658625602722168,1.2929831990009308e-19
0.08674589512250594,0.08548757207006369,0.10121657790554991,0.10000819460902197,0.12438344955444336,0.003729796843855164,0.0037296106810913443,0.06649947166442871,1.2929970436385548e-19
0.0867458190374545,0.08548695661357625,0.10121685044908117,0.10000819825000634,0.1228642463684082,0.003729610684617228,0.0037294245311514373,0.06600618362426758,1.2930108854498034e-19
0.08674574295563067,0.08548634117864017,0.1012171229765359,0.10000820189080958,0.12345552444458008,0.0037294245346836882,0.0037292383900933146,0.06730532646179199,1.2930247253054574e-19
0.08674566687703426,0.08548572576525656,0.10121739548791539,0.10000820553143168,0.12445783615112305,0.0037292383940558498,0.003729052258449883,0.06730818748474121,1.2930385689908934e-19
0.0867455908016651,0.08548511037342586,0.10121766798322088,0.10000820917187266,0.12297511100769043,0.003729052262731918,0.0037288661371093212,0.0662539005279541,1.2930524076931148e-19
0.08674551472952303,0.08548449500314889,0.10121794046245364,0.1000082128121325,0.1215982437133789,0.003728866140709948,0.0037286800242952722,0.06644320487976074,1.2930662549836408e-19
0.0867454386606079,0.0854838796544267,0.10121821292561493,0.10000821645221121,0.12265324592590332,0.0037286800279912463,0.003728493920540643,0.06750726699829102,1.293080093611132e-19
0.08674536259491951,0.08548326432725997,0.10121848537270602,0.10000822009210882,0.12371158599853516,0.0037284939245756576,0.0037283078260230695,0.06780648231506348,1.293093924738023e-19
0.0867452865324577,0.08548264902164938,0.10121875780372817,0.10000822373182529,0.12363362312316895,0.003728307830462077,0.0037281217419860013,0.06762862205505371,1.2931077679117864e-19
0.08674521047322231,0.0854820337375957,0.10121903021868266,0.10000822737136066,0.12342524528503418,0.0037281217456486713,0.0037279356662978103,0.06757211685180664,1.2931216063917843e-19
0.08674513441721318,0.08548141847509974,0.10121930261757074,0.1000082310107149,0.12235450744628906,0.003727935670135624,0.0037277495994914034,0.06699299812316895,1.2931354427917752e-19
0.08674505836443015,0.08548080323416221,0.10121957500039369,0.10000823464988805,0.12154078483581543,0.003727749603925185,0.003727563543165502,0.0669853687286377,1.2931492809226407e-19
0.08674498231487303,0.08548018801478408,0.10121984736715273,0.1000082382888801,0.12105989456176758,0.003727563547013494,0.003727377495543749,0.06629800796508789,1.2931631167653898e-19
0.08674490626854166,0.08547957281696601,0.10122011971784912,0.10000824192769105,0.12174797058105469,0.0037273774994014677,0.0037271914571590514,0.06631708145141602,1.2931769522068107e-19
0.08674483022543587,0.08547895764070894,0.10122039205248416,0.1000082455663209,0.1227869987487793,0.0037271914610895913,0.003727005428899588,0.06228137016296387,1.2931907915620005e-19
0.0867447541855555,0.08547834248601349,0.10122066437105909,0.10000824920476965,0.11059975624084473,0.003727005432073746,0.0037268194084560946,0.06187891960144043,1.2932046212474803e-19
0.08674467814890037,0.08547772735288059,0.10122093667357514,0.10000825284303731,0.11011600494384766,0.0037268194123575397,0.0037266333981378352,0.061629533767700195,1.2932184577199527e-19
0.08674460211547032,0.08547711224131094,0.1012212089600336,0.1000082564811239,0.10955238342285156,0.0037266334019381417,0.0037264473968789957,0.061881303787231445,1.2932322907285507e-19
0.08674452608526519,0.08547649715130555,0.1012214812304357,0.1000082601190294,0.11444473266601562,0.0037264474008176845,0.0037262614050348475,0.06639361381530762,1.2932461228518278e-19
0.08674445005828481,0.08547588208286501,0.10122175348478274,0.10000826375675381,0.12158989906311035,0.003726261408993412,0.003726075422783026,0.06498551368713379,1.2932599575420178e-19
0.086744374034529,0.08547526703599012,0.10122202572307595,0.10000826739429716,0.12066316604614258,0.0037260754264648813,0.0037258894490577177,0.06444668769836426,1.2932737824291327e-19
0.08674429801399762,0.0854746520106815,0.10122229794531659,0.10000827103165943,0.1192319393157959,0.0037258894532329325,0.003725703485457643,0.06360220909118652,1.2932876235111496e-19
0.08674422199669048,0.08547403700694013,0.10122257015150594,0.10000827466884064,0.1193995475769043,0.0037257034892954257,0.0037255175309169886,0.06402111053466797,1.2933014513151338e-19
0.08674414598260742,0.0854734220247667,0.10122284234164523,0.10000827830584078,0.1193075180053711,0.00372551753465291,0.0037253315850804825,0.06360483169555664,1.2933152760637892e-19
0.08674406997174827,0.08547280706416216,0.10122311451573575,0.10000828194265986,0.11937928199768066,0.003725331589304921,0.003725145649013939,0.06367087364196777,1.2933291128821762e-19
0.08674399396411288,0.08547219212512734,0.10122338667377873,0.10000828557929788,0.11931467056274414,0.0037251456532513176,0.003724959722184451,0.06375837326049805,1.2933429444999968e-19
0.08674391795970104,0.08547157720766288,0.10122365881577543,0.10000828921575484,0.11703896522521973,0.00372495972649134,0.0037247738045920187,0.06302261352539062,1.2933567673083684e-19
0.08674384195851263,0.08547096231176961,0.10122393094172713,0.10000829285203076,0.1171414852142334,0.0037247738090241426,0.0037245878971248203,0.0634922981262207,1.293370597149047e-19
0.08674376596054746,0.08547034743744816,0.10122420305163507,0.10000829648812565,0.11952686309814453,0.003724587900848916,0.0037244019981841348,0.06398296356201172,1.2933844309597518e-19
0.08674368996580537,0.08546973258469942,0.10122447514550052,0.1000083001240395,0.1180875301361084,0.003724402001965851,0.003724216108302869,0.06382560729980469,1.29339824949579e-19
0.08674361397428618,0.08546911775352414,0.10122474722332474,0.10000830375977228,0.119171142578125,0.003724216112374219,0.0037240302278362947,0.0641486644744873,1.2934120792300973e-19
0.08674353798598973,0.08546850294392323,0.10122501928510898,0.10000830739532404,0.11703658103942871,0.0037240302320744826,0.003723844356962047,0.06362032890319824,1.2934259064131188e-19
0.08674346200091584,0.08546788815589745,0.1012252913308545,0.10000831103069477,0.11675643920898438,0.0037238443610651886,0.0037236584951472196,0.0636436939239502,1.293439731084243e-19
0.08674338601906437,0.08546727338944737,0.10122556336056256,0.10000831466588447,0.11777949333190918,0.0037236584993462635,0.003723472642924719,0.0638589859008789,1.2934535513210504e-19
0.08674331004043513,0.08546665864457383,0.10122583537423441,0.10000831830089316,0.1171567440032959,0.0037234726469171286,0.003723286799939274,0.06418204307556152,1.2934673768494956e-19
0.08674323406502797,0.08546604392127759,0.10122610737187131,0.10000832193572082,0.1167142391204834,0.0037232868037766955,0.0037231009665461556,0.06457924842834473,1.2934812071181556e-19
0.08674315809284272,0.08546542921955946,0.1012263793534745,0.10000832557036746,0.11624860763549805,0.0037231009699238192,0.003722915141857186,0.06508088111877441,1.2934950288097002e-19
0.08674308212387921,0.08546481453942029,0.10122665131904528,0.10000832920483309,0.11254549026489258,0.0037229151453601348,0.003722729325872365,0.06304001808166504,1.2935088484118895e-19
0.08674300615813728,0.08546419988086092,0.10122692326858487,0.1000083328391177,0.11509537696838379,0.0037227293300854686,0.0037225435201904133,0.06577730178833008,1.293522670441908e-19
0.08674293019561675,0.08546358524388221,0.10122719520209456,0.1000083364732213,0.11534452438354492,0.003722543524097309,0.0037223577235678817,0.06627011299133301,1.2935364973256255e-19
0.08674285423631749,0.08546297062848492,0.10122746711957557,0.1000083401071439,0.1170189380645752,0.0037223577273972006,0.0037221719361824057,0.06738710403442383,1.2935503149151223e-19
0.08674277828023928,0.0854623560346698,0.10122773902102918,0.10000834374088552,0.11473798751831055,0.0037221719399830296,0.0037219861585668923,0.06522393226623535,1.2935641327586578e-19
0.08674270232738199,0.08546174146243787,0.10122801090645661,0.10000834737444614,0.11303424835205078,0.003721986161853919,0.0037218003896555274,0.06444573402404785,1.2935779546485054e-19
0.08674262637774542,0.0854611269117897,0.10122828277585914,0.10000835100782575,0.11486053466796875,0.003721800393009491,0.003721614629448311,0.06614851951599121,1.293591774884294e-19
0.08674255043132943,0.08546051238272614,0.10122855462923804,0.10000835464102438,0.11352276802062988,0.0037216146334520103,0.0037214288793663286,0.06517791748046875,1.2936055925561773e-19
0.08674247448813385,0.08545989787524784,0.10122882646659453,0.10000835827404203,0.11332297325134277,0.003721428883179242,0.003721243138343766,0.06497550010681152,1.2936194132598804e-19
0.08674239854815852,0.0854592833893557,0.1012290982879299,0.10000836190687869,0.11410069465637207,0.003721243142190388,0.003721057406735895,0.0654141902923584,1.2936332299918584e-19
0.08674232261140324,0.08545866892505034,0.10122937009324541,0.10000836553953438,0.11430239677429199,0.0037210574104843287,0.0037208716841874434,0.0653378963470459,1.2936470471662982e-19
0.08674224667786788,0.0854580544823328,0.10122964188254231,0.1000083691720091,0.11343002319335938,0.003720871688062271,0.0037206859714089546,0.0642240047454834,1.2936608630070684e-19
0.08674217074755225,0.08545744006120361,0.10122991365582186,0.10000837280430284,0.11567115783691406,0.00372068597492171,0.0037205002668017073,0.06532788276672363,1.2936746782540962e-19
0.08674209482045618,0.08545682566166359,0.1012301854130853,0.10000837643641562,0.11593174934387207,0.0037205002710659256,0.0037203145724973297,0.06502842903137207,1.2936885018062932e-19
0.08674201889657952,0.08545621128371345,0.1012304571543339,0.10000838006834743,0.11731743812561035,0.003720314576491095,0.0037201288874300076,0.06475257873535156,1.293702308230762e-19
0.0867419429759221,0.08545559692735401,0.1012307288795689,0.10000838370009828,0.11706948280334473,0.0037201288911970255,0.0037199432112444697,0.06623268127441406,1.2937161274206873e-19
0.08674186705848373,0.08545498259258599,0.10123100058879154,0.10000838733166817,0.11760067939758301,0.003719943215183324,0.0037197575446512587,0.06655740737915039,1.2937299358543617e-19
0.08674179114426425,0.08545436827941016,0.1012312722820031,0.10000839096305711,0.11555910110473633,0.0037197575484504653,0.0037195718872951034,0.06534433364868164,1.2937437525255938e-19
0.08674171523326352,0.08545375398782737,0.10123154395920483,0.1000083945942651,0.11537718772888184,0.0037195718909976624,0.0037193862386430965,0.06576037406921387,1.29375756294021e-19
0.08674163932548136,0.08545313971783833,0.101231815620398,0.10000839822529214,0.11763501167297363,0.0037193862428242137,0.0037192005995834165,0.06477975845336914,1.2937713740523417e-19
0.0867415634209176,0.08545252546944393,0.10123208726558383,0.10000840185613824,0.1166388988494873,0.0037192006039305477,0.003719014970471335,0.06562232971191406,1.2937851890365545e-19
0.08674148751957209,0.08545191124264503,0.10123235889476359,0.10000840548680341,0.11556839942932129,0.0037190149743149027,0.0037188293502410374,0.06518077850341797,1.2937989980388354e-19
0.08674141162144464,0.0854512970374423,0.10123263050793853,0.10000840911728764,0.11336660385131836,0.003718829353977076,0.00371864373907016,0.06377959251403809,1.2938128095628437e-19
0.08674133572653508,0.08545068285383657,0.1012329021051099,0.10000841274759094,0.11549544334411621,0.0037186437429170263,0.003718458137136338,0.06355094909667969,1.293826625648191e-19
0.08674125983484328,0.08545006869182868,0.10123317368627897,0.10000841637771332,0.11581754684448242,0.003718458141133977,0.0037182725449724785,0.06354379653930664,1.2938404291005774e-19
0.08674118394636904,0.0854494545514193,0.10123344525144697,0.10000842000765477,0.13480091094970703,0.0037182725486279832,0.0037180869616904033,0.07544803619384766,1.2938542377379509e-19
0.0867411080611122,0.08544884043260913,0.10123371680061517,0.1000084236374153,0.11737203598022461,0.003718086965397066,0.0037179013878230194,0.06345820426940918,1.293868053362146e-19
0.08674103217907259,0.08544822633539897,0.10123398833378484,0.10000842726699491,0.11289715766906738,0.0037179013914423386,0.003717715823192691,0.06372261047363281,1.2938818573576052e-19
0.08674095630025005,0.08544761225978992,0.10123425985095721,0.10000843089639361,0.11337590217590332,0.003717715826763027,0.0037175302676217825,0.0641167163848877,1.293895660980208e-19
0.08674088042464442,0.0854469982057825,0.10123453135213353,0.1000084345256114,0.11679816246032715,0.0037175302713586614,0.003717344721110294,0.06543302536010742,1.2939094710039098e-19
0.08674080455225554,0.08544638417337747,0.10123480283731505,0.10000843815464829,0.11632609367370605,0.0037173447252295024,0.0037171591845464036,0.06416535377502441,1.2939232723719076e-19
0.0867407286830832,0.08544577016257558,0.10123507430650303,0.10000844178350428,0.11651873588562012,0.0037171591883733103,0.003716973656686662,0.06464576721191406,1.2939370778499998e-19
0.08674065281712727,0.08544515617337795,0.10123534575969874,0.10000844541217935,0.11651873588562012,0.0037169736607913784,0.0037167881385968826,0.0644066333770752,1.2939508889171092e-19
0.08674057695438757,0.08544454220578503,0.10123561719690341,0.10000844904067353,0.11566591262817383,0.0037167881424818583,0.0037166026295665233,0.06324100494384766,1.29396468991567e-19
0.08674050109486392,0.08544392825979773,0.10123588861811829,0.10000845266898684,0.11431336402893066,0.0037166026334443545,0.0037164171304837623,0.06360197067260742,1.29397849247713e-19
0.08674042523855617,0.08544331433541684,0.10123616002334465,0.10000845629711924,0.11419153213500977,0.0037164171336792114,0.0037162316392169714,0.06320405006408691,1.2939923027183719e-19
0.08674034938546415,0.08544270043264279,0.10123643141258373,0.10000845992507076,0.11820101737976074,0.0037162316431865504,0.0037160461580754145,0.06442117691040039,1.2940061021584327e-19
0.08674027353558772,0.08544208655147661,0.10123670278583678,0.1000084635528414,0.11722898483276367,0.0037160461619641346,0.003715860686348549,0.06372690200805664,1.2940199070266703e-19
0.08674019768892668,0.0854414726919191,0.10123697414310508,0.10000846718043116,0.11881375312805176,0.0037158606900120654,0.0037156752235034674,0.06462383270263672,1.294033702426474e-19
0.08674012184548088,0.0854408588539709,0.10123724548438985,0.10000847080784005,0.11893582344055176,0.003715675227331021,0.0037154897698954414,0.0643301010131836,1.294047507268281e-19
0.08674004600525015,0.08544024503763287,0.10123751680969235,0.10000847443506805,0.118499755859375,0.0037154897739204457,0.003715304326057378,0.06397223472595215,1.294061306895255e-19
0.0867399701682343,0.08543963124290573,0.10123778811901382,0.1000084780621152,0.11865854263305664,0.003715304329778908,0.0037151188914563704,0.06451725959777832,1.2940751045928888e-19
0.0867398943344332,0.08543901746979023,0.10123805941235554,0.10000848168898148,0.11797451972961426,0.0037151188949049166,0.003714933465559511,0.06472086906433105,1.2940889081315481e-19
0.08673981850384666,0.08543840371828747,0.10123833068971874,0.1000084853156669,0.11395573616027832,0.003714933469300008,0.003714748049787886,0.06355834007263184,1.2941027088576538e-19
0.08673974267647451,0.08543778998839796,0.10123860195110468,0.10000848894217147,0.11529755592346191,0.003714748052961384,0.003714562641832231,0.06402826309204102,1.29411650513608e-19
0.08673966685231661,0.08543717628012278,0.10123887319651463,0.10000849256849519,0.11675810813903809,0.0037145626458917197,0.0037143772440018097,0.06469225883483887,1.2941303001694047e-19
0.08673959103137278,0.08543656259346241,0.10123914442594982,0.10000849619463804,0.11640000343322754,0.003714377248089762,0.0037141918555860798,0.06452107429504395,1.294144102316966e-19
0.08673951521364286,0.08543594892841778,0.10123941563941151,0.10000849982060007,0.11684536933898926,0.0037141918595546535,0.003714006476052134,0.06343936920166016,1.2941578932671854e-19
0.08673943939912666,0.08543533528498962,0.10123968683690093,0.10000850344638125,0.11569380760192871,0.0037140064802847345,0.0037138211064657867,0.06430721282958984,1.2941716945483029e-19
0.08673936358782404,0.08543472166317857,0.10123995801841937,0.1000085070719816,0.11659884452819824,0.0037138211102803985,0.0037136357457612235,0.06401419639587402,1.2941854898834357e-19
0.08673928777973482,0.08543410806298536,0.10124022918396805,0.1000085106974011,0.11691427230834961,0.0037136357495405675,0.00371345039411608,0.06419825553894043,1.2941992809404789e-19
0.08673921197485883,0.08543349448441097,0.10124050033354823,0.10000851432263977,0.1163330078125,0.0037134503980665043,0.003713265051885628,0.06461572647094727,1.294213080944201e-19
0.08673913617319591,0.08543288092745596,0.10124077146716115,0.10000851794769762,0.11724734306335449,0.0037132650558563624,0.0037130797196027743,0.06448936462402344,1.2942268720228872e-19
0.0867390603747459,0.08543226739212129,0.10124104258480807,0.10000852157257464,0.1163475513458252,0.0037130797229076385,0.0037128943953135263,0.06407999992370605,1.2942406615158146e-19
0.08673898457950863,0.0854316538784077,0.10124131368649021,0.10000852519727085,0.11469531059265137,0.003712894399224318,0.003712709080616605,0.06354808807373047,1.2942544616463678e-19
0.08673890878748391,0.08543104038631599,0.10124158477220885,0.10000852882178625,0.11380839347839355,0.0037127090848044922,0.0037125237756896468,0.06382489204406738,1.294268252304711e-19
0.08673883299867162,0.08543042691584693,0.10124185584196521,0.10000853244612085,0.11626005172729492,0.0037125237796457686,0.003712338479999744,0.06360006332397461,1.2942820474153102e-19
0.08673875721307156,0.08542981346700128,0.10124212689576055,0.10000853607027461,0.11573004722595215,0.0037123384837486366,0.003712153193369261,0.06358742713928223,1.294295837296305e-19
0.08673868143068357,0.08542920003977983,0.10124239793359611,0.10000853969424758,0.11520171165466309,0.003712153197112284,0.003711967916153469,0.06325149536132812,1.2943096239730112e-19
0.08673860565150748,0.08542858663418348,0.10124266895547318,0.10000854331803975,0.11448812484741211,0.0037119679197365673,0.003711782648174733,0.06348490715026855,1.294323416554205e-19
0.08673852987554315,0.08542797325021295,0.10124293996139298,0.10000854694165114,0.11573672294616699,0.0037117826516214394,0.0037115973887225095,0.06324124336242676,1.2943372052436645e-19
0.08673845410279037,0.08542735988786893,0.10124321095135676,0.10000855056508172,0.11693596839904785,0.003711597392767405,0.003711412139040249,0.0629277229309082,1.2943509943576326e-19
0.086738378333249,0.08542674654715236,0.10124348192536577,0.10000855418833152,0.11628961563110352,0.0037114121431726065,0.0037112268987726793,0.06388449668884277,1.2943647825271204e-19
0.08673830256691889,0.08542613322806392,0.10124375288342126,0.10000855781140051,0.11649727821350098,0.003711226902837971,0.0037110416677421654,0.06406784057617188,1.2943785714637759e-19
0.08673822680379985,0.08542551993060438,0.10124402382552448,0.10000856143428874,0.11534786224365234,0.003711041671760682,0.0037108564457710713,0.06305909156799316,1.2943923570470043e-19
0.0867381510438917,0.08542490665477435,0.10124429475167668,0.10000856505699618,0.11351442337036133,0.0037108564499423345,0.0037106712337475756,0.06348037719726562,1.2944061447914102e-19
0.0867380752871943,0.08542429340057478,0.10124456566187912,0.10000856867952285,0.11527204513549805,0.003710671237380972,0.003710486030605864,0.06308865547180176,1.2944199300722317e-19
0.08673799953370748,0.08542368016800629,0.10124483655613303,0.10000857230186874,0.11554574966430664,0.0037104860340758973,0.0037103008365235723,0.0633244514465332,1.2944337203073848e-19
0.08673792378343106,0.0854230669570697,0.10124510743443967,0.10000857592403387,0.11350560188293457,0.0037103008400282975,0.0037101156515007006,0.063140869140625,1.2944475010740122e-19
0.08673784803636489,0.0854224537677659,0.10124537829680026,0.10000857954601822,0.11194539070129395,0.0037101156552367415,0.0037099304760701557,0.06338024139404297,1.2944612928901077e-19
0.0867377722925088,0.08542184060009557,0.10124564914321608,0.10000858316782182,0.11253046989440918,0.0037099304797000706,0.0037097453096990307,0.06328344345092773,1.2944750757633733e-19
0.08673769655186261,0.08542122745405939,0.10124591997368836,0.10000858678944467,0.11303091049194336,0.00370974531341986,0.003709560152742597,0.06412053108215332,1.2944888542979615e-19
0.08673762081442617,0.08542061432965828,0.10124619078821832,0.10000859041088678,0.11422181129455566,0.0037095601563939375,0.003709375004845583,0.06413149833679199,1.2945026357779685e-19
0.0867375450801993,0.0854200012268931,0.10124646158680725,0.10000859403214812,0.11399078369140625,0.0037093750086231725,0.0037091898663632605,0.06435155868530273,1.2945164199739294e-19
0.08673746934918185,0.08541938814576452,0.10124673236945639,0.10000859765322873,0.11396527290344238,0.003709189870105838,0.003709004736940358,0.06450939178466797,1.2945302051865723e-19
0.08673739362137364,0.08541877508627323,0.10124700313616697,0.10000860127412858,0.12031960487365723,0.003709004740842404,0.003708819616576875,0.06565523147583008,1.294543985712871e-19
0.08673731789677452,0.08541816204841993,0.10124727388694026,0.1000086048948477,0.11169886589050293,0.003708819620832765,0.0037086345059833548,0.0669095516204834,1.2945577644158738e-19
0.08673724217538432,0.08541754903220561,0.1012475446217775,0.10000860851538608,0.11539983749389648,0.003708634510075407,0.0037084494044492544,0.06391453742980957,1.2945715469156328e-19
0.08673716645720288,0.08541693603763087,0.10124781534067995,0.10000861213574372,0.11466622352600098,0.0037084494085702436,0.003708264313040388,0.06433415412902832,1.2945853253871023e-19
0.08673709074223,0.08541632306469672,0.10124808604364884,0.10000861575592063,0.11548709869384766,0.003708264316314695,0.0037080792296251275,0.06447577476501465,1.2945991057671026e-19
0.08673701503046555,0.08541571011340385,0.1012483567306854,0.10000861937591682,0.11446809768676758,0.0037080792333118225,0.003707894156157465,0.0636744499206543,1.2946128838487154e-19
0.08673693932190935,0.08541509718375297,0.10124862740179091,0.1000086229957323,0.11548304557800293,0.0037078941595590177,0.003707709091749223,0.06473302841186523,1.2946266623375652e-19
0.08673686361656123,0.08541448427574497,0.10124889805696662,0.10000862661536705,0.11491775512695312,0.0037077090950551964,0.003707524036578036,0.06332516670227051,1.2946404419651234e-19
0.08673678791442105,0.08541387138938036,0.10124916869621375,0.1000086302348211,0.11574506759643555,0.003707524039801218,0.0037073389897557263,0.06411099433898926,1.2946542158343717e-19
0.08673671221548862,0.08541325852466003,0.10124943931953355,0.10000863385409442,0.1136164665222168,0.0037073389937983753,0.0037071539527033792,0.06290006637573242,1.2946679919819127e-19
0.08673663651976378,0.0854126456815848,0.10124970992692725,0.10000863747318703,0.11409997940063477,0.003707153957045458,0.0037069689255986304,0.0634768009185791,1.2946817680220793e-19
0.08673656082724636,0.08541203286015545,0.10124998051839612,0.10000864109209893,0.11623764038085938,0.003706968929539702,0.003706783907375666,0.06345462799072266,1.2946955409692284e-19
0.08673648513793619,0.08541142006037267,0.10125025109394138,0.10000864471083014,0.11660122871398926,0.003706783911281878,0.003706598898389757,0.06377625465393066,1.2947093198385056e-19
0.08673640945183311,0.08541080728223714,0.1012505216535643,0.10000864832938065,0.11616230010986328,0.0037065989022716066,0.0037064138986409034,0.06369662284851074,1.2947230909045616e-19
0.08673633376893697,0.08541019452574986,0.10125079219726611,0.10000865194775048,0.11689472198486328,0.003706413902508113,0.0037062289083067412,0.06404423713684082,1.294736865450781e-19
0.08673625808924758,0.08540958179091138,0.10125106272504807,0.10000865556593962,0.11765861511230469,0.003706228911991164,0.0037060439268543632,0.06456947326660156,1.2947506404154423e-19
0.08673618241276478,0.0854089690777225,0.10125133323691142,0.10000865918394806,0.11650371551513672,0.0037060439307200514,0.0037058589542837694,0.06421446800231934,1.2947644179365759e-19
0.08673610673948841,0.08540835638618416,0.10125160373285738,0.10000866280177582,0.11650991439819336,0.0037058589586960447,0.0037056739920160453,0.0656120777130127,1.2947781865069663e-19
0.0867360310694183,0.08540774371629706,0.10125187421288723,0.10000866641942291,0.11677408218383789,0.0037056739959151737,0.0037054890391630124,0.06464266777038574,1.2947919584455469e-19
0.08673595540255429,0.08540713106806179,0.1012521446770022,0.10000867003688932,0.11737561225891113,0.0037054890423780084,0.0037053040943035853,0.06429910659790039,1.2948057266021395e-19
0.0867358797388962,0.08540651844147938,0.10125241512520354,0.10000867365417505,0.11419439315795898,0.003705304098085869,0.0037051191593917565,0.06366133689880371,1.2948195011673967e-19
0.08673580407844386,0.08540590583655049,0.10125268555749249,0.10000867727128011,0.11480426788330078,0.003705119163038211,0.0037049342337169833,0.06423664093017578,1.2948332715273564e-19
0.08673572842119713,0.08540529325327567,0.10125295597387031,0.10000868088820453,0.11714625358581543,0.003704934237232899,0.0037047493167463585,0.06502771377563477,1.2948470389607578e-19
0.08673565276715584,0.08540468069165601,0.10125322637433823,0.10000868450494826,0.11473822593688965,0.003704749320670205,0.003704564409723332,0.06392407417297363,1.2948608060695815e-19
0.08673557711631982,0.0854040681516923,0.10125349675889748,0.10000868812151135,0.11515641212463379,0.003704564413350253,0.003704379511404454,0.0634303092956543,1.2948745740076576e-19
0.0867355014686889,0.08540345563338497,0.10125376712754933,0.1000086917378938,0.11834836006164551,0.0037043795152723177,0.003704194622322632,0.0646216869354248,1.2948883455169736e-19
0.08673542582426291,0.0854028431367351,0.10125403748029499,0.1000086953540956,0.1182870864868164,0.00370419462643625,0.003704009742477865,0.06511211395263672,1.294902108094489e-19
0.0867353501830417,0.0854022306617436,0.10125430781713574,0.10000869897011674,0.1175394058227539,0.0037040097468418976,0.0037038248725806966,0.0647742748260498,1.2949158791484574e-19
0.08673527454502508,0.0854016182084109,0.10125457813807279,0.10000870258595725,0.11557149887084961,0.003703824876486782,0.0037036400115653123,0.06427288055419922,1.2949296437537763e-19
0.08673519891021292,0.08540100577673787,0.10125484844310739,0.1000087062016171,0.11477804183959961,0.0037036400153723824,0.003703455159609348,0.06415057182312012,1.2949434097790915e-19
0.08673512327860503,0.08540039336672517,0.10125511873224081,0.10000870981709632,0.11633944511413574,0.003703455163496687,0.0037032703170680747,0.06504940986633301,1.2949571734444167e-19
0.08673504765020124,0.08539978097837359,0.10125538900547428,0.10000871343239492,0.1167745590209961,0.0037032703208608464,0.003703085483408586,0.06434297561645508,1.2949709365084312e-19
0.08673497202500138,0.08539916861168392,0.10125565926280904,0.1000087170475129,0.11650323867797852,0.0037030854874643476,0.0037029006595190594,0.06401610374450684,1.2949847036390586e-19
0.08673489640300532,0.08539855626665704,0.10125592950424635,0.10000872066245024,0.11697793006896973,0.003702900663305527,0.003702715844156046,0.06396865844726562,1.2949984659396995e-19
0.08673482078421288,0.08539794394329381,0.10125619972978743,0.10000872427720696,0.11415815353393555,0.0037027158483841664,0.0037025310392735378,0.06371259689331055,1.2950122302566363e-19
0.08673474516862388,0.08539733164159487,0.10125646993943353,0.10000872789178307,0.11695337295532227,0.0037025310426997303,0.0037023462422069997,0.06453752517700195,1.295025992825418e-19
0.08673466955623815,0.08539671936156104,0.10125674013318589,0.10000873150617855,0.11793398857116699,0.003702346246252905,0.0037021614547327886,0.06449007987976074,1.2950397568981746e-19
0.08673459394705554,0.08539610710319284,0.10125701031104575,0.10000873512039342,0.11646389961242676,0.00370216145904312,0.0037019766773838114,0.0640566349029541,1.2950535086891811e-19
0.08673451834107589,0.08539549486649155,0.10125728047301437,0.10000873873442769,0.11684489250183105,0.003701976681067313,0.003701791908561347,0.06414675712585449,1.2950672713676391e-19
0.08673444273829901,0.08539488265145741,0.10125755061909297,0.10000874234828135,0.11631536483764648,0.003701791912327634,0.0037016071493312097,0.06462502479553223,1.2950810321179285e-19
0.08673436713872476,0.0853942704580914,0.1012578207492828,0.10000874596195442,0.11518430709838867,0.003701607152822582,0.0037014223989828565,0.06448745727539062,1.2950947950487813e-19
0.08673429154235295,0.08539365828639442,0.1012580908635851,0.10000874957544688,0.11463618278503418,0.003701422402551168,0.003701237657871559,0.06410431861877441,1.2951085565012826e-19
0.08673421594918342,0.08539304613636722,0.10125836096200114,0.10000875318875875,0.11427974700927734,0.0037012376615141555,0.0037010529256420455,0.06401705741882324,1.2951223073860195e-19
0.08673414035921602,0.08539243400801078,0.10125863104453214,0.10000875680189003,0.11473250389099121,0.0037010529297111716,0.003700868203004859,0.06460928916931152,1.2951360689209154e-19
0.08673406477245058,0.08539182190132548,0.10125890111117934,0.10000876041484073,0.11607003211975098,0.0037008682071419143,0.003700683490137635,0.06501245498657227,1.2951498221144306e-19
0.08673398918888693,0.08539120981631225,0.10125917116194397,0.10000876402761086,0.11601996421813965,0.0037006834938040764,0.0037004987856192884,0.0649569034576416,1.295163588420957e-19
0.0867339136085249,0.08539059775297186,0.10125944119682727,0.1000087676402004,0.1159358024597168,0.0037004987896995054,0.0037003140908709042,0.06486964225769043,1.2951773379931987e-19
0.08673383803136435,0.08538998571130503,0.10125971121583047,0.10000877125260937,0.11577415466308594,0.003700314094825687,0.0037001294048266686,0.06383252143859863,1.2951910969351658e-19
0.08673376245740509,0.08538937369131246,0.10125998121895483,0.10000877486483778,0.11310648918151855,0.0037001294091848916,0.0036999447285523956,0.06302714347839355,1.2952048496812249e-19
0.08673368688664697,0.08538876169299484,0.10126025120620159,0.10000877847688562,0.11636805534362793,0.003699944732773639,0.0036997600615151782,0.06332802772521973,1.2952186031564073e-19
0.08673361131908981,0.08538814971635295,0.10126052117757202,0.1000087820887529,0.11564087867736816,0.0036997600655921045,0.0036995754031821093,0.06437039375305176,1.2952323631855741e-19
0.08673353575473346,0.08538753776138783,0.10126079113306731,0.10000878570043961,0.11610031127929688,0.003699575407641852,0.00369939075515191,0.06421732902526855,1.2952461106862453e-19
0.08673346019357775,0.08538692582809991,0.10126106107268872,0.10000878931194578,0.1155233383178711,0.0036993907589192854,0.0036992061156482237,0.06352472305297852,1.2952598636440514e-19
0.08673338463562251,0.08538631391649021,0.10126133099643748,0.10000879292327139,0.11672329902648926,0.0036992061194264115,0.0036990214850263214,0.06426882743835449,1.2952736172521377e-19
0.08673330908086757,0.08538570202655954,0.10126160090431484,0.10000879653441645,0.11687517166137695,0.0036990214891623957,0.003698836864174382,0.06289148330688477,1.2952873689698212e-19
0.08673323352931278,0.0853850901583084,0.10126187079632204,0.10000880014538097,0.11451244354248047,0.0036988368681258035,0.0036986522527371335,0.06321048736572266,1.2953011164076115e-19
0.08673315798095796,0.08538447831173776,0.10126214067246032,0.10000880375616494,0.11545419692993164,0.0036986522563161395,0.0036984676496487623,0.0629427433013916,1.2953148720372846e-19
0.08673308243580294,0.08538386648684822,0.10126241053273093,0.10000880736676838,0.11437702178955078,0.0036984676537350257,0.0036982830568632608,0.06287026405334473,1.2953286198736887e-19
0.08673300689384758,0.08538325468364044,0.10126268037713508,0.10000881097719129,0.11744546890258789,0.003698283060379547,0.003698098472604272,0.0632784366607666,1.2953423691289504e-19
0.0867329313550917,0.08538264290211543,0.10126295020567404,0.10000881458743366,0.11737823486328125,0.0036980984762495957,0.0036979138977599746,0.06280303001403809,1.295356120693054e-19
0.08673285581953515,0.0853820311422739,0.10126322001834902,0.1000088181974955,0.11559081077575684,0.0036979139013457417,0.0036977293317974613,0.0633993148803711,1.2953698708682447e-19
0.08673278028717772,0.08538141940411666,0.10126348981516127,0.10000882180737684,0.11756205558776855,0.003697729335667173,0.003697544774894368,0.0634458065032959,1.2953836175791991e-19
0.0867327047580193,0.08538080768764433,0.10126375959611202,0.10000882541707766,0.11867594718933105,0.0036975447792138676,0.0036973602286494156,0.06438159942626953,1.2953973609227178e-19
0.08673262923205968,0.08538019599285773,0.10126402936120253,0.10000882902659795,0.11458277702331543,0.0036973602319838005,0.0036971756896875263,0.06319236755371094,1.2954111091511268e-19
0.08673255370929872,0.0853795843197578,0.10126429911043404,0.10000883263593774,0.11512064933776855,0.003697175693978395,0.0036969911612061424,0.06391263008117676,1.2954248559609224e-19
0.08673247818973624,0.08537897266834525,0.10126456884380777,0.10000883624509702,0.11485862731933594,0.003696991165195447,0.0036968066421394497,0.06317257881164551,1.295438597342162e-19
0.08673240267337208,0.08537836103862065,0.10126483856132495,0.10000883985407578,0.11684226989746094,0.0036968066456353936,0.0036966221312439984,0.0647883415222168,1.2954523531661186e-19
0.08673232716020607,0.08537774943058479,0.10126510826298686,0.10000884346287404,0.1265697479248047,0.0036966221352986023,0.003696437631006688,0.0715789794921875,1.2954660906132536e-19
0.08673225165023805,0.08537713784423868,0.1012653779487947,0.10000884707149182,0.1071782112121582,0.0036964376341824387,0.0036962531384077124,0.05952143669128418,1.295479836386522e-19
0.08673217614346787,0.08537652627958295,0.10126564761874972,0.10000885067992911,0.11838102340698242,0.0036962531422892776,0.0036960686559339706,0.0652155876159668,1.2954935787954799e-19
0.08673210063989534,0.08537591473661849,0.10126591727285315,0.1000088542881859,0.11813950538635254,0.0036960686596162716,0.0036958841826972844,0.06455230712890625,1.295507322942285e-19
0.0867320251395203,0.0853753032153456,0.10126618691110627,0.1000088578962622,0.1179659366607666,0.003695884186163895,0.003695699718520018,0.06327652931213379,1.2955210633894954e-19
0.08673194964234258,0.08537469171576531,0.10126645653351027,0.10000886150415803,0.11802077293395996,0.0036956997219317325,0.0036955152634021715,0.06584525108337402,1.295534811908386e-19
0.08673187414836203,0.08537408023787825,0.10126672614006639,0.10000886511187336,0.11818194389343262,0.0036955152669182843,0.003695330817343745,0.06517934799194336,1.2955485477553248e-19
0.08673179865757848,0.08537346878168511,0.10126699573077588,0.10000886871940823,0.11812496185302734,0.003695330821125835,0.0036951463808776452,0.06538128852844238,1.2955622899279219e-19
0.08673172316999177,0.08537285734718694,0.10126726530564,0.10000887232676262,0.11928367614746094,0.0036951463845512128,0.003694961953648601,0.06586074829101562,1.2955760325405956e-19
0.08673164768560172,0.0853722459343843,0.10126753486465996,0.10000887593393655,0.11870408058166504,0.003694961957195231,0.003694777535478977,0.06558704376220703,1.295589773183581e-19
0.08673157220440819,0.08537163454327806,0.10126780440783702,0.10000887954093,0.11852407455444336,0.0036947775390565015,0.003694593126724044,0.0654914379119873,1.2956035094164502e-19
0.086731496726411,0.08537102317386877,0.10126807393517238,0.100008883147743,0.11793875694274902,0.003694593130135514,0.003694408726317988,0.06490278244018555,1.2956172456432557e-19
0.08673142125160999,0.08537041182615726,0.1012683434466673,0.10000888675437555,0.11736154556274414,0.0036944087304315153,0.0036942243358595306,0.0655980110168457,1.295630988470506e-19
0.08673134578000498,0.08536980050014442,0.10126861294232302,0.10000889036082763,0.11750984191894531,0.003694224339944709,0.0036940399546381286,0.06406831741333008,1.2956447251777127e-19
0.0867312703115958,0.08536918919583089,0.10126888242214074,0.10000889396709928,0.11856865882873535,0.003694039958674263,0.0036938555831866893,0.06552457809448242,1.2956584625096417e-19
0.08673119484638232,0.08536857791321761,0.10126915188612173,0.10000889757319047,0.11887431144714355,0.003693855586617706,0.0036936712199064914,0.06536126136779785,1.295672195728696e-19
0.08673111938436436,0.08536796665230542,0.10126942133426722,0.10000890117910122,0.11612939834594727,0.0036936712237769925,0.0036934868667515275,0.06431436538696289,1.2956859287096543e-19
0.08673104392554173,0.08536735541309498,0.10126969076657845,0.10000890478483153,0.11598348617553711,0.0036934868701495142,0.0036933025219454407,0.06357216835021973,1.2956996659529832e-19
0.0867309684699143,0.08536674419558729,0.10126996018305665,0.1000089083903814,0.11790323257446289,0.0036933025257372826,0.0036931181870869523,0.0634765625,1.2957134022806671e-19
0.08673089301748188,0.08536613299978305,0.10127022958370305,0.10000891199575085,0.11697864532470703,0.003693118190538057,0.0036929338607549766,0.06423592567443848,1.2957271384248658e-19
0.08673081756824433,0.08536552182568272,0.10127049896851889,0.10000891560093987,0.11691641807556152,0.003692933864553192,0.0036927495438376923,0.06418371200561523,1.2957408725414264e-19
0.08673074212220146,0.08536491067328714,0.10127076833750541,0.10000891920594845,0.11642956733703613,0.0036927495477811186,0.0036925652366903705,0.06378793716430664,1.2957546046482715e-19
0.08673066667935311,0.08536429954259692,0.10127103769066384,0.10000892281077663,0.11585354804992676,0.003692565240220033,0.0036923809380695616,0.06358599662780762,1.2957683384207036e-19
0.08673059123969913,0.08536368843361283,0.10127130702799543,0.10000892641542439,0.11632084846496582,0.0036923809418718152,0.003692196648685808,0.06410026550292969,1.295782067118088e-19
0.08673051580323933,0.08536307734633598,0.10127157634950142,0.10000893001989174,0.11567306518554688,0.0036921966527354135,0.0036920123688943818,0.06371378898620605,1.2957958028312497e-19
0.08673044036997357,0.08536246628076685,0.10127184565518302,0.10000893362417866,0.11574435234069824,0.003692012372808958,0.0036918280981623752,0.0638895034790039,1.2958095311900747e-19
0.08673036493990167,0.08536185523690626,0.10127211494504147,0.10000893722828519,0.11419415473937988,0.0036918281020923444,0.0036916438364897886,0.06390905380249023,1.2958232603309866e-19
0.08673028951302347,0.08536124421475512,0.10127238421907798,0.10000894083221132,0.11323666572570801,0.003691643840586756,0.003691459584231893,0.06377506256103516,1.295836993783064e-19
0.08673021408933881,0.08536063321431395,0.10127265347729383,0.10000894443595705,0.11391663551330566,0.0036914595882907445,0.0036912753412110533,0.06322813034057617,1.2958507260997137e-19
0.08673013866884753,0.08536002223558353,0.10127292271969024,0.10000894803952239,0.11554789543151855,0.003691275345203516,0.0036910911072496333,0.06427264213562012,1.295864448728391e-19
0.08673006325154946,0.0853594112785645,0.10127319194626844,0.10000895164290731,0.11218380928039551,0.003691091111324314,0.003690906883058176,0.06296133995056152,1.2958781786275566e-19
0.08672998783744441,0.08535880034325781,0.10127346115702965,0.10000895524611185,0.11229348182678223,0.0036909068866535387,0.00369072266703796,0.06290340423583984,1.2958919065082784e-19
0.08672991242653225,0.08535818942966404,0.10127373035197511,0.100008958849136,0.11355924606323242,0.003690722671191528,0.003690538461320614,0.06333661079406738,1.2959056324098852e-19
0.08672983701881277,0.08535757853778396,0.10127399953110607,0.1000089624519798,0.11516284942626953,0.0036905384649350914,0.0036903542639521447,0.0635223388671875,1.295919358234671e-19
0.08672976161428586,0.08535696766761836,0.10127426869442376,0.1000089660546432,0.11538100242614746,0.0036903542678861506,0.003690170075820731,0.06332135200500488,1.295933084945295e-19
0.08672968621295134,0.08535635681916834,0.10127453784192941,0.10000896965712623,0.11636018753051758,0.003690170080043534,0.0036899858979921873,0.06348752975463867,1.2959468095369894e-19
0.08672961081480902,0.08535574599243433,0.10127480697362426,0.1000089732594289,0.11582684516906738,0.003689985901405404,0.0036898017285125206,0.06331515312194824,1.2959605361415833e-19
0.08672953541985877,0.08535513518741723,0.10127507608950954,0.10000897686155119,0.1152334213256836,0.00368980173197273,0.0036896175677370024,0.0626676082611084,1.2959742621504904e-19
0.0867294600281004,0.0853545244041178,0.10127534518958649,0.10000898046349313,0.1155843734741211,0.003689617571746382,0.0036894334169090826,0.0641181468963623,1.2959879862785738e-19
0.08672938463953377,0.08535391364253696,0.10127561427385633,0.10000898406525471,0.11673545837402344,0.003689433420723513,0.003689249274962947,0.06388711929321289,1.29600170793165e-19
0.08672930925415867,0.08535330290267534,0.10127588334232028,0.10000898766683593,0.11551189422607422,0.003689249278904339,0.0036890651422538667,0.06345319747924805,1.2960154303248707e-19
0.08672923387197498,0.08535269218453365,0.10127615239497961,0.1000089912682368,0.1169121265411377,0.003689065146289773,0.003688881019314749,0.06395101547241211,1.296029151470062e-19
0.08672915849298252,0.08535208148811257,0.10127642143183552,0.10000899486945733,0.11671805381774902,0.0036888810228776006,0.0036886969043692375,0.06249427795410156,1.2960428789321105e-19
0.08672908311718112,0.085351470813413,0.10127669045288924,0.1000089984704975,0.11515450477600098,0.0036886969086678155,0.0036885127997265954,0.06357502937316895,1.2960565949023974e-19
0.08672900774457061,0.08535086016043554,0.10127695945814204,0.10000900207135734,0.11802434921264648,0.0036885128036604695,0.0036883287039657375,0.06363892555236816,1.2960703189617586e-19
0.08672893237515085,0.085350249529181,0.10127722844759514,0.10000900567203683,0.11548924446105957,0.00368832870785422,0.003688144617619571,0.0628664493560791,1.2960840391939255e-19
0.08672885700892165,0.08534963891965008,0.10127749742124975,0.10000900927253599,0.1158592700958252,0.003688144621249524,0.003687960539799917,0.0632023811340332,1.2960977515292368e-19
0.08672878164588285,0.08534902833184357,0.10127776637910711,0.10000901287285481,0.1366136074066162,0.0036879605438459584,0.0036877764721054973,0.07699370384216309,1.2961114762979065e-19
0.0867287062860343,0.08534841776576234,0.10127803532116846,0.10000901647299332,0.1202552318572998,0.003687776475641705,0.003687592413115226,0.06595444679260254,1.2961252007149793e-19
0.08672863092937583,0.0853478072214071,0.10127830424743503,0.1000090200729515,0.11750555038452148,0.0036875924166370026,0.0036874083631843746,0.06613564491271973,1.296138913730627e-19
0.08672855557590728,0.08534719669877844,0.10127857315790804,0.10000902367272935,0.11713814735412598,0.003687408366832099,0.0036872243221353074,0.06602334976196289,1.2961526304229675e-19
0.08672848022562847,0.08534658619787726,0.10127884205258875,0.1000090272723269,0.11741304397583008,0.003687224326226822,0.003687040291211474,0.06587481498718262,1.2961663483226946e-19
0.08672840487853925,0.0853459757187043,0.10127911093147837,0.10000903087174413,0.11418557167053223,0.00368704029481896,0.0036868562688141537,0.06400203704833984,1.2961800656700113e-19
0.08672832953463945,0.08534536526126024,0.10127937979457814,0.10000903447098106,0.11527490615844727,0.003686856272609799,0.0036866722560091603,0.06490921974182129,1.2961937788857186e-19
0.0867282541939289,0.08534475482554583,0.10127964864188928,0.10000903807003766,0.11768960952758789,0.003686672259597586,0.0036864882522635867,0.06511521339416504,1.2962074916148522e-19
0.08672817885640745,0.08534414441156198,0.10127991747341301,0.10000904166891399,0.11821842193603516,0.0036864882557827525,0.003686304257577433,0.06599855422973633,1.2962212129082733e-19
0.08672810352207493,0.08534353401930933,0.1012801862891506,0.10000904526761001,0.11672472953796387,0.003686304261163232,0.003686120271417792,0.06476140022277832,1.2962349237912194e-19
0.08672802819093116,0.08534292364878883,0.10128045508910326,0.10000904886612573,0.1171269416809082,0.003686120275741964,0.0036859362957386566,0.06591415405273438,1.2962486325144382e-19
0.086727952862976,0.08534231330000103,0.10128072387327222,0.10000905246446117,0.11738228797912598,0.0036859362995150403,0.003685752328586034,0.06557917594909668,1.2962623471211439e-19
0.08672787753820926,0.08534170297294662,0.10128099264165871,0.10000905606261631,0.11812043190002441,0.0036857523324840737,0.0036855683701375597,0.06478452682495117,1.2962760624669167e-19
0.08672780221663079,0.08534109266762632,0.10128126139426397,0.10000905966059119,0.11695361137390137,0.003685568374649285,0.003685384422524862,0.06536102294921875,1.296289773584085e-19
0.08672772689824043,0.08534048238404103,0.1012815301310892,0.10000906325838578,0.11672377586364746,0.0036853844260057523,0.0036852004829057705,0.06564116477966309,1.2963034845410776e-19
0.08672765158303801,0.08533987212219128,0.10128179885213566,0.1000090668560001,0.11275911331176758,0.0036852004865561587,0.0036850165523460987,0.06309270858764648,1.296317193633288e-19
0.08672757627102336,0.08533926188207794,0.10128206755740458,0.10000907045343414,0.11551856994628906,0.0036850165563006064,0.003684832631734025,0.06403303146362305,1.2963309105276818e-19
0.08672750096219632,0.08533865166370176,0.10128233624689718,0.10000907405068793,0.11402344703674316,0.003684832635237993,0.003684648719470829,0.06314420700073242,1.2963446129838163e-19
0.08672742565655672,0.08533804146706359,0.1012826049206147,0.10000907764776144,0.11437654495239258,0.003684648723367579,0.0036844648171552308,0.06293249130249023,1.296358321090332e-19
0.08672735035410441,0.08533743129216415,0.10128287357855834,0.1000090812446547,0.11450958251953125,0.003684464820688486,0.00368428092318851,0.06365084648132324,1.2963720346493772e-19
0.08672727505483921,0.08533682113900423,0.10128314222072934,0.10000908484136771,0.11495065689086914,0.0036842809272026713,0.0036840970391693872,0.06311821937561035,1.2963857402337021e-19
0.08672719975876096,0.08533621100758443,0.10128341084712895,0.10000908843790045,0.11875438690185547,0.0036840970429076114,0.0036839131642096845,0.06658649444580078,1.2963994430674017e-19
0.08672712446586951,0.08533560089790562,0.10128367945775842,0.10000909203425294,0.11421465873718262,0.003683913167802524,0.0036837292983094017,0.06476378440856934,1.2964131578151764e-19
0.08672704917616468,0.08533499080996851,0.10128394805261891,0.10000909563042519,0.11670637130737305,0.0036837293018872888,0.0036835454414685387,0.06361913681030273,1.2964268622217283e-19
0.08672697388964631,0.08533438074377367,0.1012842166317117,0.10000909922641721,0.11614346504211426,0.003683545445161803,0.00368336159350946,0.06439471244812012,1.2964405653913582e-19
0.08672689860631422,0.08533377069932208,0.101284485195038,0.10000910282222898,0.11606812477111816,0.0036833615976252813,0.0036831777554979794,0.06327605247497559,1.2964542719929721e-19
0.08672682332616827,0.08533316067661434,0.10128475374259903,0.10000910641786052,0.11584782600402832,0.003683177759277528,0.0036829939261906475,0.0629115104675293,1.2964679772748395e-19
0.08672674804920828,0.08533255067565124,0.10128502227439605,0.10000911001331184,0.11545991897583008,0.0036829939301187926,0.0036828101057650997,0.06316184997558594,1.2964816844185334e-19
0.08672667277543411,0.0853319406964337,0.10128529079043028,0.10000911360858292,0.11702799797058105,0.003682810110148989,0.0036826262952871502,0.06290912628173828,1.2964953841970429e-19
0.08672659750484558,0.08533133073896233,0.10128555929070293,0.10000911720367378,0.11731648445129395,0.003682626299366283,0.0036824424944015277,0.06303787231445312,1.296509085232879e-19
0.08672652223744252,0.08533072080323795,0.10128582777521525,0.10000912079858443,0.11449766159057617,0.0036824424977680995,0.003682258701509511,0.06275200843811035,1.29652279473522e-19
0.08672644697322478,0.0853301108892612,0.10128609624396845,0.10000912439331486,0.11799407005310059,0.003682258705357444,0.0036820749185650925,0.06276082992553711,1.2965364923736322e-19
0.08672637171219218,0.085329500997033,0.10128636469696377,0.10000912798786507,0.11914277076721191,0.0036820749221325123,0.0036818911445024582,0.062276601791381836,1.2965501923986988e-19
0.08672629645434456,0.08532889112655405,0.10128663313420243,0.10000913158223508,0.11611533164978027,0.003681891148092818,0.003681707378966337,0.0621800422668457,1.2965638932024547e-19
0.08672622119968175,0.08532828127782502,0.10128690155568565,0.10000913517642489,0.11757397651672363,0.0036817073832399374,0.0036815236240883564,0.06253790855407715,1.2965775946776035e-19
0.08672614594820362,0.08532767145084674,0.10128716996141467,0.10000913877043449,0.11611580848693848,0.0036815236275696698,0.003681339877559253,0.0627126693725586,1.296591295340031e-19
0.08672607069990997,0.08532706164561986,0.1012874383513907,0.10000914236426389,0.1161794662475586,0.0036813398810836163,0.003681156139911934,0.06275510787963867,1.2966049965968158e-19
0.08672599545480064,0.08532645186214516,0.10128770672561498,0.1000091459579131,0.11711907386779785,0.0036811561437820103,0.003680972412389849,0.06251287460327148,1.296618691812805e-19
0.08672592021287549,0.08532584210042327,0.10128797508408875,0.10000914955138213,0.1161961555480957,0.0036809724156622488,0.0036807886935719125,0.06275439262390137,1.2966323904027424e-19
0.08672584497413434,0.08532523236045515,0.10128824342681324,0.10000915314467096,0.11606836318969727,0.00368078869672533,0.003680604983102853,0.0627446174621582,1.2966460888635653e-19
0.08672576973857703,0.0853246226422414,0.10128851175378965,0.10000915673777962,0.11718487739562988,0.0036806049869714686,0.0036804212827590277,0.06290197372436523,1.296659790552455e-19
0.08672569450620339,0.08532401294578296,0.10128878006501925,0.10000916033070809,0.11570978164672852,0.003680421286399496,0.003680237591652258,0.06284093856811523,1.2966734847097124e-19
0.08672561927701325,0.08532340327108046,0.10128904836050322,0.10000916392345638,0.11633706092834473,0.0036802375950089235,0.0036800539092496365,0.06203317642211914,1.2966871797082756e-19
0.08672554405100645,0.08532279361813473,0.10128931664024281,0.1000091675160245,0.11481022834777832,0.0036800539127993326,0.0036798702357287993,0.062349796295166016,1.2967008742207204e-19
0.08672546882818284,0.08532218398694659,0.10128958490423923,0.10000917110841244,0.11545419692993164,0.003679870239769991,0.0036796865721555605,0.0627291202545166,1.2967145710048008e-19
0.08672539360854224,0.08532157437751658,0.1012898531524937,0.10000917470062022,0.11553239822387695,0.0036796865759213364,0.00367950291728647,0.06271171569824219,1.2967282560057584e-19
0.0867253183920845,0.08532096478984548,0.10129012138500745,0.10000917829264783,0.11560988426208496,0.003679502921251897,0.0036793192721873424,0.06338882446289062,1.2967419520163405e-19
0.08672524317880945,0.08532035522393379,0.10129038960178173,0.10000918188449529,0.11585474014282227,0.003679319275761217,0.003679135635437092,0.062355995178222656,1.2967556499962433e-19
0.08672516796871692,0.08531974567978244,0.10129065780281775,0.1000091854761626,0.11617231369018555,0.003679135639450262,0.0036789520082791682,0.06307768821716309,1.2967693430524551e-19
0.08672509276180673,0.08531913615739231,0.10129092598811675,0.10000918906764975,0.11598348617553711,0.0036789520123165238,0.0036787683907135715,0.06288480758666992,1.2967830402801788e-19
0.08672501755807874,0.08531852665676418,0.10129119415767993,0.10000919265895676,0.11496281623840332,0.0036787683943598787,0.0036785847816744877,0.06240224838256836,1.2967967321183434e-19
0.0867249423575328,0.0853179171778986,0.10129146231150854,0.10000919625008363,0.11489510536193848,0.003678584785581131,0.003678401182583002,0.06260180473327637,1.2968104155521478e-19
0.08672486716016871,0.08531730772079645,0.10129173044960381,0.10000919984103035,0.1167440414428711,0.0036784011859785307,0.0036782175914851223,0.06282877922058105,1.2968241082935762e-19
0.08672479196598633,0.08531669828545839,0.10129199857196694,0.10000920343179694,0.11637496948242188,0.00367821759555333,0.0036780340105124765,0.06274533271789551,1.2968377969825797e-19
0.08672471677498549,0.08531608887188515,0.10129226667859918,0.10000920702238339,0.11626052856445312,0.0036780340143030884,0.0036778504385992505,0.06252717971801758,1.296851487939135e-19
0.08672464158716602,0.08531547948007756,0.10129253476950176,0.10000921061278971,0.11691737174987793,0.0036778504422281966,0.0036776668752125374,0.06271743774414062,1.2968651770139308e-19
0.08672456640252776,0.0853148701100363,0.10129280284467587,0.10000921420301591,0.11670684814453125,0.003677666879329364,0.003677483321595787,0.0626688003540039,1.2968788656448446e-19
0.08672449122107057,0.08531426076176205,0.10129307090412275,0.10000921779306197,0.11612534523010254,0.0036774833256037094,0.003677299777216092,0.06280231475830078,1.2968925519631742e-19
0.08672441604279425,0.08531365143525556,0.10129333894784362,0.10000922138292793,0.11585640907287598,0.0036772997810510842,0.0036771162417181813,0.06281113624572754,1.296906241511303e-19
0.08672434086769866,0.0853130421305177,0.10129360697583971,0.10000922497261379,0.11498022079467773,0.003677116245673095,0.003676932715634962,0.06281590461730957,1.296919925263089e-19
0.08672426569578362,0.08531243284754937,0.10129387498811226,0.10000922856211952,0.11202239990234375,0.003676932719467889,0.003676749198788798,0.06254982948303223,1.2969336084529947e-19
0.08672419052704898,0.08531182358635095,0.10129414298466248,0.10000923215144515,0.11319565773010254,0.003676749202435759,0.0036765656906467825,0.0627443790435791,1.2969473012109498e-19
0.08672411536149457,0.08531121434692363,0.10129441096549159,0.10000923574059067,0.1133878231048584,0.0036765656945765036,0.0036763821922747297,0.06250858306884766,1.2969609836687578e-19
0.08672404019912024,0.0853106051292678,0.10129467893060083,0.1000092393295561,0.11197924613952637,0.0036763821958879913,0.0036761987026068255,0.062314748764038086,1.29697466491439e-19
0.0867239650399258,0.08530999593338427,0.10129494687999142,0.10000924291834144,0.11212372779846191,0.0036761987063711503,0.0036760152218207054,0.06259322166442871,1.2969883537331572e-19
0.08672388988391111,0.08530938675927373,0.10129521481366456,0.10000924650694669,0.11114144325256348,0.0036760152260254912,0.003675831751337455,0.0627744197845459,1.2970020400577908e-19
0.08672381473107599,0.08530877760693682,0.10129548273162148,0.10000925009537184,0.11171865463256836,0.003675831754848786,0.0036756482888478104,0.06247234344482422,1.2970157154560728e-19
0.08672373958142028,0.08530816847637446,0.10129575063386341,0.10000925368361692,0.11166858673095703,0.003675648292843099,0.003675464836305764,0.06252670288085938,1.2970293976994512e-19
0.08672366443494382,0.0853075593675876,0.10129601852039156,0.10000925727168192,0.11013293266296387,0.003675464840005818,0.0036752813924678662,0.06216883659362793,1.297043080344863e-19
0.08672358929164647,0.08530695028057686,0.10129628639120718,0.10000926085956684,0.1107630729675293,0.00367528139633824,0.003675097958399931,0.062261343002319336,1.2970567656006627e-19
0.08672351415152804,0.08530634121534297,0.10129655424631147,0.10000926444727168,0.10951852798461914,0.0036750979618381434,0.003674914532680873,0.06205391883850098,1.2970704369981218e-19
0.08672343901458836,0.0853057321718866,0.10129682208570566,0.10000926803479647,0.11003470420837402,0.003674914536506848,0.0036747311167317775,0.062230825424194336,1.2970841215215369e-19
0.08672336388082727,0.08530512315020854,0.10129708990939096,0.1000092716221412,0.11083006858825684,0.0036747311203424995,0.0036745477094868306,0.06241321563720703,1.2970978012193508e-19
0.08672328875024463,0.08530451415030942,0.10129735771736861,0.10000927520930585,0.10989856719970703,0.0036745477133466493,0.0036743643118342106,0.062364816665649414,1.2971114799453573e-19
0.08672321362284025,0.08530390517218994,0.10129762550963983,0.10000927879629043,0.10975980758666992,0.003674364315516824,0.003674180923418646,0.06219482421875,1.2971251598355317e-19
0.08672313849861397,0.08530329621585094,0.10129789328620586,0.10000928238309498,0.10957670211791992,0.0036741809268532365,0.003673997543351959,0.06205391883850098,1.2971388400866834e-19
0.08672306337756565,0.08530268728129294,0.1012981610470679,0.10000928596971946,0.10986089706420898,0.0036739975473561344,0.00367381417323287,0.061971426010131836,1.297152519751415e-19
0.0867229882596951,0.08530207836851689,0.10129842879222717,0.10000928955616391,0.11049365997314453,0.003673814177022362,0.003673630812173201,0.06238222122192383,1.2971661922056847e-19
0.08672291314500216,0.08530146947752326,0.10129869652168488,0.1000092931424283,0.10967373847961426,0.0036736308158541123,0.0036734474601729517,0.06240034103393555,1.2971798682858579e-19
0.08672283803348668,0.08530086060831288,0.10129896423544228,0.10000929672851266,0.11051630973815918,0.0036734474638499123,0.0036732641170544866,0.06198692321777344,1.2971935479355045e-19
0.08672276292514848,0.08530025176088671,0.1012992319335006,0.10000930031441699,0.11075377464294434,0.0036732641210097004,0.003673080783173077,0.0623173713684082,1.2972072226483476e-19
0.0867226878199874,0.0852996429352455,0.10129949961586104,0.10000930390014127,0.10979437828063965,0.003673080787333658,0.0036728974595945374,0.061710357666015625,1.297220897095744e-19
